https://www.youtube.com/watch?v=S9fTUHI1uQQ
31064367 0.986519969 1.754413237 0.500000000 0.500000000 0.000000000 0.000000000 0.999834836 0.017188333 -0.005903428 -0.781732028 -0.017238226 0.999815226 -0.008507412 -1.306530006 0.005756109 0.008607771 0.999946356 6.886869209
31131100 0.986519969 1.754413237 0.500000000 0.500000000 0.000000000 0.000000000 0.999885857 0.014482339 -0.004304684 -0.623929957 -0.014534176 0.999819160 -0.012264999 -1.240530067 0.004126280 0.012326164 0.999915540 6.368400427
31197833 0.986519969 1.754413237 0.500000000 0.500000000 0.000000000 0.000000000 0.999914944 0.012934861 -0.001685739 -0.510110050 -0.012959552 0.999794841 -0.015567250 -1.184250018 0.001484032 0.015587772 0.999877393 5.774429365
31264567 0.986519969 1.754413237 0.500000000 0.500000000 0.000000000 0.000000000 0.999925256 0.010406739 0.006418543 -0.392584993 -0.010289119 0.999783337 -0.018093651 -1.108729976 -0.006605449 0.018026257 0.999815702 5.255610476
31331300 0.986519969 1.754413237 0.500000000 0.500000000 0.000000000 0.000000000 0.999838412 0.007169745 0.016484888 -0.316720986 -0.006858143 0.999798179 -0.018881714 -1.042319946 -0.016616939 0.018765608 0.999685824 4.663210630
31398033 0.986519969 1.754413237 0.500000000 0.500000000 0.000000000 0.000000000 0.999685466 0.004141181 0.024733812 -0.301176948 -0.003682872 0.999821186 -0.018546544 -0.957901972 -0.024806194 0.018449619 0.999522030 4.067170495
31464767 0.986519969 1.754413237 0.500000000 0.500000000 0.000000000 0.000000000 0.999534905 0.002267496 0.030410362 -0.358134995 -0.001709692 0.999830067 -0.018356048 -0.863409993 -0.030446818 0.018295519 0.999368906 3.424820012
31531500 0.986519969 1.754413237 0.500000000 0.500000000 0.000000000 0.000000000 0.999371171 0.000689312 0.035450563 -0.457551954 -0.000030076 0.999827147 -0.018593121 -0.760371991 -0.035457253 0.018580362 0.999198437 2.785690046
31731700 0.986519969 1.754413237 0.500000000 0.500000000 0.000000000 0.000000000 0.998870611 -0.008145933 0.046809882 -0.908354989 0.009424019 0.999586999 -0.027148273 -0.434195004 -0.046569400 0.027558748 0.998534858 0.865443077
31798433 0.986519969 1.754413237 0.500000000 0.500000000 0.000000000 0.000000000 0.998487949 -0.012676613 0.053489055 -1.058130030 0.014176331 0.999514282 -0.027752226 -0.303150982 -0.053111274 0.028468544 0.998182714 0.297531978
31865167 0.986519969 1.754413237 0.500000000 0.500000000 0.000000000 0.000000000 0.997930467 -0.016988426 0.062017225 -1.173559899 0.018685728 0.999463677 -0.026891600 -0.158882014 -0.061527118 0.027994785 0.997712731 -0.216041993
31931900 0.986519969 1.754413237 0.500000000 0.500000000 0.000000000 0.000000000 0.997064352 -0.020911276 0.073657639 -1.238180120 0.022800982 0.999429703 -0.024908403 -0.033856809 -0.073094763 0.026514748 0.996972501 -0.705130988
31998633 0.986519969 1.754413237 0.500000000 0.500000000 0.000000000 0.000000000 0.995835304 -0.025214946 0.087614246 -1.245790039 0.027439857 0.999328434 -0.024283310 0.087957590 -0.086943112 0.026586300 0.995858431 -1.120159866
32065367 0.986519969 1.754413237 0.500000000 0.500000000 0.000000000 0.000000000 0.994197667 -0.029549725 0.103430122 -1.199820114 0.032136951 0.999208629 -0.023437474 0.184957978 -0.102655694 0.026625410 0.994360566 -1.514850116
32132100 0.986519969 1.754413237 0.500000000 0.500000000 0.000000000 0.000000000 0.992006183 -0.034041237 0.121510811 -1.149129957 0.037160542 0.999033034 -0.023497250 0.270945032 -0.120593436 0.027824823 0.992311954 -1.849270088
32198833 0.986519969 1.754413237 0.500000000 0.500000000 0.000000000 0.000000000 0.989354312 -0.038793560 0.140260965 -1.048050103 0.042428140 0.998834372 -0.023015093 0.347378950 -0.139204651 0.028721090 0.989847064 -2.140629978
32265567 0.986519969 1.754413237 0.500000000 0.500000000 0.000000000 0.000000000 0.986092031 -0.043966450 0.160279423 -0.900530048 0.048082128 0.998603523 -0.021888945 0.427855025 -0.159093201 0.029291093 0.986828923 -2.331969940
32332300 0.986519969 1.754413237 0.500000000 0.500000000 0.000000000 0.000000000 0.981942117 -0.049881015 0.182487115 -0.724872965 0.054216851 0.998351336 -0.018845376 0.473880022 -0.181246236 0.028398935 0.983027637 -2.559149921
32399033 0.986519969 1.754413237 0.500000000 0.500000000 0.000000000 0.000000000 0.977320313 -0.056605142 0.204060853 -0.452512029 0.061102476 0.998006403 -0.015801135 0.562703964 -0.202759624 0.027911399 0.978830695 -2.726140193
32465767 0.986519969 1.754413237 0.500000000 0.500000000 0.000000000 0.000000000 0.971889794 -0.062747233 0.226920649 -0.179663981 0.067211337 0.997666717 -0.011991767 0.632782005 -0.225638732 0.026906325 0.973839402 -2.865839872
32532500 0.986519969 1.754413237 0.500000000 0.500000000 0.000000000 0.000000000 0.965889513 -0.068996951 0.249593377 0.156918971 0.073277131 0.997280419 -0.007886047 0.693115974 -0.248370469 0.025906540 0.968318641 -3.024179987
32599233 0.986519969 1.754413237 0.500000000 0.500000000 0.000000000 0.000000000 0.959389746 -0.074577928 0.272046775 0.536961985 0.078669682 0.996892095 -0.004149065 0.794984951 -0.270891875 0.025382414 0.962275088 -3.191050142
32665967 0.986519969 1.754413237 0.500000000 0.500000000 0.000000000 0.000000000 0.952329755 -0.079273202 0.294591039 0.955780260 0.083181836 0.996534109 -0.000740322 0.891522060 -0.293511361 0.025209643 0.955623150 -3.371740246
32732700 0.986519969 1.754413237 0.500000000 0.500000000 0.000000000 0.000000000 0.944691360 -0.082671970 0.317369699 1.425729854 0.086255893 0.996269166 0.002767560 0.976341018 -0.316414475 0.024760522 0.948297858 -3.661550218
32799433 0.986519969 1.754413237 0.500000000 0.500000000 0.000000000 0.000000000 0.936376095 -0.084917270 0.340571404 1.949119991 0.088469230 0.996065795 0.005117056 1.098999999 -0.339666069 0.025338605 0.940204740 -3.995530056
32866167 0.986519969 1.754413237 0.500000000 0.500000000 0.000000000 0.000000000 0.927179039 -0.085589617 0.364710093 2.512780098 0.088889495 0.996011257 0.007764385 1.221800086 -0.363919914 0.025219914 0.931088746 -4.327739942
32932900 0.986519969 1.754413237 0.500000000 0.500000000 0.000000000 0.000000000 0.916526735 -0.086297497 0.390552610 3.088979616 0.089257613 0.995952129 0.010603405 1.353269919 -0.389886767 0.025141507 0.920519471 -4.700159065
