https://www.youtube.com/watch?v=fQPKix8NSoQ
45733333 0.970519240 1.725957656 0.500000000 0.500000000 0.000000000 0.000000000 0.990871251 -0.030478526 0.131320953 -0.669741936 0.036074940 0.998530149 -0.040449679 -0.584263055 -0.129895091 0.044817820 0.990514338 6.236810606
45800000 0.970519240 1.725957656 0.500000000 0.500000000 0.000000000 0.000000000 0.990206957 -0.030552890 0.136222869 -0.661824005 0.037242148 0.998208404 -0.046829693 -0.591458996 -0.134548038 0.051444322 0.989570737 5.626889953
45866667 0.970519240 1.725957656 0.500000000 0.500000000 0.000000000 0.000000000 0.989812076 -0.030145364 0.139151871 -0.624187807 0.037840776 0.997877717 -0.052991472 -0.593231923 -0.137259096 0.057717219 0.988852203 5.090470285
45933333 0.970519240 1.725957656 0.500000000 0.500000000 0.000000000 0.000000000 0.989447415 -0.029597979 0.141837031 -0.573858036 0.038308363 0.997518003 -0.059078977 -0.569184038 -0.139736384 0.063889094 0.988125443 4.504190021
46000000 0.970519240 1.725957656 0.500000000 0.500000000 0.000000000 0.000000000 0.989275813 -0.028870258 0.143177688 -0.516664044 0.038443852 0.997173309 -0.064555675 -0.516251021 -0.140909225 0.069367662 0.987589359 3.844160007
46066667 0.970519240 1.725957656 0.500000000 0.500000000 0.000000000 0.000000000 0.989023268 -0.028218303 0.145040467 -0.457593011 0.038830798 0.996729672 -0.070866756 -0.461783013 -0.142566398 0.075720899 0.986884594 3.293310040
46133333 0.970519240 1.725957656 0.500000000 0.500000000 0.000000000 0.000000000 0.988724113 -0.026919335 0.147309273 -0.418886087 0.038506620 0.996334791 -0.076381832 -0.396780990 -0.144713223 0.081192940 0.986136794 2.751610055
46200000 0.970519240 1.725957656 0.500000000 0.500000000 0.000000000 0.000000000 0.988316357 -0.025662968 0.150240406 -0.364285994 0.038399938 0.995850980 -0.082499795 -0.322935962 -0.147499874 0.087305121 0.985201299 2.188940049
46266667 0.970519240 1.725957656 0.500000000 0.500000000 0.000000000 0.000000000 0.987807930 -0.023779554 0.153850645 -0.298528940 0.037682224 0.995399535 -0.088089697 -0.232704024 -0.151048124 0.092813127 0.984159648 1.748050135
46533333 0.970519240 1.725957656 0.500000000 0.500000000 0.000000000 0.000000000 0.982588708 -0.020023227 0.184711948 -0.011248600 0.040823519 0.993147671 -0.109503955 -0.003056668 -0.181253627 0.115137950 0.976673126 -0.421263032
46600000 0.970519240 1.725957656 0.500000000 0.500000000 0.000000000 0.000000000 0.980901062 -0.018864423 0.193590283 0.023882306 0.041600943 0.992602110 -0.114063241 0.083696097 -0.190006375 0.119938292 0.974429250 -1.167119884
46666667 0.970519240 1.725957656 0.500000000 0.500000000 0.000000000 0.000000000 0.979841888 -0.017186094 0.199034065 0.049541696 0.041429505 0.992114425 -0.118290283 0.218953993 -0.195431620 0.124151655 0.972827256 -1.958809985
46733333 0.970519240 1.725957656 0.500000000 0.500000000 0.000000000 0.000000000 0.978859246 -0.015772581 0.203926012 0.013639618 0.041294754 0.991730511 -0.121512644 0.361274002 -0.200323090 0.127364844 0.971415877 -2.341079909
46800000 0.970519240 1.725957656 0.500000000 0.500000000 0.000000000 0.000000000 0.978037894 -0.016078871 0.207806110 -0.013809520 0.042787652 0.991273940 -0.124680534 0.497573013 -0.203988045 0.130833820 0.970191419 -2.865469869
46866667 0.970519240 1.725957656 0.500000000 0.500000000 0.000000000 0.000000000 0.977466762 -0.017282888 0.210380822 -0.045587844 0.044993345 0.990797877 -0.127652690 0.624334070 -0.206238657 0.134241983 0.969249606 -3.369490233
46933333 0.970519240 1.725957656 0.500000000 0.500000000 0.000000000 0.000000000 0.977075338 -0.019483805 0.212000266 -0.093704778 0.047944032 0.990361035 -0.129947543 0.743673963 -0.207424924 0.137132704 0.968591511 -3.751810259
47000000 0.970519240 1.725957656 0.500000000 0.500000000 0.000000000 0.000000000 0.976900816 -0.022179483 0.212539151 -0.099876978 0.051503196 0.989717185 -0.133444026 0.860452948 -0.207393929 0.141308025 0.967997789 -4.265929721
47066667 0.970519240 1.725957656 0.500000000 0.500000000 0.000000000 0.000000000 0.976981997 -0.024136264 0.211952016 -0.107214024 0.054088641 0.989137530 -0.136679769 0.962914032 -0.206350759 0.144997865 0.967675030 -4.743629980
47133333 0.970519240 1.725957656 0.500000000 0.500000000 0.000000000 0.000000000 0.977420866 -0.025570743 0.209748894 -0.084376053 0.055908367 0.988570035 -0.140012830 1.055270074 -0.203771234 0.148578167 0.967678547 -5.324319818
47200000 0.970519240 1.725957656 0.500000000 0.500000000 0.000000000 0.000000000 0.978021860 -0.026723418 0.206782818 -0.051895394 0.057348091 0.987978756 -0.143558845 1.151340001 -0.200460643 0.152262285 0.967797339 -5.832479933
47266667 0.970519240 1.725957656 0.500000000 0.500000000 0.000000000 0.000000000 0.979122043 -0.026829164 0.201494902 -0.003362231 0.057061236 0.987671852 -0.145767942 1.236030034 -0.195100009 0.154222146 0.968582213 -6.331859868
