https://www.youtube.com/watch?v=XouFtZdnG_Q
205672133 0.842871581 1.513443623 0.500000000 0.500000000 0.000000000 0.000000000 0.997939408 0.033122305 -0.054953072 4.425819845 -0.029032331 0.996863365 0.073624693 -2.359300038 0.057219323 -0.071877562 0.995770812 5.842599973
205738867 0.842871581 1.513443623 0.500000000 0.500000000 0.000000000 0.000000000 0.997874379 0.030894071 -0.057378337 4.230030398 -0.026219182 0.996408701 0.080512427 -2.149130109 0.059659630 -0.078836881 0.995100737 5.491129666
205805600 0.842871581 1.513443623 0.500000000 0.500000000 0.000000000 0.000000000 0.997925818 0.030213511 -0.056843437 4.049560121 -0.025029579 0.995645642 0.089795455 -1.930939893 0.059308961 -0.088186443 0.994336784 5.142350677
205872333 0.842871581 1.513443623 0.500000000 0.500000000 0.000000000 0.000000000 0.998285472 0.028943209 -0.050876200 3.897820181 -0.023659294 0.994548619 0.101554334 -1.730110016 0.053538166 -0.100176528 0.993528247 4.781480475
205939067 0.842871581 1.513443623 0.500000000 0.500000000 0.000000000 0.000000000 0.998768449 0.026322227 -0.042056575 3.751749978 -0.021448996 0.993432522 0.112390935 -1.547869940 0.044738747 -0.111350447 0.992773652 4.442629791
206005800 0.842871581 1.513443623 0.500000000 0.500000000 0.000000000 0.000000000 0.999169588 0.025662392 -0.031647325 3.602019949 -0.021741219 0.992708802 0.118560344 -1.413980110 0.034459122 -0.117773846 0.992442369 4.111669879
206072533 0.842871581 1.513443623 0.500000000 0.500000000 0.000000000 0.000000000 0.999626517 0.020495232 -0.018076008 3.444979671 -0.018175758 0.992574334 0.120273732 -1.289500017 0.020406822 -0.119900264 0.992576182 3.778179766
206139267 0.842871581 1.513443623 0.500000000 0.500000000 0.000000000 0.000000000 0.999826550 0.018499883 0.002145321 3.298459847 -0.018623678 0.992653489 0.119550034 -1.207630061 0.000082100 -0.119569257 0.992825866 3.426559944
206206000 0.842871581 1.513443623 0.500000000 0.500000000 0.000000000 0.000000000 0.999617040 0.015226952 0.023105375 3.125019775 -0.017881047 0.992686033 0.119392820 -1.111789867 -0.021118395 -0.119760253 0.992578208 3.092899995
206272733 0.842871581 1.513443623 0.500000000 0.500000000 0.000000000 0.000000000 0.999124169 0.009962100 0.040640645 2.892630149 -0.014882258 0.992341936 0.122621536 -1.003240005 -0.039107852 -0.123118967 0.991621077 2.788980203
206339467 0.842871581 1.513443623 0.500000000 0.500000000 0.000000000 0.000000000 0.998057365 0.002904427 0.062234137 2.619119760 -0.010999473 0.991435885 0.130130410 -0.903047992 -0.061323199 -0.130562156 0.989541829 2.502910028
206406200 0.842871581 1.513443623 0.500000000 0.500000000 0.000000000 0.000000000 0.995754540 -0.010478169 0.091450021 2.311459987 -0.002139272 0.990597188 0.136794135 -0.808781969 -0.092023492 -0.136409029 0.986369252 2.235620019
206472933 0.842871581 1.513443623 0.500000000 0.500000000 0.000000000 0.000000000 0.992143035 -0.024375804 0.122711174 1.962049920 0.006629289 0.989700675 0.142998770 -0.708363983 -0.124933042 -0.141061738 0.982086182 1.996849801
206539667 0.842871581 1.513443623 0.500000000 0.500000000 0.000000000 0.000000000 0.987580597 -0.041962653 0.151405588 1.568479909 0.019233989 0.988715172 0.148567691 -0.618922028 -0.155931309 -0.143810436 0.977243066 1.808130001
206606400 0.842871581 1.513443623 0.500000000 0.500000000 0.000000000 0.000000000 0.981769085 -0.061626490 0.179809868 1.145539872 0.033922058 0.987602472 0.153266534 -0.539281079 -0.187025964 -0.144372836 0.971688092 1.665209923
206673133 0.842871581 1.513443623 0.500000000 0.500000000 0.000000000 0.000000000 0.974370241 -0.083251536 0.208977893 0.723393939 0.050368398 0.986151636 0.158012643 -0.480077981 -0.219238684 -0.143436924 0.965070069 1.559950069
206739867 0.842871581 1.513443623 0.500000000 0.500000000 0.000000000 0.000000000 0.967072845 -0.099708050 0.234154701 0.296997979 0.062889904 0.985150695 0.159759179 -0.429795012 -0.246606946 -0.139772817 0.958983123 1.502810028
206806600 0.842871581 1.513443623 0.500000000 0.500000000 0.000000000 0.000000000 0.960447848 -0.114955336 0.253624320 -0.110111006 0.075362101 0.984127164 0.160668135 -0.385615052 -0.268068254 -0.135199726 0.953866124 1.446880222
206873333 0.842871581 1.513443623 0.500000000 0.500000000 0.000000000 0.000000000 0.954303622 -0.124505527 0.271667033 -0.496674993 0.082804047 0.983648241 0.159936428 -0.355543041 -0.287137777 -0.130132794 0.949008644 1.412590144
206940067 0.842871581 1.513443623 0.500000000 0.500000000 0.000000000 0.000000000 0.947265983 -0.132054165 0.291974038 -0.820761949 0.087885208 0.983264983 0.159581274 -0.323361030 -0.308161229 -0.125505716 0.943019092 1.365749933
207006800 0.842871581 1.513443623 0.500000000 0.500000000 0.000000000 0.000000000 0.941059589 -0.135776773 0.309792548 -1.099000011 0.089386150 0.983163238 0.159374356 -0.283503918 -0.326216012 -0.122289568 0.937351704 1.303769795
207073533 0.842871581 1.513443623 0.500000000 0.500000000 0.000000000 0.000000000 0.935937285 -0.136629075 0.324582875 -1.334960166 0.087962680 0.983156383 0.160206378 -0.241469105 -0.341004550 -0.121391982 0.932190955 1.229680052
207140267 0.842871581 1.513443623 0.500000000 0.500000000 0.000000000 0.000000000 0.929336727 -0.140212983 0.341574967 -1.507329779 0.088549055 0.982730269 0.162481532 -0.205448926 -0.358458102 -0.120753892 0.925703108 1.122479945
207207000 0.842871581 1.513443623 0.500000000 0.500000000 0.000000000 0.000000000 0.922206104 -0.145072937 0.358454853 -1.636150253 0.090442918 0.982168913 0.164816141 -0.173232096 -0.375973552 -0.119574778 0.918882966 0.985031126
207273733 0.842871581 1.513443623 0.500000000 0.500000000 0.000000000 0.000000000 0.916061044 -0.148081005 0.372698337 -1.739159699 0.091858327 0.982102215 0.164430067 -0.130377891 -0.390376836 -0.116392508 0.913268089 0.805632866
207340467 0.842871581 1.513443623 0.500000000 0.500000000 0.000000000 0.000000000 0.912294865 -0.150069237 0.381047547 -1.829979885 0.093685865 0.982244194 0.162539989 -0.095356618 -0.398674011 -0.112585597 0.910155714 0.588466984
207407200 0.842871581 1.513443623 0.500000000 0.500000000 0.000000000 0.000000000 0.910045803 -0.153315887 0.385111660 -1.899970324 0.097973421 0.982316196 0.159549609 -0.060541279 -0.402762920 -0.107466772 0.908973634 0.328367081
207473933 0.842871581 1.513443623 0.500000000 0.500000000 0.000000000 0.000000000 0.907456160 -0.159769878 0.388583422 -1.945010350 0.104572460 0.981658161 0.159411162 -0.028288528 -0.406925142 -0.104023553 0.907519221 0.037739948
207540667 0.842871581 1.513443623 0.500000000 0.500000000 0.000000000 0.000000000 0.906544745 -0.162393183 0.389621973 -1.982100480 0.107679941 0.981464982 0.158529505 0.019935523 -0.408144414 -0.101759665 0.907228351 -0.272517089
207607400 0.842871581 1.513443623 0.500000000 0.500000000 0.000000000 0.000000000 0.905729294 -0.163794130 0.390929520 -2.007339973 0.109977223 0.981543660 0.156451434 0.086210201 -0.409340203 -0.098709293 0.907026470 -0.572101071
207674133 0.842871581 1.513443623 0.500000000 0.500000000 0.000000000 0.000000000 0.903256714 -0.166328534 0.395552874 -2.029930027 0.113670900 0.981635213 0.153203100 0.161899021 -0.413770676 -0.093418866 0.905575335 -0.862283090
207740867 0.842871581 1.513443623 0.500000000 0.500000000 0.000000000 0.000000000 0.901162267 -0.164341822 0.401121318 -2.067049905 0.112655297 0.982341468 0.149378911 0.252421061 -0.418587327 -0.089426175 0.903762996 -1.157269748
207807600 0.842871581 1.513443623 0.500000000 0.500000000 0.000000000 0.000000000 0.899160624 -0.167509720 0.404290080 -2.103869372 0.116049580 0.982035995 0.148787484 0.332209012 -0.421950817 -0.086866081 0.902447581 -1.441909708
207874333 0.842871581 1.513443623 0.500000000 0.500000000 0.000000000 0.000000000 0.898167431 -0.167618915 0.406446844 -2.150529796 0.116212949 0.982103705 0.148212343 0.417676114 -0.424016148 -0.085885093 0.901573062 -1.717849705
207941067 0.842871581 1.513443623 0.500000000 0.500000000 0.000000000 0.000000000 0.896748424 -0.166485369 0.410030305 -2.187829910 0.115450829 0.982462823 0.146416843 0.498715045 -0.427215815 -0.083960749 0.900242925 -1.961510037
208007800 0.842871581 1.513443623 0.500000000 0.500000000 0.000000000 0.000000000 0.894333184 -0.163389638 0.416499734 -2.228339950 0.112715915 0.983186245 0.143666074 0.571099001 -0.432970345 -0.081539214 0.897712708 -2.183429986
208074533 0.842871581 1.513443623 0.500000000 0.500000000 0.000000000 0.000000000 0.893139780 -0.162184909 0.419520587 -2.265420244 0.112331077 0.983600616 0.141108334 0.623182046 -0.435526341 -0.078904301 0.896711230 -2.385820181
208141267 0.842871581 1.513443623 0.500000000 0.500000000 0.000000000 0.000000000 0.892949402 -0.160524085 0.420563310 -2.291590312 0.111662753 0.984045386 0.138513833 0.667662078 -0.436088175 -0.076724634 0.896627307 -2.562310452
208208000 0.842871581 1.513443623 0.500000000 0.500000000 0.000000000 0.000000000 0.892636359 -0.159403771 0.421652555 -2.320050087 0.112036824 0.984490991 0.135000870 0.705905986 -0.436632812 -0.073266082 0.896651506 -2.702270153
208274733 0.842871581 1.513443623 0.500000000 0.500000000 0.000000000 0.000000000 0.891866744 -0.158948734 0.423448801 -2.349899965 0.113033362 0.984836876 0.131604701 0.734721995 -0.437946379 -0.069509991 0.896309793 -2.806479802
208341467 0.842871581 1.513443623 0.500000000 0.500000000 0.000000000 0.000000000 0.891180396 -0.158919558 0.424902618 -2.375440370 0.114498749 0.985104144 0.128296003 0.762769094 -0.438962042 -0.065684110 0.896101594 -2.874800397
208408200 0.842871581 1.513443623 0.500000000 0.500000000 0.000000000 0.000000000 0.890404165 -0.160983205 0.425751954 -2.415369839 0.117478959 0.984955370 0.126734599 0.763952951 -0.439748794 -0.062828094 0.895920515 -2.918149883
208474933 0.842871581 1.513443623 0.500000000 0.500000000 0.000000000 0.000000000 0.890943050 -0.161094800 0.424581051 -2.450470386 0.118581757 0.985055268 0.124917760 0.764604972 -0.438359380 -0.060947079 0.896731079 -2.935730541
208541667 0.842871581 1.513443623 0.500000000 0.500000000 0.000000000 0.000000000 0.891767740 -0.161301613 0.422766984 -2.488029360 0.119829446 0.985132873 0.123102002 0.754816916 -0.436338186 -0.059118412 0.897838414 -2.916639270
208608400 0.842871581 1.513443623 0.500000000 0.500000000 0.000000000 0.000000000 0.892477095 -0.159215972 0.422060311 -2.525679995 0.118540958 0.985534966 0.121114977 0.739384982 -0.435238659 -0.058060922 0.898441017 -2.863470225
208675133 0.842871581 1.513443623 0.500000000 0.500000000 0.000000000 0.000000000 0.893777668 -0.155523837 0.420682639 -2.563359960 0.114736907 0.986028612 0.120760120 0.704664993 -0.433586210 -0.059664883 0.899134696 -2.772730358
208741867 0.842871581 1.513443623 0.500000000 0.500000000 0.000000000 0.000000000 0.895781636 -0.150672942 0.418178380 -2.593400468 0.110471629 0.986742795 0.118889533 0.662254074 -0.430547953 -0.060302265 0.900551140 -2.615210585
208808600 0.842871581 1.513443623 0.500000000 0.500000000 0.000000000 0.000000000 0.898547292 -0.149846464 0.412503064 -2.632100271 0.110729396 0.986903608 0.117304377 0.592345961 -0.424678385 -0.059727333 0.903371990 -2.414740384
