https://www.youtube.com/watch?v=mGzwNhoKzxc
83566822 0.766310206 1.362795007 0.500000000 0.500000000 0.000000000 0.000000000 0.995112538 -0.059281737 0.078973144 1.785760140 0.056653813 0.997776210 0.035113089 -0.249723985 -0.080879092 -0.030467339 0.996258140 0.270783001
83600189 0.766310206 1.362795007 0.500000000 0.500000000 0.000000000 0.000000000 0.994630456 -0.061820433 0.082997158 1.643779991 0.058973283 0.997598231 0.036330536 -0.242800970 -0.085043788 -0.031240838 0.995887339 0.265358001
83633556 0.766310206 1.362795007 0.500000000 0.500000000 0.000000000 0.000000000 0.994151652 -0.063810021 0.087125115 1.499719934 0.060752735 0.997455478 0.037305210 -0.235343003 -0.089283876 -0.031793948 0.995498657 0.254776014
83666922 0.766310206 1.362795007 0.500000000 0.500000000 0.000000000 0.000000000 0.993629336 -0.065723985 0.091548540 1.352950059 0.062448114 0.997316837 0.038202260 -0.228513029 -0.093813710 -0.032241847 0.995067537 0.250757980
83700289 0.766310206 1.362795007 0.500000000 0.500000000 0.000000000 0.000000000 0.993112803 -0.067513548 0.095754206 1.203930012 0.064020447 0.997182369 0.039097954 -0.221269980 -0.098124042 -0.032698456 0.994636834 0.257922009
83767022 0.766310206 1.362795007 0.500000000 0.500000000 0.000000000 0.000000000 0.992060781 -0.069518954 0.104797617 0.909162976 0.065676808 0.997051597 0.039682131 -0.200425003 -0.107247293 -0.032484304 0.993701577 0.255512010
83833756 0.766310206 1.362795007 0.500000000 0.500000000 0.000000000 0.000000000 0.990952134 -0.070805296 0.114019521 0.614611958 0.066640303 0.996977389 0.039939940 -0.179658996 -0.116502844 -0.031980284 0.992675364 0.257027015
83867122 0.766310206 1.362795007 0.500000000 0.500000000 0.000000000 0.000000000 0.990283430 -0.072181955 0.118863225 0.468635994 0.067804217 0.996877253 0.040476345 -0.171577013 -0.121413708 -0.032023616 0.992085278 0.249464006
83900489 0.766310206 1.362795007 0.500000000 0.500000000 0.000000000 0.000000000 0.989635706 -0.072745882 0.123811305 0.321735020 0.068197377 0.996845722 0.040592916 -0.160464008 -0.126373738 -0.031728595 0.991475165 0.238906000
