https://www.youtube.com/watch?v=vzqs7bvLoQ8
35200000 0.960099762 1.707928623 0.500000000 0.500000000 0.000000000 0.000000000 0.983568788 -0.082211435 0.160728872 -0.624767019 0.082685277 0.996568680 0.003749673 -0.202897018 -0.160485625 0.009601840 0.986991465 0.968194030
35233333 0.960099762 1.707928623 0.500000000 0.500000000 0.000000000 0.000000000 0.981548071 -0.085621297 0.170974836 -0.598718020 0.086059168 0.996278167 0.004862789 -0.177118025 -0.170754865 0.009940878 0.985263407 0.757189992
35266667 0.960099762 1.707928623 0.500000000 0.500000000 0.000000000 0.000000000 0.979291379 -0.088965476 0.181861460 -0.578724047 0.089443967 0.995976210 0.005585528 -0.148764005 -0.181626618 0.010796537 0.983308315 0.541160028
35300000 0.960099762 1.707928623 0.500000000 0.500000000 0.000000000 0.000000000 0.976938128 -0.092175119 0.192602396 -0.552039013 0.092618801 0.995678961 0.006718467 -0.125303992 -0.192389429 0.011275082 0.981253862 0.317520969
35333333 0.960099762 1.707928623 0.500000000 0.500000000 0.000000000 0.000000000 0.974452078 -0.095250979 0.203397229 -0.524146039 0.095686808 0.995381594 0.007713312 -0.099659103 -0.203192547 0.011946173 0.979065895 0.090312691
35433333 0.960099762 1.707928623 0.500000000 0.500000000 0.000000000 0.000000000 0.966124296 -0.103838913 0.236265510 -0.444947035 0.104235835 0.994493484 0.010845201 0.014347313 -0.236090660 0.014149496 0.971628010 -0.539079948
35466667 0.960099762 1.707928623 0.500000000 0.500000000 0.000000000 0.000000000 0.963141501 -0.106034093 0.247214898 -0.416501977 0.106554575 0.994242489 0.011311867 0.069357406 -0.246990994 0.015446947 0.968894660 -0.791984971
35500000 0.960099762 1.707928623 0.500000000 0.500000000 0.000000000 0.000000000 0.959929585 -0.108637489 0.258327425 -0.392512982 0.109224148 0.993943214 0.012124176 0.127472992 -0.258079946 0.016577242 0.965981305 -0.998967938
35533333 0.960099762 1.707928623 0.500000000 0.500000000 0.000000000 0.000000000 0.956606567 -0.110848993 0.269474059 -0.373466989 0.111530304 0.993678212 0.012830958 0.187193962 -0.269192785 0.017780369 0.962922156 -1.240840053
35566667 0.960099762 1.707928623 0.500000000 0.500000000 0.000000000 0.000000000 0.953145623 -0.113390721 0.280456692 -0.350728971 0.114048384 0.993376136 0.014030380 0.248171000 -0.280189902 0.018612659 0.959764123 -1.415899949
35600000 0.960099762 1.707928623 0.500000000 0.500000000 0.000000000 0.000000000 0.949814856 -0.114841938 0.290969282 -0.320819017 0.115361154 0.993203759 0.015430195 0.297981021 -0.290763825 0.018910697 0.956607997 -1.611070212
35633333 0.960099762 1.707928623 0.500000000 0.500000000 0.000000000 0.000000000 0.945874214 -0.117277272 0.302602172 -0.316652010 0.118119143 0.992877126 0.015585035 0.358145029 -0.302274525 0.021001615 0.952989519 -1.823459933
35666667 0.960099762 1.707928623 0.500000000 0.500000000 0.000000000 0.000000000 0.941943109 -0.119433694 0.313813180 -0.297367068 0.120546989 0.992579818 0.015930066 0.417556970 -0.313387185 0.022824040 0.949351072 -2.017259961
35700000 0.960099762 1.707928623 0.500000000 0.500000000 0.000000000 0.000000000 0.937727213 -0.121347204 0.325488150 -0.275052076 0.122541621 0.992319286 0.016911697 0.454051986 -0.325040340 0.024027292 0.945394874 -2.228140167
35733333 0.960099762 1.707928623 0.500000000 0.500000000 0.000000000 0.000000000 0.932935774 -0.123839378 0.338075131 -0.264746044 0.125324920 0.991961002 0.017521940 0.490714096 -0.337527245 0.026022356 0.940956056 -2.466410121
35766667 0.960099762 1.707928623 0.500000000 0.500000000 0.000000000 0.000000000 0.928508282 -0.125755563 0.349367648 -0.246170027 0.127745643 0.991653621 0.017440267 0.530114943 -0.348644882 0.028436802 0.936823368 -2.709029646
35800000 0.960099762 1.707928623 0.500000000 0.500000000 0.000000000 0.000000000 0.923785865 -0.128098547 0.360846728 -0.230468048 0.130423635 0.991294682 0.018012937 0.559063859 -0.360012859 0.030422874 0.932451129 -2.898159950
35833333 0.960099762 1.707928623 0.500000000 0.500000000 0.000000000 0.000000000 0.918979228 -0.130256921 0.372169793 -0.213270118 0.132977009 0.990947008 0.018471681 0.587914038 -0.371206582 0.032514915 0.927980900 -3.109510192
35866667 0.960099762 1.707928623 0.500000000 0.500000000 0.000000000 0.000000000 0.913648486 -0.132822633 0.384193301 -0.215927873 0.136213541 0.990506589 0.018507324 0.621420801 -0.383004189 0.035423186 0.923067093 -3.378479390
35900000 0.960099762 1.707928623 0.500000000 0.500000000 0.000000000 0.000000000 0.908651054 -0.134686142 0.395237625 -0.207125948 0.138682038 0.990162432 0.018590275 0.657567784 -0.393853307 0.037920326 0.918390751 -3.607599567
35933333 0.960099762 1.707928623 0.500000000 0.500000000 0.000000000 0.000000000 0.903536737 -0.136598781 0.406155467 -0.194351035 0.141290769 0.989793897 0.018572282 0.692386056 -0.404547155 0.040605258 0.913615286 -3.817680408
35966667 0.960099762 1.707928623 0.500000000 0.500000000 0.000000000 0.000000000 0.898272276 -0.137723565 0.417299628 -0.199449101 0.143294722 0.989514172 0.018120661 0.735704829 -0.415419519 0.043519590 0.908588171 -4.058809481
36000000 0.960099762 1.707928623 0.500000000 0.500000000 0.000000000 0.000000000 0.893141270 -0.139653847 0.427545905 -0.188782951 0.145864204 0.989133835 0.018381635 0.777790137 -0.425467193 0.045946226 0.903806746 -4.286540211
36033333 0.960099762 1.707928623 0.500000000 0.500000000 0.000000000 0.000000000 0.887797356 -0.140880600 0.438141972 -0.209930892 0.148226008 0.988797009 0.017591704 0.845598850 -0.435711831 0.049326193 0.898733616 -4.548620238
36066667 0.960099762 1.707928623 0.500000000 0.500000000 0.000000000 0.000000000 0.882793307 -0.141984031 0.447790623 -0.207304225 0.150082037 0.988517642 0.017557979 0.906256924 -0.445141852 0.051705271 0.893966019 -4.738129744
36100000 0.960099762 1.707928623 0.500000000 0.500000000 0.000000000 0.000000000 0.877806962 -0.142928466 0.457194000 -0.206040074 0.151841864 0.988251388 0.017413629 0.963809036 -0.454311520 0.054135382 0.889196515 -4.945779785
36133333 0.960099762 1.707928623 0.500000000 0.500000000 0.000000000 0.000000000 0.872681677 -0.143716991 0.466660708 -0.214341355 0.153745234 0.987968504 0.016751397 1.032620029 -0.463453561 0.057128195 0.884277821 -5.164530554
36166667 0.960099762 1.707928623 0.500000000 0.500000000 0.000000000 0.000000000 0.868645072 -0.143462613 0.474209219 -0.196530929 0.154757127 0.987833023 0.015368879 1.104430243 -0.470644385 0.060037099 0.880278111 -5.377170869
36200000 0.960099762 1.707928623 0.500000000 0.500000000 0.000000000 0.000000000 0.864852309 -0.142866105 0.481268674 -0.178163217 0.155498654 0.987739980 0.013778590 1.173979697 -0.477336794 0.062920228 0.876464725 -5.595118951
