https://www.youtube.com/watch?v=30yln109wUM
28294933 0.817595820 1.454000692 0.500000000 0.500000000 0.000000000 0.000000000 0.997644722 -0.068355858 0.005698204 -4.088319452 0.068500370 0.997169197 -0.031004574 -2.381849968 -0.003562727 0.031321879 0.999503016 3.831320223
28361667 0.817595820 1.454000692 0.500000000 0.500000000 0.000000000 0.000000000 0.996917903 -0.078235760 0.005814330 -3.797949766 0.078375906 0.996471167 -0.030040272 -2.119639988 -0.003443590 0.030403387 0.999531806 3.383470177
28428400 0.817595820 1.454000692 0.500000000 0.500000000 0.000000000 0.000000000 0.995811403 -0.091128998 -0.007424374 -3.482589902 0.090722375 0.994920909 -0.043609880 -1.899710014 0.011360792 0.042753659 0.999021053 2.963500076
28495133 0.817595820 1.454000692 0.500000000 0.500000000 0.000000000 0.000000000 0.995793104 -0.091407098 -0.006388209 -3.045229889 0.090847008 0.993975997 -0.061306559 -1.599340003 0.011953585 0.060468301 0.998098552 2.699039917
28561867 0.817595820 1.454000692 0.500000000 0.500000000 0.000000000 0.000000000 0.995000958 -0.097982265 0.019301083 -2.594890149 0.099125542 0.992489219 -0.071688622 -1.352820085 -0.012131896 0.073243484 0.997240305 2.459330069
28628600 0.817595820 1.454000692 0.500000000 0.500000000 0.000000000 0.000000000 0.993395209 -0.106122382 0.043634899 -2.191950098 0.109206922 0.991129875 -0.075732298 -1.142299933 -0.035210952 0.079997338 0.996172965 2.157939816
28695333 0.817595820 1.454000692 0.500000000 0.500000000 0.000000000 0.000000000 0.989589095 -0.129967868 0.061820079 -1.738649782 0.135044336 0.987047374 -0.086605467 -0.987016093 -0.049763408 0.094052278 0.994322777 1.794349950
28762067 0.817595820 1.454000692 0.500000000 0.500000000 0.000000000 0.000000000 0.986349463 -0.137790769 0.090158179 -1.236360058 0.145729959 0.985371470 -0.088351019 -0.731324072 -0.076665342 0.100283720 0.992000818 1.470060034
28828800 0.817595820 1.454000692 0.500000000 0.500000000 0.000000000 0.000000000 0.982649386 -0.149411127 0.109892972 -0.899103928 0.159324005 0.983320832 -0.087726928 -0.443705975 -0.094952665 0.103713401 0.990064383 0.995522903
28895533 0.817595820 1.454000692 0.500000000 0.500000000 0.000000000 0.000000000 0.981579781 -0.152788192 0.114703670 -0.552489990 0.162808418 0.983098984 -0.083724864 -0.173443992 -0.099972889 0.100857355 0.989865243 0.476924989
28962267 0.817595820 1.454000692 0.500000000 0.500000000 0.000000000 0.000000000 0.983761728 -0.147133052 0.102784693 -0.088851098 0.154656202 0.985521793 -0.069485337 0.103926003 -0.091072962 0.084253311 0.992273688 -0.018350401
29029000 0.817595820 1.454000692 0.500000000 0.500000000 0.000000000 0.000000000 0.986480534 -0.136434764 0.090783626 0.525574965 0.142431527 0.987784743 -0.063202485 0.327905994 -0.081051663 0.075278476 0.993863046 -0.437354996
29095733 0.817595820 1.454000692 0.500000000 0.500000000 0.000000000 0.000000000 0.984502673 -0.126384348 0.121578962 0.802145942 0.133164734 0.989865482 -0.049330428 0.487139986 -0.114112213 0.064755976 0.991355181 -0.946522968
29162467 0.817595820 1.454000692 0.500000000 0.500000000 0.000000000 0.000000000 0.987058222 -0.119406477 0.107043028 1.134480008 0.125984997 0.990396857 -0.056937210 0.735069995 -0.099216416 0.069686152 0.992622793 -1.429250181
29229200 0.817595820 1.454000692 0.500000000 0.500000000 0.000000000 0.000000000 0.990199864 -0.109258257 0.086987391 1.696619942 0.114568107 0.991687000 -0.058575522 0.918665050 -0.079864398 0.067967460 0.994485855 -1.792510103
29295933 0.817595820 1.454000692 0.500000000 0.500000000 0.000000000 0.000000000 0.989648700 -0.109390110 0.092893749 2.081330142 0.115717858 0.991107166 -0.065695658 1.125789966 -0.084881216 0.075765088 0.993506312 -2.207660070
29362667 0.817595820 1.454000692 0.500000000 0.500000000 0.000000000 0.000000000 0.989970684 -0.113818802 0.083685584 2.519139958 0.119842045 0.990261078 -0.070857897 1.377979990 -0.074805625 0.080176294 0.993969738 -2.599939915
29429400 0.817595820 1.454000692 0.500000000 0.500000000 0.000000000 0.000000000 0.989608586 -0.112189099 0.089935742 2.798050038 0.119560391 0.989496768 -0.081249528 1.647349969 -0.079875804 0.091157995 0.992627859 -3.036530052
29496133 0.817595820 1.454000692 0.500000000 0.500000000 0.000000000 0.000000000 0.992105126 -0.104094580 0.069941491 3.340370357 0.108915403 0.991649151 -0.069061078 1.690030011 -0.062168542 0.076133542 0.995157659 -3.400249969
29562867 0.817595820 1.454000692 0.500000000 0.500000000 0.000000000 0.000000000 0.993089557 -0.096464358 0.066840969 3.728979836 0.100802295 0.992788374 -0.064885750 1.895949918 -0.060099784 0.071175084 0.995651603 -3.811909732
29629600 0.817595820 1.454000692 0.500000000 0.500000000 0.000000000 0.000000000 0.993785560 -0.087391809 0.068941638 3.857490131 0.091033742 0.994511187 -0.051578216 1.902219950 -0.064055711 0.057533704 0.996286452 -4.295330076
