https://www.youtube.com/watch?v=oz-mD_FKwII
68440000 0.784547093 1.406773994 0.500000000 0.500000000 0.000000000 0.000000000 0.999767780 -0.004938582 0.020977331 -4.131520124 0.004804604 0.999967754 0.006432419 -0.149161994 -0.021008423 -0.006330137 0.999759257 5.425839907
68520000 0.784547093 1.406773994 0.500000000 0.500000000 0.000000000 0.000000000 0.999914467 0.003330275 0.012645645 -3.950730038 -0.003396557 0.999980569 0.005223697 -0.082513899 -0.012628004 -0.005266202 0.999906421 5.160230110
68600000 0.784547093 1.406773994 0.500000000 0.500000000 0.000000000 0.000000000 0.999934673 0.008624533 0.007499306 -3.738580034 -0.008654395 0.999954700 0.003958607 -0.026274292 -0.007464825 -0.004023250 0.999964058 4.915450218
68680000 0.784547093 1.406773994 0.500000000 0.500000000 0.000000000 0.000000000 0.999913692 0.011081007 0.007056034 -3.508219798 -0.011106522 0.999931872 0.003587248 0.012147197 -0.007015802 -0.003665306 0.999968648 4.709419699
68760000 0.784547093 1.406773994 0.500000000 0.500000000 0.000000000 0.000000000 0.999886215 0.011654287 0.009579815 -3.270170086 -0.011690252 0.999924779 0.003706943 0.035190799 -0.009535892 -0.003818511 0.999947250 4.529760110
68840000 0.784547093 1.406773994 0.500000000 0.500000000 0.000000000 0.000000000 0.999840736 0.011520011 0.013630172 -3.048480156 -0.011573898 0.999925494 0.003881206 0.046330798 -0.013584444 -0.004038342 0.999899566 4.367330101
68920000 0.784547093 1.406773994 0.500000000 0.500000000 0.000000000 0.000000000 0.999763668 0.008539172 0.019992068 -2.837549756 -0.008627445 0.999953389 0.004333318 0.037491399 -0.019954134 -0.004504774 0.999790728 4.220970482
69000000 0.784547093 1.406773994 0.500000000 0.500000000 0.000000000 0.000000000 0.999570370 0.003999549 0.029035190 -2.630919934 -0.004113406 0.999984086 0.003862686 0.021159395 -0.029019279 -0.003980460 0.999570906 4.083569454
69080000 0.784547093 1.406773994 0.500000000 0.500000000 0.000000000 0.000000000 0.999180436 0.000568537 0.040474147 -2.425589974 -0.000706068 0.999994040 0.003383798 -0.002782079 -0.040471978 -0.003409602 0.999174833 3.943450036
69160000 0.784547093 1.406773994 0.500000000 0.500000000 0.000000000 0.000000000 0.998539925 -0.007663304 0.053472858 -2.212290293 0.007646346 0.999970615 0.000521713 -0.060139699 -0.053475287 -0.000112079 0.998569191 3.803489838
69240000 0.784547093 1.406773994 0.500000000 0.500000000 0.000000000 0.000000000 0.997562528 -0.011991979 0.068740197 -2.003449774 0.012474262 0.999900460 -0.006591069 -0.121860995 -0.068654321 0.007432487 0.997612834 3.628510287
69320000 0.784547093 1.406773994 0.500000000 0.500000000 0.000000000 0.000000000 0.996327937 -0.013693224 0.084516719 -1.804749783 0.014742919 0.999821603 -0.011808338 -0.171288989 -0.084339947 0.013011001 0.996352077 3.431659891
69400000 0.784547093 1.406773994 0.500000000 0.500000000 0.000000000 0.000000000 0.994871736 -0.017592262 0.099602804 -1.612799999 0.019579001 0.999627709 -0.019004285 -0.247736038 -0.099231392 0.020856950 0.994845748 3.207749729
69480000 0.784547093 1.406773994 0.500000000 0.500000000 0.000000000 0.000000000 0.993247032 -0.019823398 0.114312708 -1.435130133 0.023502804 0.999245226 -0.030929644 -0.346468014 -0.113613293 0.033407446 0.992963195 2.933399710
69560000 0.784547093 1.406773994 0.500000000 0.500000000 0.000000000 0.000000000 0.991892695 -0.015501732 0.126129180 -1.307999929 0.021325761 0.998761296 -0.044956557 -0.440690985 -0.125276029 0.047281884 0.990994632 2.590359805
69640000 0.784547093 1.406773994 0.500000000 0.500000000 0.000000000 0.000000000 0.992213845 -0.009088175 0.124213688 -1.239819889 0.016930111 0.997918606 -0.062223613 -0.527899031 -0.123389654 0.063842088 0.990302563 2.246299981
69720000 0.784547093 1.406773994 0.500000000 0.500000000 0.000000000 0.000000000 0.992911756 -0.004283477 0.118776567 -1.201989971 0.013647547 0.996849239 -0.078136861 -0.574639009 -0.118067630 0.079204023 0.989841759 1.922629887
69800000 0.784547093 1.406773994 0.500000000 0.500000000 0.000000000 0.000000000 0.993581891 0.000031739 0.113115214 -1.161330067 0.010515420 0.995643675 -0.092644714 -0.588117965 -0.112625398 0.093239568 0.989253223 1.625850050
69880000 0.784547093 1.406773994 0.500000000 0.500000000 0.000000000 0.000000000 0.994041800 -0.001583313 0.108988233 -1.113370001 0.012762262 0.994707704 -0.101949461 -0.588622967 -0.108250014 0.102732964 0.988801241 1.382630077
69960000 0.784547093 1.406773994 0.500000000 0.500000000 0.000000000 0.000000000 0.994469881 -0.002666123 0.104988582 -1.068660148 0.014295001 0.993810236 -0.110167526 -0.579371993 -0.104045011 0.111059092 0.988352418 1.173510047
70040000 0.784547093 1.406773994 0.500000000 0.500000000 0.000000000 0.000000000 0.995154083 -0.000871529 0.098323777 -1.043590005 0.012327869 0.993176281 -0.115969419 -0.557335042 -0.097551778 0.116619572 0.988374174 0.992320994
70120000 0.784547093 1.406773994 0.500000000 0.500000000 0.000000000 0.000000000 0.996128857 -0.006127118 0.087691225 -1.001929978 0.016649161 0.992662370 -0.119767345 -0.546410957 -0.086313955 0.120763697 0.988921642 0.830732005
70200000 0.784547093 1.406773994 0.500000000 0.500000000 0.000000000 0.000000000 0.997277796 -0.011483159 0.072836295 -0.955409055 0.020422105 0.992172003 -0.123197377 -0.532174966 -0.070851445 0.124349475 0.989705682 0.655516041
70280000 0.784547093 1.406773994 0.500000000 0.500000000 0.000000000 0.000000000 0.998412549 -0.012042923 0.055021282 -0.900929016 0.018697146 0.992344737 -0.122075111 -0.496060039 -0.053129937 0.122910067 0.990994632 0.461028995
70360000 0.784547093 1.406773994 0.500000000 0.500000000 0.000000000 0.000000000 0.999401152 -0.008990635 0.033413790 -0.813938921 0.012887712 0.992892802 -0.118312202 -0.455944973 -0.032112613 0.118671976 0.992414117 0.269318014
70440000 0.784547093 1.406773994 0.500000000 0.500000000 0.000000000 0.000000000 0.999975502 -0.002626040 0.006486940 -0.686389974 0.003343937 0.993559480 -0.113262594 -0.408445036 -0.006147729 0.113281518 0.993543923 0.062976300
70520000 0.784547093 1.406773994 0.500000000 0.500000000 0.000000000 0.000000000 0.999608457 0.011068464 -0.025698084 -0.518831019 -0.013826611 0.993861735 -0.109762140 -0.347009041 0.024325445 0.110074483 0.993625641 -0.141012999
70600000 0.784547093 1.406773994 0.500000000 0.500000000 0.000000000 0.000000000 0.997897267 0.026317991 -0.059231639 -0.321772977 -0.032295808 0.994224846 -0.102342330 -0.270356010 0.056196123 0.104040064 0.992984235 -0.329748003
70680000 0.784547093 1.406773994 0.500000000 0.500000000 0.000000000 0.000000000 0.994946480 0.033675309 -0.094591238 -0.096907300 -0.042847332 0.994393647 -0.096671611 -0.209111012 0.090805478 0.100236058 0.990811348 -0.491742043
70760000 0.784547093 1.406773994 0.500000000 0.500000000 0.000000000 0.000000000 0.990555584 0.041203748 -0.130774170 0.156818983 -0.054087136 0.993857920 -0.096545458 -0.161920999 0.125992924 0.102706835 0.986700118 -0.628195976
70840000 0.784547093 1.406773994 0.500000000 0.500000000 0.000000000 0.000000000 0.985106587 0.051627345 -0.164011016 0.429589969 -0.067394853 0.993468940 -0.092072815 -0.134480003 0.158186391 0.101755038 0.982152224 -0.742901909
70920000 0.784547093 1.406773994 0.500000000 0.500000000 0.000000000 0.000000000 0.978809536 0.064742431 -0.194268629 0.707906991 -0.082850024 0.992794514 -0.086573273 -0.122428006 0.187263861 0.100833908 0.977120638 -0.825434934
71000000 0.784547093 1.406773994 0.500000000 0.500000000 0.000000000 0.000000000 0.972935796 0.073881105 -0.218946382 0.969696962 -0.093739748 0.992236137 -0.081733473 -0.113476031 0.211207941 0.100045405 0.972307622 -0.894256060
71080000 0.784547093 1.406773994 0.500000000 0.500000000 0.000000000 0.000000000 0.968081653 0.081663087 -0.236957923 1.203009900 -0.101784229 0.992054701 -0.073942252 -0.105631984 0.229036883 0.095700718 0.968701959 -0.952508973
71160000 0.784547093 1.406773994 0.500000000 0.500000000 0.000000000 0.000000000 0.964361966 0.081734143 -0.251645803 1.412640040 -0.102094315 0.992384195 -0.068923153 -0.096023155 0.244095936 0.092158459 0.965362132 -0.994559059
71240000 0.784547093 1.406773994 0.500000000 0.500000000 0.000000000 0.000000000 0.962309182 0.076576509 -0.260954112 1.591719896 -0.096443169 0.993267357 -0.064176820 -0.078466694 0.254282743 0.086925186 0.963215590 -1.054909840
71320000 0.784547093 1.406773994 0.500000000 0.500000000 0.000000000 0.000000000 0.960688710 0.068584360 -0.269023091 1.744080037 -0.087609328 0.994385421 -0.059348047 -0.044652416 0.263442308 0.080583930 0.961303473 -1.121459899
71400000 0.784547093 1.406773994 0.500000000 0.500000000 0.000000000 0.000000000 0.959700704 0.062770352 -0.273924142 1.872420016 -0.080129355 0.995393634 -0.052638620 -0.008885306 0.269358188 0.072466686 0.960309744 -1.192490017
71480000 0.784547093 1.406773994 0.500000000 0.500000000 0.000000000 0.000000000 0.959343910 0.058758255 -0.276055545 1.992109875 -0.073626943 0.996323526 -0.043800294 0.031781649 0.272466987 0.062344685 0.960143089 -1.295409871
71560000 0.784547093 1.406773994 0.500000000 0.500000000 0.000000000 0.000000000 0.959649384 0.056787539 -0.275405377 2.105719788 -0.067264102 0.997321248 -0.028737735 0.059720869 0.273035675 0.046103057 0.960898519 -1.413090009
71640000 0.784547093 1.406773994 0.500000000 0.500000000 0.000000000 0.000000000 0.960116267 0.055271287 -0.274083823 2.219930127 -0.061299201 0.998028517 -0.013470480 0.070458716 0.272798926 0.029734338 0.961611509 -1.555460211
71720000 0.784547093 1.406773994 0.500000000 0.500000000 0.000000000 0.000000000 0.960800529 0.053842593 -0.271961898 2.336009787 -0.056379896 0.998408258 -0.001518409 0.098038215 0.271447271 0.016792070 0.962306857 -1.744100101
71800000 0.784547093 1.406773994 0.500000000 0.500000000 0.000000000 0.000000000 0.960947990 0.060949381 -0.269933701 2.449049984 -0.060194973 0.998125136 0.011080028 0.108667007 0.270102918 0.005601318 0.962815166 -1.954930038
71880000 0.784547093 1.406773994 0.500000000 0.500000000 0.000000000 0.000000000 0.961246729 0.066132009 -0.267640084 2.563669625 -0.062380940 0.997798681 0.022503924 0.142508022 0.268539160 -0.004936180 0.963256121 -2.188869871
71960000 0.784547093 1.406773994 0.500000000 0.500000000 0.000000000 0.000000000 0.961940050 0.064462483 -0.265548408 2.689030101 -0.056501064 0.997697294 0.037520118 0.177261016 0.267355561 -0.021088347 0.963367164 -2.410010170
72040000 0.784547093 1.406773994 0.500000000 0.500000000 0.000000000 0.000000000 0.964494169 0.055763014 -0.258150011 2.809529879 -0.045513079 0.997926235 0.045517229 0.245237009 0.260152847 -0.032151900 0.965031981 -2.635129995
72120000 0.784547093 1.406773994 0.500000000 0.500000000 0.000000000 0.000000000 0.968111932 0.048707012 -0.245737433 2.918590231 -0.036504406 0.997874916 0.053972870 0.299474954 0.247844070 -0.043281280 0.967832685 -2.854890428
72200000 0.784547093 1.406773994 0.500000000 0.500000000 0.000000000 0.000000000 0.971780777 0.037982166 -0.232807919 3.015780073 -0.024609344 0.997890174 0.060080182 0.348563009 0.234598711 -0.052655514 0.970665157 -3.056060091
72280000 0.784547093 1.406773994 0.500000000 0.500000000 0.000000000 0.000000000 0.975031793 0.025670473 -0.220576614 3.106260019 -0.011963747 0.997925818 0.063253336 0.388447976 0.221742839 -0.059035093 0.973316491 -3.252569741
72360000 0.784547093 1.406773994 0.500000000 0.500000000 0.000000000 0.000000000 0.977813780 0.011875377 -0.209139124 3.193509966 0.001913925 0.997843623 0.065608166 0.424443970 0.209467277 -0.064552851 0.975682557 -3.443869914
72440000 0.784547093 1.406773994 0.500000000 0.500000000 0.000000000 0.000000000 0.980140626 0.001039498 -0.198301032 3.281499985 0.012639086 0.997625649 0.067700617 0.452033083 0.197900578 -0.068862461 0.977800250 -3.641839711
72520000 0.784547093 1.406773994 0.500000000 0.500000000 0.000000000 0.000000000 0.982067645 -0.003667433 -0.188493177 3.384229753 0.016835544 0.997522354 0.068306476 0.485994998 0.187775657 -0.070254967 0.979696155 -3.841979823
72600000 0.784547093 1.406773994 0.500000000 0.500000000 0.000000000 0.000000000 0.983282387 -0.008038140 -0.181909844 3.515840280 0.021212082 0.997279763 0.070590988 0.513701956 0.180847600 -0.073269561 0.980778098 -4.036819577
72680000 0.784547093 1.406773994 0.500000000 0.500000000 0.000000000 0.000000000 0.984210610 -0.009713199 -0.176734671 3.671950043 0.023136728 0.996985972 0.074051581 0.535894938 0.175482705 -0.076971419 0.981468916 -4.245940467
72760000 0.784547093 1.406773994 0.500000000 0.500000000 0.000000000 0.000000000 0.985179365 -0.007792220 -0.171350196 3.856609837 0.021567123 0.996666849 0.078676596 0.546104887 0.170166001 -0.081206083 0.982063711 -4.488420273
72840000 0.784547093 1.406773994 0.500000000 0.500000000 0.000000000 0.000000000 0.986139834 -0.003499053 -0.165879428 4.071730507 0.017880423 0.996196210 0.085284024 0.536367903 0.164950043 -0.087067962 0.982451379 -4.707530698
