https://www.youtube.com/watch?v=UcNHyANpOFE
29529500 0.985253717 1.752161079 0.500000000 0.500000000 0.000000000 0.000000000 0.994953930 -0.029005310 0.096048929 -4.289959923 0.029846935 0.999527574 -0.007337081 -1.954100106 -0.095790736 0.010166825 0.995349586 4.601720148
29562867 0.985253717 1.752161079 0.500000000 0.500000000 0.000000000 0.000000000 0.993992805 -0.030936308 0.104982138 -4.191710340 0.031859338 0.999466956 -0.007126292 -1.923360089 -0.104705721 0.010428147 0.994448543 4.515029300
29596233 0.985253717 1.752161079 0.500000000 0.500000000 0.000000000 0.000000000 0.992902815 -0.032526691 0.114394374 -4.095470693 0.033462975 0.999420285 -0.006273482 -1.881510071 -0.114124008 0.010056932 0.993415594 4.439459946
29629600 0.985253717 1.752161079 0.500000000 0.500000000 0.000000000 0.000000000 0.991678596 -0.033886191 0.124198355 -3.991879742 0.034612950 0.999393940 -0.003697852 -1.835430037 -0.123997785 0.007965954 0.992250502 4.360149620
29662967 0.985253717 1.752161079 0.500000000 0.500000000 0.000000000 0.000000000 0.990327299 -0.035443179 0.134147599 -3.889709434 0.035705678 0.999362230 0.000449249 -1.776150034 -0.134077981 0.004344931 0.990961254 4.284039910
29696333 0.985253717 1.752161079 0.500000000 0.500000000 0.000000000 0.000000000 0.988992572 -0.037322309 0.143180937 -3.791390080 0.036982741 0.999303222 0.005033115 -1.715459915 -0.143269032 0.000317507 0.989683747 4.180410156
29729700 0.985253717 1.752161079 0.500000000 0.500000000 0.000000000 0.000000000 0.987578750 -0.039477643 0.152084753 -3.701680020 0.038643528 0.999217451 0.008437555 -1.659029901 -0.152298823 -0.002455658 0.988331437 4.106449970
29763067 0.985253717 1.752161079 0.500000000 0.500000000 0.000000000 0.000000000 0.986073196 -0.041408967 0.161074549 -3.606770335 0.040237162 0.999134660 0.010531438 -1.605809999 -0.161371261 -0.003903590 0.986886084 4.000400343
29796433 0.985253717 1.752161079 0.500000000 0.500000000 0.000000000 0.000000000 0.984442294 -0.043301690 0.170288920 -3.516349774 0.042040627 0.999055266 0.011006070 -1.555909944 -0.170604616 -0.003675787 0.985332727 3.905360063
29829800 0.985253717 1.752161079 0.500000000 0.500000000 0.000000000 0.000000000 0.982728481 -0.044880569 0.179528549 -3.428570510 0.043734275 0.998989701 0.010339927 -1.510830194 -0.179811224 -0.002309795 0.983698428 3.812230291
29863167 0.985253717 1.752161079 0.500000000 0.500000000 0.000000000 0.000000000 0.980932176 -0.046397381 0.188730955 -3.338280096 0.045550503 0.998923063 0.008824509 -1.473799955 -0.188937128 -0.000059452 0.981989205 3.712030048
29896533 0.985253717 1.752161079 0.500000000 0.500000000 0.000000000 0.000000000 0.979016721 -0.047854420 0.198081464 -3.253470106 0.047564227 0.998848796 0.006225510 -1.441900121 -0.198151350 0.003326715 0.980165780 3.619810086
29929900 0.985253717 1.752161079 0.500000000 0.500000000 0.000000000 0.000000000 0.977100015 -0.049855962 0.206857339 -3.161269979 0.050331831 0.998728156 0.002964939 -1.420030056 -0.206742063 0.007514464 0.978366613 3.503590196
29963267 0.985253717 1.752161079 0.500000000 0.500000000 0.000000000 0.000000000 0.975122988 -0.052029468 0.215471566 -3.078919597 0.053502537 0.998567224 -0.001005379 -1.401440073 -0.215110540 0.012508655 0.976509571 3.396409795
29996633 0.985253717 1.752161079 0.500000000 0.500000000 0.000000000 0.000000000 0.973162234 -0.054309424 0.223619655 -2.998199703 0.056902912 0.998366356 -0.005165290 -1.388710052 -0.222973809 0.017751276 0.974662781 3.312269628
30030000 0.985253717 1.752161079 0.500000000 0.500000000 0.000000000 0.000000000 0.971092880 -0.056818981 0.231840894 -2.912929891 0.060673248 0.998112261 -0.009522201 -1.384229948 -0.230862185 0.023313494 0.972707093 3.207269809
30063367 0.985253717 1.752161079 0.500000000 0.500000000 0.000000000 0.000000000 0.968935728 -0.059543207 0.240037665 -2.832179809 0.064817950 0.997797012 -0.014132742 -1.383380069 -0.238667354 0.029252477 0.970660686 3.093120182
30096733 0.985253717 1.752161079 0.500000000 0.500000000 0.000000000 0.000000000 0.966809154 -0.062146854 0.247826129 -2.752709955 0.068887398 0.997450829 -0.018611979 -1.381020011 -0.246037692 0.035066336 0.968625724 2.999459711
30130100 0.985253717 1.752161079 0.500000000 0.500000000 0.000000000 0.000000000 0.964611769 -0.064871699 0.255569786 -2.672960272 0.073080540 0.997066677 -0.022745065 -1.379100003 -0.253344625 0.040617324 0.966523051 2.911040454
30163467 0.985253717 1.752161079 0.500000000 0.500000000 0.000000000 0.000000000 0.962395728 -0.067630649 0.263098121 -2.593180102 0.077319711 0.996650457 -0.026636612 -1.375409959 -0.260415435 0.045977619 0.964401305 2.828260284
30196833 0.985253717 1.752161079 0.500000000 0.500000000 0.000000000 0.000000000 0.960175455 -0.070802830 0.270277679 -2.513330090 0.081919335 0.996185601 -0.030058630 -1.372189996 -0.267118514 0.051002532 0.962313056 2.740230045
30230200 0.985253717 1.752161079 0.500000000 0.500000000 0.000000000 0.000000000 0.958097816 -0.073578842 0.276829720 -2.434869957 0.085972525 0.995754659 -0.032885283 -1.367530069 -0.273234844 0.055307068 0.960356116 2.652250313
30263567 0.985253717 1.752161079 0.500000000 0.500000000 0.000000000 0.000000000 0.956121624 -0.076754339 0.282736957 -2.356339896 0.090362065 0.995280087 -0.035386413 -1.363919899 -0.278686404 0.059382424 0.958544493 2.556859865
30296933 0.985253717 1.752161079 0.500000000 0.500000000 0.000000000 0.000000000 0.954361677 -0.079734102 0.287813127 -2.276750281 0.094385147 0.994834125 -0.037369277 -1.359579924 -0.283346713 0.062829062 0.956957281 2.466010382
30330300 0.985253717 1.752161079 0.500000000 0.500000000 0.000000000 0.000000000 0.952843368 -0.082950793 0.291905224 -2.195329608 0.098439313 0.994388223 -0.038752161 -1.354479957 -0.287052572 0.065659694 0.955661893 2.363569988
30363667 0.985253717 1.752161079 0.500000000 0.500000000 0.000000000 0.000000000 0.951593757 -0.085914657 0.295106977 -2.119560349 0.101970002 0.994005978 -0.039424170 -1.345810237 -0.289950997 0.067607827 0.954650581 2.254650634
30397033 0.985253717 1.752161079 0.500000000 0.500000000 0.000000000 0.000000000 0.950667381 -0.088680200 0.297266573 -2.042390183 0.104989477 0.993695676 -0.039321460 -1.331510070 -0.291905493 0.068591475 0.953984499 2.165440323
30430400 0.985253717 1.752161079 0.500000000 0.500000000 0.000000000 0.000000000 0.949988484 -0.091287106 0.298644632 -1.963860125 0.107563764 0.993452847 -0.038490254 -1.310430045 -0.293175668 0.068688624 0.953587949 2.061650206
30463767 0.985253717 1.752161079 0.500000000 0.500000000 0.000000000 0.000000000 0.949660182 -0.093413986 0.299030751 -1.883660056 0.109303422 0.993326247 -0.036820743 -1.282440076 -0.293595523 0.067652285 0.953532815 1.981219934
30497133 0.985253717 1.752161079 0.500000000 0.500000000 0.000000000 0.000000000 0.949526072 -0.095353819 0.298844188 -1.799850002 0.110617571 0.993262589 -0.034542650 -1.245149901 -0.293536991 0.065856583 0.953676522 1.883219911
30530500 0.985253717 1.752161079 0.500000000 0.500000000 0.000000000 0.000000000 0.949787259 -0.096813560 0.297541976 -1.716349822 0.111062914 0.993319690 -0.031321026 -1.202520087 -0.292522013 0.062794201 0.954194784 1.776219875
30563867 0.985253717 1.752161079 0.500000000 0.500000000 0.000000000 0.000000000 0.950511396 -0.097468019 0.295005143 -1.633489950 0.110453710 0.993496895 -0.027637882 -1.152259809 -0.290392876 0.058854558 0.955095828 1.679779927
30597233 0.985253717 1.752161079 0.500000000 0.500000000 0.000000000 0.000000000 0.951420248 -0.097419463 0.292076945 -1.546860030 0.109014221 0.993758857 -0.023647454 -1.096959913 -0.287950337 0.054339211 0.956102431 1.599040013
30630600 0.985253717 1.752161079 0.500000000 0.500000000 0.000000000 0.000000000 0.952542782 -0.096788526 0.288607389 -1.453600113 0.106943011 0.994072199 -0.019587234 -1.037570027 -0.285000771 0.049522206 0.957247198 1.524470048
30663967 0.985253717 1.752161079 0.500000000 0.500000000 0.000000000 0.000000000 0.953804731 -0.095405050 0.284876138 -1.358190000 0.104041062 0.994455278 -0.015300663 -0.982118982 -0.281836838 0.044232659 0.958442211 1.414080046
30697333 0.985253717 1.752161079 0.500000000 0.500000000 0.000000000 0.000000000 0.955255628 -0.093178935 0.280721277 -1.258490057 0.100467719 0.994872093 -0.011652969 -0.918441063 -0.278195947 0.039334964 0.959718645 1.311480201
30730700 0.985253717 1.752161079 0.500000000 0.500000000 0.000000000 0.000000000 0.956809700 -0.090109237 0.276397377 -1.154420035 0.096051373 0.995344162 -0.008007225 -0.855841956 -0.274388999 0.034209736 0.961010098 1.217829905
30764067 0.985253717 1.752161079 0.500000000 0.500000000 0.000000000 0.000000000 0.958434999 -0.086424954 0.271906525 -1.045790028 0.091025092 0.995839179 -0.004326029 -0.788494002 -0.270401329 0.028896516 0.962313950 1.119380055
30797433 0.985253717 1.752161079 0.500000000 0.500000000 0.000000000 0.000000000 0.959968626 -0.082343884 0.267730832 -0.938083008 0.085633375 0.996326506 -0.000612413 -0.721410974 -0.266696930 0.023514584 0.963493586 1.009830025
30830800 0.985253717 1.752161079 0.500000000 0.500000000 0.000000000 0.000000000 0.961324453 -0.077945568 0.264158696 -0.829793007 0.079920836 0.996795833 0.003278223 -0.655065075 -0.263567835 0.017960347 0.964473665 0.911002048
30864167 0.985253717 1.752161079 0.500000000 0.500000000 0.000000000 0.000000000 0.962527037 -0.073262446 0.261102259 -0.720650977 0.073918574 0.997237384 0.007320609 -0.583363998 -0.260917246 0.012254009 0.965283394 0.834722026
30897533 0.985253717 1.752161079 0.500000000 0.500000000 0.000000000 0.000000000 0.963454068 -0.068653256 0.258926600 -0.611092041 0.067792177 0.997624099 0.012264065 -0.516632964 -0.259153396 0.005737335 0.965819120 0.752653994
30930900 0.985253717 1.752161079 0.500000000 0.500000000 0.000000000 0.000000000 0.964031279 -0.064308658 0.257891595 -0.505043968 0.061869383 0.997929573 0.017571293 -0.446790036 -0.258487642 -0.000983684 0.966014087 0.667523064
30964267 0.985253717 1.752161079 0.500000000 0.500000000 0.000000000 0.000000000 0.964379251 -0.060254637 0.257569402 -0.391856970 0.056023832 0.998147130 0.023740269 -0.376074986 -0.258522600 -0.008464582 0.965968072 0.593344917
30997633 0.985253717 1.752161079 0.500000000 0.500000000 0.000000000 0.000000000 0.964343667 -0.056794960 0.258487195 -0.293046984 0.050571922 0.998249471 0.030666223 -0.313995987 -0.259776384 -0.016500572 0.965527773 0.503312967
31031000 0.985253717 1.752161079 0.500000000 0.500000000 0.000000000 0.000000000 0.963924706 -0.055805098 0.260259479 -0.183219024 0.047633227 0.998156726 0.037606284 -0.249233009 -0.261878341 -0.023852631 0.964806080 0.451138991
31064367 0.985253717 1.752161079 0.500000000 0.500000000 0.000000000 0.000000000 0.963148773 -0.056462821 0.262976229 -0.091155513 0.046489682 0.997949302 0.043998510 -0.195847024 -0.264921248 -0.030151440 0.963798583 0.347328012
31097733 0.985253717 1.752161079 0.500000000 0.500000000 0.000000000 0.000000000 0.962523818 -0.057609148 0.265007496 0.000023686 0.046106376 0.997712910 0.049428403 -0.144691004 -0.267248929 -0.035357468 0.962978601 0.279729972
31131100 0.985253717 1.752161079 0.500000000 0.500000000 0.000000000 0.000000000 0.962104797 -0.059047684 0.266209930 0.091319798 0.046303257 0.997471988 0.053904165 -0.094217807 -0.268719882 -0.039535072 0.962406695 0.215485999
31164467 0.985253717 1.752161079 0.500000000 0.500000000 0.000000000 0.000000000 0.961830318 -0.060268860 0.266927093 0.164553006 0.046595510 0.997270703 0.057271771 -0.053726501 -0.269650251 -0.042648114 0.962013423 0.124484992
31197833 0.985253717 1.752161079 0.500000000 0.500000000 0.000000000 0.000000000 0.961896420 -0.061412346 0.266427875 0.236546998 0.047146041 0.997107029 0.059622396 -0.011806101 -0.269318640 -0.044789542 0.962009013 0.059730495
31231200 0.985253717 1.752161079 0.500000000 0.500000000 0.000000000 0.000000000 0.962220967 -0.062223934 0.265064210 0.303734001 0.047556013 0.996979296 0.061406225 0.026007502 -0.268084437 -0.046480976 0.962273538 -0.021811487
31264567 0.985253717 1.752161079 0.500000000 0.500000000 0.000000000 0.000000000 0.962799013 -0.062627517 0.262861043 0.366685993 0.047685184 0.996883094 0.062850960 0.059601797 -0.265977949 -0.047978263 0.962784410 -0.108532003
31297933 0.985253717 1.752161079 0.500000000 0.500000000 0.000000000 0.000000000 0.963570654 -0.062874503 0.259958625 0.426437035 0.047741853 0.996799052 0.064127937 0.094799309 -0.263158500 -0.049380902 0.963488042 -0.195658996
31331300 0.985253717 1.752161079 0.500000000 0.500000000 0.000000000 0.000000000 0.964479089 -0.062700063 0.256610125 0.481754959 0.047300998 0.996714115 0.065754279 0.127704998 -0.259889752 -0.051280722 0.964275718 -0.280759016
31364667 0.985253717 1.752161079 0.500000000 0.500000000 0.000000000 0.000000000 0.965423703 -0.062470514 0.253090084 0.539852066 0.046678763 0.996597290 0.067933023 0.158149005 -0.256472707 -0.053770233 0.965054691 -0.351036054
31398033 0.985253717 1.752161079 0.500000000 0.500000000 0.000000000 0.000000000 0.966306388 -0.062067069 0.249799222 0.596952014 0.045796670 0.996464729 0.070432708 0.191132008 -0.253287643 -0.056619614 0.965732694 -0.424881988
31431400 0.985253717 1.752161079 0.500000000 0.500000000 0.000000000 0.000000000 0.967053711 -0.061627079 0.247000575 0.651544013 0.044709396 0.996290267 0.073530532 0.218587995 -0.250615746 -0.060064740 0.966221511 -0.508176037
31464767 0.985253717 1.752161079 0.500000000 0.500000000 0.000000000 0.000000000 0.967607200 -0.060841128 0.245019615 0.700779882 0.043114319 0.996092439 0.077078134 0.245741003 -0.248751700 -0.064017504 0.966449320 -0.616047935
31498133 0.985253717 1.752161079 0.500000000 0.500000000 0.000000000 0.000000000 0.968028307 -0.060147658 0.243522868 0.758356896 0.041478097 0.995843887 0.081083521 0.279632964 -0.247387752 -0.068390265 0.966499865 -0.708811950
31531500 0.985253717 1.752161079 0.500000000 0.500000000 0.000000000 0.000000000 0.968151689 -0.058961935 0.243322372 0.813260988 0.039146446 0.995569885 0.085487552 0.316096993 -0.247284949 -0.073239721 0.966170847 -0.793318991
31564867 0.985253717 1.752161079 0.500000000 0.500000000 0.000000000 0.000000000 0.967992306 -0.057497881 0.244304880 0.866957037 0.036339283 0.995255768 0.090251759 0.347342946 -0.248335138 -0.078485146 0.965489388 -0.885190000
31598233 0.985253717 1.752161079 0.500000000 0.500000000 0.000000000 0.000000000 0.967663765 -0.055737682 0.246008351 0.926460966 0.033093691 0.994903982 0.095240928 0.377078988 -0.250063211 -0.084019862 0.964577138 -0.977854015
31631600 0.985253717 1.752161079 0.500000000 0.500000000 0.000000000 0.000000000 0.967109621 -0.053506482 0.248668581 0.986384013 0.029264506 0.994538605 0.100182660 0.402498028 -0.252670914 -0.089610450 0.963393688 -1.106469993
31664967 0.985253717 1.752161079 0.500000000 0.500000000 0.000000000 0.000000000 0.966366887 -0.051475346 0.251962870 1.041120062 0.025665335 0.994175613 0.104671791 0.436511022 -0.255883366 -0.094684646 0.962059498 -1.239769991
31698333 0.985253717 1.752161079 0.500000000 0.500000000 0.000000000 0.000000000 0.965429902 -0.049083948 0.255999804 1.093399964 0.021544546 0.993776202 0.109291986 0.461976061 -0.259770989 -0.099998355 0.960478723 -1.358050022
31731700 0.985253717 1.752161079 0.500000000 0.500000000 0.000000000 0.000000000 0.964171648 -0.046774860 0.261122882 1.155079917 0.017564099 0.993428469 0.113098800 0.487980963 -0.264697075 -0.104460269 0.958657146 -1.467330040
31765067 0.985253717 1.752161079 0.500000000 0.500000000 0.000000000 0.000000000 0.962912142 -0.044946808 0.266045064 1.215379901 0.014087646 0.993057489 0.116783291 0.509552958 -0.269447058 -0.108704105 0.956860363 -1.581380033
31798433 0.985253717 1.752161079 0.500000000 0.500000000 0.000000000 0.000000000 0.961724877 -0.043328758 0.270569682 1.272270090 0.010950632 0.992707729 0.120047845 0.531646027 -0.273798108 -0.112490095 0.955186129 -1.724889901
31831800 0.985253717 1.752161079 0.500000000 0.500000000 0.000000000 0.000000000 0.960819960 -0.041702278 0.274018049 1.335679923 0.007890118 0.992331266 0.123354964 0.549189005 -0.277060866 -0.116359882 0.953780711 -1.848929953
31865167 0.985253717 1.752161079 0.500000000 0.500000000 0.000000000 0.000000000 0.960009754 -0.040074963 0.277083457 1.400359901 0.004917923 0.991963327 0.126429945 0.570085992 -0.279923320 -0.120011315 0.952491581 -1.975319981
31898533 0.985253717 1.752161079 0.500000000 0.500000000 0.000000000 0.000000000 0.959376931 -0.039114676 0.279403001 1.466860231 0.002702935 0.991571426 0.129532918 0.592178012 -0.282114655 -0.123515680 0.951396465 -2.083510038
31931900 0.985253717 1.752161079 0.500000000 0.500000000 0.000000000 0.000000000 0.958841681 -0.037928671 0.281396657 1.532960142 0.000273583 0.991161108 0.132663637 0.610602055 -0.283941180 -0.127126426 0.950376928 -2.197360209
31965267 0.985253717 1.752161079 0.500000000 0.500000000 0.000000000 0.000000000 0.958451986 -0.037038989 0.282838881 1.595719866 -0.001712864 0.990769029 0.135549843 0.627307984 -0.285248637 -0.130402476 0.949541152 -2.311109957
31998633 0.985253717 1.752161079 0.500000000 0.500000000 0.000000000 0.000000000 0.958167374 -0.036097810 0.283923000 1.660470143 -0.003649281 0.990392923 0.138233528 0.645019012 -0.286185235 -0.133486971 0.948830485 -2.420530290
32032000 0.985253717 1.752161079 0.500000000 0.500000000 0.000000000 0.000000000 0.957941413 -0.035286695 0.284786075 1.721210082 -0.005392227 0.990022302 0.140807569 0.659411985 -0.286913186 -0.136421025 0.948193073 -2.546769970
32065367 0.985253717 1.752161079 0.500000000 0.500000000 0.000000000 0.000000000 0.957816124 -0.034592569 0.285292178 1.790059892 -0.006894993 0.989676952 0.143150121 0.681333956 -0.287299007 -0.139078587 0.947690070 -2.637259891
32098733 0.985253717 1.752161079 0.500000000 0.500000000 0.000000000 0.000000000 0.957653582 -0.033880826 0.285922736 1.849170070 -0.008497781 0.989293814 0.145689905 0.694826998 -0.287797660 -0.141950160 0.947112858 -2.733580429
32132100 0.985253717 1.752161079 0.500000000 0.500000000 0.000000000 0.000000000 0.957600355 -0.033239368 0.286175907 1.912910163 -0.009857808 0.988960087 0.147853851 0.718432858 -0.287931144 -0.144405961 0.946700871 -2.807849657
32165467 0.985253717 1.752161079 0.500000000 0.500000000 0.000000000 0.000000000 0.957602799 -0.032431871 0.286260635 1.979880197 -0.011313278 0.988643467 0.149853721 0.737011167 -0.287869722 -0.146738902 0.946360826 -2.889370104
32198833 0.985253717 1.752161079 0.500000000 0.500000000 0.000000000 0.000000000 0.957615316 -0.032020129 0.286265016 2.035380076 -0.012290886 0.988355100 0.151667923 0.746377992 -0.287787914 -0.148757964 0.946070433 -2.998840232
32232200 0.985253717 1.752161079 0.500000000 0.500000000 0.000000000 0.000000000 0.957810938 -0.031547308 0.285662264 2.100259874 -0.013061764 0.988151848 0.152922541 0.762700853 -0.287102014 -0.150202125 0.946050584 -3.077139941
32265567 0.985253717 1.752161079 0.500000000 0.500000000 0.000000000 0.000000000 0.958163083 -0.031308345 0.284505159 2.168649635 -0.013411827 0.987996578 0.153892502 0.780146828 -0.285908252 -0.151269838 0.946241915 -3.166939738
32298933 0.985253717 1.752161079 0.500000000 0.500000000 0.000000000 0.000000000 0.958645999 -0.031195272 0.282886535 2.241050310 -0.013488024 0.987877786 0.154646412 0.798099060 -0.284281582 -0.152066752 0.946604311 -3.220960116
32332300 0.985253717 1.752161079 0.500000000 0.500000000 0.000000000 0.000000000 0.959284425 -0.030869910 0.280749947 2.323410386 -0.013646482 0.987782538 0.155240089 0.817300175 -0.282112151 -0.152750641 0.947143078 -3.282290125
32365667 0.985253717 1.752161079 0.500000000 0.500000000 0.000000000 0.000000000 0.959987760 -0.030724943 0.278351247 2.395509626 -0.013672239 0.987635493 0.156170294 0.820559760 -0.279707909 -0.153727248 0.947697937 -3.374199914
32399033 0.985253717 1.752161079 0.500000000 0.500000000 0.000000000 0.000000000 0.960854590 -0.030344056 0.275386542 2.479489995 -0.013839511 0.987486362 0.157096043 0.831073159 -0.276707381 -0.154757664 0.948410869 -3.439680296
32432400 0.985253717 1.752161079 0.500000000 0.500000000 0.000000000 0.000000000 0.961769402 -0.029877130 0.272225887 2.567609862 -0.014186766 0.987261117 0.158474594 0.835620860 -0.273492783 -0.156278014 0.949093640 -3.516069513
32465767 0.985253717 1.752161079 0.500000000 0.500000000 0.000000000 0.000000000 0.962657690 -0.028983509 0.269165754 2.662930426 -0.014909865 0.987067401 0.159610927 0.847688968 -0.270310819 -0.157663912 0.949775875 -3.581800118
32499133 0.985253717 1.752161079 0.500000000 0.500000000 0.000000000 0.000000000 0.963624716 -0.028184295 0.265768886 2.758110125 -0.015605349 0.986793578 0.161229536 0.852941004 -0.266803145 -0.159512177 0.950458825 -3.659189870
32532500 0.985253717 1.752161079 0.500000000 0.500000000 0.000000000 0.000000000 0.964698911 -0.026883567 0.261979580 2.863369965 -0.016828036 0.986450613 0.163193196 0.863707028 -0.262817144 -0.161840886 0.951175392 -3.718259782
32565867 0.985253717 1.752161079 0.500000000 0.500000000 0.000000000 0.000000000 0.965764105 -0.025404915 0.258174956 2.976200164 -0.018230259 0.986086965 0.165227428 0.877821842 -0.258780539 -0.164277300 0.951864243 -3.768649792
32599233 0.985253717 1.752161079 0.500000000 0.500000000 0.000000000 0.000000000 0.966756225 -0.023569344 0.254611343 3.084870485 -0.020150663 0.985623419 0.167750999 0.881214962 -0.254904717 -0.167304918 0.952382684 -3.840250729
32632600 0.985253717 1.752161079 0.500000000 0.500000000 0.000000000 0.000000000 0.967804432 -0.021618916 0.250773311 3.209110089 -0.022077573 0.985173523 0.170134485 0.893721109 -0.250733376 -0.170193374 0.952978015 -3.892670572
32665967 0.985253717 1.752161079 0.500000000 0.500000000 0.000000000 0.000000000 0.968772650 -0.019510502 0.247181833 3.327860091 -0.024228545 0.984679818 0.172680646 0.900772841 -0.246764064 -0.173277140 0.953458190 -3.978630060
32699333 0.985253717 1.752161079 0.500000000 0.500000000 0.000000000 0.000000000 0.969794214 -0.016967174 0.243333802 3.463210442 -0.026737232 0.984172523 0.175184280 0.916963057 -0.242454842 -0.176398784 0.953991175 -4.024829996
32732700 0.985253717 1.752161079 0.500000000 0.500000000 0.000000000 0.000000000 0.970650554 -0.014377107 0.240064114 3.589629800 -0.029355440 0.983664274 0.177603066 0.925122108 -0.238695920 -0.179437697 0.954372227 -4.116759772
32766067 0.985253717 1.752161079 0.500000000 0.500000000 0.000000000 0.000000000 0.971453369 -0.012027149 0.236925721 3.715670422 -0.031737857 0.983146966 0.180040985 0.926545247 -0.235098183 -0.182420939 0.954699695 -4.198840177
32799433 0.985253717 1.752161079 0.500000000 0.500000000 0.000000000 0.000000000 0.972213209 -0.009364290 0.233909905 3.849030104 -0.034338608 0.982686877 0.182064220 0.938115089 -0.231565088 -0.185037389 0.955059588 -4.265770406
32832800 0.985253717 1.752161079 0.500000000 0.500000000 0.000000000 0.000000000 0.972821057 -0.006862669 0.231456518 3.979220071 -0.036851808 0.982232749 0.184012875 0.941054114 -0.228606999 -0.187541202 0.955283821 -4.342390045
32866167 0.985253717 1.752161079 0.500000000 0.500000000 0.000000000 0.000000000 0.973273456 -0.004601121 0.229603291 4.103720311 -0.039156698 0.981833875 0.185658202 0.941496127 -0.226286530 -0.189686701 0.955412686 -4.412350201
32899533 0.985253717 1.752161079 0.500000000 0.500000000 0.000000000 0.000000000 0.973542750 -0.002587382 0.228490472 4.227480791 -0.041324876 0.981454253 0.187189221 0.939909108 -0.224737287 -0.191679031 0.955380738 -4.487490300
