https://www.youtube.com/watch?v=7rnYak4V5tY
2902900 1.001449152 1.780962752 0.500000000 0.500000000 0.000000000 0.000000000 0.975847900 0.051950149 -0.212183967 -3.572249781 -0.065846547 0.996086597 -0.058955248 -0.666459983 0.208290860 0.071502946 0.975449741 1.268609874
2969633 1.001449152 1.780962752 0.500000000 0.500000000 0.000000000 0.000000000 0.970248878 0.055337731 -0.235700756 -3.319499923 -0.071653374 0.995548904 -0.061222486 -0.516336060 0.231263727 0.076289810 0.969895303 0.952504914
3036367 1.001449152 1.780962752 0.500000000 0.500000000 0.000000000 0.000000000 0.963952661 0.059094988 -0.259428412 -3.118030271 -0.077578075 0.995082319 -0.061586201 -0.397743994 0.254513174 0.079492137 0.963796675 0.602424887
3103100 1.001449152 1.780962752 0.500000000 0.500000000 0.000000000 0.000000000 0.955465436 0.062716767 -0.288361520 -2.792439702 -0.083244443 0.994752944 -0.059472129 -0.329131904 0.283118576 0.080828071 0.955672860 0.287671924
3169833 1.001449152 1.780962752 0.500000000 0.500000000 0.000000000 0.000000000 0.943413377 0.064475879 -0.325290829 -2.307540023 -0.088638052 0.994255245 -0.059998188 -0.176556012 0.319553703 0.085436225 0.943708718 0.185649962
3236567 1.001449152 1.780962752 0.500000000 0.500000000 0.000000000 0.000000000 0.930170596 0.064888172 -0.361347646 -1.867229985 -0.092891283 0.993827105 -0.060653806 -0.034210193 0.355181366 0.089984447 0.930456340 0.090063376
3303300 1.001449152 1.780962752 0.500000000 0.500000000 0.000000000 0.000000000 0.913986206 0.065091163 -0.400490135 -1.377099999 -0.097457439 0.993370831 -0.060963001 0.098724119 0.393867046 0.094750091 0.914270818 0.026710701
3370033 1.001449152 1.780962752 0.500000000 0.500000000 0.000000000 0.000000000 0.897355080 0.065304190 -0.436450928 -0.982275170 -0.101359233 0.993050277 -0.059811749 0.158840982 0.429511756 0.097910680 0.897737861 -0.113640011
3436767 1.001449152 1.780962752 0.500000000 0.500000000 0.000000000 0.000000000 0.879424572 0.067380108 -0.471245646 -0.624641058 -0.107605465 0.992446959 -0.058907140 0.239197980 0.463717163 0.102512971 0.880032778 -0.165098006
3503500 1.001449152 1.780962752 0.500000000 0.500000000 0.000000000 0.000000000 0.860978961 0.068588383 -0.503994763 -0.225647963 -0.112359799 0.992034853 -0.056939758 0.260331980 0.496074975 0.105652712 0.861827731 -0.246893980
3570233 1.001449152 1.780962752 0.500000000 0.500000000 0.000000000 0.000000000 0.842461824 0.069502875 -0.534253836 0.178862956 -0.117013961 0.991577089 -0.055520996 0.292471995 0.525895000 0.109289512 0.843498707 -0.236816956
3636967 1.001449152 1.780962752 0.500000000 0.500000000 0.000000000 0.000000000 0.825741529 0.071080886 -0.559551716 0.531554804 -0.121949844 0.991062522 -0.054067217 0.307833954 0.550707579 0.112882845 0.827029824 -0.294436908
3703700 1.001449152 1.780962752 0.500000000 0.500000000 0.000000000 0.000000000 0.809131503 0.073709466 -0.582986414 0.878225062 -0.127288073 0.990531683 -0.051426999 0.292349047 0.573675811 0.115818404 0.810852766 -0.239290114
3770433 1.001449152 1.780962752 0.500000000 0.500000000 0.000000000 0.000000000 0.793153644 0.076326385 -0.604220033 1.255000364 -0.132060453 0.990064859 -0.048287384 0.241416086 0.594531417 0.118092842 0.795353234 -0.242362050
3837167 1.001449152 1.780962752 0.500000000 0.500000000 0.000000000 0.000000000 0.777453303 0.079068296 -0.623950601 1.635179676 -0.137249112 0.989485204 -0.045625146 0.200722936 0.613782406 0.121108115 0.780130625 -0.107735944
3903900 1.001449152 1.780962752 0.500000000 0.500000000 0.000000000 0.000000000 0.763008475 0.083339669 -0.640993237 2.029159540 -0.142778009 0.988889158 -0.041384365 0.097615124 0.630422354 0.123096392 0.766429901 -0.054242483
3970633 1.001449152 1.780962752 0.500000000 0.500000000 0.000000000 0.000000000 0.749009013 0.085142836 -0.657066286 2.447129808 -0.147073925 0.988333046 -0.039585359 0.050691264 0.646029890 0.126287133 0.752792716 0.122556859
4037367 1.001449152 1.780962752 0.500000000 0.500000000 0.000000000 0.000000000 0.737107515 0.087273270 -0.670116007 2.864488818 -0.150821760 0.987859130 -0.037244443 -0.028469827 0.658729732 0.128521308 0.741321087 0.220233767
4104100 1.001449152 1.780962752 0.500000000 0.500000000 0.000000000 0.000000000 0.725911617 0.088751540 -0.682037771 3.275690308 -0.154474080 0.987343252 -0.035931021 -0.063408635 0.670216501 0.131439894 0.730433762 0.447124088
4170833 1.001449152 1.780962752 0.500000000 0.500000000 0.000000000 0.000000000 0.717188954 0.090290800 -0.691004753 3.733049983 -0.157785118 0.986859560 -0.034815125 -0.098648657 0.678781152 0.133999288 0.722011328 0.509170162
4237567 1.001449152 1.780962752 0.500000000 0.500000000 0.000000000 0.000000000 0.710321546 0.090665609 -0.698013604 4.159399575 -0.160228014 0.986462116 -0.034920812 -0.103129031 0.685397804 0.136646360 0.715232491 0.626605665
4304300 1.001449152 1.780962752 0.500000000 0.500000000 0.000000000 0.000000000 0.704758048 0.091516480 -0.703520656 4.659241995 -0.162227914 0.986159444 -0.034230188 -0.129317802 0.690650940 0.138254598 0.709850311 0.612463589
4371033 1.001449152 1.780962752 0.500000000 0.500000000 0.000000000 0.000000000 0.700763464 0.091762140 -0.707467794 5.103012385 -0.165038571 0.985643268 -0.035631761 -0.080587940 0.694041252 0.141728833 0.705847085 0.725537345
4437767 1.001449152 1.780962752 0.500000000 0.500000000 0.000000000 0.000000000 0.698222995 0.090410635 -0.710148633 5.571892814 -0.166509077 0.985296905 -0.038272563 -0.009643554 0.696247041 0.144968882 0.703011096 0.870158732
4504500 1.001449152 1.780962752 0.500000000 0.500000000 0.000000000 0.000000000 0.695132852 0.090309024 -0.713186145 6.095769447 -0.169137210 0.984774113 -0.040156160 0.049115543 0.698700786 0.148540214 0.699823439 1.132299819
4571233 1.001449152 1.780962752 0.500000000 0.500000000 0.000000000 0.000000000 0.692228675 0.087782741 -0.716319621 6.691320992 -0.168456584 0.984809339 -0.042105846 0.087233057 0.701742113 0.149815589 0.696500897 1.337620141
