https://www.youtube.com/watch?v=WAsA5tw2ZZ8
37103733 0.959430044 1.706236564 0.500000000 0.500000000 0.000000000 0.000000000 0.999842525 -0.009399885 0.015051450 -2.580709765 0.009444160 0.999951303 -0.002873234 -2.017150018 -0.015023707 0.003014930 0.999882579 7.381729764
37170467 0.959430044 1.706236564 0.500000000 0.500000000 0.000000000 0.000000000 0.999847710 -0.008378068 0.015310735 -2.560090310 0.008439060 0.999956667 -0.003923355 -1.998859870 -0.015277201 0.004051966 0.999875069 7.200049538
37237200 0.959430044 1.706236564 0.500000000 0.500000000 0.000000000 0.000000000 0.999858558 -0.007360965 0.015123005 -2.544519899 0.007447098 0.999956310 -0.005647126 -1.975999879 -0.015080777 0.005758950 0.999869704 7.016270652
37303933 0.959430044 1.706236564 0.500000000 0.500000000 0.000000000 0.000000000 0.999886215 -0.006242017 0.013733910 -2.526220172 0.006344023 0.999952495 -0.007396297 -1.949139764 -0.013687091 0.007482583 0.999878347 6.844840434
37370667 0.959430044 1.706236564 0.500000000 0.500000000 0.000000000 0.000000000 0.999922752 -0.004874094 0.011435053 -2.511109977 0.004983041 0.999942303 -0.009518420 -1.909150144 -0.011387999 0.009574667 0.999889314 6.664400286
37437400 0.959430044 1.706236564 0.500000000 0.500000000 0.000000000 0.000000000 0.999948382 -0.003465269 0.009551460 -2.496049961 0.003573366 0.999929488 -0.011323598 -1.852969970 -0.009511547 0.011357144 0.999890268 6.445910159
37504133 0.959430044 1.706236564 0.500000000 0.500000000 0.000000000 0.000000000 0.999974608 -0.001819106 0.006886513 -2.479749882 0.001908841 0.999913096 -0.013046547 -1.799270122 -0.006862181 0.013059362 0.999891162 6.292329535
37570867 0.959430044 1.706236564 0.500000000 0.500000000 0.000000000 0.000000000 0.999991000 -0.000219359 0.004237037 -2.461420145 0.000284949 0.999880016 -0.015485931 -1.744609953 -0.004233132 0.015486998 0.999871135 6.114571115
37637600 0.959430044 1.706236564 0.500000000 0.500000000 0.000000000 0.000000000 0.999997973 0.001177319 0.001644148 -2.444619984 -0.001148163 0.999844015 -0.017622974 -1.686059845 -0.001664639 0.017621052 0.999843359 5.941619695
37704333 0.959430044 1.706236564 0.500000000 0.500000000 0.000000000 0.000000000 0.999995887 0.002779639 -0.000735946 -2.424890008 -0.002793568 0.999802947 -0.019654529 -1.638140084 0.000681169 0.019656504 0.999806583 5.783070576
37771067 0.959430044 1.706236564 0.500000000 0.500000000 0.000000000 0.000000000 0.999986708 0.004261132 -0.002900425 -2.404179970 -0.004323838 0.999749303 -0.021968069 -1.594929925 0.002806089 0.021980317 0.999754488 5.608090513
37837800 0.959430044 1.706236564 0.500000000 0.500000000 0.000000000 0.000000000 0.999972761 0.005692407 -0.004696266 -2.382509961 -0.005806210 0.999680877 -0.024585683 -1.556400011 0.004554816 0.024612281 0.999686718 5.426900534
37904533 0.959430044 1.706236564 0.500000000 0.500000000 0.000000000 0.000000000 0.999955535 0.007234660 -0.006046347 -2.361560047 -0.007398510 0.999593556 -0.027530923 -1.521389970 0.005844713 0.027574435 0.999602675 5.245240298
37971267 0.959430044 1.706236564 0.500000000 0.500000000 0.000000000 0.000000000 0.999941945 0.008346476 -0.006817041 -2.337470253 -0.008551955 0.999492347 -0.030690856 -1.483760062 0.006557420 0.030747373 0.999505699 5.062339798
38038000 0.959430044 1.706236564 0.500000000 0.500000000 0.000000000 0.000000000 0.999932468 0.009232845 -0.007059421 -2.317280162 -0.009457530 0.999427438 -0.032486066 -1.446159894 0.006755440 0.032550640 0.999447286 4.893490251
38104733 0.959430044 1.706236564 0.500000000 0.500000000 0.000000000 0.000000000 0.999923348 0.010030725 -0.007257389 -2.294559756 -0.010275963 0.999348998 -0.034582585 -1.388499835 0.006905777 0.034654513 0.999375522 4.704950134
38171467 0.959430044 1.706236564 0.500000000 0.500000000 0.000000000 0.000000000 0.999920070 0.010668143 -0.006785396 -2.269599916 -0.010910419 0.999265611 -0.036731701 -1.319159862 0.006388554 0.036802795 0.999302149 4.518299611
38238200 0.959430044 1.706236564 0.500000000 0.500000000 0.000000000 0.000000000 0.999914944 0.011244442 -0.006606155 -2.241549891 -0.011487981 0.999209285 -0.038063332 -1.251769990 0.006172930 0.038135991 0.999253511 4.365540452
38304933 0.959430044 1.706236564 0.500000000 0.500000000 0.000000000 0.000000000 0.999912620 0.011616583 -0.006309619 -2.216050069 -0.011858868 0.999136269 -0.039825317 -1.182219929 0.005841535 0.039896663 0.999186754 4.179440198
38371667 0.959430044 1.706236564 0.500000000 0.500000000 0.000000000 0.000000000 0.999903381 0.012385759 -0.006308028 -2.184469936 -0.012634776 0.999075234 -0.041098628 -1.117410079 0.005793156 0.041174356 0.999135196 4.024439958
38438400 0.959430044 1.706236564 0.500000000 0.500000000 0.000000000 0.000000000 0.999890745 0.013214529 -0.006623515 -2.149569928 -0.013484488 0.999004543 -0.042521250 -1.058429971 0.006055024 0.042605918 0.999073625 3.854569997
38505133 0.959430044 1.706236564 0.500000000 0.500000000 0.000000000 0.000000000 0.999866068 0.014389275 -0.007795171 -2.115809660 -0.014718808 0.998922646 -0.044010010 -1.006960023 0.007153501 0.044118855 0.999000669 3.684539855
38571867 0.959430044 1.706236564 0.500000000 0.500000000 0.000000000 0.000000000 0.999823570 0.016142886 -0.009602054 -2.082979878 -0.016564734 0.998822033 -0.045609359 -0.964161008 0.008854476 0.045760367 0.998913229 3.523020328
38638600 0.959430044 1.706236564 0.500000000 0.500000000 0.000000000 0.000000000 0.999749422 0.018486841 -0.012622745 -2.052050024 -0.019070128 0.998676360 -0.047769263 -0.928842013 0.011722933 0.047998011 0.998778641 3.360090114
38705333 0.959430044 1.706236564 0.500000000 0.500000000 0.000000000 0.000000000 0.999633670 0.021438299 -0.016521376 -2.018719877 -0.022247652 0.998477757 -0.050470136 -0.895959981 0.015414231 0.050819211 0.998588920 3.181260315
38772067 0.959430044 1.706236564 0.500000000 0.500000000 0.000000000 0.000000000 0.999452829 0.024903350 -0.021769579 -1.977430076 -0.026027977 0.998255134 -0.053002369 -0.866280068 0.020411659 0.053539988 0.998357058 3.019249845
38838800 0.959430044 1.706236564 0.500000000 0.500000000 0.000000000 0.000000000 0.999194443 0.028777134 -0.027970361 -1.934859911 -0.030317154 0.997954011 -0.056290820 -0.827707017 0.026293246 0.057093456 0.998022556 2.854839940
38905533 0.959430044 1.706236564 0.500000000 0.500000000 0.000000000 0.000000000 0.998845518 0.032921489 -0.034982607 -1.889009918 -0.034971561 0.997603357 -0.059703883 -0.779482045 0.032933228 0.060858350 0.997602940 2.686919884
38972267 0.959430044 1.706236564 0.500000000 0.500000000 0.000000000 0.000000000 0.998372257 0.037096657 -0.043320887 -1.838600112 -0.039783657 0.997226238 -0.062905848 -0.726056967 0.040867127 0.064526916 0.997078836 2.544460078
39039000 0.959430044 1.706236564 0.500000000 0.500000000 0.000000000 0.000000000 0.997809350 0.041224945 -0.051739592 -1.787400027 -0.044632707 0.996785343 -0.066535354 -0.668809032 0.048830349 0.068698883 0.996441722 2.385560282
39105733 0.959430044 1.706236564 0.500000000 0.500000000 0.000000000 0.000000000 0.997150302 0.045174494 -0.060420040 -1.732660186 -0.049376696 0.996326506 -0.069967411 -0.619936991 0.057037342 0.072751366 0.995717824 2.234750156
39172467 0.959430044 1.706236564 0.500000000 0.500000000 0.000000000 0.000000000 0.996513426 0.047832686 -0.068359643 -1.679020057 -0.052869443 0.995864928 -0.073877074 -0.578827973 0.064543232 0.077233635 0.994921684 2.103580143
39239200 0.959430044 1.706236564 0.500000000 0.500000000 0.000000000 0.000000000 0.995872557 0.049828354 -0.075861812 -1.623540094 -0.055752534 0.995386243 -0.078088902 -0.541708031 0.071620762 0.081996076 0.994055867 1.970079821
39305933 0.959430044 1.706236564 0.500000000 0.500000000 0.000000000 0.000000000 0.995293677 0.050967388 -0.082418807 -1.570080095 -0.057724603 0.994975924 -0.081796981 -0.517256932 0.077835746 0.086169608 0.993235290 1.857689815
39372667 0.959430044 1.706236564 0.500000000 0.500000000 0.000000000 0.000000000 0.994674504 0.051900964 -0.089044444 -1.512259959 -0.059561986 0.994542956 -0.085654482 -0.500646013 0.084112979 0.090501994 0.992337823 1.770289954
39439400 0.959430044 1.706236564 0.500000000 0.500000000 0.000000000 0.000000000 0.994142234 0.052351430 -0.094554350 -1.453789905 -0.060911462 0.994073927 -0.090037882 -0.483954014 0.089280412 0.095269904 0.991439700 1.672279955
39506133 0.959430044 1.706236564 0.500000000 0.500000000 0.000000000 0.000000000 0.993663788 0.052395407 -0.099433571 -1.390390062 -0.061792616 0.993661225 -0.093909912 -0.475277007 0.093882829 0.099459134 0.990602791 1.587000090
39572867 0.959430044 1.706236564 0.500000000 0.500000000 0.000000000 0.000000000 0.993283451 0.052024640 -0.103351176 -1.327260029 -0.062239096 0.993218422 -0.098201312 -0.463878948 0.097541392 0.103974231 0.989785314 1.506510005
39639600 0.959430044 1.706236564 0.500000000 0.500000000 0.000000000 0.000000000 0.992927670 0.051733471 -0.106856622 -1.258849984 -0.062700689 0.992809951 -0.101965971 -0.455351011 0.100813262 0.107944824 0.989032149 1.433689955
39706333 0.959430044 1.706236564 0.500000000 0.500000000 0.000000000 0.000000000 0.992673159 0.051364418 -0.109369360 -1.191499867 -0.062966168 0.992432952 -0.105414182 -0.443574049 0.103127219 0.111528397 0.988395751 1.360599961
39773067 0.959430044 1.706236564 0.500000000 0.500000000 0.000000000 0.000000000 0.992408276 0.050791629 -0.112009250 -1.119300036 -0.063020647 0.992097855 -0.108490519 -0.425869992 0.105613731 0.114725776 0.987767041 1.292960095
39839800 0.959430044 1.706236564 0.500000000 0.500000000 0.000000000 0.000000000 0.992162287 0.050379314 -0.114350036 -1.044040002 -0.063111499 0.991858602 -0.110605016 -0.405087009 0.107846856 0.116954923 0.987264216 1.233510008
39906533 0.959430044 1.706236564 0.500000000 0.500000000 0.000000000 0.000000000 0.991890788 0.049922738 -0.116877399 -0.963674957 -0.063150994 0.991658568 -0.112362042 -0.378100013 0.110293053 0.118831798 0.986769676 1.171939783
39973267 0.959430044 1.706236564 0.500000000 0.500000000 0.000000000 0.000000000 0.991576731 0.049652919 -0.119625062 -0.882970934 -0.063299827 0.991562247 -0.113125704 -0.354090000 0.112998664 0.119745068 0.986353099 1.123990131
40040000 0.959430044 1.706236564 0.500000000 0.500000000 0.000000000 0.000000000 0.991095006 0.049821865 -0.123484723 -0.800913999 -0.064040862 0.991415322 -0.113993190 -0.327933988 0.116745286 0.120886154 0.985777378 1.070209931
40106733 0.959430044 1.706236564 0.500000000 0.500000000 0.000000000 0.000000000 0.990597606 0.049465872 -0.127551824 -0.723376951 -0.064167857 0.991422534 -0.113859080 -0.309060013 0.120825596 0.120973267 0.985274911 1.040990077
40173467 0.959430044 1.706236564 0.500000000 0.500000000 0.000000000 0.000000000 0.989927649 0.048766345 -0.132910371 -0.645658062 -0.064063624 0.991486013 -0.113363713 -0.290650032 0.126250446 0.120736584 0.984623551 1.016139992
40240200 0.959430044 1.706236564 0.500000000 0.500000000 0.000000000 0.000000000 0.988981128 0.048434809 -0.139894322 -0.571456010 -0.064555466 0.991484463 -0.113098070 -0.273838027 0.133225158 0.120882794 0.983686149 0.979673995
40306933 0.959430044 1.706236564 0.500000000 0.500000000 0.000000000 0.000000000 0.987734020 0.048013214 -0.148580953 -0.500015982 -0.065139547 0.991498888 -0.112635598 -0.258192980 0.141909853 0.120932505 0.982464731 0.964970014
40373667 0.959430044 1.706236564 0.500000000 0.500000000 0.000000000 0.000000000 0.985966980 0.047942784 -0.159908190 -0.430748990 -0.066374190 0.991490245 -0.111988910 -0.242526983 0.153178349 0.121031143 0.980758786 0.951747912
40440400 0.959430044 1.706236564 0.500000000 0.500000000 0.000000000 0.000000000 0.983552516 0.048017956 -0.174122706 -0.362240989 -0.067992516 0.991533399 -0.110627711 -0.227265988 0.167336360 0.120647207 0.978490055 0.932864997
40507133 0.959430044 1.706236564 0.500000000 0.500000000 0.000000000 0.000000000 0.980535448 0.048690073 -0.190208912 -0.292313971 -0.070487075 0.991477370 -0.109563500 -0.212185968 0.183253169 0.120838180 0.975610793 0.915458003
40573867 0.959430044 1.706236564 0.500000000 0.500000000 0.000000000 0.000000000 0.976702034 0.050025199 -0.208687872 -0.213932003 -0.074037343 0.991293490 -0.108884044 -0.200731008 0.201423973 0.121797957 0.971902072 0.883835976
40640600 0.959430044 1.706236564 0.500000000 0.500000000 0.000000000 0.000000000 0.972345114 0.051523991 -0.227794155 -0.132845993 -0.078004502 0.990996897 -0.108813830 -0.190905993 0.220136777 0.123573579 0.967610121 0.855883963
40707333 0.959430044 1.706236564 0.500000000 0.500000000 0.000000000 0.000000000 0.967064619 0.053511422 -0.248842478 -0.046014900 -0.082692489 0.990669847 -0.108328909 -0.184569993 0.240723908 0.125338450 0.962466776 0.811119977
40774067 0.959430044 1.706236564 0.500000000 0.500000000 0.000000000 0.000000000 0.960686803 0.055774510 -0.271974564 0.040747801 -0.088043958 0.990253150 -0.107921161 -0.166200010 0.263304412 0.127624139 0.956233740 0.761159054
40840800 0.959430044 1.706236564 0.500000000 0.500000000 0.000000000 0.000000000 0.953492999 0.058540151 -0.295675695 0.125220007 -0.094186515 0.989702821 -0.107782967 -0.156814988 0.286321461 0.130618989 0.949188411 0.730418952
40907533 0.959430044 1.706236564 0.500000000 0.500000000 0.000000000 0.000000000 0.946265399 0.060308412 -0.317717761 0.209514009 -0.099484414 0.989100695 -0.108547747 -0.141546986 0.307708532 0.134322956 0.941951573 0.681941928
40974267 0.959430044 1.706236564 0.500000000 0.500000000 0.000000000 0.000000000 0.939529300 0.060811900 -0.337026298 0.295491012 -0.103364013 0.988567352 -0.109774508 -0.126633009 0.326497614 0.137972727 0.935073793 0.650383092
41041000 0.959430044 1.706236564 0.500000000 0.500000000 0.000000000 0.000000000 0.933388829 0.060498420 -0.353730679 0.382792096 -0.106263503 0.988077223 -0.111407049 -0.114249003 0.342773259 0.141574726 0.928688943 0.628641064
41107733 0.959430044 1.706236564 0.500000000 0.500000000 0.000000000 0.000000000 0.928126633 0.059087604 -0.367545366 0.466457016 -0.107914150 0.987633467 -0.113730468 -0.104753991 0.356280029 0.145219624 0.923025370 0.578967982
41174467 0.959430044 1.706236564 0.500000000 0.500000000 0.000000000 0.000000000 0.923552930 0.057283457 -0.379168093 0.540790926 -0.108952537 0.987228155 -0.116232239 -0.091472213 0.367667198 0.148657978 0.917998612 0.516689907
41241200 0.959430044 1.706236564 0.500000000 0.500000000 0.000000000 0.000000000 0.919662416 0.054513365 -0.388907850 0.613266005 -0.108867854 0.986894429 -0.119109794 -0.074888599 0.377317905 0.151880369 0.913544476 0.459834951
41307933 0.959430044 1.706236564 0.500000000 0.500000000 0.000000000 0.000000000 0.916368365 0.051114809 -0.397059560 0.683615023 -0.108224496 0.986516297 -0.122772262 -0.055502300 0.385430276 0.155476198 0.909544170 0.380463007
41374667 0.959430044 1.706236564 0.500000000 0.500000000 0.000000000 0.000000000 0.913623393 0.047361903 -0.403793365 0.752194979 -0.107147358 0.986128688 -0.126766309 -0.030074807 0.392188340 0.159082070 0.906024933 0.302521005
41441400 0.959430044 1.706236564 0.500000000 0.500000000 0.000000000 0.000000000 0.911545277 0.043211997 -0.408923090 0.818877124 -0.105318844 0.985825956 -0.130595312 0.000391340 0.397483706 0.162110820 0.903176010 0.224766042
41508133 0.959430044 1.706236564 0.500000000 0.500000000 0.000000000 0.000000000 0.909905493 0.039032422 -0.412975281 0.882060061 -0.103185467 0.985567868 -0.134196863 0.038857659 0.401777118 0.164719477 0.900801182 0.150204998
41574867 0.959430044 1.706236564 0.500000000 0.500000000 0.000000000 0.000000000 0.908296466 0.034624197 -0.416891813 0.948060031 -0.100780137 0.985328078 -0.137738571 0.088765729 0.406006157 0.167121843 0.898459435 0.062829746
41641600 0.959430044 1.706236564 0.500000000 0.500000000 0.000000000 0.000000000 0.906768918 0.030916225 -0.420492977 1.008170023 -0.098830014 0.985108256 -0.140692472 0.138993053 0.409881443 0.169132888 0.896320999 -0.024613683
41708333 0.959430044 1.706236564 0.500000000 0.500000000 0.000000000 0.000000000 0.905314803 0.027395748 -0.423856884 1.066400139 -0.097147249 0.984820545 -0.143843308 0.189387026 0.413482279 0.171399996 0.894234061 -0.123276005
41775067 0.959430044 1.706236564 0.500000000 0.500000000 0.000000000 0.000000000 0.903643727 0.024300419 -0.427595049 1.126220014 -0.095781282 0.984568238 -0.146462813 0.233672045 0.417437404 0.173305795 0.892026484 -0.199967023
41841800 0.959430044 1.706236564 0.500000000 0.500000000 0.000000000 0.000000000 0.901851535 0.022357095 -0.431467295 1.184780031 -0.095625535 0.984221160 -0.148877338 0.279101028 0.421330750 0.175524548 0.889759243 -0.275961067
41908533 0.959430044 1.706236564 0.500000000 0.500000000 0.000000000 0.000000000 0.899887025 0.021035153 -0.435615540 1.241430043 -0.096156076 0.983826041 -0.151130244 0.322582002 0.425390840 0.177887216 0.887354970 -0.358423067
41975267 0.959430044 1.706236564 0.500000000 0.500000000 0.000000000 0.000000000 0.897550344 0.021197636 -0.440402120 1.299209995 -0.098210976 0.983361185 -0.152824849 0.360853049 0.429834813 0.180420309 0.884698033 -0.435348109
42042000 0.959430044 1.706236564 0.500000000 0.500000000 0.000000000 0.000000000 0.894509435 0.022563349 -0.446479470 1.362750352 -0.101767004 0.982781351 -0.154221565 0.397398108 0.435311943 0.183389515 0.881403446 -0.510381125
42108733 0.959430044 1.706236564 0.500000000 0.500000000 0.000000000 0.000000000 0.891036749 0.024989076 -0.453242809 1.428609987 -0.106664933 0.982052386 -0.155549720 0.432087027 0.441221148 0.186945632 0.877710223 -0.593735054
42175467 0.959430044 1.706236564 0.500000000 0.500000000 0.000000000 0.000000000 0.886698127 0.028681371 -0.461458325 1.505650020 -0.113020331 0.981240809 -0.156182230 0.463070038 0.448322237 0.190640658 0.873305976 -0.671640072
42242200 0.959430044 1.706236564 0.500000000 0.500000000 0.000000000 0.000000000 0.881868780 0.033229560 -0.470322579 1.584790066 -0.120679498 0.980193794 -0.157024354 0.499056036 0.455789417 0.195233166 0.868412375 -0.766489949
42308933 0.959430044 1.706236564 0.500000000 0.500000000 0.000000000 0.000000000 0.876385689 0.038444690 -0.480073065 1.668589948 -0.129214495 0.979031563 -0.157482669 0.536529011 0.463952333 0.200047955 0.862976909 -0.846279086
42375667 0.959430044 1.706236564 0.500000000 0.500000000 0.000000000 0.000000000 0.870233178 0.044169590 -0.490655750 1.758859621 -0.138608843 0.977690578 -0.157825068 0.579956935 0.472738415 0.205353871 0.856941104 -0.933627952
42442400 0.959430044 1.706236564 0.500000000 0.500000000 0.000000000 0.000000000 0.863842845 0.050451867 -0.501228631 1.851689996 -0.148415178 0.976300061 -0.157515436 0.625991050 0.481402636 0.210458517 0.850857675 -1.015090062
42509133 0.959430044 1.706236564 0.500000000 0.500000000 0.000000000 0.000000000 0.857034981 0.056218814 -0.512181938 1.945499638 -0.158259928 0.974701703 -0.157830015 0.669853847 0.490351617 0.216323748 0.844250679 -1.094329760
42575867 0.959430044 1.706236564 0.500000000 0.500000000 0.000000000 0.000000000 0.850558698 0.062151901 -0.522194505 2.036370088 -0.168259442 0.972955227 -0.158261985 0.710724034 0.498235583 0.222475231 0.838013172 -1.185919855
42642600 0.959430044 1.706236564 0.500000000 0.500000000 0.000000000 0.000000000 0.844127834 0.067454338 -0.531881750 2.125130100 -0.177504227 0.971267223 -0.158531725 0.741178165 0.505905688 0.228232294 0.831847131 -1.275180100
42709333 0.959430044 1.706236564 0.500000000 0.500000000 0.000000000 0.000000000 0.838212609 0.071841463 -0.540590703 2.209039746 -0.185791239 0.969602704 -0.159223735 0.766490935 0.512719333 0.233900368 0.826080799 -1.354750170
42776067 0.959430044 1.706236564 0.500000000 0.500000000 0.000000000 0.000000000 0.833028495 0.074845403 -0.548143983 2.288060282 -0.192708462 0.968009591 -0.160688847 0.790654242 0.518581867 0.239490330 0.820802927 -1.448390299
42842800 0.959430044 1.706236564 0.500000000 0.500000000 0.000000000 0.000000000 0.828440487 0.076698326 -0.554800928 2.362751030 -0.198514879 0.966479599 -0.162816122 0.812427420 0.523716033 0.245019630 0.815896571 -1.530370564
42909533 0.959430044 1.706236564 0.500000000 0.500000000 0.000000000 0.000000000 0.825006306 0.076902494 -0.559866548 2.430319985 -0.202809229 0.964992821 -0.166304857 0.841335028 0.527477980 0.250748664 0.811721683 -1.619259790
42976267 0.959430044 1.706236564 0.500000000 0.500000000 0.000000000 0.000000000 0.821979523 0.075119592 -0.564541399 2.497380628 -0.205752224 0.963481665 -0.171374217 0.880255338 0.531051815 0.257021666 0.807418227 -1.708690520
43043000 0.959430044 1.706236564 0.500000000 0.500000000 0.000000000 0.000000000 0.820117593 0.071969010 -0.567650735 2.555469206 -0.207167774 0.962099910 -0.177328199 0.918852805 0.533374608 0.263028949 0.803944707 -1.789339686
43109733 0.959430044 1.706236564 0.500000000 0.500000000 0.000000000 0.000000000 0.819410980 0.066887155 -0.569290578 2.609270058 -0.206683621 0.960835338 -0.184600428 0.972341961 0.534647167 0.268926650 0.801143527 -1.874349940
43176467 0.959430044 1.706236564 0.500000000 0.500000000 0.000000000 0.000000000 0.819592834 0.060281262 -0.569766164 2.658859262 -0.204433128 0.959760249 -0.192528605 1.031369694 0.535233021 0.274274200 0.798936188 -1.957109676
43243200 0.959430044 1.706236564 0.500000000 0.500000000 0.000000000 0.000000000 0.820002913 0.052424282 -0.569953799 2.707111431 -0.200735122 0.958886743 -0.200603232 1.091910633 0.536004663 0.278904885 0.796813309 -2.040490783
43309933 0.959430044 1.706236564 0.500000000 0.500000000 0.000000000 0.000000000 0.820928216 0.043041274 -0.569407225 2.748590788 -0.195683733 0.957982361 -0.209708676 1.161150472 0.536455989 0.283579439 0.794857204 -2.116060571
43376667 0.959430044 1.706236564 0.500000000 0.500000000 0.000000000 0.000000000 0.822235167 0.033501253 -0.568161428 2.786091177 -0.190337062 0.956974149 -0.219026059 1.233040810 0.536378205 0.288233012 0.793234289 -2.166991063
43443400 0.959430044 1.706236564 0.500000000 0.500000000 0.000000000 0.000000000 0.823851347 0.023266509 -0.566328228 2.825289803 -0.183261007 0.956425369 -0.227301329 1.290979941 0.536362231 0.291048378 0.792216182 -2.237880070
43510133 0.959430044 1.706236564 0.500000000 0.500000000 0.000000000 0.000000000 0.825851560 0.012801372 -0.563742161 2.862509726 -0.176054835 0.955619812 -0.236210629 1.350139791 0.535699368 0.294324487 0.791453838 -2.296719658
43576867 0.959430044 1.706236564 0.500000000 0.500000000 0.000000000 0.000000000 0.827746570 0.002988562 -0.561093926 2.897729109 -0.169643387 0.954519689 -0.245179921 1.407099349 0.534842491 0.298132747 0.790607452 -2.336559254
43643600 0.959430044 1.706236564 0.500000000 0.500000000 0.000000000 0.000000000 0.829550862 -0.006062120 -0.558398366 2.936850267 -0.163496599 0.953487396 -0.253240258 1.453460141 0.533961058 0.301371902 0.789975166 -2.375170376
43710333 0.959430044 1.706236564 0.500000000 0.500000000 0.000000000 0.000000000 0.831510544 -0.013596870 -0.555342793 2.974971213 -0.158051193 0.952593505 -0.259972245 1.486430946 0.532550812 0.303942233 0.789942563 -2.403171214
43777067 0.959430044 1.706236564 0.500000000 0.500000000 0.000000000 0.000000000 0.833058357 -0.020119101 -0.552819073 3.018299875 -0.152917370 0.952022731 -0.265082955 1.503319861 0.531629503 0.305365205 0.790013909 -2.425859643
43843800 0.959430044 1.706236564 0.500000000 0.500000000 0.000000000 0.000000000 0.834613144 -0.024527416 -0.550290525 3.058361346 -0.149727762 0.951292276 -0.269489795 1.519300892 0.530097067 0.307313472 0.790288568 -2.433021369
43910533 0.959430044 1.706236564 0.500000000 0.500000000 0.000000000 0.000000000 0.836535156 -0.025611874 -0.547314346 3.090660469 -0.148759812 0.950769007 -0.271861702 1.523560163 0.527332366 0.308840245 0.791541696 -2.417780179
43977267 0.959430044 1.706236564 0.500000000 0.500000000 0.000000000 0.000000000 0.838116527 -0.024675164 -0.544932902 3.123480311 -0.149612889 0.950269639 -0.273136646 1.519960359 0.524572909 0.310449332 0.792744994 -2.403430422
44044000 0.959430044 1.706236564 0.500000000 0.500000000 0.000000000 0.000000000 0.839136362 -0.020700514 -0.543526828 3.156028849 -0.153260097 0.949788630 -0.272787124 1.506239406 0.521882474 0.312206596 0.793829620 -2.383249220
44110733 0.959430044 1.706236564 0.500000000 0.500000000 0.000000000 0.000000000 0.840319157 -0.014687940 -0.541892946 3.173639886 -0.157670930 0.949793100 -0.270245969 1.478689913 0.518655598 0.312533617 0.795813501 -2.364649930
44177467 0.959430044 1.706236564 0.500000000 0.500000000 0.000000000 0.000000000 0.840467215 -0.006954953 -0.541817605 3.196089474 -0.163701639 0.949935734 -0.266127467 1.446109712 0.516542852 0.312367857 0.797251344 -2.318749600
44244200 0.959430044 1.706236564 0.500000000 0.500000000 0.000000000 0.000000000 0.840734601 0.001637049 -0.541445196 3.204431113 -0.169821829 0.950333536 -0.260819554 1.405340804 0.514126599 0.311229169 0.799256325 -2.274481050
44310933 0.959430044 1.706236564 0.500000000 0.500000000 0.000000000 0.000000000 0.840671897 0.011675946 -0.541418910 3.211790267 -0.176576436 0.951039016 -0.253664196 1.351600189 0.511948705 0.308850169 0.801573515 -2.213820393
44377667 0.959430044 1.706236564 0.500000000 0.500000000 0.000000000 0.000000000 0.840405643 0.022553250 -0.541488469 3.221310273 -0.183628723 0.951884210 -0.245350704 1.288270354 0.509900868 0.305626929 0.804110289 -2.153720238
44444400 0.959430044 1.706236564 0.500000000 0.500000000 0.000000000 0.000000000 0.840435266 0.033299185 -0.540887892 3.230170031 -0.190377533 0.952633500 -0.237162068 1.220460291 0.507370651 0.302292258 0.806966245 -2.094640356
44511133 0.959430044 1.706236564 0.500000000 0.500000000 0.000000000 0.000000000 0.840521574 0.043689787 -0.540013850 3.239410717 -0.196469843 0.953474581 -0.228661075 1.147460499 0.504899323 0.298290938 0.809999645 -2.022260502
44577867 0.959430044 1.706236564 0.500000000 0.500000000 0.000000000 0.000000000 0.841277182 0.053530902 -0.537947297 3.239490527 -0.201591790 0.954375029 -0.220293075 1.076500246 0.501610994 0.293773264 0.813685298 -1.951779999
44644600 0.959430044 1.706236564 0.500000000 0.500000000 0.000000000 0.000000000 0.842806101 0.062467515 -0.534579754 3.231709274 -0.205392271 0.955403566 -0.212174311 1.005059496 0.497485399 0.288620412 0.818050325 -1.900859530
44711333 0.959430044 1.706236564 0.500000000 0.500000000 0.000000000 0.000000000 0.845116854 0.070666827 -0.529890478 3.224070667 -0.208483636 0.956305444 -0.204974532 0.945043448 0.492252290 0.283700883 0.822922707 -1.857040398
44778067 0.959430044 1.706236564 0.500000000 0.500000000 0.000000000 0.000000000 0.848432839 0.077139400 -0.523651898 3.213900325 -0.209749490 0.957328141 -0.198816568 0.894335195 0.485970080 0.278518200 0.828408539 -1.817610236
44844800 0.959430044 1.706236564 0.500000000 0.500000000 0.000000000 0.000000000 0.852683604 0.082454346 -0.515879929 3.200720704 -0.209926099 0.958315313 -0.193811253 0.854948290 0.478395075 0.273556292 0.834449053 -1.779070317
44911533 0.959430044 1.706236564 0.500000000 0.500000000 0.000000000 0.000000000 0.857886076 0.086549930 -0.506498218 3.182839777 -0.208177567 0.959734619 -0.188604072 0.815113787 0.469780177 0.267242402 0.841360748 -1.752519859
44978267 0.959430044 1.706236564 0.500000000 0.500000000 0.000000000 0.000000000 0.863627493 0.089214057 -0.496174037 3.166940938 -0.205145031 0.961234927 -0.184236452 0.781282657 0.460503340 0.260899216 0.848450661 -1.728790514
45045000 0.959430044 1.706236564 0.500000000 0.500000000 0.000000000 0.000000000 0.870363235 0.091260687 -0.483879566 3.141600253 -0.201175228 0.962825239 -0.180266917 0.749752225 0.449440181 0.254242241 0.856367052 -1.725050163
45111733 0.959430044 1.706236564 0.500000000 0.500000000 0.000000000 0.000000000 0.877462685 0.091589972 -0.470819056 3.116960123 -0.195833996 0.964465976 -0.177353963 0.724383073 0.437845111 0.247823849 0.864219308 -1.715289903
45178467 0.959430044 1.706236564 0.500000000 0.500000000 0.000000000 0.000000000 0.884806812 0.091102168 -0.456965208 3.091059531 -0.189703986 0.966174483 -0.174697667 0.697525832 0.425592780 0.241261840 0.872160196 -1.701899886
45245200 0.959430044 1.706236564 0.500000000 0.500000000 0.000000000 0.000000000 0.892970920 0.090387061 -0.440945476 3.051029392 -0.182761148 0.968052030 -0.171678662 0.664268554 0.411340624 0.233891815 0.880961597 -1.689589737
45311933 0.959430044 1.706236564 0.500000000 0.500000000 0.000000000 0.000000000 0.900201499 0.088834777 -0.426316530 3.030800672 -0.175948814 0.969702721 -0.169465899 0.635352244 0.398345858 0.227563322 0.888558209 -1.661820436
