https://www.youtube.com/watch?v=tD2vw8wlDN4
99280000 0.629343169 1.141336282 0.500000000 0.500000000 0.000000000 0.000000000 0.984256029 -0.172475278 0.038631398 -2.570440207 0.175864309 0.977490306 -0.116552494 -0.783531068 -0.017659400 0.121511377 0.992432952 5.431960080
99360000 0.629343169 1.141336282 0.500000000 0.500000000 0.000000000 0.000000000 0.985947549 -0.165454447 0.023070719 -2.523140185 0.167042762 0.978110671 -0.124081783 -0.752575003 -0.002035853 0.126191929 0.992003739 5.227989961
99440000 0.629343169 1.141336282 0.500000000 0.500000000 0.000000000 0.000000000 0.987717390 -0.156145006 0.005748960 -2.474370080 0.155565679 0.979278862 -0.129662111 -0.711279929 0.014616245 0.128963873 0.991541564 5.016709569
99520000 0.629343169 1.141336282 0.500000000 0.500000000 0.000000000 0.000000000 0.989172459 -0.145990312 -0.014988293 -2.426369784 0.142738193 0.980788469 -0.132965207 -0.659088944 0.034111980 0.129386127 0.991007388 4.797679898
99600000 0.629343169 1.141336282 0.500000000 0.500000000 0.000000000 0.000000000 0.990295768 -0.132988989 -0.040351357 -2.398080260 0.126531005 0.982868552 -0.134012252 -0.592169079 0.057482224 0.127606064 0.990157843 4.574710779
99680000 0.629343169 1.141336282 0.500000000 0.500000000 0.000000000 0.000000000 0.990446508 -0.117940895 -0.071453817 -2.384050097 0.107716478 0.985229850 -0.133113712 -0.520069013 0.086097978 0.124145269 0.988521695 4.341190097
99760000 0.629343169 1.141336282 0.500000000 0.500000000 0.000000000 0.000000000 0.988839030 -0.102198794 -0.108410388 -2.370060136 0.087916702 0.987712383 -0.129208624 -0.450515017 0.120283246 0.118235439 0.985673547 4.094919931
99840000 0.629343169 1.141336282 0.500000000 0.500000000 0.000000000 0.000000000 0.985038638 -0.085360155 -0.149707869 -2.356899845 0.066965669 0.990035057 -0.123879619 -0.386177010 0.158790424 0.112000920 0.980939031 3.835170139
99920000 0.629343169 1.141336282 0.500000000 0.500000000 0.000000000 0.000000000 0.979002059 -0.067712747 -0.192275554 -2.341689768 0.045312077 0.991907537 -0.118601397 -0.319362951 0.198750407 0.107398599 0.974147737 3.568979727
100000000 0.629343169 1.141336282 0.500000000 0.500000000 0.000000000 0.000000000 0.970779896 -0.050847277 -0.234522924 -2.305460072 0.024915433 0.993368804 -0.112239376 -0.256956015 0.238674805 0.103116497 0.965609312 3.308610182
100080000 0.629343169 1.141336282 0.500000000 0.500000000 0.000000000 0.000000000 0.961254478 -0.035622597 -0.273351103 -2.247130030 0.006085716 0.994115889 -0.108150557 -0.193264999 0.275595278 0.102296680 0.955815196 3.061620165
100160000 0.629343169 1.141336282 0.500000000 0.500000000 0.000000000 0.000000000 0.950227022 -0.023496786 -0.310671031 -2.166540004 -0.010118471 0.994298637 -0.106149845 -0.138812035 0.311393976 0.104009978 0.944571733 2.816590325
100240000 0.629343169 1.141336282 0.500000000 0.500000000 0.000000000 0.000000000 0.937294066 -0.013946406 -0.348260611 -2.062070182 -0.023218013 0.994481266 -0.102312952 -0.094107803 0.347765535 0.103983238 0.931797564 2.577190386
100320000 0.629343169 1.141336282 0.500000000 0.500000000 0.000000000 0.000000000 0.922310948 -0.005745468 -0.386405766 -1.940899840 -0.035159480 0.994494975 -0.098709129 -0.052104447 0.384845734 0.104626335 0.917031586 2.344159748
100400000 0.629343169 1.141336282 0.500000000 0.500000000 0.000000000 0.000000000 0.905490756 -0.000620017 -0.424365520 -1.798870059 -0.043645315 0.994559944 -0.094581380 -0.015741711 0.422115564 0.104164138 0.900537789 2.122210275
100480000 0.629343169 1.141336282 0.500000000 0.500000000 0.000000000 0.000000000 0.887166679 0.000865618 -0.461448103 -1.629119693 -0.047843277 0.994781435 -0.090115935 0.005630317 0.458961993 0.102025062 0.882578373 1.908969652
100560000 0.629343169 1.141336282 0.500000000 0.500000000 0.000000000 0.000000000 0.868165076 0.000562401 -0.496275038 -1.448139723 -0.049680658 0.995074511 -0.085781775 0.017803938 0.493782431 0.099128015 0.863916874 1.709189629
100640000 0.629343169 1.141336282 0.500000000 0.500000000 0.000000000 0.000000000 0.847620666 -0.000299491 -0.530602872 -1.260950303 -0.050422549 0.995428920 -0.081110299 0.026931327 0.528201759 0.095505103 0.843730986 1.519210442
100720000 0.629343169 1.141336282 0.500000000 0.500000000 0.000000000 0.000000000 0.826303184 0.002652543 -0.563219190 -1.072979849 -0.053758003 0.995794952 -0.074178942 0.036287637 0.560654044 0.091571845 0.822971106 1.347199784
100800000 0.629343169 1.141336282 0.500000000 0.500000000 0.000000000 0.000000000 0.805114686 0.007517172 -0.593071699 -0.885685185 -0.057360269 0.996219516 -0.065241486 0.034094838 0.590339184 0.086545616 0.802502155 1.183860120
100880000 0.629343169 1.141336282 0.500000000 0.500000000 0.000000000 0.000000000 0.783394098 0.013010018 -0.621389151 -0.693581938 -0.062093422 0.996417224 -0.057420075 0.035620109 0.618415833 0.083566725 0.781395197 1.029309884
