https://www.youtube.com/watch?v=AMhcSNYEmp8
63521789 0.791205543 1.424608207 0.500000000 0.500000000 0.000000000 0.000000000 0.998767912 -0.038215809 0.031657100 0.457525028 0.036239021 0.997490406 0.060824566 -2.681570196 -0.033902109 -0.059602402 0.997646332 6.366209682
63605211 0.791205543 1.424608207 0.500000000 0.500000000 0.000000000 0.000000000 0.998898268 -0.036499202 0.029497243 0.498986990 0.034788743 0.997793138 0.056555800 -2.493979713 -0.031496387 -0.055467322 0.997963607 5.917369741
63688622 0.791205543 1.424608207 0.500000000 0.500000000 0.000000000 0.000000000 0.999066770 -0.034712713 0.025703330 0.518011022 0.033329610 0.998069167 0.052412711 -2.306710029 -0.027473088 -0.051507115 0.998294652 5.418939889
63772044 0.791205543 1.424608207 0.500000000 0.500000000 0.000000000 0.000000000 0.999217391 -0.032641467 0.022341084 0.569724984 0.031552557 0.998374164 0.047470145 -2.093909918 -0.023854256 -0.046728075 0.998622775 4.860819883
63855456 0.791205543 1.424608207 0.500000000 0.500000000 0.000000000 0.000000000 0.999398291 -0.029379424 0.018436601 0.594044987 0.028568320 0.998674512 0.042814393 -1.827119928 -0.019670026 -0.042261925 0.998912930 4.289260024
63938878 0.791205543 1.424608207 0.500000000 0.500000000 0.000000000 0.000000000 0.999502540 -0.027111759 0.016113022 0.631353054 0.026459707 0.998873591 0.039388988 -1.539520201 -0.017162776 -0.038943049 0.999094009 3.760319979
64022289 0.791205543 1.424608207 0.500000000 0.500000000 0.000000000 0.000000000 0.999598205 -0.024640959 0.014007649 0.645224968 0.024128452 0.999073029 0.035649199 -1.256539802 -0.014873096 -0.035296891 0.999266207 3.228219970
64105711 0.791205543 1.424608207 0.500000000 0.500000000 0.000000000 0.000000000 0.999657273 -0.023608027 0.011312342 0.671591934 0.023240136 0.999229789 0.031618055 -0.998451007 -0.012050071 -0.031344321 0.999436021 2.668580029
64189122 0.791205543 1.424608207 0.500000000 0.500000000 0.000000000 0.000000000 0.999724150 -0.021292552 0.009910203 0.727327994 0.021007627 0.999386668 0.028017525 -0.729538038 -0.010500689 -0.027801607 0.999558330 2.114559932
64272544 0.791205543 1.424608207 0.500000000 0.500000000 0.000000000 0.000000000 0.999783039 -0.018741608 0.009091580 0.780862049 0.018518098 0.999538600 0.024075169 -0.449627984 -0.009538593 -0.023901585 0.999668837 1.558080034
64355956 0.791205543 1.424608207 0.500000000 0.500000000 0.000000000 0.000000000 0.999824166 -0.016495993 0.008915588 0.813258966 0.016327510 0.999692738 0.018650947 -0.210275002 -0.009220514 -0.018502099 0.999786317 1.011379918
64439378 0.791205543 1.424608207 0.500000000 0.500000000 0.000000000 0.000000000 0.999867082 -0.014184121 0.008041644 0.822190040 0.014096761 0.999842107 0.010817964 0.013172601 -0.008193818 -0.010703165 0.999909163 0.401211021
64522789 0.791205543 1.424608207 0.500000000 0.500000000 0.000000000 0.000000000 0.999891996 -0.012957825 0.006936565 0.790766015 0.012936850 0.999911606 0.003060269 0.243707983 -0.006975606 -0.002970202 0.999971271 -0.193140995
64606211 0.791205543 1.424608207 0.500000000 0.500000000 0.000000000 0.000000000 0.999901295 -0.012765072 0.005864776 0.728512986 0.012772011 0.999917805 -0.001146993 0.491105028 -0.005849652 0.001221784 0.999982119 -0.773964988
64689622 0.791205543 1.424608207 0.500000000 0.500000000 0.000000000 0.000000000 0.999894321 -0.012751549 0.006984753 0.651274989 0.012773016 0.999913812 -0.003037546 0.685908014 -0.006945417 0.003126441 0.999970973 -1.275049961
64773044 0.791205543 1.424608207 0.500000000 0.500000000 0.000000000 0.000000000 0.999695778 -0.018717112 0.016064065 0.512190011 0.018738003 0.999823749 -0.001150872 0.850469991 -0.016039694 0.001451530 0.999870300 -1.732910153
64856456 0.791205543 1.424608207 0.500000000 0.500000000 0.000000000 0.000000000 0.999270320 -0.028537897 0.025385100 0.295811984 0.028564455 0.999591708 -0.000684166 0.991741999 -0.025355212 0.001408779 0.999677539 -2.229280146
64939878 0.791205543 1.424608207 0.500000000 0.500000000 0.000000000 0.000000000 0.998624384 -0.037470467 0.036678437 -0.038702003 0.037507728 0.999296308 -0.000328014 1.046580031 -0.036640335 0.001703287 0.999327064 -2.617350247
65023289 0.791205543 1.424608207 0.500000000 0.500000000 0.000000000 0.000000000 0.997767448 -0.047636397 0.046806779 -0.455269983 0.047625616 0.998864353 0.001346154 1.097550016 -0.046817746 0.000886051 0.998903036 -2.964079806
65106711 0.791205543 1.424608207 0.500000000 0.500000000 0.000000000 0.000000000 0.996541083 -0.060627855 0.056834340 -0.915633994 0.060256086 0.998148978 0.008233940 1.080309925 -0.057228342 -0.004780848 0.998349667 -3.240039933
65190122 0.791205543 1.424608207 0.500000000 0.500000000 0.000000000 0.000000000 0.994553089 -0.077672876 0.069506161 -1.414679977 0.076713644 0.996918797 0.016369179 0.996167028 -0.070563443 -0.010947946 0.997447193 -3.303709887
65273544 0.791205543 1.424608207 0.500000000 0.500000000 0.000000000 0.000000000 0.992179334 -0.093438193 0.082761571 -1.919249988 0.091706127 0.995484769 0.024496555 0.845589001 -0.084676802 -0.016715240 0.996268272 -3.313999933
65356956 0.791205543 1.424608207 0.500000000 0.500000000 0.000000000 0.000000000 0.989734054 -0.105052143 0.096904807 -2.376429912 0.102407753 0.994231403 0.031883795 0.680369979 -0.099695258 -0.021632675 0.994782805 -3.310709786
65440378 0.791205543 1.424608207 0.500000000 0.500000000 0.000000000 0.000000000 0.987487257 -0.114526376 0.108409755 -2.832250137 0.111078486 0.993109703 0.037345912 0.499321090 -0.111939870 -0.024836622 0.993404567 -3.264509943
65523789 0.791205543 1.424608207 0.500000000 0.500000000 0.000000000 0.000000000 0.985382736 -0.123098567 0.117760956 -3.244009893 0.118906334 0.992016196 0.042013284 0.261142044 -0.121992558 -0.027396645 0.992152810 -3.239489662
65607211 0.791205543 1.424608207 0.500000000 0.500000000 0.000000000 0.000000000 0.983717918 -0.130699366 0.123356231 -3.608110007 0.125879467 0.990972757 0.046123553 0.042829713 -0.128270984 -0.029844563 0.991290033 -3.234590248
65690622 0.791205543 1.424608207 0.500000000 0.500000000 0.000000000 0.000000000 0.982223868 -0.135763660 0.129631996 -3.934679731 0.130194619 0.990199029 0.050549138 -0.244252022 -0.135224223 -0.032773178 0.990272880 -3.144860221
