https://www.youtube.com/watch?v=OOfT6goUnAg
409208800 0.788514977 1.404204815 0.500000000 0.500000000 0.000000000 0.000000000 0.999565244 0.018985434 0.022557963 -5.158520150 -0.019205382 0.999769747 0.009574019 -1.425920096 -0.022371002 -0.010003091 0.999699712 3.343540095
409275533 0.788514977 1.404204815 0.500000000 0.500000000 0.000000000 0.000000000 0.999483585 0.010130962 0.030493872 -5.046789551 -0.010328416 0.999926686 0.006324628 -1.471890072 -0.030427562 -0.006636315 0.999514937 3.370220010
409342267 0.788514977 1.404204815 0.500000000 0.500000000 0.000000000 0.000000000 0.999377906 0.000488823 0.035263967 -4.945409630 -0.000498823 0.999999821 0.000274794 -1.527699889 -0.035263825 -0.000292214 0.999377966 3.354389477
409409000 0.788514977 1.404204815 0.500000000 0.500000000 0.000000000 0.000000000 0.999015570 -0.003961475 0.044183120 -4.817099975 0.003965735 0.999992132 -0.000008756 -1.539649923 -0.044182740 0.000183966 0.999023438 3.386959985
409475733 0.788514977 1.404204815 0.500000000 0.500000000 0.000000000 0.000000000 0.998653889 -0.007649642 0.051301893 -4.699320006 0.007552273 0.999969304 0.002091543 -1.535249951 -0.051316317 -0.001701282 0.998681009 3.405570128
409542467 0.788514977 1.404204815 0.500000000 0.500000000 0.000000000 0.000000000 0.998551607 -0.010280750 0.052810531 -4.600240139 0.010070679 0.999940276 0.004242384 -1.533799989 -0.052850995 -0.003704402 0.998595536 3.379440205
409609200 0.788514977 1.404204815 0.500000000 0.500000000 0.000000000 0.000000000 0.998649418 -0.013185803 0.050254513 -4.490200294 0.012702839 0.999870121 0.009917657 -1.518180017 -0.050378758 -0.009265888 0.998687208 3.374930072
409675933 0.788514977 1.404204815 0.500000000 0.500000000 0.000000000 0.000000000 0.998503864 -0.012169000 0.053310119 -4.357329746 0.011488035 0.999848723 0.013061522 -1.494280165 -0.053461000 -0.012429552 0.998492599 3.389499959
409742667 0.788514977 1.404204815 0.500000000 0.500000000 0.000000000 0.000000000 0.998412192 -0.004433577 0.056155533 -4.236930130 0.003583646 0.999877632 0.015226969 -1.446580052 -0.056216173 -0.015001549 0.998305917 3.388330083
409809400 0.788514977 1.404204815 0.500000000 0.500000000 0.000000000 0.000000000 0.998839080 0.001231259 0.048156124 -4.137360402 -0.001972560 0.999880254 0.015349208 -1.425979997 -0.048131455 -0.015426380 0.998721898 3.340369892
409876133 0.788514977 1.404204815 0.500000000 0.500000000 0.000000000 0.000000000 0.999251187 0.009406056 0.037530906 -4.036290107 -0.009925505 0.999857187 0.013678319 -1.397420077 -0.037396885 -0.014040590 0.999201834 3.289839826
409942867 0.788514977 1.404204815 0.500000000 0.500000000 0.000000000 0.000000000 0.999456465 0.020018436 0.026192315 -3.931889903 -0.020281557 0.999746084 0.009818856 -1.366330106 -0.025989108 -0.010344740 0.999608696 3.236969751
410009600 0.788514977 1.404204815 0.500000000 0.500000000 0.000000000 0.000000000 0.999415398 0.030473085 0.015498659 -3.825979870 -0.030513549 0.999531507 0.002381132 -1.345770001 -0.015418837 -0.002852659 0.999877036 3.176320113
410076333 0.788514977 1.404204815 0.500000000 0.500000000 0.000000000 0.000000000 0.999103129 0.041798644 0.006765781 -3.702729751 -0.041787744 0.999125004 -0.001744985 -1.303560030 -0.006832799 0.001460693 0.999975562 3.157859879
410143067 0.788514977 1.404204815 0.500000000 0.500000000 0.000000000 0.000000000 0.998626471 0.052389089 -0.000744783 -3.584359908 -0.052391838 0.998617172 -0.004341383 -1.264989918 0.000516312 0.004374440 0.999990284 3.126889884
410209800 0.788514977 1.404204815 0.500000000 0.500000000 0.000000000 0.000000000 0.998126566 0.060571585 -0.008627708 -3.456799900 -0.060621861 0.998144567 -0.005689842 -1.236289915 0.008267057 0.006202210 0.999946594 3.101579860
410276533 0.788514977 1.404204815 0.500000000 0.500000000 0.000000000 0.000000000 0.997405231 0.069940254 -0.017062660 -3.343369685 -0.070026428 0.997534990 -0.004505161 -1.199380070 0.016705509 0.005688308 0.999844253 3.075900260
410343267 0.788514977 1.404204815 0.500000000 0.500000000 0.000000000 0.000000000 0.996783614 0.076807983 -0.022869436 -3.217330276 -0.076939933 0.997023463 -0.004945716 -1.187739887 0.022421492 0.006689383 0.999726236 3.069400237
410410000 0.788514977 1.404204815 0.500000000 0.500000000 0.000000000 0.000000000 0.996439815 0.080231234 -0.025898041 -3.100130084 -0.080459610 0.996726573 -0.007898647 -1.198930052 0.025179548 0.009954270 0.999633372 3.045459933
410476733 0.788514977 1.404204815 0.500000000 0.500000000 0.000000000 0.000000000 0.996243179 0.081567399 -0.029090501 -2.996479896 -0.081856064 0.996604681 -0.008872276 -1.199269980 0.028268043 0.011220178 0.999537408 3.037759992
410543467 0.788514977 1.404204815 0.500000000 0.500000000 0.000000000 0.000000000 0.996476293 0.076954670 -0.033361748 -2.897330229 -0.077292897 0.996968091 -0.008968105 -1.211330055 0.032570459 0.011515127 0.999403119 3.018849977
410610200 0.788514977 1.404204815 0.500000000 0.500000000 0.000000000 0.000000000 0.996900678 0.070084997 -0.035736658 -2.800379777 -0.070429526 0.997480750 -0.008473178 -1.225450039 0.035052784 0.010963833 0.999325335 3.000240059
410676933 0.788514977 1.404204815 0.500000000 0.500000000 0.000000000 0.000000000 0.997225761 0.063698716 -0.038512614 -2.718549916 -0.064069010 0.997909606 -0.008457098 -1.247200015 0.037893403 0.010901105 0.999222338 2.972310018
410743667 0.788514977 1.404204815 0.500000000 0.500000000 0.000000000 0.000000000 0.997278631 0.060306355 -0.042408749 -2.640650006 -0.060680911 0.998128295 -0.007599693 -1.248489987 0.041871063 0.010152411 0.999071419 2.934319893
410810400 0.788514977 1.404204815 0.500000000 0.500000000 0.000000000 0.000000000 0.997396410 0.055773549 -0.045713626 -2.569619928 -0.056439124 0.998316109 -0.013399590 -1.271859955 0.044889309 0.015944740 0.998864710 2.870870221
410877133 0.788514977 1.404204815 0.500000000 0.500000000 0.000000000 0.000000000 0.997376919 0.055097345 -0.046942145 -2.487410159 -0.056013066 0.998260140 -0.018419586 -1.275239994 0.045845598 0.021000646 0.998727739 2.811509925
410943867 0.788514977 1.404204815 0.500000000 0.500000000 0.000000000 0.000000000 0.997241199 0.055827193 -0.048921168 -2.421240030 -0.056865655 0.998179555 -0.020097889 -1.258490130 0.047710098 0.022824381 0.998600423 2.742830005
411010600 0.788514977 1.404204815 0.500000000 0.500000000 0.000000000 0.000000000 0.996736884 0.058085136 -0.056051429 -2.358100078 -0.059092358 0.998116434 -0.016481351 -1.216809914 0.054988530 0.019739781 0.998291850 2.659320094
411077333 0.788514977 1.404204815 0.500000000 0.500000000 0.000000000 0.000000000 0.995943964 0.062345222 -0.064874604 -2.293439992 -0.063110366 0.997958362 -0.009810537 -1.168270119 0.064130515 0.013865005 0.997845173 2.558939682
411144067 0.788514977 1.404204815 0.500000000 0.500000000 0.000000000 0.000000000 0.995410323 0.064565435 -0.070636816 -2.219309934 -0.065211579 0.997847736 -0.006877396 -1.124320038 0.070040740 0.011452174 0.997478366 2.460869989
411210800 0.788514977 1.404204815 0.500000000 0.500000000 0.000000000 0.000000000 0.994891882 0.068348609 -0.074287169 -2.128129985 -0.069014646 0.997594893 -0.006432958 -1.074290037 0.073668815 0.011527000 0.997216165 2.349940217
411277533 0.788514977 1.404204815 0.500000000 0.500000000 0.000000000 0.000000000 0.993860781 0.078573219 -0.077891082 -2.039469875 -0.078997336 0.996872008 -0.002373896 -0.997629933 0.077460915 0.008512514 0.996959031 2.238840037
411344267 0.788514977 1.404204815 0.500000000 0.500000000 0.000000000 0.000000000 0.993215024 0.084387802 -0.080016539 -1.936980147 -0.084854849 0.996390343 -0.002448482 -0.931250035 0.079521075 0.009221661 0.996790528 2.110990155
411411000 0.788514977 1.404204815 0.500000000 0.500000000 0.000000000 0.000000000 0.992548704 0.090110481 -0.082019560 -1.841900068 -0.090058878 0.995926976 0.004336030 -0.847175906 0.082076214 0.003082875 0.996621311 2.018970207
411477733 0.788514977 1.404204815 0.500000000 0.500000000 0.000000000 0.000000000 0.992045164 0.091423482 -0.086533792 -1.744330008 -0.090711698 0.995803297 0.012130521 -0.776799934 0.087279655 -0.004184398 0.996175051 1.907589971
411544467 0.788514977 1.404204815 0.500000000 0.500000000 0.000000000 0.000000000 0.992002785 0.091520913 -0.086915962 -1.639160027 -0.089917652 0.995701909 0.022193650 -0.719435059 0.088573568 -0.014200883 0.995968401 1.841869961
411611200 0.788514977 1.404204815 0.500000000 0.500000000 0.000000000 0.000000000 0.992233396 0.087746248 -0.088167563 -1.531540111 -0.085636422 0.995948493 0.027441217 -0.681283039 0.090218216 -0.019677741 0.995727599 1.755759906
411677933 0.788514977 1.404204815 0.500000000 0.500000000 0.000000000 0.000000000 0.993027210 0.079398848 -0.087136656 -1.419199954 -0.077296473 0.996635735 0.027247204 -0.653841870 0.089006901 -0.020321855 0.995823681 1.683570144
411744667 0.788514977 1.404204815 0.500000000 0.500000000 0.000000000 0.000000000 0.994175315 0.069386780 -0.082467683 -1.297700044 -0.067761689 0.997451246 0.022347245 -0.654539028 0.083808102 -0.016628928 0.996343136 1.607450035
411811400 0.788514977 1.404204815 0.500000000 0.500000000 0.000000000 0.000000000 0.995736301 0.060405899 -0.069715828 -1.176519924 -0.059616093 0.998132050 0.013356379 -0.642894091 0.070392400 -0.009143249 0.997477472 1.567780000
411878133 0.788514977 1.404204815 0.500000000 0.500000000 0.000000000 0.000000000 0.997405231 0.050920211 -0.050891418 -1.053079941 -0.050747268 0.998700559 0.004685495 -0.636231089 0.051063869 -0.002090738 0.998693228 1.524629978
411944867 0.788514977 1.404204815 0.500000000 0.500000000 0.000000000 0.000000000 0.998307586 0.043368209 -0.038744114 -0.947645994 -0.043523651 0.999047339 -0.003177278 -0.612965988 0.038569413 0.004858186 0.999244094 1.427339943
412011600 0.788514977 1.404204815 0.500000000 0.500000000 0.000000000 0.000000000 0.998489857 0.039964069 -0.037694097 -0.871590906 -0.040200811 0.999176264 -0.005543326 -0.592821979 0.037441514 0.007050289 0.999273956 1.327900062
412078333 0.788514977 1.404204815 0.500000000 0.500000000 0.000000000 0.000000000 0.997989058 0.040590212 -0.048684929 -0.793989972 -0.040969774 0.999137104 -0.006823429 -0.557362996 0.048365954 0.008804317 0.998790860 1.210639913
412145067 0.788514977 1.404204815 0.500000000 0.500000000 0.000000000 0.000000000 0.997018993 0.044122942 -0.063295409 -0.707177002 -0.044495344 0.998999536 -0.004485411 -0.511953027 0.063034177 0.007288392 0.997984767 1.083269952
412211800 0.788514977 1.404204815 0.500000000 0.500000000 0.000000000 0.000000000 0.995812058 0.051118717 -0.075797051 -0.618405997 -0.051102042 0.998691082 0.002160696 -0.468794001 0.075808287 0.001721741 0.997120917 0.989516976
412278533 0.788514977 1.404204815 0.500000000 0.500000000 0.000000000 0.000000000 0.993566930 0.061291974 -0.095226161 -0.525315980 -0.060967546 0.998119771 0.006315413 -0.423316990 0.095434196 -0.000469080 0.995435655 0.866089065
412345267 0.788514977 1.404204815 0.500000000 0.500000000 0.000000000 0.000000000 0.991390646 0.076654479 -0.106154129 -0.395128987 -0.076647252 0.997049630 0.004153931 -0.377905978 0.106159344 0.004018259 0.994341016 0.766115984
412412000 0.788514977 1.404204815 0.500000000 0.500000000 0.000000000 0.000000000 0.989553690 0.090150766 -0.112500183 -0.275663981 -0.091144077 0.995830834 -0.003707078 -0.321072020 0.111696951 0.013922083 0.993644774 0.664581971
412478733 0.788514977 1.404204815 0.500000000 0.500000000 0.000000000 0.000000000 0.986912191 0.103632741 -0.123549975 -0.151281997 -0.105248280 0.994424045 -0.006603926 -0.260449010 0.122176684 0.019520922 0.992316365 0.562288988
412545467 0.788514977 1.404204815 0.500000000 0.500000000 0.000000000 0.000000000 0.983844340 0.120227627 -0.132648498 -0.025097312 -0.121533863 0.992585719 -0.001765415 -0.194591020 0.131452739 0.017858168 0.991161585 0.491828028
412612200 0.788514977 1.404204815 0.500000000 0.500000000 0.000000000 0.000000000 0.981112421 0.134108648 -0.139403284 0.103831013 -0.134657487 0.990876794 0.005530849 -0.150301015 0.138873219 0.013345310 0.990220249 0.424878990
412678933 0.788514977 1.404204815 0.500000000 0.500000000 0.000000000 0.000000000 0.980122983 0.139162794 -0.141395450 0.223178013 -0.139355853 0.990205169 0.008584819 -0.123033011 0.141205192 0.011290110 0.989915967 0.370227031
412745667 0.788514977 1.404204815 0.500000000 0.500000000 0.000000000 0.000000000 0.978828609 0.141052082 -0.148320094 0.339134984 -0.141860172 0.989873171 0.005170354 -0.098988683 0.147547379 0.015979838 0.988925874 0.303642006
412812400 0.788514977 1.404204815 0.500000000 0.500000000 0.000000000 0.000000000 0.977516055 0.141919538 -0.155952483 0.438713994 -0.143770084 0.989610910 -0.000592654 -0.069786496 0.154248178 0.023000646 0.987764359 0.231777994
412879133 0.788514977 1.404204815 0.500000000 0.500000000 0.000000000 0.000000000 0.976691663 0.140461549 -0.162308037 0.534890975 -0.142857358 0.989738345 -0.003126144 -0.047320403 0.160203397 0.026240196 0.986735165 0.177739986
412945867 0.788514977 1.404204815 0.500000000 0.500000000 0.000000000 0.000000000 0.976829231 0.134857222 -0.166187108 0.624669031 -0.138424084 0.990322411 -0.010016158 -0.022150105 0.163228065 0.032788381 0.986043334 0.114413999
413012600 0.788514977 1.404204815 0.500000000 0.500000000 0.000000000 0.000000000 0.976740479 0.128228977 -0.171858579 0.702241999 -0.132745132 0.991036713 -0.015000371 -0.001388600 0.168394685 0.037464842 0.985007405 0.056572299
413079333 0.788514977 1.404204815 0.500000000 0.500000000 0.000000000 0.000000000 0.977089107 0.122170009 -0.174273878 0.772514997 -0.127573967 0.991625190 -0.020107869 0.026984802 0.170357794 0.041879967 0.984491885 0.002477809
413146067 0.788514977 1.404204815 0.500000000 0.500000000 0.000000000 0.000000000 0.977856636 0.116195209 -0.174054831 0.844352018 -0.122698687 0.992075384 -0.027045054 0.045002895 0.169533014 0.047802471 0.984364510 -0.069204398
413212800 0.788514977 1.404204815 0.500000000 0.500000000 0.000000000 0.000000000 0.979191363 0.112750933 -0.168735042 0.904472025 -0.119874522 0.992253304 -0.032610971 0.067428506 0.163750991 0.052159417 0.985121846 -0.135980998
413279533 0.788514977 1.404204815 0.500000000 0.500000000 0.000000000 0.000000000 0.980534434 0.111380927 -0.161698535 0.963000928 -0.118753858 0.992247403 -0.036641099 0.094631891 0.156363830 0.055130206 0.986159742 -0.211625021
413346267 0.788514977 1.404204815 0.500000000 0.500000000 0.000000000 0.000000000 0.982197404 0.108252764 -0.153523996 1.024810007 -0.115780845 0.992430449 -0.040946756 0.123356002 0.147929296 0.057992939 0.987296164 -0.304385946
413413000 0.788514977 1.404204815 0.500000000 0.500000000 0.000000000 0.000000000 0.983340263 0.108059838 -0.146167591 1.070929956 -0.115240723 0.992467761 -0.041561492 0.159549024 0.140575483 0.057713553 0.988386393 -0.410331035
413479733 0.788514977 1.404204815 0.500000000 0.500000000 0.000000000 0.000000000 0.983589530 0.108952478 -0.143808693 1.120069884 -0.115798146 0.992463052 -0.040098678 0.198745994 0.138355970 0.056093421 0.988792777 -0.520594998
413546467 0.788514977 1.404204815 0.500000000 0.500000000 0.000000000 0.000000000 0.983796179 0.111925513 -0.140063494 1.168170078 -0.118321016 0.992241383 -0.038172990 0.254292008 0.134704262 0.054126903 0.989406407 -0.629944957
413613200 0.788514977 1.404204815 0.500000000 0.500000000 0.000000000 0.000000000 0.983515918 0.116143674 -0.138589472 1.206959833 -0.121866062 0.991980493 -0.033515837 0.305348970 0.133585393 0.049852725 0.989782631 -0.749559956
413679933 0.788514977 1.404204815 0.500000000 0.500000000 0.000000000 0.000000000 0.983583987 0.117915489 -0.136596024 1.245650041 -0.123387553 0.991833329 -0.032281358 0.355750965 0.131674021 0.048605692 0.990100741 -0.864251014
413746667 0.788514977 1.404204815 0.500000000 0.500000000 0.000000000 0.000000000 0.983457804 0.118792966 -0.136744350 1.281210060 -0.123927668 0.991848469 -0.029639218 0.437165960 0.132108748 0.046095338 0.990162849 -0.997989908
413813400 0.788514977 1.404204815 0.500000000 0.500000000 0.000000000 0.000000000 0.982732832 0.122250207 -0.138892174 1.313300013 -0.126638263 0.991678238 -0.023174211 0.490684016 0.134903282 0.040363126 0.990036309 -1.111730049
413880133 0.788514977 1.404204815 0.500000000 0.500000000 0.000000000 0.000000000 0.982001603 0.123537622 -0.142868266 1.354730132 -0.127701968 0.991604388 -0.020320045 0.549951063 0.139158502 0.038198866 0.989533126 -1.229970149
413946867 0.788514977 1.404204815 0.500000000 0.500000000 0.000000000 0.000000000 0.982033253 0.122012816 -0.143957078 1.389410099 -0.126189530 0.991800189 -0.020214245 0.610838054 0.140310258 0.038016926 0.989377439 -1.339139960
414013600 0.788514977 1.404204815 0.500000000 0.500000000 0.000000000 0.000000000 0.981670678 0.121363953 -0.146947265 1.424100101 -0.126045585 0.991759121 -0.022943206 0.669371967 0.142951816 0.041044742 0.988878191 -1.448689905
414080333 0.788514977 1.404204815 0.500000000 0.500000000 0.000000000 0.000000000 0.981109262 0.121218815 -0.150766864 1.461990119 -0.126448244 0.991643846 -0.025560334 0.715580015 0.146408632 0.044141687 0.988238871 -1.545550131
414147067 0.788514977 1.404204815 0.500000000 0.500000000 0.000000000 0.000000000 0.981359363 0.116859183 -0.152570188 1.493939862 -0.123207361 0.991838515 -0.032806210 0.761602889 0.147491276 0.050992459 0.987747967 -1.636559816
414213800 0.788514977 1.404204815 0.500000000 0.500000000 0.000000000 0.000000000 0.982317924 0.109955885 -0.151529625 1.517160209 -0.118094869 0.991946697 -0.045775473 0.817248078 0.145276025 0.062860921 0.987392247 -1.721560029
414280533 0.788514977 1.404204815 0.500000000 0.500000000 0.000000000 0.000000000 0.983572185 0.101725966 -0.149122685 1.544620004 -0.111861125 0.991836846 -0.061210807 0.873546989 0.141678631 0.076886281 0.986922324 -1.803780062
414347267 0.788514977 1.404204815 0.500000000 0.500000000 0.000000000 0.000000000 0.985017955 0.092822172 -0.145339891 1.561989984 -0.104513101 0.991693795 -0.074969955 0.929816031 0.137173787 0.089036666 0.986537278 -1.869459854
414414000 0.788514977 1.404204815 0.500000000 0.500000000 0.000000000 0.000000000 0.986110926 0.084355727 -0.143071249 1.577410020 -0.097821400 0.991140068 -0.089846216 0.986578983 0.134224609 0.102593757 0.985625863 -1.940920106
414480733 0.788514977 1.404204815 0.500000000 0.500000000 0.000000000 0.000000000 0.986651719 0.079494737 -0.142123133 1.610769954 -0.094437681 0.990324199 -0.101683214 1.034060022 0.132664710 0.113747701 0.984612405 -1.990640153
414547467 0.788514977 1.404204815 0.500000000 0.500000000 0.000000000 0.000000000 0.987199306 0.076126203 -0.140151039 1.638609930 -0.091767639 0.989824355 -0.108749770 1.076720132 0.130446211 0.120219015 0.984139800 -2.042069773
414614200 0.788514977 1.404204815 0.500000000 0.500000000 0.000000000 0.000000000 0.987604737 0.071182229 -0.139892861 1.677890008 -0.087381132 0.989712358 -0.113287352 1.116950031 0.130389646 0.124107115 0.983664572 -2.096060125
414680933 0.788514977 1.404204815 0.500000000 0.500000000 0.000000000 0.000000000 0.988049090 0.068461768 -0.138101354 1.713950102 -0.084754281 0.989653528 -0.115769878 1.144189996 0.128746673 0.126091003 0.983628690 -2.140480148
414747667 0.788514977 1.404204815 0.500000000 0.500000000 0.000000000 0.000000000 0.987742364 0.066934660 -0.141013250 1.767929900 -0.083858013 0.989501417 -0.117706463 1.172539926 0.131654158 0.128088757 0.982985497 -2.184690253
414814400 0.788514977 1.404204815 0.500000000 0.500000000 0.000000000 0.000000000 0.987092435 0.066493310 -0.145695359 1.834289925 -0.084027447 0.989487648 -0.117701389 1.195189918 0.136337399 0.128424570 0.982303023 -2.224360234
414881133 0.788514977 1.404204815 0.500000000 0.500000000 0.000000000 0.000000000 0.986298919 0.067897595 -0.150347486 1.908750147 -0.085875578 0.989470482 -0.116505533 1.215069933 0.140853956 0.127820462 0.981744409 -2.268400149
414947867 0.788514977 1.404204815 0.500000000 0.500000000 0.000000000 0.000000000 0.984982967 0.069168583 -0.158190653 1.997570058 -0.088071868 0.989361703 -0.115787812 1.231310003 0.148498908 0.127981156 0.980596185 -2.313129912
415014600 0.788514977 1.404204815 0.500000000 0.500000000 0.000000000 0.000000000 0.983483315 0.073276393 -0.165502638 2.100599976 -0.093118422 0.988933563 -0.115496323 1.246580002 0.155207962 0.129000038 0.979423046 -2.346620335
415081333 0.788514977 1.404204815 0.500000000 0.500000000 0.000000000 0.000000000 0.982225180 0.080309063 -0.169659093 2.211639989 -0.100654662 0.988260746 -0.114931948 1.256979988 0.158437356 0.129966021 0.978778064 -2.392469928
415148067 0.788514977 1.404204815 0.500000000 0.500000000 0.000000000 0.000000000 0.981211126 0.083456695 -0.173953369 2.323400344 -0.104975700 0.987399936 -0.118412226 1.290040082 0.161879256 0.134448260 0.977608740 -2.439180215
415214800 0.788514977 1.404204815 0.500000000 0.500000000 0.000000000 0.000000000 0.980275393 0.084722079 -0.178556114 2.440079929 -0.107711934 0.986512184 -0.123255268 1.335939876 0.165705323 0.140056744 0.976179183 -2.477119804
415281533 0.788514977 1.404204815 0.500000000 0.500000000 0.000000000 0.000000000 0.978757322 0.088261902 -0.185051173 2.565520106 -0.112529904 0.985751987 -0.125020206 1.381130046 0.171380043 0.143188208 0.974744081 -2.508039991
415348267 0.788514977 1.404204815 0.500000000 0.500000000 0.000000000 0.000000000 0.977196157 0.095251516 -0.189775676 2.757499820 -0.119274765 0.985648632 -0.119458407 1.422729950 0.175673515 0.139369756 0.974533141 -2.559979958
415415000 0.788514977 1.404204815 0.500000000 0.500000000 0.000000000 0.000000000 0.976876438 0.100326553 -0.188804254 2.860500212 -0.123546511 0.985593259 -0.115508586 1.444250030 0.174495623 0.136163712 0.975197792 -2.604669857
415481733 0.788514977 1.404204815 0.500000000 0.500000000 0.000000000 0.000000000 0.976034760 0.105585992 -0.190283239 2.978450160 -0.128193483 0.985553801 -0.110680327 1.456569970 0.175848067 0.132420927 0.975470185 -2.647329741
415548467 0.788514977 1.404204815 0.500000000 0.500000000 0.000000000 0.000000000 0.975768924 0.108610906 -0.189943850 3.087219959 -0.130619481 0.985593438 -0.107443638 1.474930160 0.175537884 0.129650518 0.975898147 -2.696869904
415615200 0.788514977 1.404204815 0.500000000 0.500000000 0.000000000 0.000000000 0.976034343 0.111946799 -0.186614364 3.183099937 -0.132710904 0.985816300 -0.102732852 1.478159932 0.172466874 0.125036553 0.977047086 -2.753959967
415681933 0.788514977 1.404204815 0.500000000 0.500000000 0.000000000 0.000000000 0.976693511 0.115020007 -0.181218505 3.271029869 -0.134719327 0.985784054 -0.100401387 1.481589739 0.167094141 0.122475028 0.978304327 -2.812239545
415748667 0.788514977 1.404204815 0.500000000 0.500000000 0.000000000 0.000000000 0.977165878 0.116567969 -0.177647650 3.361059788 -0.135937721 0.985551298 -0.101042591 1.496179974 0.163302511 0.122884415 0.978893101 -2.867250120
415815400 0.788514977 1.404204815 0.500000000 0.500000000 0.000000000 0.000000000 0.977572381 0.117961749 -0.174462810 3.440809961 -0.137307361 0.985128224 -0.103290983 1.522890001 0.159683868 0.124929436 0.979231179 -2.912950009
415882133 0.788514977 1.404204815 0.500000000 0.500000000 0.000000000 0.000000000 0.978016496 0.119882695 -0.170622036 3.519419946 -0.138812974 0.984875262 -0.103690468 1.542180027 0.155610725 0.125095531 0.979865491 -2.950669741
415948867 0.788514977 1.404204815 0.500000000 0.500000000 0.000000000 0.000000000 0.978709102 0.120362647 -0.166256860 3.587110020 -0.138588220 0.985007644 -0.102729149 1.564090170 0.151399538 0.123583190 0.980716765 -2.997970110
416015600 0.788514977 1.404204815 0.500000000 0.500000000 0.000000000 0.000000000 0.980589628 0.115672261 -0.158315867 3.623739790 -0.132785082 0.985868096 -0.102138184 1.602530126 0.144264013 0.121177621 0.982091606 -3.055910353
416082333 0.788514977 1.404204815 0.500000000 0.500000000 0.000000000 0.000000000 0.982182622 0.105968207 -0.155203268 3.672049937 -0.122683629 0.987149954 -0.102389827 1.660460102 0.142358854 0.119606391 0.982562125 -3.102310048
416149067 0.788514977 1.404204815 0.500000000 0.500000000 0.000000000 0.000000000 0.983529627 0.097935788 -0.151914716 3.729310144 -0.113893785 0.988431633 -0.100155465 1.710070115 0.140348524 0.115808003 0.983306050 -3.150359876
416215800 0.788514977 1.404204815 0.500000000 0.500000000 0.000000000 0.000000000 0.985386848 0.089527033 -0.144905776 3.772930059 -0.104122721 0.989873648 -0.096481293 1.751150114 0.134800702 0.110159382 0.984730244 -3.214619890
416282533 0.788514977 1.404204815 0.500000000 0.500000000 0.000000000 0.000000000 0.987877309 0.078607388 -0.133863151 3.809789992 -0.091830648 0.991170049 -0.095650822 1.812780104 0.125162274 0.106784016 0.986372948 -3.307050041
416349267 0.788514977 1.404204815 0.500000000 0.500000000 0.000000000 0.000000000 0.990682900 0.070023924 -0.116807789 3.821280105 -0.081318676 0.992159009 -0.094909437 1.884720041 0.109245971 0.103523813 0.988609195 -3.425600027
416549467 0.788514977 1.404204815 0.500000000 0.500000000 0.000000000 0.000000000 0.996462584 0.056261856 -0.062425029 3.844110004 -0.061451007 0.994519711 -0.084583223 2.046610239 0.057324115 0.088120103 0.994459033 -3.860429981
416616200 0.788514977 1.404204815 0.500000000 0.500000000 0.000000000 0.000000000 0.997603655 0.052346468 -0.045241948 3.831690260 -0.055900238 0.995126724 -0.081228077 2.113620195 0.040769469 0.083562464 0.995668173 -4.016109855
416682933 0.788514977 1.404204815 0.500000000 0.500000000 0.000000000 0.000000000 0.998523891 0.047460027 -0.026410887 3.821579852 -0.049338676 0.995907009 -0.075729378 2.177530329 0.022708671 0.076920666 0.996778548 -4.184389950
416749667 0.788514977 1.404204815 0.500000000 0.500000000 0.000000000 0.000000000 0.999202490 0.038219694 -0.011562153 3.803290041 -0.038955536 0.996638834 -0.072065972 2.264220090 0.008768949 0.072458901 0.997332871 -4.346260569
416816400 0.788514977 1.404204815 0.500000000 0.500000000 0.000000000 0.000000000 0.999520779 0.030853307 0.002514410 3.798580041 -0.030605735 0.997136295 -0.069155604 2.349949911 -0.004640889 0.069045499 0.997602701 -4.497169858
