https://www.youtube.com/watch?v=cA5qew3K310
109599000 0.840006789 1.493856088 0.500000000 0.500000000 0.000000000 0.000000000 0.999667883 0.011431369 0.023096159 -2.053410089 -0.011275769 0.999912918 -0.006856054 -0.890575980 -0.023172524 0.006593350 0.999709725 -5.580969652
109666000 0.840006789 1.493856088 0.500000000 0.500000000 0.000000000 0.000000000 0.999687672 0.013843223 0.020807615 -2.097549904 -0.013722595 0.999888241 -0.005928999 -0.870297996 -0.020887366 0.005641612 0.999765933 -5.480910236
109733000 0.840006789 1.493856088 0.500000000 0.500000000 0.000000000 0.000000000 0.999715745 0.017188082 0.016522955 -2.117029841 -0.017092628 0.999836504 -0.005900977 -0.843315015 -0.016621679 0.005616879 0.999846101 -5.430000248
109799000 0.840006789 1.493856088 0.500000000 0.500000000 0.000000000 0.000000000 0.999704003 0.021489447 0.011407999 -2.120500050 -0.021424403 0.999753714 -0.005793600 -0.806317971 -0.011529692 0.005547476 0.999918163 -5.379530445
109866000 0.840006789 1.493856088 0.500000000 0.500000000 0.000000000 0.000000000 0.999647379 0.026002605 0.005388740 -2.091370219 -0.025970165 0.999644697 -0.006004680 -0.756344038 -0.005542963 0.005862616 0.999967456 -5.314440078
109933000 0.840006789 1.493856088 0.500000000 0.500000000 0.000000000 0.000000000 0.999535024 0.030490568 -0.000273920 -2.075419810 -0.030491652 0.999517620 -0.005895760 -0.714274984 0.000094023 0.005901372 0.999982595 -5.212560315
109999000 0.840006789 1.493856088 0.500000000 0.500000000 0.000000000 0.000000000 0.999361694 0.035164751 -0.006292356 -2.059679942 -0.035200909 0.999363840 -0.005731263 -0.662955997 0.006086814 0.005949101 0.999963760 -5.125589383
110066000 0.840006789 1.493856088 0.500000000 0.500000000 0.000000000 0.000000000 0.999121070 0.040002752 -0.012525219 -2.034780122 -0.040059071 0.999188125 -0.004278521 -0.622416931 0.012343898 0.004776509 0.999912381 -5.020050003
110133000 0.840006789 1.493856088 0.500000000 0.500000000 0.000000000 0.000000000 0.998824298 0.044818528 -0.018474903 -2.010320118 -0.044875011 0.998989105 -0.002654024 -0.597756979 0.018337276 0.003479965 0.999825776 -4.931670009
110199000 0.840006789 1.493856088 0.500000000 0.500000000 0.000000000 0.000000000 0.998494744 0.049335994 -0.023961997 -1.983440067 -0.049380779 0.998779178 -0.001280607 -0.565109988 0.023869565 0.002461942 0.999712050 -4.845509764
110266000 0.840006789 1.493856088 0.500000000 0.500000000 0.000000000 0.000000000 0.998090088 0.053943336 -0.030104652 -1.954630119 -0.053949863 0.998543441 0.000596114 -0.538108935 0.030092958 0.001029167 0.999546587 -4.688600296
110333000 0.840006789 1.493856088 0.500000000 0.500000000 0.000000000 0.000000000 0.997616649 0.058686294 -0.036289684 -1.917500046 -0.058599249 0.998275578 0.003458488 -0.516595947 0.036430076 -0.001323695 0.999335349 -4.531840171
110399000 0.840006789 1.493856088 0.500000000 0.500000000 0.000000000 0.000000000 0.997074783 0.063432783 -0.042639319 -1.884989879 -0.063171968 0.997974932 0.007438085 -0.504639985 0.043024790 -0.004722719 0.999062836 -4.379209914
110466000 0.840006789 1.493856088 0.500000000 0.500000000 0.000000000 0.000000000 0.996445298 0.068601735 -0.048893414 -1.854629927 -0.068090312 0.997606337 0.012051756 -0.486042975 0.049603157 -0.008679745 0.998731315 -4.228650061
110533000 0.840006789 1.493856088 0.500000000 0.500000000 0.000000000 0.000000000 0.995722055 0.073618285 -0.055838138 -1.808919888 -0.072742142 0.997196078 0.017567061 -0.460416998 0.056974828 -0.013430125 0.998285294 -4.068750032
110599000 0.840006789 1.493856088 0.500000000 0.500000000 0.000000000 0.000000000 0.994963765 0.078492232 -0.062338781 -1.759250100 -0.077151068 0.996739089 0.023641177 -0.439914994 0.063991144 -0.018712610 0.997775018 -3.896220146
110666000 0.840006789 1.493856088 0.500000000 0.500000000 0.000000000 0.000000000 0.994088233 0.084036261 -0.068749756 -1.715729962 -0.082139462 0.996170044 0.029971549 -0.405052973 0.071005151 -0.024147296 0.997183621 -3.690139994
110733000 0.840006789 1.493856088 0.500000000 0.500000000 0.000000000 0.000000000 0.992528141 0.092913605 -0.079088613 -1.671180162 -0.090209983 0.995231330 0.037105046 -0.347512974 0.082159027 -0.029693218 0.996176779 -3.457139652
110799000 0.840006789 1.493856088 0.500000000 0.500000000 0.000000000 0.000000000 0.990005791 0.105018146 -0.094126210 -1.611950155 -0.101029910 0.993810415 0.046192590 -0.268727036 0.098394677 -0.036221359 0.994488060 -3.269490008
110866000 0.840006789 1.493856088 0.500000000 0.500000000 0.000000000 0.000000000 0.986628234 0.119051278 -0.111317344 -1.537460032 -0.113235652 0.991920054 0.057204466 -0.205130007 0.117228173 -0.043834452 0.992137134 -3.084839927
110933000 0.840006789 1.493856088 0.500000000 0.500000000 0.000000000 0.000000000 0.982568502 0.133258313 -0.129619911 -1.458569977 -0.125105470 0.989729762 0.069163829 -0.163796019 0.137505338 -0.051742036 0.989148617 -2.902819856
110999000 0.840006789 1.493856088 0.500000000 0.500000000 0.000000000 0.000000000 0.978319287 0.145952404 -0.146932751 -1.367259986 -0.135253251 0.987543583 0.080400661 -0.124366978 0.156837165 -0.058784395 0.985873461 -2.739990037
111066000 0.840006789 1.493856088 0.500000000 0.500000000 0.000000000 0.000000000 0.974191070 0.157508999 -0.161686718 -1.285129894 -0.143869698 0.985223889 0.092926852 -0.120896088 0.173934430 -0.067266665 0.982457101 -2.558969776
111133000 0.840006789 1.493856088 0.500000000 0.500000000 0.000000000 0.000000000 0.970142007 0.167495534 -0.175413132 -1.178490121 -0.151068285 0.983117223 0.103242345 -0.103176941 0.189744294 -0.073660396 0.979066551 -2.405590120
111199000 0.840006789 1.493856088 0.500000000 0.500000000 0.000000000 0.000000000 0.966362953 0.176722035 -0.186847568 -1.093210027 -0.157020792 0.980811238 0.115558818 -0.106753942 0.203683972 -0.082332820 0.975568652 -2.194099804
111299000 0.840006789 1.493856088 0.500000000 0.500000000 0.000000000 0.000000000 0.959987283 0.190607697 -0.205166161 -0.929643983 -0.165597111 0.977183700 0.133002549 -0.094250465 0.225836337 -0.093705848 0.969648004 -1.899900147
111366000 0.840006789 1.493856088 0.500000000 0.500000000 0.000000000 0.000000000 0.955730557 0.199450389 -0.216330051 -0.833152062 -0.170645729 0.974649668 0.144699901 -0.085388777 0.239706457 -0.101378314 0.965537786 -1.699549977
111433000 0.840006789 1.493856088 0.500000000 0.500000000 0.000000000 0.000000000 0.951156914 0.208266005 -0.227872103 -0.742129933 -0.175313905 0.971981704 0.156577721 -0.074197544 0.254097342 -0.108980812 0.961019099 -1.503969996
111499000 0.840006789 1.493856088 0.500000000 0.500000000 0.000000000 0.000000000 0.946218550 0.217174321 -0.239803597 -0.674018972 -0.179731160 0.969171882 0.168530762 -0.049137597 0.269011438 -0.116366774 0.956081390 -1.291569978
111566000 0.840006789 1.493856088 0.500000000 0.500000000 0.000000000 0.000000000 0.940540731 0.227499321 -0.252244443 -0.630222110 -0.184954181 0.965848446 0.181462675 -0.023739150 0.284912556 -0.124019392 0.950496733 -1.083310027
111666000 0.840006789 1.493856088 0.500000000 0.500000000 0.000000000 0.000000000 0.931664526 0.241845429 -0.271131307 -0.544078113 -0.190992743 0.960840821 0.200765580 0.026294687 0.309068233 -0.135262132 0.941371918 -0.802571078
111733000 0.840006789 1.493856088 0.500000000 0.500000000 0.000000000 0.000000000 0.926025510 0.250619799 -0.282252520 -0.491441979 -0.194139123 0.957512081 0.213261962 0.062897637 0.323707849 -0.142689794 0.935335696 -0.614963018
111799000 0.840006789 1.493856088 0.500000000 0.500000000 0.000000000 0.000000000 0.920581043 0.258711040 -0.292573243 -0.460727019 -0.196351275 0.954155982 0.225903824 0.101946996 0.337604314 -0.150515631 0.929176152 -0.424982961
111866000 0.840006789 1.493856088 0.500000000 0.500000000 0.000000000 0.000000000 0.914988756 0.266540498 -0.302905649 -0.429238037 -0.197970897 0.950730026 0.238579035 0.128715026 0.351572424 -0.158330679 0.922674537 -0.265945003
111933000 0.840006789 1.493856088 0.500000000 0.500000000 0.000000000 0.000000000 0.909498215 0.273936123 -0.312685013 -0.395754005 -0.199275792 0.947416544 0.250381619 0.166719963 0.364831567 -0.165410995 0.916262507 -0.102793003
112033000 0.840006789 1.493856088 0.500000000 0.500000000 0.000000000 0.000000000 0.901595116 0.284175724 -0.326144695 -0.357632936 -0.199742749 0.942249238 0.268829286 0.257425970 0.383704364 -0.177230120 0.906289339 0.175006976
112100000 0.840006789 1.493856088 0.500000000 0.500000000 0.000000000 0.000000000 0.895945132 0.290946364 -0.335607827 -0.342945093 -0.199642658 0.938755035 0.280859172 0.322989030 0.396768451 -0.184632838 0.899158299 0.345494067
112167000 0.840006789 1.493856088 0.500000000 0.500000000 0.000000000 0.000000000 0.890117347 0.297839165 -0.344939113 -0.321628028 -0.199591830 0.935214460 0.292467177 0.391945973 0.409700215 -0.191483110 0.891896844 0.504631004
112233000 0.840006789 1.493856088 0.500000000 0.500000000 0.000000000 0.000000000 0.884544969 0.304085910 -0.353711605 -0.276573942 -0.198762417 0.931723893 0.303947508 0.446861022 0.421987712 -0.198550642 0.884592533 0.661138980
112300000 0.840006789 1.493856088 0.500000000 0.500000000 0.000000000 0.000000000 0.879503727 0.309987605 -0.361082911 -0.233844041 -0.198164225 0.928395271 0.314345688 0.511978016 0.432670891 -0.204914495 0.877955556 0.794416052
112367000 0.840006789 1.493856088 0.500000000 0.500000000 0.000000000 0.000000000 0.875116050 0.315193653 -0.367184967 -0.191695909 -0.197184026 0.925194979 0.324241608 0.578179989 0.441916615 -0.211345986 0.871804118 0.931879843
112433000 0.840006789 1.493856088 0.500000000 0.500000000 0.000000000 0.000000000 0.871007979 0.320033222 -0.372725099 -0.134301158 -0.195946664 0.922052622 0.333802223 0.649661971 0.450499922 -0.217710242 0.865824580 1.074450140
112500000 0.840006789 1.493856088 0.500000000 0.500000000 0.000000000 0.000000000 0.866942525 0.324364662 -0.378415644 -0.073325643 -0.193904474 0.918936312 0.343449026 0.707534990 0.459142566 -0.224374145 0.859560609 1.229130001
112567000 0.840006789 1.493856088 0.500000000 0.500000000 0.000000000 0.000000000 0.862897754 0.328144521 -0.384354889 -0.030947257 -0.190538555 0.915643871 0.353965282 0.743305047 0.468083918 -0.232201457 0.852631211 1.408880130
112633000 0.840006789 1.493856088 0.500000000 0.500000000 0.000000000 0.000000000 0.858503819 0.332566708 -0.390346795 0.012956562 -0.188585967 0.912603438 0.362753838 0.781780048 0.476871639 -0.237811670 0.846190989 1.530230270
112700000 0.840006789 1.493856088 0.500000000 0.500000000 0.000000000 0.000000000 0.854015827 0.337370753 -0.396027625 0.055523018 -0.187051043 0.909445286 0.371377349 0.807663079 0.485457301 -0.243084729 0.839786291 1.657400050
112767000 0.840006789 1.493856088 0.500000000 0.500000000 0.000000000 0.000000000 0.849992990 0.341201872 -0.401364356 0.105895890 -0.184226006 0.906320333 0.380321383 0.817116920 0.493531018 -0.249328837 0.833224118 1.815350318
112833000 0.840006789 1.493856088 0.500000000 0.500000000 0.000000000 0.000000000 0.845929027 0.345180869 -0.406514972 0.145156779 -0.181912884 0.903321207 0.388482422 0.835887923 0.501310229 -0.254678339 0.826938450 1.956840296
112900000 0.840006789 1.493856088 0.500000000 0.500000000 0.000000000 0.000000000 0.841852248 0.349344492 -0.411391944 0.165619784 -0.179944813 0.900315762 0.396297246 0.867790942 0.508826852 -0.259595960 0.820795536 2.092420219
112967000 0.840006789 1.493856088 0.500000000 0.500000000 0.000000000 0.000000000 0.837756693 0.353280902 -0.416360945 0.196280879 -0.177610859 0.897341013 0.404021680 0.885601992 0.516350865 -0.264521658 0.814499974 2.251110581
113033000 0.840006789 1.493856088 0.500000000 0.500000000 0.000000000 0.000000000 0.833973408 0.356777996 -0.420948774 0.218673942 -0.175017387 0.894495666 0.411395699 0.889734082 0.523313761 -0.269419700 0.808427930 2.409179896
113100000 0.840006789 1.493856088 0.500000000 0.500000000 0.000000000 0.000000000 0.830344915 0.360227883 -0.425162584 0.251740857 -0.172689274 0.891747296 0.418288469 0.904493038 0.529816747 -0.273902714 0.802665353 2.558000579
113167000 0.840006789 1.493856088 0.500000000 0.500000000 0.000000000 0.000000000 0.826895177 0.363406062 -0.429162621 0.284076813 -0.170504689 0.889242947 0.424470484 0.914411801 0.535884917 -0.277818441 0.797273099 2.720100132
113233000 0.840006789 1.493856088 0.500000000 0.500000000 0.000000000 0.000000000 0.823535204 0.366413474 -0.433048517 0.326491155 -0.168244854 0.886817396 0.430405080 0.937358870 0.541741192 -0.281595528 0.791972518 2.876440049
113300000 0.840006789 1.493856088 0.500000000 0.500000000 0.000000000 0.000000000 0.820775390 0.369020730 -0.436063409 0.352533143 -0.165699393 0.884324849 0.436478168 0.980867101 0.546691239 -0.285995036 0.786978602 3.050189362
113367000 0.840006789 1.493856088 0.500000000 0.500000000 0.000000000 0.000000000 0.817641616 0.371512562 -0.439818442 0.403413428 -0.163002640 0.882059395 0.442042023 1.029140309 0.552170277 -0.289740235 0.781766057 3.208989087
113433000 0.840006789 1.493856088 0.500000000 0.500000000 0.000000000 0.000000000 0.814726472 0.373888731 -0.443201661 0.445388509 -0.160236537 0.879755318 0.447609961 1.077780234 0.557265401 -0.293662429 0.776670575 3.360628493
113500000 0.840006789 1.493856088 0.500000000 0.500000000 0.000000000 0.000000000 0.811795473 0.376411796 -0.446432889 0.485902029 -0.157808021 0.877485633 0.452896982 1.108289862 0.562214196 -0.297209054 0.771739602 3.477590083
113567000 0.840006789 1.493856088 0.500000000 0.500000000 0.000000000 0.000000000 0.809632421 0.378435194 -0.448645204 0.514557781 -0.155339122 0.875284612 0.457981259 1.151989663 0.566008389 -0.301104456 0.767444491 3.565771252
113633000 0.840006789 1.493856088 0.500000000 0.500000000 0.000000000 0.000000000 0.807567239 0.379927218 -0.451099157 0.564582039 -0.152029470 0.873118639 0.463196397 1.210149799 0.569844007 -0.305481911 0.762862146 3.693740000
113700000 0.840006789 1.493856088 0.500000000 0.500000000 0.000000000 0.000000000 0.806182742 0.380917460 -0.452737838 0.596757625 -0.148508042 0.870969176 0.468356967 1.282389462 0.572725952 -0.310346246 0.758729577 3.802451112
113767000 0.840006789 1.493856088 0.500000000 0.500000000 0.000000000 0.000000000 0.804587305 0.382040381 -0.454625875 0.625660741 -0.145074010 0.868835747 0.473368943 1.362039715 0.575841188 -0.314912379 0.754478276 3.902841123
113833000 0.840006789 1.493856088 0.500000000 0.500000000 0.000000000 0.000000000 0.803245485 0.383080721 -0.456120551 0.644386826 -0.141834736 0.866739154 0.478169680 1.456689709 0.578515112 -0.319393992 0.750538468 3.981320624
113900000 0.840006789 1.493856088 0.500000000 0.500000000 0.000000000 0.000000000 0.802099526 0.383381069 -0.457881242 0.667142977 -0.137697756 0.864795804 0.482874155 1.570870074 0.581098616 -0.324263871 0.746443033 4.066529665
113967000 0.840006789 1.493856088 0.500000000 0.500000000 0.000000000 0.000000000 0.800610244 0.383784235 -0.460144103 0.685560154 -0.132978693 0.862605453 0.488086432 1.686970286 0.584242761 -0.329577535 0.741645932 4.210298619
114033000 0.840006789 1.493856088 0.500000000 0.500000000 0.000000000 0.000000000 0.799618602 0.384364545 -0.461383194 0.702464272 -0.129118323 0.860396504 0.492997527 1.821869374 0.586463153 -0.334637165 0.737617493 4.315162215
114100000 0.840006789 1.493856088 0.500000000 0.500000000 0.000000000 0.000000000 0.798764825 0.384887516 -0.462424636 0.716214273 -0.125230476 0.858129382 0.497927189 1.959519756 0.588466048 -0.339817166 0.733643174 4.417291331
114167000 0.840006789 1.493856088 0.500000000 0.500000000 0.000000000 0.000000000 0.797932744 0.385469139 -0.463375747 0.736824347 -0.122005984 0.856151700 0.502114415 2.119759786 0.590269506 -0.344119042 0.730181038 4.452031594
114233000 0.840006789 1.493856088 0.500000000 0.500000000 0.000000000 0.000000000 0.797533572 0.386375189 -0.463307917 0.731396967 -0.119111761 0.853722155 0.506922841 2.295460236 0.591398656 -0.349102497 0.726893961 4.463349186
114300000 0.840006789 1.493856088 0.500000000 0.500000000 0.000000000 0.000000000 0.796942592 0.386412114 -0.464292794 0.745567863 -0.114872783 0.851549447 0.511534452 2.497279753 0.593031526 -0.354328901 0.723024309 4.451508014
114367000 0.840006789 1.493856088 0.500000000 0.500000000 0.000000000 0.000000000 0.796435416 0.386505902 -0.465084970 0.740744252 -0.110232949 0.848991513 0.516780734 2.710980436 0.594591916 -0.360314846 0.718772531 4.453081495
114433000 0.840006789 1.493856088 0.500000000 0.500000000 0.000000000 0.000000000 0.795864344 0.386700422 -0.465899587 0.738276084 -0.105818421 0.846470296 0.521814346 2.938499614 0.596156120 -0.365992576 0.714595616 4.444228747
114500000 0.840006789 1.493856088 0.500000000 0.500000000 0.000000000 0.000000000 0.795389771 0.387209833 -0.466286957 0.740451025 -0.101934984 0.843827665 0.526843488 3.171210149 0.597464859 -0.371514976 0.710642159 4.449729643
