https://www.youtube.com/watch?v=CQDebInAf1I
11833333 0.918789535 1.636200455 0.500000000 0.500000000 0.000000000 0.000000000 0.992652893 -0.040316906 0.114082478 2.125820075 0.037140604 0.998864651 0.029832846 -0.738661024 -0.115155719 -0.025376571 0.993023276 5.230370073
11900000 0.918789535 1.636200455 0.500000000 0.500000000 0.000000000 0.000000000 0.988916874 -0.042108987 0.142373592 2.020220037 0.037861634 0.998757184 0.032412205 -0.657026916 -0.143561482 -0.026662474 0.989282131 4.614069761
11966667 0.918789535 1.636200455 0.500000000 0.500000000 0.000000000 0.000000000 0.984238923 -0.045911334 0.170780286 1.868520045 0.039473176 0.998382926 0.040906716 -0.559255947 -0.172382221 -0.033520747 0.984459639 3.994960675
12033333 0.918789535 1.636200455 0.500000000 0.500000000 0.000000000 0.000000000 0.978566527 -0.051132623 0.199481890 1.681530030 0.042410228 0.997958183 0.047758657 -0.461806067 -0.201516613 -0.038274948 0.978736997 3.415260330
12100000 0.918789535 1.636200455 0.500000000 0.500000000 0.000000000 0.000000000 0.971462071 -0.061592363 0.229058385 1.477909962 0.049696080 0.997116387 0.057351682 -0.346984036 -0.231930286 -0.044331666 0.971721649 2.827259732
12166667 0.918789535 1.636200455 0.500000000 0.500000000 0.000000000 0.000000000 0.963311195 -0.069439195 0.259248435 1.259430211 0.055812459 0.996662796 0.059567202 -0.258099984 -0.262519538 -0.042912472 0.963972032 2.262460307
12233333 0.918789535 1.636200455 0.500000000 0.500000000 0.000000000 0.000000000 0.956849813 -0.078532070 0.279769719 0.982325943 0.063946888 0.996093392 0.060899053 -0.173681982 -0.283459306 -0.040380839 0.958133698 1.743839900
12300000 0.918789535 1.636200455 0.500000000 0.500000000 0.000000000 0.000000000 0.949444532 -0.086300462 0.301839978 0.704020923 0.070863381 0.995573103 0.061746519 -0.103120038 -0.305832535 -0.037235502 0.951356947 1.241850016
12366667 0.918789535 1.636200455 0.500000000 0.500000000 0.000000000 0.000000000 0.939352274 -0.093067355 0.330084622 0.413447054 0.077118345 0.995146871 0.061118871 -0.052766918 -0.334170818 -0.031956591 0.941970646 0.732746128
12433333 0.918789535 1.636200455 0.500000000 0.500000000 0.000000000 0.000000000 0.929347992 -0.092830464 0.357344091 0.118340015 0.076548621 0.995290458 0.059474800 -0.033755600 -0.361182213 -0.027918581 0.932077229 0.245884020
12500000 0.918789535 1.636200455 0.500000000 0.500000000 0.000000000 0.000000000 0.919162512 -0.094052866 0.382484257 -0.191321969 0.075506523 0.995137155 0.063251533 -0.013222205 -0.386573315 -0.029258342 0.921794355 -0.218805947
12566667 0.918789535 1.636200455 0.500000000 0.500000000 0.000000000 0.000000000 0.911692023 -0.094232783 0.399922252 -0.518269005 0.073886991 0.995078266 0.066029891 -0.025203002 -0.404176116 -0.030649880 0.914167523 -0.699566008
12633333 0.918789535 1.636200455 0.500000000 0.500000000 0.000000000 0.000000000 0.903790534 -0.094573371 0.417394727 -0.878697813 0.073016249 0.995053649 0.067356303 -0.034602619 -0.421700269 -0.030399362 0.906225502 -1.159379822
12700000 0.918789535 1.636200455 0.500000000 0.500000000 0.000000000 0.000000000 0.895117879 -0.095757902 0.435424268 -1.265719980 0.072439924 0.994921446 0.069884270 -0.025066113 -0.439904928 -0.031012548 0.897508681 -1.610690004
12766667 0.918789535 1.636200455 0.500000000 0.500000000 0.000000000 0.000000000 0.888258636 -0.096846059 0.449018210 -1.667709699 0.072651729 0.994837761 0.070849195 0.003002453 -0.453561753 -0.030310443 0.890709221 -2.033789723
12833333 0.918789535 1.636200455 0.500000000 0.500000000 0.000000000 0.000000000 0.881209373 -0.097766124 0.462505907 -2.100649721 0.073347889 0.994808853 0.070536934 0.055043188 -0.467001110 -0.028233953 0.883805811 -2.407309608
12900000 0.918789535 1.636200455 0.500000000 0.500000000 0.000000000 0.000000000 0.871591389 -0.100964844 0.479723483 -2.563190138 0.076220989 0.994571328 0.070839137 0.105138984 -0.484271497 -0.025177799 0.874555469 -2.752140288
12966667 0.918789535 1.636200455 0.500000000 0.500000000 0.000000000 0.000000000 0.861279011 -0.099916853 0.498211533 -3.070708866 0.076148398 0.994784355 0.067864098 0.157588953 -0.502393782 -0.020511867 0.864395440 -3.064509451
13033333 0.918789535 1.636200455 0.500000000 0.500000000 0.000000000 0.000000000 0.854328871 -0.098233037 0.510365129 -3.595520568 0.075353108 0.995011389 0.065378025 0.214201026 -0.514241338 -0.017396750 0.857469082 -3.351330282
13100000 0.918789535 1.636200455 0.500000000 0.500000000 0.000000000 0.000000000 0.846204758 -0.095229261 0.524279237 -4.161979251 0.071955867 0.995310545 0.064647369 0.274836059 -0.527976990 -0.016979920 0.849088848 -3.615739709
13166667 0.918789535 1.636200455 0.500000000 0.500000000 0.000000000 0.000000000 0.838792384 -0.094628438 0.536164761 -4.774798921 0.069114238 0.995319784 0.067540884 0.297388045 -0.540046692 -0.019596139 0.841406822 -3.853109211
13233333 0.918789535 1.636200455 0.500000000 0.500000000 0.000000000 0.000000000 0.832501292 -0.093595967 0.546060085 -5.390000833 0.066745669 0.995391428 0.068854667 0.320415096 -0.549988031 -0.020874480 0.834911704 -4.101850556
