https://www.youtube.com/watch?v=VxOdmlcaHiI
71738333 0.950479439 1.690318993 0.500000000 0.500000000 0.000000000 0.000000000 0.003643453 -0.018462911 0.999823153 -2.240570902 0.109291241 0.993847609 0.017954275 -0.565245041 -0.994003356 0.109206468 0.005638897 5.817022864
71805067 0.950479439 1.690318993 0.500000000 0.500000000 0.000000000 0.000000000 -0.011921763 -0.016370654 0.999794722 -2.086219040 0.112862319 0.993454516 0.017612636 -0.592800867 -0.993538976 0.113049150 -0.009996057 5.639918564
71871800 0.950479439 1.690318993 0.500000000 0.500000000 0.000000000 0.000000000 -0.025224805 -0.014146317 0.999582648 -1.950033933 0.116599157 0.993033648 0.016995966 -0.602984520 -0.992859602 0.116979092 -0.023399711 5.445200075
71938533 0.950479439 1.690318993 0.500000000 0.500000000 0.000000000 0.000000000 -0.036511660 -0.011383526 0.999267757 -1.842307568 0.119755484 0.992679536 0.015684217 -0.601418699 -0.992131174 0.120240539 -0.034881115 5.302423552
72005267 0.950479439 1.690318993 0.500000000 0.500000000 0.000000000 0.000000000 -0.046866179 -0.008144673 0.998868465 -1.751791710 0.122290865 0.992397964 0.013829663 -0.589473208 -0.991387606 0.122800574 -0.045513868 5.149214641
72072000 0.950479439 1.690318993 0.500000000 0.500000000 0.000000000 0.000000000 -0.056257010 -0.004740942 0.998404562 -1.664988186 0.124256104 0.992181063 0.011712886 -0.577507759 -0.990653574 0.124716856 -0.055227995 4.987344437
72138733 0.950479439 1.690318993 0.500000000 0.500000000 0.000000000 0.000000000 -0.066223621 -0.001620568 0.997803748 -1.579880797 0.125178963 0.992084622 0.009919304 -0.566686063 -0.989921749 0.125560895 -0.065496564 4.853501900
72272200 0.950479439 1.690318993 0.500000000 0.500000000 0.000000000 0.000000000 -0.088982582 0.004629768 0.996023238 -1.418972531 0.127254277 0.991847098 0.006758180 -0.533429381 -0.987871468 0.127349466 -0.088846326 4.565027475
72338933 0.950479439 1.690318993 0.500000000 0.500000000 0.000000000 0.000000000 -0.104075313 0.006268542 0.994548976 -1.339448462 0.129177302 0.991594851 0.007268015 -0.531042716 -0.986144125 0.129229665 -0.104010344 4.447223996
72405667 0.950479439 1.690318993 0.500000000 0.500000000 0.000000000 0.000000000 -0.120181084 0.007271037 0.992725790 -1.259081093 0.130887657 0.991360068 0.008584399 -0.523574201 -0.984086215 0.130967185 -0.120094419 4.310783729
72539133 0.950479439 1.690318993 0.500000000 0.500000000 0.000000000 0.000000000 -0.153452516 0.005758360 0.988138735 -1.138128969 0.133695513 0.990909100 0.014987733 -0.499957822 -0.979069412 0.134409681 -0.152827382 4.009236365
72605867 0.950479439 1.690318993 0.500000000 0.500000000 0.000000000 0.000000000 -0.169236660 0.002785772 0.985571802 -1.084830394 0.134465545 0.990710557 0.020289313 -0.489558177 -0.976359904 0.135959104 -0.168039083 3.825832700
72672600 0.950479439 1.690318993 0.500000000 0.500000000 0.000000000 0.000000000 -0.184316278 -0.000448503 0.982868195 -1.052992403 0.134726644 0.990549028 0.025717020 -0.462873552 -0.973590732 0.137158424 -0.182513833 3.681599776
72739333 0.950479439 1.690318993 0.500000000 0.500000000 0.000000000 0.000000000 -0.198255897 -0.003728330 0.980143368 -1.028220559 0.134327382 0.990453899 0.030938242 -0.435888995 -0.970902145 0.137793764 -0.195862532 3.519110634
72806067 0.950479439 1.690318993 0.500000000 0.500000000 0.000000000 0.000000000 -0.211786985 -0.006869443 0.977291882 -1.013070485 0.133614957 0.990382254 0.035916880 -0.409451083 -0.968139231 0.138187513 -0.208832264 3.363200889
72872800 0.950479439 1.690318993 0.500000000 0.500000000 0.000000000 0.000000000 -0.225012779 -0.009546515 0.974309146 -1.000480310 0.133427188 0.990230083 0.040516980 -0.386507037 -0.965177000 0.139116168 -0.221540689 3.238880832
72939533 0.950479439 1.690318993 0.500000000 0.500000000 0.000000000 0.000000000 -0.237172961 -0.011835549 0.971394539 -0.983600431 0.133026361 0.990111053 0.044543020 -0.368230772 -0.962315679 0.139785588 -0.233253121 3.082695463
73006267 0.950479439 1.690318993 0.500000000 0.500000000 0.000000000 0.000000000 -0.248491883 -0.013925515 0.968533635 -0.963975367 0.132842749 0.989958763 0.048316389 -0.358833914 -0.959481120 0.140668929 -0.244146705 2.941678149
73073000 0.950479439 1.690318993 0.500000000 0.500000000 0.000000000 0.000000000 -0.258533716 -0.015479963 0.965877235 -0.941887201 0.133142114 0.989757955 0.051500577 -0.353775635 -0.956781924 0.141913727 -0.253824711 2.792924553
73139733 0.950479439 1.690318993 0.500000000 0.500000000 0.000000000 0.000000000 -0.267871022 -0.016457122 0.963314533 -0.921543440 0.134265155 0.989459932 0.054239172 -0.349046078 -0.954053760 0.143868640 -0.262838006 2.655301698
73206467 0.950479439 1.690318993 0.500000000 0.500000000 0.000000000 0.000000000 -0.275962830 -0.017032750 0.961017609 -0.900644398 0.135807812 0.989121199 0.056528978 -0.349717130 -0.951525688 0.146113545 -0.270647526 2.525401142
73273200 0.950479439 1.690318993 0.500000000 0.500000000 0.000000000 0.000000000 -0.282817364 -0.017027888 0.959022462 -0.880259832 0.138407022 0.988653839 0.058370497 -0.346923999 -0.949135125 0.149243653 -0.277251720 2.389499272
73339933 0.950479439 1.690318993 0.500000000 0.500000000 0.000000000 0.000000000 -0.288763762 -0.016969718 0.957249522 -0.862800142 0.140511930 0.988264978 0.059906390 -0.343322770 -0.947032690 0.151803851 -0.282990575 2.249107478
73406667 0.950479439 1.690318993 0.500000000 0.500000000 0.000000000 0.000000000 -0.293431282 -0.017033793 0.955829501 -0.842756701 0.142970592 0.987814665 0.061494414 -0.336517325 -0.945229888 0.154699713 -0.287420392 2.109114513
73473400 0.950479439 1.690318993 0.500000000 0.500000000 0.000000000 0.000000000 -0.297832489 -0.017062560 0.954464734 -0.825933390 0.144910932 0.987445235 0.062870443 -0.324002779 -0.943554342 0.157037377 -0.291620612 1.970316157
73540133 0.950479439 1.690318993 0.500000000 0.500000000 0.000000000 0.000000000 -0.301189303 -0.017474130 0.953403294 -0.811999485 0.147114888 0.987009883 0.064565197 -0.301793783 -0.942146719 0.159706324 -0.294706106 1.847376840
73606867 0.950479439 1.690318993 0.500000000 0.500000000 0.000000000 0.000000000 -0.303819418 -0.017948523 0.952560306 -0.789793692 0.148476943 0.986714423 0.065948866 -0.279465991 -0.941088676 0.161469817 -0.297118068 1.726009167
73673600 0.950479439 1.690318993 0.500000000 0.500000000 0.000000000 0.000000000 -0.306363344 -0.018411025 0.951737463 -0.769474090 0.149392962 0.986493587 0.067172706 -0.251623208 -0.940119684 0.162761986 -0.299474955 1.605372931
73740333 0.950479439 1.690318993 0.500000000 0.500000000 0.000000000 0.000000000 -0.308695078 -0.018900327 0.950973988 -0.752011948 0.150765985 0.986190557 0.068540230 -0.219812137 -0.939136982 0.164532423 -0.301582575 1.473271862
73807067 0.950479439 1.690318993 0.500000000 0.500000000 0.000000000 0.000000000 -0.310514212 -0.019818038 0.950362325 -0.742013175 0.152527019 0.985789239 0.070392303 -0.188445031 -0.938251972 0.166813701 -0.303078771 1.361140419
73873800 0.950479439 1.690318993 0.500000000 0.500000000 0.000000000 0.000000000 -0.312620163 -0.020885341 0.949650049 -0.731156006 0.153284669 0.985545695 0.072135210 -0.168285244 -0.937430143 0.168117449 -0.304900050 1.258913429
73940533 0.950479439 1.690318993 0.500000000 0.500000000 0.000000000 0.000000000 -0.314841866 -0.022248566 0.948884845 -0.723106064 0.154534295 0.985184073 0.074374318 -0.149249231 -0.936480999 0.170051143 -0.306739092 1.147063501
74007267 0.950479439 1.690318993 0.500000000 0.500000000 0.000000000 0.000000000 -0.317264915 -0.023516364 0.948045433 -0.714631186 0.156713277 0.984648228 0.076868638 -0.135580017 -0.935298979 0.172959015 -0.308709025 1.020230329
74074000 0.950479439 1.690318993 0.500000000 0.500000000 0.000000000 0.000000000 -0.319598436 -0.024881698 0.947226167 -0.705555750 0.158810765 0.984108448 0.079434007 -0.129855012 -0.934149742 0.175816715 -0.310568094 0.905941900
74140733 0.950479439 1.690318993 0.500000000 0.500000000 0.000000000 0.000000000 -0.322135806 -0.026371837 0.946326971 -0.693453233 0.160912812 0.983540952 0.082184568 -0.125924083 -0.932918668 0.178750560 -0.312590241 0.806810406
74207467 0.950479439 1.690318993 0.500000000 0.500000000 0.000000000 0.000000000 -0.324993134 -0.027812272 0.945307434 -0.683873153 0.164260224 0.982714593 0.085384876 -0.117183997 -0.931342185 0.183025897 -0.314807057 0.673931172
74274200 0.950479439 1.690318993 0.500000000 0.500000000 0.000000000 0.000000000 -0.327347398 -0.029548347 0.944440782 -0.671069491 0.167738527 0.981818855 0.088856816 -0.101427953 -0.929895341 0.187506378 -0.316439390 0.538905802
74340933 0.950479439 1.690318993 0.500000000 0.500000000 0.000000000 0.000000000 -0.330145478 -0.031551011 0.943402469 -0.662355851 0.170325756 0.981044590 0.092415743 -0.091628302 -0.928435743 0.191196412 -0.318513513 0.413815957
74407667 0.950479439 1.690318993 0.500000000 0.500000000 0.000000000 0.000000000 -0.332340956 -0.033951603 0.942548931 -0.652731109 0.172965378 0.980209291 0.096295342 -0.064312610 -0.927164614 0.195031032 -0.319891334 0.289594586
74474400 0.950479439 1.690318993 0.500000000 0.500000000 0.000000000 0.000000000 -0.334571481 -0.035802171 0.941689909 -0.641386802 0.174626917 0.979615986 0.099287033 -0.042944313 -0.926049173 0.197663039 -0.321499586 0.168140978
74541133 0.950479439 1.690318993 0.500000000 0.500000000 0.000000000 0.000000000 -0.337326884 -0.037279494 0.940650821 -0.640793015 0.176451921 0.979002118 0.102076665 -0.008691104 -0.924704552 0.200412497 -0.323665738 0.039858523
74607867 0.950479439 1.690318993 0.500000000 0.500000000 0.000000000 0.000000000 -0.339483857 -0.038235128 0.939835131 -0.633912881 0.178113759 0.978483200 0.104144976 0.027587649 -0.923594892 0.202752963 -0.325369000 -0.077635815
74674600 0.950479439 1.690318993 0.500000000 0.500000000 0.000000000 0.000000000 -0.341343999 -0.038975269 0.939131320 -0.615237538 0.178988814 0.978161931 0.105651632 0.058800828 -0.922740281 0.204157278 -0.326913595 -0.187588445
74741333 0.950479439 1.690318993 0.500000000 0.500000000 0.000000000 0.000000000 -0.343558669 -0.039276212 0.938309669 -0.585834132 0.179012328 0.978067219 0.106485099 0.082595015 -0.921912313 0.204552859 -0.328992605 -0.271264071
74808067 0.950479439 1.690318993 0.500000000 0.500000000 0.000000000 0.000000000 -0.345930815 -0.038705796 0.937462389 -0.551415150 0.180088848 0.977832377 0.106826633 0.103550153 -0.920815885 0.205780923 -0.331291914 -0.386544770
74874800 0.950479439 1.690318993 0.500000000 0.500000000 0.000000000 0.000000000 -0.347706795 -0.037463449 0.936854601 -0.506243005 0.180066884 0.977933168 0.105936661 0.122789963 -0.920149922 0.205531403 -0.333288074 -0.498856939
74941533 0.950479439 1.690318993 0.500000000 0.500000000 0.000000000 0.000000000 -0.348826170 -0.035860762 0.936502397 -0.458414112 0.180434719 0.978003144 0.104657680 0.145225236 -0.919655383 0.205484599 -0.334682584 -0.629517522
75008267 0.950479439 1.690318993 0.500000000 0.500000000 0.000000000 0.000000000 -0.349343538 -0.033446684 0.936396599 -0.394520233 0.180651620 0.978208661 0.102336362 0.164809794 -0.919414043 0.204912320 -0.335688710 -0.721085575
75075000 0.950479439 1.690318993 0.500000000 0.500000000 0.000000000 0.000000000 -0.349169374 -0.030550458 0.936561465 -0.313186104 0.181946993 0.978236437 0.099743456 0.179474007 -0.919225812 0.205231905 -0.336011529 -0.844001059
75141733 0.950479439 1.690318993 0.500000000 0.500000000 0.000000000 0.000000000 -0.348203301 -0.027316034 0.937022269 -0.224971586 0.182921678 0.978380382 0.096496359 0.199318327 -0.919400156 0.205001757 -0.335678577 -0.967444401
75208467 0.950479439 1.690318993 0.500000000 0.500000000 0.000000000 0.000000000 -0.345592499 -0.024164654 0.938072026 -0.131582544 0.184299171 0.978450716 0.093102120 0.242032629 -0.920106947 0.205061585 -0.333691716 -1.092166798
75275200 0.950479439 1.690318993 0.500000000 0.500000000 0.000000000 0.000000000 -0.341456652 -0.020341754 0.939678848 -0.031477213 0.184685335 0.978823066 0.088299140 0.283451342 -0.921575487 0.203694925 -0.330468774 -1.181503130
75341933 0.950479439 1.690318993 0.500000000 0.500000000 0.000000000 0.000000000 -0.336230874 -0.015999280 0.941644669 0.068132435 0.184758693 0.979305744 0.082610428 0.324427245 -0.923479795 0.201753020 -0.326316833 -1.291272452
75408667 0.950479439 1.690318993 0.500000000 0.500000000 0.000000000 0.000000000 -0.329488754 -0.011453837 0.944090545 0.164442176 0.184281856 0.979914963 0.076202996 0.358037139 -0.926001251 0.199086696 -0.320760250 -1.404881455
75475400 0.950479439 1.690318993 0.500000000 0.500000000 0.000000000 0.000000000 -0.318620443 -0.007384218 0.947852731 0.264759679 0.183686703 0.980532944 0.069385171 0.390219782 -0.929913163 0.196215630 -0.311061502 -1.529057399
75542133 0.950479439 1.690318993 0.500000000 0.500000000 0.000000000 0.000000000 -0.306555271 -0.007230170 0.951824665 0.366382481 0.183716953 0.980719090 0.066619672 0.417841825 -0.933954239 0.195289075 -0.299316287 -1.637787653
75608867 0.950479439 1.690318993 0.500000000 0.500000000 0.000000000 0.000000000 -0.295253038 -0.008315094 0.955382943 0.470705982 0.183769792 0.980796039 0.065328769 0.441426039 -0.937579036 0.194859028 -0.288054943 -1.744370118
75675600 0.950479439 1.690318993 0.500000000 0.500000000 0.000000000 0.000000000 -0.285325170 -0.010762140 0.958369911 0.571012432 0.183539659 0.980817139 0.065657549 0.455037900 -0.940692246 0.194632709 -0.277876496 -1.858938380
75742333 0.950479439 1.690318993 0.500000000 0.500000000 0.000000000 0.000000000 -0.277262330 -0.013903588 0.960695267 0.669926006 0.183303446 0.980763972 0.067096286 0.471027537 -0.943148255 0.194701701 -0.269380331 -1.981666427
75809067 0.950479439 1.690318993 0.500000000 0.500000000 0.000000000 0.000000000 -0.270130992 -0.017150290 0.962671697 0.771030460 0.182679892 0.980766952 0.068733551 0.484871238 -0.945335329 0.194427669 -0.261802554 -2.097623241
75875800 0.950479439 1.690318993 0.500000000 0.500000000 0.000000000 0.000000000 -0.264307022 -0.020270124 0.964224935 0.874229123 0.182016775 0.980764031 0.070511140 0.499565781 -0.947106361 0.194141835 -0.255533338 -2.209807376
75942533 0.950479439 1.690318993 0.500000000 0.500000000 0.000000000 0.000000000 -0.258972049 -0.023006462 0.965610445 0.981354156 0.180696338 0.980912268 0.071832940 0.509889858 -0.948831737 0.193085060 -0.249871612 -2.332178414
76009267 0.950479439 1.690318993 0.500000000 0.500000000 0.000000000 0.000000000 -0.253125668 -0.025398046 0.967100799 1.093901917 0.180008084 0.980961800 0.072876684 0.522749360 -0.950539887 0.192532748 -0.243734837 -2.479154171
76076000 0.950479439 1.690318993 0.500000000 0.500000000 0.000000000 0.000000000 -0.247490764 -0.027712092 0.968495309 1.203533322 0.178797334 0.981117010 0.073763207 0.535260610 -0.952251375 0.191419795 -0.237862587 -2.607397545
76142733 0.950479439 1.690318993 0.500000000 0.500000000 0.000000000 0.000000000 -0.240688562 -0.029875115 0.970142782 1.308090451 0.178033888 0.981208801 0.074385352 0.554240074 -0.954134881 0.190621942 -0.230846882 -2.733441047
76209467 0.950479439 1.690318993 0.500000000 0.500000000 0.000000000 0.000000000 -0.233206153 -0.031502210 0.971916735 1.411329538 0.177529216 0.981298864 0.074403517 0.573558932 -0.956084669 0.189895004 -0.223252416 -2.857859250
76276200 0.950479439 1.690318993 0.500000000 0.500000000 0.000000000 0.000000000 -0.224794388 -0.032985881 0.973846674 1.518706846 0.177308902 0.981356442 0.074168846 0.583996447 -0.958137274 0.189344659 -0.214754701 -2.974923904
76342933 0.950479439 1.690318993 0.500000000 0.500000000 0.000000000 0.000000000 -0.214554310 -0.034593418 0.976099789 1.631631665 0.177291736 0.981391072 0.073750973 0.587478198 -0.960486948 0.188877910 -0.204428554 -3.089123286
76409667 0.950479439 1.690318993 0.500000000 0.500000000 0.000000000 0.000000000 -0.202337146 -0.035803609 0.978660226 1.754896870 0.177941352 0.981352568 0.072691448 0.584245500 -0.963013291 0.188852519 -0.192193151 -3.190013999
76476400 0.950479439 1.690318993 0.500000000 0.500000000 0.000000000 0.000000000 -0.187043905 -0.037102707 0.981649995 1.884547372 0.179599047 0.981152296 0.071304828 0.581218706 -0.965793729 0.189640671 -0.176854849 -3.298495635
76543133 0.950479439 1.690318993 0.500000000 0.500000000 0.000000000 0.000000000 -0.167974591 -0.038190715 0.985052824 2.028526389 0.180747747 0.981115997 0.068859622 0.569318817 -0.969080925 0.189612404 -0.157899737 -3.386300587
76609867 0.950479439 1.690318993 0.500000000 0.500000000 0.000000000 0.000000000 -0.145188689 -0.039275609 0.988624394 2.186031103 0.182425141 0.981017888 0.065764219 0.556008139 -0.972441137 0.189898103 -0.135267854 -3.468021694
76676600 0.950479439 1.690318993 0.500000000 0.500000000 0.000000000 0.000000000 -0.119251370 -0.039682820 0.992071450 2.363062887 0.183591291 0.981088758 0.061311923 0.533065359 -0.975743115 0.189447045 -0.109710693 -3.543254381
76743333 0.950479439 1.690318993 0.500000000 0.500000000 0.000000000 0.000000000 -0.090983868 -0.039809518 0.995056331 2.552749892 0.184688717 0.981192231 0.056142032 0.497492941 -0.978576481 0.188883707 -0.081920266 -3.635789768
76810067 0.950479439 1.690318993 0.500000000 0.500000000 0.000000000 0.000000000 -0.057800889 -0.040383957 0.997511804 2.781064547 0.186574370 0.981140435 0.050532125 0.478904355 -0.980739892 0.189030766 -0.049176216 -3.691596280
76876800 0.950479439 1.690318993 0.500000000 0.500000000 0.000000000 0.000000000 -0.020370722 -0.040108792 0.998987198 3.035127633 0.188638926 0.981094241 0.043237068 0.463251724 -0.981834769 0.189328760 -0.012419581 -3.710996772
76943533 0.950479439 1.690318993 0.500000000 0.500000000 0.000000000 0.000000000 0.015238881 -0.038397744 0.999145985 3.287627944 0.191162899 0.980941832 0.034782611 0.451770909 -0.981439710 0.190469682 0.022288680 -3.715487791
77010267 0.950479439 1.690318993 0.500000000 0.500000000 0.000000000 0.000000000 0.047401905 -0.035362169 0.998248518 3.530791548 0.192569837 0.980949104 0.025605358 0.431300708 -0.980136454 0.191019088 0.053308547 -3.717160949
77077000 0.950479439 1.690318993 0.500000000 0.500000000 0.000000000 0.000000000 0.074378490 -0.031673022 0.996727407 3.745233258 0.193147629 0.981026530 0.016760834 0.405078178 -0.978346884 0.191268772 0.079084814 -3.713903188
77143733 0.950479439 1.690318993 0.500000000 0.500000000 0.000000000 0.000000000 0.095968723 -0.028541356 0.994974971 3.931019040 0.193074614 0.981137872 0.009521730 0.369300924 -0.976479411 0.191190630 0.099669218 -3.695159087
