https://www.youtube.com/watch?v=i4ofu2tV9mY
253966667 0.884520447 1.581673599 0.500000000 0.500000000 0.000000000 0.000000000 0.999819338 -0.004607004 0.018442385 -3.795920297 0.004635380 0.999988139 -0.001496170 -5.722099693 -0.018435273 0.001581387 0.999828815 1.489210046
254000000 0.884520447 1.581673599 0.500000000 0.500000000 0.000000000 0.000000000 0.999813259 -0.003868994 0.018933503 -3.469170073 0.003861682 0.999992430 0.000422729 -5.205269809 -0.018934997 -0.000349535 0.999820650 1.258489994
254033333 0.884520447 1.581673599 0.500000000 0.500000000 0.000000000 0.000000000 0.999822438 -0.003228414 0.018565755 -3.123150106 0.003172131 0.999990284 0.003060159 -4.699309735 -0.018575456 -0.003000722 0.999822974 1.081699987
254066667 0.884520447 1.581673599 0.500000000 0.500000000 0.000000000 0.000000000 0.999842048 -0.002154869 0.017642654 -2.777130017 0.002044786 0.999978364 0.006255218 -4.186690082 -0.017655753 -0.006218154 0.999824762 0.936465904
254100000 0.884520447 1.581673599 0.500000000 0.500000000 0.000000000 0.000000000 0.999859154 -0.001215125 0.016740283 -2.417020050 0.001058206 0.999955475 0.009379406 -3.655519935 -0.016750934 -0.009360370 0.999815881 0.787771001
254133333 0.884520447 1.581673599 0.500000000 0.500000000 0.000000000 0.000000000 0.999866247 -0.000145914 0.016353462 -2.070779923 -0.000040420 0.999935091 0.011393261 -3.070780221 -0.016354062 -0.011392399 0.999801338 0.606562912
254166667 0.884520447 1.581673599 0.500000000 0.500000000 0.000000000 0.000000000 0.999860883 -0.000032508 0.016679628 -1.763990027 -0.000220845 0.999884665 0.015187303 -2.562459831 -0.016678197 -0.015188873 0.999745548 0.490954007
254200000 0.884520447 1.581673599 0.500000000 0.500000000 0.000000000 0.000000000 0.999877751 0.000950351 0.015608927 -1.419379927 -0.001234028 0.999834061 0.018174490 -2.014930161 -0.015589066 -0.018191529 0.999713004 0.429627048
254233333 0.884520447 1.581673599 0.500000000 0.500000000 0.000000000 0.000000000 0.999879003 0.001478350 0.015484429 -1.097860033 -0.001798359 0.999784648 0.020672988 -1.456580002 -0.015450533 -0.020698335 0.999666393 0.335674014
254266667 0.884520447 1.581673599 0.500000000 0.500000000 0.000000000 0.000000000 0.999896228 0.001588665 0.014319678 -0.708550009 -0.001931190 0.999711573 0.023937870 -0.926553940 -0.014277519 -0.023963038 0.999610901 0.231492011
254300000 0.884520447 1.581673599 0.500000000 0.500000000 0.000000000 0.000000000 0.999895513 0.001198750 0.014406054 -0.340735988 -0.001594968 0.999619901 0.027523616 -0.407058024 -0.014367585 -0.027543718 0.999517322 0.118202998
254333333 0.884520447 1.581673599 0.500000000 0.500000000 0.000000000 0.000000000 0.999899268 0.000679663 0.014175811 0.054182998 -0.001122604 0.999510586 0.031261820 0.117035999 -0.014147625 -0.031274583 0.999410689 -0.037332699
254366667 0.884520447 1.581673599 0.500000000 0.500000000 0.000000000 0.000000000 0.999886632 -0.001620781 0.014970098 0.395469014 0.001072590 0.999331057 0.036554769 0.573577977 -0.015019331 -0.036534570 0.999219537 -0.242531006
254400000 0.884520447 1.581673599 0.500000000 0.500000000 0.000000000 0.000000000 0.999886751 -0.003938007 0.014526811 0.795072986 0.003336040 0.999144018 0.041232232 1.063519892 -0.014676749 -0.041179102 0.999044001 -0.423580980
254433333 0.884520447 1.581673599 0.500000000 0.500000000 0.000000000 0.000000000 0.999850512 -0.007491533 0.015584318 1.128460157 0.006780218 0.998954713 0.045205623 1.588330215 -0.015906686 -0.045093201 0.998856127 -0.620885052
254466667 0.884520447 1.581673599 0.500000000 0.500000000 0.000000000 0.000000000 0.999748886 -0.011811763 0.019042691 1.368489926 0.010835605 0.998661518 0.050574288 2.057039914 -0.019614575 -0.050355248 0.998538733 -0.771743967
254500000 0.884520447 1.581673599 0.500000000 0.500000000 0.000000000 0.000000000 0.999653101 -0.016912403 0.020191070 1.724290074 0.015741376 0.998260856 0.056810919 2.516360002 -0.021116763 -0.056473378 0.998180747 -0.934562940
254533333 0.884520447 1.581673599 0.500000000 0.500000000 0.000000000 0.000000000 0.999432027 -0.022800764 0.024815066 1.960509981 0.021197679 0.997785151 0.063051432 2.973670096 -0.026197722 -0.062489599 0.997701705 -1.122469916
254566667 0.884520447 1.581673599 0.500000000 0.500000000 0.000000000 0.000000000 0.999127448 -0.029624695 0.029440947 2.216709980 0.027486837 0.997130036 0.070541881 3.391670158 -0.031446233 -0.069671087 0.997074246 -1.385829981
254600000 0.884520447 1.581673599 0.500000000 0.500000000 0.000000000 0.000000000 0.998692811 -0.037563145 0.034664471 2.465899933 0.034829125 0.996471703 0.076361172 3.902249906 -0.037410531 -0.075054027 0.996477485 -1.713309955
254633333 0.884520447 1.581673599 0.500000000 0.500000000 0.000000000 0.000000000 0.998145103 -0.046229906 0.039613005 2.733050181 0.042826921 0.995643318 0.082826853 4.414780685 -0.043269496 -0.080976710 0.995776355 -2.070250102
254666667 0.884520447 1.581673599 0.500000000 0.500000000 0.000000000 0.000000000 0.997270644 -0.056510173 0.047516767 2.861809906 0.052060284 0.994564354 0.090174690 4.922710029 -0.052354272 -0.087454841 0.994791806 -2.519780005
