https://www.youtube.com/watch?v=GBmWyLiQSTA
82732656 1.113065201 1.979459418 0.500000000 0.500000000 0.000000000 0.000000000 0.996391237 0.006582978 -0.084623337 2.355709651 -0.005555752 0.999908090 0.012368565 -0.340303042 0.084696978 -0.011853784 0.996336222 5.868699916
82766022 1.113065201 1.979459418 0.500000000 0.500000000 0.000000000 0.000000000 0.995823026 0.007804571 -0.090970404 2.049779890 -0.006605410 0.999887407 0.013475521 -0.291110993 0.091065325 -0.012818337 0.995762408 5.357079862
82799389 1.113065201 1.979459418 0.500000000 0.500000000 0.000000000 0.000000000 0.995218813 0.008682284 -0.097283922 1.756340165 -0.007336189 0.999872446 0.014185930 -0.241384991 0.097394682 -0.013404410 0.995155573 4.845660655
82832756 1.113065201 1.979459418 0.500000000 0.500000000 0.000000000 0.000000000 0.994626701 0.009398934 -0.103098914 1.476369883 -0.007912438 0.999858916 0.014817657 -0.174222010 0.103223637 -0.013922274 0.994560719 4.379789786
82866122 1.113065201 1.979459418 0.500000000 0.500000000 0.000000000 0.000000000 0.993899703 0.010675899 -0.109769605 1.219460007 -0.008998298 0.999835193 0.015766969 -0.121353997 0.109919839 -0.014683046 0.993831992 3.901149969
82899489 1.113065201 1.979459418 0.500000000 0.500000000 0.000000000 0.000000000 0.993147433 0.012259623 -0.116223574 0.986878064 -0.010331277 0.999799013 0.017179627 -0.103933003 0.116410837 -0.015861165 0.993074477 3.401940053
82966222 1.113065201 1.979459418 0.500000000 0.500000000 0.000000000 0.000000000 0.991676569 0.015398048 -0.127830088 0.555622020 -0.013051728 0.999731004 0.019172430 -0.059628794 0.128090918 -0.017344445 0.991610765 2.467180078
83032956 1.113065201 1.979459418 0.500000000 0.500000000 0.000000000 0.000000000 0.990197659 0.017999940 -0.138508290 0.226182012 -0.015237417 0.999663770 0.020979481 -0.030329104 0.138839364 -0.018663326 0.990139067 1.495510007
83099689 1.113065201 1.979459418 0.500000000 0.500000000 0.000000000 0.000000000 0.988789618 0.020766791 -0.147864282 -0.052180611 -0.017729953 0.999604523 0.021826684 -0.011308898 0.148259073 -0.018960372 0.988766789 0.481224010
83133056 1.113065201 1.979459418 0.500000000 0.500000000 0.000000000 0.000000000 0.988004267 0.021795912 -0.152880818 -0.161159007 -0.018654494 0.999584973 0.021952709 0.004608441 0.153295845 -0.018837454 0.988000751 -0.028421801
83166422 1.113065201 1.979459418 0.500000000 0.500000000 0.000000000 0.000000000 0.987188280 0.023047125 -0.157886565 -0.261808019 -0.019764768 0.999555290 0.022328230 0.008636260 0.158330947 -0.018921575 0.987204790 -0.531110988
83199789 1.113065201 1.979459418 0.500000000 0.500000000 0.000000000 0.000000000 0.986212909 0.024455404 -0.163664356 -0.349386046 -0.020947868 0.999513149 0.023123162 -0.000522660 0.164150164 -0.019375941 0.986245036 -1.032639958
83233156 1.113065201 1.979459418 0.500000000 0.500000000 0.000000000 0.000000000 0.985074818 0.025451722 -0.170234621 -0.419726008 -0.021814222 0.999492705 0.023204267 -0.000283061 0.170738846 -0.019144405 0.985130310 -1.537979983
83266522 1.113065201 1.979459418 0.500000000 0.500000000 0.000000000 0.000000000 0.983791292 0.026514752 -0.177346334 -0.487702028 -0.022719314 0.999468029 0.023398202 -0.002776492 0.177872375 -0.018989764 0.983870327 -2.026340013
83299889 1.113065201 1.979459418 0.500000000 0.500000000 0.000000000 0.000000000 0.982174873 0.026852658 -0.186041504 -0.505919960 -0.023002228 0.999474823 0.022824733 0.027728217 0.186556697 -0.018138515 0.982276738 -2.550659653
83333256 1.113065201 1.979459418 0.500000000 0.500000000 0.000000000 0.000000000 0.980451047 0.027575847 -0.194821343 -0.532395082 -0.023549721 0.999459147 0.022952246 0.042688607 0.195348904 -0.017915567 0.980570197 -3.024590308
83366622 1.113065201 1.979459418 0.500000000 0.500000000 0.000000000 0.000000000 0.978393912 0.028509345 -0.204774588 -0.560169010 -0.024316218 0.999440491 0.022964550 0.041571405 0.205314726 -0.017489033 0.978539705 -3.476739682
83399989 1.113065201 1.979459418 0.500000000 0.500000000 0.000000000 0.000000000 0.975646615 0.029240739 -0.217390597 -0.536943941 -0.024881963 0.999431252 0.022761354 0.055312892 0.217932522 -0.016797932 0.975819290 -3.969660005
83433356 1.113065201 1.979459418 0.500000000 0.500000000 0.000000000 0.000000000 0.972647369 0.030520298 -0.230272740 -0.522560967 -0.025803566 0.999391556 0.023467615 0.064005982 0.230848879 -0.016883854 0.972843111 -4.406029827
