https://www.youtube.com/watch?v=33Bf-aG0--g
100500400 0.811058014 1.442374110 0.500000000 0.500000000 0.000000000 0.000000000 0.995439351 -0.016197877 0.094011493 0.708733950 0.011432711 0.998632908 0.051006142 -1.555570079 -0.094709165 -0.049698714 0.994263649 6.255209577
100567133 0.811058014 1.442374110 0.500000000 0.500000000 0.000000000 0.000000000 0.995031118 -0.014056591 0.098566882 0.616205032 0.009901604 0.999046683 0.042517152 -1.531389974 -0.099070556 -0.041329917 0.994221747 5.503530512
100633867 0.811058014 1.442374110 0.500000000 0.500000000 0.000000000 0.000000000 0.993855000 -0.014733545 0.109704688 0.597436104 0.010270515 0.999100745 0.041136727 -1.475569934 -0.110212117 -0.039757222 0.993112624 4.825030456
100700600 0.811058014 1.442374110 0.500000000 0.500000000 0.000000000 0.000000000 0.991408706 -0.007304475 0.130596384 0.542710917 0.002736188 0.999379158 0.035125434 -1.502079874 -0.130771890 -0.034466326 0.990813196 4.088619816
100767333 0.811058014 1.442374110 0.500000000 0.500000000 0.000000000 0.000000000 0.987601817 -0.007098252 0.156819150 0.427529014 0.001669844 0.999395669 0.034720350 -1.446180039 -0.156970844 -0.034028020 0.987016857 3.237979943
100834067 0.811058014 1.442374110 0.500000000 0.500000000 0.000000000 0.000000000 0.983316362 -0.016805610 0.181125581 0.233862074 0.009170311 0.999036849 0.042910047 -1.353930010 -0.181672245 -0.040533178 0.982523441 2.326340269
100900800 0.811058014 1.442374110 0.500000000 0.500000000 0.000000000 0.000000000 0.977951467 -0.034925431 0.205891162 -0.044925927 0.023987610 0.998176932 0.055383880 -1.070790029 -0.207450122 -0.049223918 0.977006376 1.374890057
100967533 0.811058014 1.442374110 0.500000000 0.500000000 0.000000000 0.000000000 0.970290124 -0.054464854 0.235734105 -0.333559948 0.038310528 0.996626794 0.072576642 -0.585393027 -0.238891810 -0.061389297 0.969103694 0.571604010
101034267 0.811058014 1.442374110 0.500000000 0.500000000 0.000000000 0.000000000 0.957603574 -0.065619528 0.280516475 -0.612272057 0.045748193 0.995995224 0.076815836 -0.151116007 -0.284433693 -0.060726009 0.956770539 -0.017013293
101101000 0.811058014 1.442374110 0.500000000 0.500000000 0.000000000 0.000000000 0.950402915 -0.073504232 0.302210748 -0.871993944 0.051824965 0.995514691 0.079149798 0.101857004 -0.306673110 -0.059562117 0.949949384 -0.498554892
101167733 0.811058014 1.442374110 0.500000000 0.500000000 0.000000000 0.000000000 0.949548125 -0.074685179 0.304598957 -1.001590032 0.053722464 0.995610237 0.076642662 0.238585964 -0.308985919 -0.056412101 0.949392140 -0.912609977
101234467 0.811058014 1.442374110 0.500000000 0.500000000 0.000000000 0.000000000 0.946187615 -0.059735015 0.318057954 -1.078090038 0.043372191 0.997357190 0.058287889 0.300336011 -0.320699215 -0.041356415 0.946277857 -1.297360195
101301200 0.811058014 1.442374110 0.500000000 0.500000000 0.000000000 0.000000000 0.944198966 -0.056226153 0.324541122 -1.159340048 0.043179940 0.997948527 0.047267806 0.326211008 -0.326532990 -0.030616540 0.944689810 -1.747930074
101367933 0.811058014 1.442374110 0.500000000 0.500000000 0.000000000 0.000000000 0.941876888 -0.049694072 0.332262546 -1.151469794 0.038026359 0.998413324 0.041530643 0.422498990 -0.333799213 -0.026482020 0.942272127 -2.236549966
101434667 0.811058014 1.442374110 0.500000000 0.500000000 0.000000000 0.000000000 0.942389250 -0.046879426 0.331217110 -1.025589954 0.036182821 0.998607516 0.038391251 0.584918068 -0.332555652 -0.024195131 0.942773223 -2.724100385
101501400 0.811058014 1.442374110 0.500000000 0.500000000 0.000000000 0.000000000 0.943996012 -0.052512057 0.325751603 -0.822622023 0.042719893 0.998396277 0.037146207 0.844148993 -0.327179790 -0.021149807 0.944725394 -3.174779755
101568133 0.811058014 1.442374110 0.500000000 0.500000000 0.000000000 0.000000000 0.945537984 -0.041551679 0.322849065 -0.633725174 0.035110883 0.999051630 0.025750738 1.218520150 -0.323612839 -0.013012794 0.946100116 -3.542330185
101634867 0.811058014 1.442374110 0.500000000 0.500000000 0.000000000 0.000000000 0.940150976 -0.056631029 0.336019427 -0.534586993 0.050207861 0.998352349 0.027780384 1.484320053 -0.337039024 -0.009246930 0.941445231 -3.844629731
101701600 0.811058014 1.442374110 0.500000000 0.500000000 0.000000000 0.000000000 0.924141228 -0.063725844 0.376699030 -0.428714312 0.066666514 0.997761548 0.005240052 1.784989958 -0.376189709 0.020270638 0.926320970 -4.010540662
101768333 0.811058014 1.442374110 0.500000000 0.500000000 0.000000000 0.000000000 0.902121305 -0.063125879 0.426839739 -0.621015713 0.080699757 0.996468663 -0.023189027 1.940619815 -0.423868626 0.055365201 0.904029846 -4.392399080
