https://www.youtube.com/watch?v=fQPKix8NSoQ
23400000 0.951756775 1.692590780 0.500000000 0.500000000 0.000000000 0.000000000 0.999954104 0.009401198 -0.001853595 0.086473898 -0.009292236 0.998606563 0.051947474 -0.733740947 0.002339381 -0.051927865 0.998648107 6.027630080
23466667 0.951756775 1.692590780 0.500000000 0.500000000 0.000000000 0.000000000 0.999966860 0.006801656 -0.004472863 0.076140794 -0.006563025 0.998658657 0.051359769 -0.729690123 0.004816195 -0.051328715 0.998670220 5.823900941
23533333 0.951756775 1.692590780 0.500000000 0.500000000 0.000000000 0.000000000 0.999958158 0.004160325 -0.008146110 0.065108688 -0.003739500 0.998691142 0.051010359 -0.724185105 0.008347667 -0.050977763 0.998664916 5.634450037
23600000 0.951756775 1.692590780 0.500000000 0.500000000 0.000000000 0.000000000 0.999902070 0.000867598 -0.013967376 0.051471099 -0.000168897 0.998751819 0.049947385 -0.703903036 0.013993276 -0.049940135 0.998654187 5.442669869
23666667 0.951756775 1.692590780 0.500000000 0.500000000 0.000000000 0.000000000 0.999754727 -0.002785462 -0.021970063 0.044179999 0.003873633 0.998759449 0.049643748 -0.661717991 0.021804530 -0.049716674 0.998525321 5.288539818
23733333 0.951756775 1.692590780 0.500000000 0.500000000 0.000000000 0.000000000 0.999522567 -0.005694675 -0.030368524 -0.000494740 0.007194859 0.998747170 0.049521174 -0.633352005 0.030048469 -0.049716029 0.998311281 5.039970117
23800000 0.951756775 1.692590780 0.500000000 0.500000000 0.000000000 0.000000000 0.999229670 -0.008196560 -0.038378853 -0.030849280 0.010082333 0.998737931 0.049202874 -0.607395037 0.037927125 -0.049551919 0.998051167 4.841909623
23866667 0.951756775 1.692590780 0.500000000 0.500000000 0.000000000 0.000000000 0.998921514 -0.009668808 -0.045413118 -0.054901072 0.011888117 0.998735070 0.048856355 -0.566670026 0.044883292 -0.049343541 0.997772872 4.643179621
23933333 0.951756775 1.692590780 0.500000000 0.500000000 0.000000000 0.000000000 0.998582006 -0.009956762 -0.052295685 -0.078080220 0.012544407 0.998700857 0.049388196 -0.534932031 0.051735997 -0.049974184 0.997409642 4.437990287
24000000 0.951756775 1.692590780 0.500000000 0.500000000 0.000000000 0.000000000 0.998269141 -0.009520414 -0.058035009 -0.094405595 0.012428734 0.998673856 0.049960103 -0.510381003 0.057482406 -0.050594930 0.997063637 4.236919579
24066667 0.951756775 1.692590780 0.500000000 0.500000000 0.000000000 0.000000000 0.997991204 -0.008699639 -0.062752947 -0.102016000 0.011905983 0.998632610 0.050903156 -0.496552996 0.062224302 -0.051548034 0.996730149 4.020050160
24133333 0.951756775 1.692590780 0.500000000 0.500000000 0.000000000 0.000000000 0.997787833 -0.007065509 -0.066102371 -0.113057014 0.010486176 0.998615623 0.051545057 -0.481467978 0.065646663 -0.052124191 0.996480584 3.784249919
24200000 0.951756775 1.692590780 0.500000000 0.500000000 0.000000000 0.000000000 0.997602403 -0.005067960 -0.069019638 -0.104377987 0.008682247 0.998600602 0.052167200 -0.461716978 0.068658672 -0.052641369 0.996250391 3.605879763
24266667 0.951756775 1.692590780 0.500000000 0.500000000 0.000000000 0.000000000 0.997514188 -0.002959640 -0.070403807 -0.090362504 0.006696975 0.998576939 0.052907612 -0.439014968 0.070147030 -0.053247590 0.996114492 3.406040106
24333333 0.951756775 1.692590780 0.500000000 0.500000000 0.000000000 0.000000000 0.997445464 0.000063680 -0.071431711 -0.093708319 0.003795697 0.998539567 0.053891841 -0.412671007 0.071330816 -0.054025304 0.995988548 3.158559963
24400000 0.951756775 1.692590780 0.500000000 0.500000000 0.000000000 0.000000000 0.997428477 0.002244876 -0.071634069 -0.078355180 0.001598396 0.998563945 0.053549100 -0.378150971 0.071651414 -0.053525899 0.995992482 2.976389879
24466667 0.951756775 1.692590780 0.500000000 0.500000000 0.000000000 0.000000000 0.997426271 0.004274625 -0.071571819 -0.064630920 -0.000444891 0.998570979 0.053439680 -0.342245007 0.071697973 -0.053270299 0.996002853 2.756419876
24533333 0.951756775 1.692590780 0.500000000 0.500000000 0.000000000 0.000000000 0.997381508 0.006140376 -0.072058655 -0.043992214 -0.002348127 0.998613179 0.052594367 -0.307695999 0.072281666 -0.052287448 0.996012747 2.598750036
24600000 0.951756775 1.692590780 0.500000000 0.500000000 0.000000000 0.000000000 0.997384250 0.008003701 -0.071837515 -0.024205888 -0.004306507 0.998665035 0.051474176 -0.288340981 0.072153598 -0.051030166 0.996087253 2.414239873
24666667 0.951756775 1.692590780 0.500000000 0.500000000 0.000000000 0.000000000 0.997292817 0.009716508 -0.072888121 -0.007664321 -0.006119453 0.998759747 0.049412362 -0.264463022 0.073277831 -0.048832558 0.996115327 2.195300137
24733333 0.951756775 1.692590780 0.500000000 0.500000000 0.000000000 0.000000000 0.997184992 0.011341335 -0.074118041 0.004091233 -0.007804429 0.998824716 0.047836445 -0.257764028 0.074573465 -0.047123335 0.996101499 1.959759913
24800000 0.951756775 1.692590780 0.500000000 0.500000000 0.000000000 0.000000000 0.997037828 0.012568346 -0.075878851 0.030119485 -0.009092190 0.998900771 0.045984797 -0.248813006 0.076373391 -0.045158677 0.996056139 1.793490083
24866667 0.951756775 1.692590780 0.500000000 0.500000000 0.000000000 0.000000000 0.996825516 0.013729550 -0.078424126 0.053595011 -0.010347426 0.999005437 0.043370768 -0.225154964 0.078941599 -0.042421602 0.995976210 1.567299942
24933333 0.951756775 1.692590780 0.500000000 0.500000000 0.000000000 0.000000000 0.996523738 0.014983440 -0.081950940 0.064891912 -0.011577895 0.999055803 0.041874345 -0.203112014 0.082500987 -0.040779959 0.995756269 1.347579951
25000000 0.951756775 1.692590780 0.500000000 0.500000000 0.000000000 0.000000000 0.996184886 0.015824459 -0.085821167 0.079801896 -0.012459757 0.999137878 0.039600898 -0.170443997 0.086373836 -0.038380507 0.995523214 1.158279975
25066667 0.951756775 1.692590780 0.500000000 0.500000000 0.000000000 0.000000000 0.995775998 0.016587211 -0.090305440 0.085431218 -0.013175458 0.999181509 0.038246069 -0.131236988 0.090865918 -0.036894698 0.995179474 0.980130963
25133333 0.951756775 1.692590780 0.500000000 0.500000000 0.000000000 0.000000000 0.995285392 0.017176025 -0.095456637 0.092699501 -0.013760926 0.999245465 0.036320332 -0.100207012 0.096008442 -0.034835529 0.994770765 0.761097984
25200000 0.951756775 1.692590780 0.500000000 0.500000000 0.000000000 0.000000000 0.994761884 0.017554184 -0.100700855 0.100111996 -0.014243880 0.999337256 0.033498008 -0.074729100 0.101222143 -0.031888168 0.994352639 0.544220987
25266667 0.951756775 1.692590780 0.500000000 0.500000000 0.000000000 0.000000000 0.994155407 0.018070379 -0.106435195 0.104938008 -0.014860312 0.999412775 0.030876143 -0.055492104 0.106930628 -0.029114025 0.993840158 0.295718004
25333333 0.951756775 1.692590780 0.500000000 0.500000000 0.000000000 0.000000000 0.993501186 0.018564427 -0.112297669 0.106363994 -0.015549494 0.999496341 0.027664281 -0.042322799 0.112754673 -0.025738321 0.993289411 0.045274699
25400000 0.951756775 1.692590780 0.500000000 0.500000000 0.000000000 0.000000000 0.992828488 0.019068563 -0.118017063 0.109268005 -0.016272554 0.999564707 0.024610063 -0.015093700 0.118434966 -0.022513134 0.992706537 -0.179114001
25466667 0.951756775 1.692590780 0.500000000 0.500000000 0.000000000 0.000000000 0.992120624 0.019976588 -0.123683654 0.116066010 -0.017389914 0.999607623 0.021958113 0.003217091 0.124073766 -0.019634251 0.992078722 -0.394021999
25533333 0.951756775 1.692590780 0.500000000 0.500000000 0.000000000 0.000000000 0.991440833 0.020810546 -0.128887609 0.125676013 -0.018546110 0.999652267 0.018744554 0.038391095 0.129232869 -0.016193755 0.991482019 -0.626910014
25600000 0.951756775 1.692590780 0.500000000 0.500000000 0.000000000 0.000000000 0.990663350 0.021521330 -0.134621531 0.132985000 -0.019594125 0.999685943 0.015624457 0.072431406 0.134915501 -0.012840788 0.990773916 -0.801299048
25666667 0.951756775 1.692590780 0.500000000 0.500000000 0.000000000 0.000000000 0.989812732 0.022338944 -0.140612081 0.155893001 -0.020902744 0.999713242 0.011682766 0.118718001 0.140832737 -0.008624572 0.989995837 -1.006440058
25733333 0.951756775 1.692590780 0.500000000 0.500000000 0.000000000 0.000000000 0.988787472 0.023242440 -0.147509634 0.173001032 -0.022441581 0.999723017 0.007091379 0.161860990 0.147633582 -0.003701516 0.989035189 -1.188240004
25800000 0.951756775 1.692590780 0.500000000 0.500000000 0.000000000 0.000000000 0.987575293 0.024475070 -0.155229017 0.202317983 -0.024445465 0.999698937 0.002099898 0.206608983 0.155233696 0.001720838 0.987876296 -1.363420080
25866667 0.951756775 1.692590780 0.500000000 0.500000000 0.000000000 0.000000000 0.986117482 0.026631137 -0.163899556 0.237016002 -0.027318118 0.999624908 -0.001938545 0.232951995 0.163786456 0.006389062 0.986475110 -1.579810018
25933333 0.951756775 1.692590780 0.500000000 0.500000000 0.000000000 0.000000000 0.984455466 0.028183904 -0.173358321 0.277079043 -0.029836636 0.999530733 -0.006934550 0.267798995 0.173081517 0.011999184 0.984834433 -1.790150156
26000000 0.951756775 1.692590780 0.500000000 0.500000000 0.000000000 0.000000000 0.982581794 0.030166402 -0.183365867 0.323267991 -0.032647215 0.999411523 -0.010524908 0.291992976 0.182940468 0.016327970 0.982988417 -1.974110067
26133333 0.951756775 1.692590780 0.500000000 0.500000000 0.000000000 0.000000000 0.977025509 0.032337662 -0.210654795 0.432553064 -0.036488984 0.999208391 -0.015848691 0.376114993 0.209975511 0.023171159 0.977432013 -2.337229839
26300000 0.951756775 1.692590780 0.500000000 0.500000000 0.000000000 0.000000000 0.969743252 0.034030702 -0.241743386 0.596856984 -0.040415127 0.998951674 -0.021499118 0.500033061 0.240758330 0.030618718 0.970102012 -2.845890009
26366667 0.951756775 1.692590780 0.500000000 0.500000000 0.000000000 0.000000000 0.967516661 0.034701195 -0.250414371 0.654175000 -0.041860644 0.998851299 -0.023319485 0.546226981 0.249317497 0.033044498 0.967857838 -2.989709856
26433333 0.951756775 1.692590780 0.500000000 0.500000000 0.000000000 0.000000000 0.965721548 0.035510644 -0.257139981 0.701246939 -0.043179385 0.998773336 -0.024236534 0.579092096 0.255963922 0.034508880 0.966070235 -3.110310271
26500000 0.951756775 1.692590780 0.500000000 0.500000000 0.000000000 0.000000000 0.964326680 0.036324833 -0.262210906 0.739748931 -0.044450771 0.998695612 -0.025123334 0.610964014 0.260956287 0.035882577 0.964683473 -3.267569828
26566667 0.951756775 1.692590780 0.500000000 0.500000000 0.000000000 0.000000000 0.963119984 0.037185594 -0.266490400 0.774770849 -0.045731544 0.998617113 -0.025932614 0.643632976 0.265157580 0.037163239 0.963488638 -3.444739880
26633333 0.951756775 1.692590780 0.500000000 0.500000000 0.000000000 0.000000000 0.962188423 0.038581524 -0.269638389 0.801847939 -0.047386859 0.998532414 -0.026220974 0.672761007 0.268231004 0.038006838 0.962604582 -3.608859682
26700000 0.951756775 1.692590780 0.500000000 0.500000000 0.000000000 0.000000000 0.961356759 0.040236466 -0.272349536 0.832156070 -0.049243532 0.998440087 -0.026315091 0.706329042 0.270865858 0.038709641 0.961838484 -3.762440077
26766667 0.951756775 1.692590780 0.500000000 0.500000000 0.000000000 0.000000000 0.960649133 0.041178074 -0.274695456 0.863446063 -0.050366405 0.998379767 -0.026476903 0.751460006 0.273160100 0.039270438 0.961166680 -3.950479804
26833333 0.951756775 1.692590780 0.500000000 0.500000000 0.000000000 0.000000000 0.959551632 0.042759936 -0.278266400 0.899039977 -0.052088570 0.998298347 -0.026214048 0.791401001 0.276671976 0.039648242 0.960146129 -4.157179813
26900000 0.951756775 1.692590780 0.500000000 0.500000000 0.000000000 0.000000000 0.958182395 0.043982215 -0.282758027 0.937687832 -0.053457774 0.998234689 -0.025879828 0.830936019 0.281120628 0.039913204 0.958842099 -4.294319843
26966667 0.951756775 1.692590780 0.500000000 0.500000000 0.000000000 0.000000000 0.956037879 0.045599062 -0.289676368 0.988554160 -0.055614900 0.998102307 -0.026434423 0.880700020 0.287921250 0.041382626 0.956759572 -4.461569803
27033333 0.951756775 1.692590780 0.500000000 0.500000000 0.000000000 0.000000000 0.952810884 0.047596674 -0.299809992 1.055420011 -0.058163602 0.997957528 -0.026414899 0.921155001 0.297940373 0.042606428 0.953633189 -4.585289598
27100000 0.951756775 1.692590780 0.500000000 0.500000000 0.000000000 0.000000000 0.948548675 0.050450619 -0.312586337 1.131779960 -0.061482672 0.997781575 -0.025530919 0.956369032 0.310604841 0.043435954 0.949546218 -4.693990190
27200000 0.951756775 1.692590780 0.500000000 0.500000000 0.000000000 0.000000000 0.940006018 0.055648223 -0.336588681 1.276630195 -0.067759737 0.997404873 -0.024334617 1.009430099 0.334361017 0.045681842 0.941337287 -4.896580556
27366667 0.951756775 1.692590780 0.500000000 0.500000000 0.000000000 0.000000000 0.920721531 0.067820549 -0.384281486 1.620899959 -0.081915796 0.996430218 -0.020409994 1.085369875 0.381525487 0.050270647 0.922990322 -5.227699994
27500000 0.951756775 1.692590780 0.500000000 0.500000000 0.000000000 0.000000000 0.902351141 0.080349430 -0.423445582 1.960479386 -0.094588891 0.995435655 -0.012680942 1.110849729 0.420493901 0.051495947 0.905832708 -5.534028883
27566667 0.951756775 1.692590780 0.500000000 0.500000000 0.000000000 0.000000000 0.893022954 0.086581513 -0.441603392 2.121970020 -0.100919336 0.994853616 -0.009029249 1.134929818 0.438548952 0.052629665 0.897164881 -5.650259237
27633333 0.951756775 1.692590780 0.500000000 0.500000000 0.000000000 0.000000000 0.884023428 0.092323728 -0.458234429 2.265179872 -0.106365509 0.994315207 -0.004868051 1.156839706 0.455179989 0.053043835 0.888817966 -5.785959124
27766667 0.951756775 1.692590780 0.500000000 0.500000000 0.000000000 0.000000000 0.866128743 0.101983011 -0.489305824 2.544529223 -0.114544630 0.993408799 0.004292704 1.177209495 0.486518472 0.052329380 0.872101545 -5.999947770
