https://www.youtube.com/watch?v=ITmAgg-GIVw
19280000 0.748667869 1.348016927 0.500000000 0.500000000 0.000000000 0.000000000 0.998994589 -0.020642655 0.039796203 0.822905013 0.020979719 0.999747336 -0.008070755 2.278860237 -0.039619543 0.008897553 0.999175251 -3.072050259
19360000 0.748667869 1.348016927 0.500000000 0.500000000 0.000000000 0.000000000 0.999070227 -0.019959951 0.038213108 0.709111988 0.020947477 0.999452293 -0.025619030 1.978400011 -0.037680823 0.026395679 0.998941123 -2.928539830
19440000 0.748667869 1.348016927 0.500000000 0.500000000 0.000000000 0.000000000 0.999211729 -0.019588554 0.034527931 0.592430973 0.021053242 0.998871207 -0.042580139 1.717860031 -0.033654872 0.043273497 0.998496234 -2.806950218
19520000 0.748667869 1.348016927 0.500000000 0.500000000 0.000000000 0.000000000 0.999459326 -0.015611429 0.028936652 0.490895021 0.017215051 0.998281002 -0.056024183 1.467079978 -0.028012292 0.056492034 0.998009980 -2.679099982
19600000 0.748667869 1.348016927 0.500000000 0.500000000 0.000000000 0.000000000 0.999644876 -0.015348174 0.021785406 0.379587023 0.016719598 0.997794867 -0.064232506 1.245519899 -0.020751515 0.064573936 0.997697115 -2.527509685
19680000 0.748667869 1.348016927 0.500000000 0.500000000 0.000000000 0.000000000 0.999787867 -0.013477311 0.015574837 0.273885983 0.014590896 0.997170091 -0.073748998 1.014689984 -0.014536824 0.073960610 0.997155190 -2.379229934
19760000 0.748667869 1.348016927 0.500000000 0.500000000 0.000000000 0.000000000 0.999847233 -0.014256557 0.010111434 0.169910993 0.015046048 0.996447563 -0.082860567 0.801850074 -0.008894207 0.083000042 0.996509850 -2.241410138
19840000 0.748667869 1.348016927 0.500000000 0.500000000 0.000000000 0.000000000 0.999857128 -0.015934920 0.005640612 0.084023906 0.016382923 0.995702326 -0.091150895 0.590288947 -0.004163888 0.091230288 0.995821118 -2.099319851
19920000 0.748667869 1.348016927 0.500000000 0.500000000 0.000000000 0.000000000 0.999848247 -0.017346369 0.001619907 -0.003358376 0.017421523 0.994933546 -0.099013790 0.395789014 0.000105828 0.099026978 0.995084763 -1.964230134
20000000 0.748667869 1.348016927 0.500000000 0.500000000 0.000000000 0.000000000 0.999889731 -0.014688824 -0.002189767 -0.087753901 0.014370617 0.994165659 -0.106902644 0.238078021 0.003747266 0.106859386 0.994267106 -1.820280064
20080000 0.748667869 1.348016927 0.500000000 0.500000000 0.000000000 0.000000000 0.999913871 -0.011795338 -0.005756143 -0.165563996 0.011071147 0.993558586 -0.112777725 0.096917912 0.007049317 0.112704277 0.993603587 -1.670850126
20160000 0.748667869 1.348016927 0.500000000 0.500000000 0.000000000 0.000000000 0.999897540 -0.011607478 -0.008374098 -0.244070992 0.010543353 0.993014574 -0.117519893 -0.021891011 0.009679710 0.117419563 0.993035197 -1.533909932
20240000 0.748667869 1.348016927 0.500000000 0.500000000 0.000000000 0.000000000 0.999884427 -0.011610177 -0.009816729 -0.334240005 0.010326431 0.992476940 -0.121995494 -0.124384979 0.011159265 0.121880025 0.992482126 -1.393470208
20320000 0.748667869 1.348016927 0.500000000 0.500000000 0.000000000 0.000000000 0.999866784 -0.011766816 -0.011313671 -0.416228013 0.010243316 0.991928279 -0.126385808 -0.209127997 0.012709510 0.126253068 0.991916656 -1.242669990
20400000 0.748667869 1.348016927 0.500000000 0.500000000 0.000000000 0.000000000 0.999859929 -0.009761082 -0.013596633 -0.482069981 0.007921781 0.991572857 -0.129307911 -0.289783005 0.014744237 0.129182085 0.991511285 -1.086470135
20480000 0.748667869 1.348016927 0.500000000 0.500000000 0.000000000 0.000000000 0.999837041 -0.010489318 -0.014691871 -0.555981980 0.008470622 0.991307795 -0.131290346 -0.334439009 0.015941313 0.131144494 0.991235077 -0.908903023
20560000 0.748667869 1.348016927 0.500000000 0.500000000 0.000000000 0.000000000 0.999828577 -0.009696625 -0.015772779 -0.622237021 0.007544035 0.991324127 -0.131223306 -0.364579005 0.016908359 0.131081834 0.991227329 -0.671964022
20640000 0.748667869 1.348016927 0.500000000 0.500000000 0.000000000 0.000000000 0.999837697 -0.011716555 -0.013687176 -0.634363069 0.009825082 0.991346598 -0.130902067 -0.370128012 0.015102458 0.130746350 0.991300821 -0.345494974
20720000 0.748667869 1.348016927 0.500000000 0.500000000 0.000000000 0.000000000 0.999873936 -0.013813910 -0.007830068 -0.616181070 0.012681241 0.991459906 -0.129793882 -0.380858018 0.009556161 0.129678220 0.991510093 0.087024409
20800000 0.748667869 1.348016927 0.500000000 0.500000000 0.000000000 0.000000000 0.999866724 -0.016322650 0.000297710 -0.548955065 0.016223509 0.991429329 -0.129632980 -0.470239042 0.001820795 0.129620522 0.991562009 0.646642026
20880000 0.748667869 1.348016927 0.500000000 0.500000000 0.000000000 0.000000000 0.999784350 -0.015587353 0.013721514 -0.439444991 0.017253451 0.991214931 -0.131130710 -0.584845988 -0.011556988 0.131339177 0.991270125 1.342639997
20960000 0.748667869 1.348016927 0.500000000 0.500000000 0.000000000 0.000000000 0.999401271 -0.017571665 0.029805835 -0.262707013 0.021377884 0.990937233 -0.132613659 -0.749535072 -0.027205467 0.133171439 0.990719557 2.170250042
21040000 0.748667869 1.348016927 0.500000000 0.500000000 0.000000000 0.000000000 0.998608410 -0.017230181 0.049843386 -0.028740481 0.023857849 0.990476966 -0.135595784 -0.941277038 -0.047032386 0.136596248 0.989509702 3.126160117
21120000 0.748667869 1.348016927 0.500000000 0.500000000 0.000000000 0.000000000 0.996640921 -0.023853108 0.078345098 0.309942068 0.034599967 0.989712775 -0.138821840 -1.204489983 -0.074227802 0.141066253 0.987213492 4.208429717
21200000 0.748667869 1.348016927 0.500000000 0.500000000 0.000000000 0.000000000 0.993546665 -0.027104996 0.110138021 0.774626978 0.043405324 0.987972021 -0.148415804 -1.520969914 -0.104790471 0.152238607 0.982772768 5.403159802
