https://www.youtube.com/watch?v=UGGY1quKq1M
221280000 0.641734127 1.149110667 0.500000000 0.500000000 0.000000000 0.000000000 0.999542534 -0.017898329 -0.024380906 -5.884560491 0.018051516 0.999818563 0.006077545 -0.548088022 0.024267705 -0.006514877 0.999684274 -0.182688016
221360000 0.641734127 1.149110667 0.500000000 0.500000000 0.000000000 0.000000000 0.999070287 -0.018918015 -0.038738437 -5.524300179 0.019172437 0.999796927 0.006206725 -0.484599001 0.038613148 -0.006943665 0.999230087 -0.274683985
221440000 0.641734127 1.149110667 0.500000000 0.500000000 0.000000000 0.000000000 0.998329222 -0.019937715 -0.054233491 -5.134200042 0.020349158 0.999768138 0.007044855 -0.395673028 0.054080456 -0.008136691 0.998503447 -0.309592982
221520000 0.641734127 1.149110667 0.500000000 0.500000000 0.000000000 0.000000000 0.997296810 -0.020850619 -0.070457660 -4.722089514 0.021375721 0.999749005 0.006706931 -0.265958003 0.070300139 -0.008194884 0.997492194 -0.332756004
221600000 0.641734127 1.149110667 0.500000000 0.500000000 0.000000000 0.000000000 0.995858252 -0.022083435 -0.088196851 -4.269689971 0.022759747 0.999718726 0.006669826 -0.124750004 0.088024743 -0.008649538 0.996080756 -0.313160958
221680000 0.641734127 1.149110667 0.500000000 0.500000000 0.000000000 0.000000000 0.993814886 -0.023374375 -0.108561620 -3.832039972 0.024176016 0.999689281 0.006073744 0.019763813 0.108385921 -0.008660764 0.994071186 -0.299297006
221760000 0.641734127 1.149110667 0.500000000 0.500000000 0.000000000 0.000000000 0.991317511 -0.024496106 -0.129188150 -3.432220099 0.025566818 0.999651074 0.006635843 0.141895982 0.128980517 -0.009881159 0.991597891 -0.285297995
221840000 0.641734127 1.149110667 0.500000000 0.500000000 0.000000000 0.000000000 0.988444448 -0.025488287 -0.149425060 -3.048539850 0.026856463 0.999613762 0.007145234 0.226592015 0.149185240 -0.011075700 0.988747239 -0.271964051
221920000 0.641734127 1.149110667 0.500000000 0.500000000 0.000000000 0.000000000 0.985010445 -0.027472172 -0.170292929 -2.657170182 0.029086821 0.999552429 0.006993512 0.277293011 0.170024589 -0.011841966 0.985368669 -0.249640037
222000000 0.641734127 1.149110667 0.500000000 0.500000000 0.000000000 0.000000000 0.981082261 -0.029044067 -0.191400096 -2.227479828 0.030871058 0.999501765 0.006569743 0.303344000 0.191113934 -0.012354182 0.981490135 -0.247376002
222080000 0.641734127 1.149110667 0.500000000 0.500000000 0.000000000 0.000000000 0.976621330 -0.030817859 -0.212746531 -1.761680138 0.032933854 0.999436975 0.006408548 0.292522032 0.212429255 -0.013265286 0.977086425 -0.236409003
222160000 0.641734127 1.149110667 0.500000000 0.500000000 0.000000000 0.000000000 0.971584260 -0.032629870 -0.234434038 -1.258050053 0.034892090 0.999375939 0.005507315 0.285246032 0.234108031 -0.013530716 0.972116411 -0.248063016
222240000 0.641734127 1.149110667 0.500000000 0.500000000 0.000000000 0.000000000 0.966061592 -0.034691989 -0.255971819 -0.705637065 0.037466437 0.999280035 0.005968906 0.270909962 0.255580455 -0.015356673 0.966665864 -0.262871027
222320000 0.641734127 1.149110667 0.500000000 0.500000000 0.000000000 0.000000000 0.959982753 -0.036539610 -0.277665287 -0.131239001 0.039911661 0.999182045 0.006499855 0.266340994 0.277200669 -0.017321829 0.960655928 -0.234574020
222400000 0.641734127 1.149110667 0.500000000 0.500000000 0.000000000 0.000000000 0.953229904 -0.038305420 -0.299808860 0.461182964 0.042299803 0.999081552 0.006841672 0.246656007 0.299271405 -0.019203549 0.953974724 -0.151542020
222480000 0.641734127 1.149110667 0.500000000 0.500000000 0.000000000 0.000000000 0.945901394 -0.040209215 -0.321953237 1.029910087 0.044957895 0.998962045 0.007324855 0.220419986 0.321324527 -0.021402922 0.946727276 -0.024031807
222560000 0.641734127 1.149110667 0.500000000 0.500000000 0.000000000 0.000000000 0.938253284 -0.042500034 -0.343328774 1.572850144 0.047926083 0.998824000 0.007330454 0.166367991 0.342613459 -0.023332208 0.939186752 0.166436001
222640000 0.641734127 1.149110667 0.500000000 0.500000000 0.000000000 0.000000000 0.930452347 -0.044428207 -0.363709599 2.071030117 0.050353989 0.998708129 0.006821877 0.115634993 0.362936646 -0.024661645 0.931487441 0.418098032
222720000 0.641734127 1.149110667 0.500000000 0.500000000 0.000000000 0.000000000 0.922446847 -0.046480495 -0.383316219 2.504979907 0.052935649 0.998578012 0.006302669 0.064323804 0.382478178 -0.026104975 0.923595667 0.708021953
222800000 0.641734127 1.149110667 0.500000000 0.500000000 0.000000000 0.000000000 0.914344609 -0.048675828 -0.402000785 2.903280152 0.055654816 0.998433828 0.005691750 0.007889701 0.401094139 -0.027577495 0.915621638 1.025520010
222880000 0.641734127 1.149110667 0.500000000 0.500000000 0.000000000 0.000000000 0.907396555 -0.050313242 -0.417253137 3.304450146 0.057493545 0.998335063 0.004649410 -0.033793606 0.416324496 -0.028208198 0.908778489 1.363620086
222960000 0.641734127 1.149110667 0.500000000 0.500000000 0.000000000 0.000000000 0.901226163 -0.052108429 -0.430204839 3.709200147 0.059415571 0.998227000 0.003558378 -0.064197493 0.429256648 -0.028767750 0.902724385 1.731890179
223040000 0.641734127 1.149110667 0.500000000 0.500000000 0.000000000 0.000000000 0.895475566 -0.053664502 -0.441863626 4.140849472 0.061144967 0.998125255 0.002692971 -0.077866008 0.440890759 -0.029429242 0.897078156 2.140569864
223120000 0.641734127 1.149110667 0.500000000 0.500000000 0.000000000 0.000000000 0.890080631 -0.055786312 -0.452376366 4.591850049 0.062613234 0.998037875 0.000119315 -0.091133012 0.451482058 -0.028430952 0.891827106 2.519119830
223200000 0.641734127 1.149110667 0.500000000 0.500000000 0.000000000 0.000000000 0.884799719 -0.057438947 -0.462417513 5.058418925 0.064614125 0.997910261 -0.000320849 -0.131994041 0.461469620 -0.029594846 0.886662126 2.901599380
223280000 0.641734127 1.149110667 0.500000000 0.500000000 0.000000000 0.000000000 0.879166305 -0.059197444 -0.472823858 5.497440501 0.066266432 0.997800529 -0.001708934 -0.171618975 0.471885026 -0.029829899 0.881155372 3.259320232
