https://www.youtube.com/watch?v=j2kmbq0crug
36903533 0.985994084 1.755879963 0.500000000 0.500000000 0.000000000 0.000000000 0.999775767 -0.017306665 0.012201034 -1.876370014 0.017057898 0.999650300 0.020206576 -0.627196007 -0.012546477 -0.019993922 0.999721348 5.669720313
36970267 0.985994084 1.755879963 0.500000000 0.500000000 0.000000000 0.000000000 0.999669731 -0.018302301 0.018041398 -1.687530143 0.018075710 0.999756694 0.012643651 -0.613349981 -0.018268418 -0.012313363 0.999757290 5.180890089
37037000 0.985994084 1.755879963 0.500000000 0.500000000 0.000000000 0.000000000 0.999591410 -0.018755568 0.021568395 -1.510280024 0.018729771 0.999823630 0.001397477 -0.635335059 -0.021590803 -0.000992935 0.999766409 4.733990465
37103733 0.985994084 1.755879963 0.500000000 0.500000000 0.000000000 0.000000000 0.999418318 -0.020071594 0.027571123 -1.336840071 0.020322504 0.999754310 -0.008850552 -0.661581976 -0.027386703 0.009405719 0.999580681 4.311090477
37170467 0.985994084 1.755879963 0.500000000 0.500000000 0.000000000 0.000000000 0.999220431 -0.022735089 0.032273889 -1.181020041 0.023242518 0.999610662 -0.015435460 -0.675843987 -0.031910397 0.016173553 0.999359846 3.904179761
37237200 0.985994084 1.755879963 0.500000000 0.500000000 0.000000000 0.000000000 0.999049664 -0.026161196 0.034861796 -1.041049964 0.026769789 0.999495268 -0.017106395 -0.662832063 -0.034396678 0.018023383 0.999245703 3.476279943
37303933 0.985994084 1.755879963 0.500000000 0.500000000 0.000000000 0.000000000 0.999007225 -0.027591633 0.034975935 -0.910888045 0.028101845 0.999504447 -0.014180740 -0.619023941 -0.034567330 0.015149551 0.999287546 3.052330185
37370667 0.985994084 1.755879963 0.500000000 0.500000000 0.000000000 0.000000000 0.999050617 -0.026330218 0.034707688 -0.800024987 0.026564527 0.999627233 -0.006307113 -0.546947012 -0.034528680 0.007223118 0.999377608 2.643990186
37437400 0.985994084 1.755879963 0.500000000 0.500000000 0.000000000 0.000000000 0.999145865 -0.022673713 0.034546018 -0.690062941 0.022522124 0.999734938 0.004770956 -0.435943979 -0.034645036 -0.003988831 0.999391735 2.218699939
37504133 0.985994084 1.755879963 0.500000000 0.500000000 0.000000000 0.000000000 0.999155641 -0.022702375 0.034243077 -0.565016975 0.022172807 0.999629855 0.015766261 -0.318291029 -0.034588329 -0.014993683 0.999289155 1.830670031
37570867 0.985994084 1.755879963 0.500000000 0.500000000 0.000000000 0.000000000 0.999122262 -0.027208326 0.031850185 -0.424509984 0.026394045 0.999320865 0.025713252 -0.235634988 -0.032528166 -0.024850028 0.999161839 1.409080052
37637600 0.985994084 1.755879963 0.500000000 0.500000000 0.000000000 0.000000000 0.999223292 -0.029360088 0.026284052 -0.300599044 0.028479675 0.999040663 0.033266176 -0.141275004 -0.027235536 -0.032491777 0.999100864 0.926625026
37704333 0.985994084 1.755879963 0.500000000 0.500000000 0.000000000 0.000000000 0.999511063 -0.022371145 0.021845199 -0.196953008 0.021596404 0.999151170 0.035079118 -0.048288601 -0.022611417 -0.034590188 0.999145746 0.510878958
37771067 0.985994084 1.755879963 0.500000000 0.500000000 0.000000000 0.000000000 0.999771953 -0.010818367 0.018413024 -0.088640002 0.010244324 0.999467194 0.030989809 0.041487799 -0.018738473 -0.030794112 0.999350071 0.091817903
37837800 0.985994084 1.755879963 0.500000000 0.500000000 0.000000000 0.000000000 0.999933124 -0.002816080 0.011217409 0.041793500 0.002567260 0.999751687 0.022134613 0.098524989 -0.011276956 -0.022104334 0.999692082 -0.353983028
37904533 0.985994084 1.755879963 0.500000000 0.500000000 0.000000000 0.000000000 0.999987602 -0.004906787 -0.000878023 0.183989019 0.004917346 0.999910295 0.012457471 0.104525002 0.000816818 -0.012461634 0.999922037 -0.849397014
37971267 0.985994084 1.755879963 0.500000000 0.500000000 0.000000000 0.000000000 0.999905527 -0.010088272 -0.009333372 0.331391949 0.010155160 0.999922872 0.007147111 0.118014984 0.009260550 -0.007241217 0.999930918 -1.303550039
38038000 0.985994084 1.755879963 0.500000000 0.500000000 0.000000000 0.000000000 0.999846280 -0.012598398 -0.012193821 0.471316002 0.012694159 0.999888957 0.007807902 0.129347987 0.012094101 -0.007961492 0.999895155 -1.694460075
38104733 0.985994084 1.755879963 0.500000000 0.500000000 0.000000000 0.000000000 0.999845326 -0.010720404 -0.013943447 0.600776955 0.010883145 0.999872923 0.011648530 0.147378001 0.013816798 -0.011798477 0.999834955 -2.180659823
38171467 0.985994084 1.755879963 0.500000000 0.500000000 0.000000000 0.000000000 0.999889970 -0.006068765 -0.013534660 0.712623944 0.006288841 0.999847710 0.016277341 0.167191981 0.013433816 -0.016360668 0.999775887 -2.638009854
38238200 0.985994084 1.755879963 0.500000000 0.500000000 0.000000000 0.000000000 0.999920070 -0.004839215 -0.011680665 0.813249998 0.005076711 0.999779224 0.020389095 0.206110993 0.011579419 -0.020446766 0.999723911 -3.035060053
38304933 0.985994084 1.755879963 0.500000000 0.500000000 0.000000000 0.000000000 0.999823749 -0.011470706 -0.014861554 0.928076997 0.011864846 0.999572814 0.026709797 0.256702020 0.014548825 -0.026881421 0.999532759 -3.546960313
38371667 0.985994084 1.755879963 0.500000000 0.500000000 0.000000000 0.000000000 0.999591470 -0.020907383 -0.019487873 1.052389943 0.021613404 0.999090672 0.036751218 0.330555963 0.018701781 -0.037157401 0.999134421 -3.985240044
38438400 0.985994084 1.755879963 0.500000000 0.500000000 0.000000000 0.000000000 0.999434769 -0.026393475 -0.020821676 1.160789926 0.027389327 0.998418808 0.049088504 0.386991980 0.019493137 -0.049631048 0.998577356 -4.406989992
38505133 0.985994084 1.755879963 0.500000000 0.500000000 0.000000000 0.000000000 0.999537230 -0.024372872 -0.018202933 1.242380131 0.025391839 0.997992396 0.058020655 0.455815991 0.016752260 -0.058456007 0.998149395 -4.828799710
38571867 0.985994084 1.755879963 0.500000000 0.500000000 0.000000000 0.000000000 0.999723911 -0.018638810 -0.014306740 1.324260020 0.019438485 0.998129845 0.057956412 0.539124024 0.013199746 -0.058218516 0.998216569 -5.163459341
38638600 0.985994084 1.755879963 0.500000000 0.500000000 0.000000000 0.000000000 0.999694884 -0.016601328 -0.018290611 1.449290069 0.017521102 0.998528004 0.051330380 0.611455963 0.017411536 -0.051635191 0.998514235 -5.613140033
38705333 0.985994084 1.755879963 0.500000000 0.500000000 0.000000000 0.000000000 0.999480128 -0.018380810 -0.026487969 1.598379880 0.019486379 0.998923242 0.042103268 0.685241972 0.025685556 -0.042597532 0.998762071 -6.000489981
