https://www.youtube.com/watch?v=SuOJQh9qVis
127877756 0.845947803 1.508549015 0.500000000 0.500000000 0.000000000 0.000000000 0.998584211 0.019621080 -0.049442992 -3.178159933 -0.020228012 0.999725699 -0.011805021 0.216278999 0.049197800 0.012788442 0.998707175 -3.581650244
127911122 0.845947803 1.508549015 0.500000000 0.500000000 0.000000000 0.000000000 0.998209298 0.021770945 -0.055715792 -3.093490166 -0.022489486 0.999671400 -0.012302143 0.229100010 0.055429652 0.013533133 0.998370886 -3.608690173
127944489 0.845947803 1.508549015 0.500000000 0.500000000 0.000000000 0.000000000 0.997778714 0.023870220 -0.062191896 -3.006040052 -0.024701690 0.999615014 -0.012634947 0.241289992 0.061866358 0.014143127 0.997984231 -3.632689979
127977856 0.845947803 1.508549015 0.500000000 0.500000000 0.000000000 0.000000000 0.997327983 0.025985891 -0.068276465 -2.924630001 -0.026917873 0.999556124 -0.012765621 0.252268997 0.067914426 0.014569369 0.997584760 -3.650299991
128011222 0.845947803 1.508549015 0.500000000 0.500000000 0.000000000 0.000000000 0.996865690 0.028118396 -0.073946938 -2.855970083 -0.029152492 0.999491215 -0.012942133 0.270373003 0.073545396 0.015057305 0.997178197 -3.663080158
128044589 0.845947803 1.508549015 0.500000000 0.500000000 0.000000000 0.000000000 0.996343911 0.030245164 -0.079900496 -2.787410121 -0.031379249 0.999423325 -0.012976144 0.289517999 0.079461955 0.015435922 0.996718407 -3.672440355
128077956 0.845947803 1.508549015 0.500000000 0.500000000 0.000000000 0.000000000 0.995792270 0.032338109 -0.085744023 -2.721679902 -0.033556383 0.999354780 -0.012804907 0.303427004 0.085274607 0.015628288 0.996234894 -3.683209828
128111322 0.845947803 1.508549015 0.500000000 0.500000000 0.000000000 0.000000000 0.995222569 0.034730576 -0.091246165 -2.657420187 -0.036083117 0.999261439 -0.013214904 0.322281010 0.090719812 0.016444219 0.995740652 -3.693909638
128144689 0.845947803 1.508549015 0.500000000 0.500000000 0.000000000 0.000000000 0.994637012 0.036926251 -0.096610673 -2.596019844 -0.038390424 0.999173760 -0.013340114 0.347320014 0.096038245 0.016977493 0.995232880 -3.700620051
128178056 0.845947803 1.508549015 0.500000000 0.500000000 0.000000000 0.000000000 0.994001269 0.038904674 -0.102215096 -2.527580086 -0.040428646 0.999099433 -0.012879592 0.361977030 0.101621971 0.016934751 0.994678915 -3.699739657
128211422 0.845947803 1.508549015 0.500000000 0.500000000 0.000000000 0.000000000 0.993380070 0.040912576 -0.107341617 -2.462190036 -0.042519487 0.999014616 -0.012723400 0.380077020 0.106715292 0.017203279 0.994140804 -3.694860244
128244789 0.845947803 1.508549015 0.500000000 0.500000000 0.000000000 0.000000000 0.992745101 0.042611223 -0.112434223 -2.398350084 -0.044276353 0.998942912 -0.012353480 0.390541960 0.111788973 0.017242035 0.993582368 -3.691550080
128278156 0.845947803 1.508549015 0.500000000 0.500000000 0.000000000 0.000000000 0.992076874 0.044576831 -0.117458135 -2.332500008 -0.046325594 0.998851895 -0.012199200 0.399187994 0.116779476 0.017543865 0.993002892 -3.684179943
128311522 0.845947803 1.508549015 0.500000000 0.500000000 0.000000000 0.000000000 0.991396070 0.046534926 -0.122345239 -2.268779862 -0.048345685 0.998760104 -0.011872078 0.408961011 0.121641070 0.017684799 0.992416620 -3.674300277
128344889 0.845947803 1.508549015 0.500000000 0.500000000 0.000000000 0.000000000 0.990658998 0.048299432 -0.127522156 -2.196969879 -0.050148487 0.998677552 -0.011327374 0.411446021 0.126806393 0.017616604 0.991771042 -3.659000040
128378256 0.845947803 1.508549015 0.500000000 0.500000000 0.000000000 0.000000000 0.989895701 0.050195877 -0.132615492 -2.127680012 -0.052092109 0.998583138 -0.010865984 0.415673957 0.131882176 0.017664412 0.991108000 -3.641609686
128411622 0.845947803 1.508549015 0.500000000 0.500000000 0.000000000 0.000000000 0.989089966 0.052036989 -0.137815684 -2.053200022 -0.054046419 0.998479187 -0.010876251 0.421364032 0.137040138 0.018206038 0.990398169 -3.621990208
128444989 0.845947803 1.508549015 0.500000000 0.500000000 0.000000000 0.000000000 0.988317013 0.054093145 -0.142490208 -1.988420276 -0.056156144 0.998366833 -0.010493851 0.432928016 0.141689867 0.018372949 0.989740610 -3.598490088
128478356 0.845947803 1.508549015 0.500000000 0.500000000 0.000000000 0.000000000 0.987423301 0.055764813 -0.147937432 -1.912529922 -0.057829488 0.998279452 -0.009688633 0.435555016 0.147142604 0.018121935 0.988949239 -3.570739894
128511722 0.845947803 1.508549015 0.500000000 0.500000000 0.000000000 0.000000000 0.986522853 0.057646766 -0.153132528 -1.840870064 -0.059741385 0.998172343 -0.009108685 0.439037046 0.152327567 0.018134268 0.988163710 -3.544380039
128545089 0.845947803 1.508549015 0.500000000 0.500000000 0.000000000 0.000000000 0.985579193 0.059656944 -0.158349946 -1.769419992 -0.061860401 0.998044074 -0.009018403 0.445424999 0.157502219 0.018683944 0.987341881 -3.520330188
128578456 0.845947803 1.508549015 0.500000000 0.500000000 0.000000000 0.000000000 0.984543145 0.061701879 -0.163913637 -1.691199945 -0.063926086 0.997919917 -0.008324208 0.443311012 0.163059056 0.018673902 0.986439586 -3.496850045
128611822 0.845947803 1.508549015 0.500000000 0.500000000 0.000000000 0.000000000 0.983466089 0.063525893 -0.169584602 -1.607510076 -0.065717421 0.997811317 -0.007335545 0.437859017 0.168747425 0.018358922 0.985488355 -3.469290065
128645189 0.845947803 1.508549015 0.500000000 0.500000000 0.000000000 0.000000000 0.982345283 0.065545782 -0.175218329 -1.521049975 -0.067754120 0.997679949 -0.006644493 0.436293028 0.174376294 0.018398942 0.984507203 -3.436210192
128678556 0.845947803 1.508549015 0.500000000 0.500000000 0.000000000 0.000000000 0.981250584 0.067472525 -0.180540353 -1.432630014 -0.069699369 0.997549951 -0.006011606 0.434832013 0.179692388 0.018482430 0.983549237 -3.397490293
128711922 0.845947803 1.508549015 0.500000000 0.500000000 0.000000000 0.000000000 0.980126739 0.069313660 -0.185868755 -1.345780030 -0.071549818 0.997422695 -0.005341761 0.434653957 0.185019448 0.018534483 0.982560039 -3.353829680
128745289 0.845947803 1.508549015 0.500000000 0.500000000 0.000000000 0.000000000 0.979030788 0.071077093 -0.190910339 -1.261730128 -0.073330477 0.997296333 -0.004755478 0.435365956 0.190056175 0.018655319 0.981595933 -3.305909834
128778656 0.845947803 1.508549015 0.500000000 0.500000000 0.000000000 0.000000000 0.977902949 0.072856583 -0.195953280 -1.182259952 -0.075138815 0.997164130 -0.004228034 0.435087996 0.195089549 0.018858317 0.980604112 -3.257010022
128812022 0.845947803 1.508549015 0.500000000 0.500000000 0.000000000 0.000000000 0.976801395 0.074593388 -0.200735956 -1.103680057 -0.076905333 0.997031391 -0.003732650 0.432812947 0.199861616 0.019083720 0.979638278 -3.207829933
128845389 0.845947803 1.508549015 0.500000000 0.500000000 0.000000000 0.000000000 0.975715220 0.076107502 -0.205395803 -1.029180016 -0.078383133 0.996918917 -0.002953332 0.426048994 0.204538181 0.018981175 0.978674531 -3.154170145
128878756 0.845947803 1.508549015 0.500000000 0.500000000 0.000000000 0.000000000 0.974589169 0.077619493 -0.210121796 -0.950806152 -0.079855457 0.996804118 -0.002164612 0.420624031 0.209282264 0.018888975 0.977672815 -3.098740153
128912122 0.845947803 1.508549015 0.500000000 0.500000000 0.000000000 0.000000000 0.973567486 0.079134315 -0.214252368 -0.882857944 -0.081364989 0.996683061 -0.001598449 0.422691924 0.213415220 0.018988853 0.976777017 -3.041820066
128945489 0.845947803 1.508549015 0.500000000 0.500000000 0.000000000 0.000000000 0.972505867 0.080717310 -0.218442351 -0.818529047 -0.082941532 0.996553898 -0.001016195 0.429058012 0.217607558 0.019106191 0.975849330 -2.985030236
128978856 0.845947803 1.508549015 0.500000000 0.500000000 0.000000000 0.000000000 0.971446633 0.082240775 -0.222548813 -0.755976079 -0.084449604 0.996427655 -0.000410238 0.435085019 0.221720070 0.019192673 0.974921465 -2.927210396
129012222 0.845947803 1.508549015 0.500000000 0.500000000 0.000000000 0.000000000 0.970368147 0.083704352 -0.226670012 -0.697136993 -0.085869357 0.996306360 0.000310085 0.441566999 0.225858733 0.019163113 0.973971546 -2.870229853
129045589 0.845947803 1.508549015 0.500000000 0.500000000 0.000000000 0.000000000 0.969277740 0.085180677 -0.230748519 -0.636035908 -0.087290503 0.996182323 0.001069321 0.446327951 0.229958668 0.019105699 0.973012805 -2.812589741
129078956 0.845947803 1.508549015 0.500000000 0.500000000 0.000000000 0.000000000 0.968242943 0.086689427 -0.234500751 -0.583544127 -0.088813812 0.996047080 0.001507083 0.457883035 0.233704433 0.019367671 0.972114801 -2.756090047
129112322 0.845947803 1.508549015 0.500000000 0.500000000 0.000000000 0.000000000 0.967165232 0.088051260 -0.238408014 -0.531747953 -0.090116650 0.995928705 0.002244428 0.462123980 0.237635002 0.019313799 0.971162498 -2.702850203
129145689 0.845947803 1.508549015 0.500000000 0.500000000 0.000000000 0.000000000 0.966039836 0.089423396 -0.242426217 -0.477502995 -0.091456689 0.995804906 0.002876945 0.465131020 0.241666466 0.019392252 0.970165610 -2.650340245
129179056 0.845947803 1.508549015 0.500000000 0.500000000 0.000000000 0.000000000 0.964972556 0.090804957 -0.246135145 -0.427226054 -0.092764325 0.995681405 0.003647496 0.465167029 0.245403409 0.019312810 0.969228685 -2.599230361
129212422 0.845947803 1.508549015 0.500000000 0.500000000 0.000000000 0.000000000 0.963884354 0.092072882 -0.249899030 -0.379426973 -0.093955867 0.995566607 0.004410145 0.464765988 0.249197185 0.019228606 0.968261838 -2.546349953
129245789 0.845947803 1.508549015 0.500000000 0.500000000 0.000000000 0.000000000 0.962786674 0.093371361 -0.253621101 -0.334463033 -0.095189586 0.995445967 0.005121338 0.463752039 0.252944291 0.019211311 0.967290103 -2.495860061
129279156 0.845947803 1.508549015 0.500000000 0.500000000 0.000000000 0.000000000 0.961696684 0.094517820 -0.257304937 -0.291498911 -0.096238129 0.995340705 0.005928920 0.456557976 0.256666452 0.019060738 0.966312051 -2.446549780
129312522 0.845947803 1.508549015 0.500000000 0.500000000 0.000000000 0.000000000 0.960610688 0.095701240 -0.260899335 -0.252320989 -0.097349457 0.995228171 0.006629526 0.452470040 0.260288805 0.019030001 0.965343297 -2.399020276
129345889 0.845947803 1.508549015 0.500000000 0.500000000 0.000000000 0.000000000 0.959515691 0.096952729 -0.264442563 -0.215517942 -0.098533355 0.995106876 0.007313619 0.448346022 0.263857663 0.019038863 0.964373708 -2.355150149
129379256 0.845947803 1.508549015 0.500000000 0.500000000 0.000000000 0.000000000 0.958391905 0.098119527 -0.268062711 -0.174293114 -0.099590167 0.994995236 0.008140065 0.438686055 0.267519832 0.018895017 0.963367105 -2.311320169
129412622 0.845947803 1.508549015 0.500000000 0.500000000 0.000000000 0.000000000 0.957293928 0.099386625 -0.271497220 -0.135772022 -0.100769766 0.994870186 0.008878574 0.433483055 0.270986885 0.018859288 0.962398291 -2.269399916
129445989 0.845947803 1.508549015 0.500000000 0.500000000 0.000000000 0.000000000 0.956187844 0.100540064 -0.274948269 -0.097408670 -0.101811998 0.994756579 0.009679980 0.426650045 0.274479836 0.018737134 0.961410344 -2.225530321
129479356 0.845947803 1.508549015 0.500000000 0.500000000 0.000000000 0.000000000 0.955104947 0.101630330 -0.278290689 -0.065188858 -0.102805629 0.994647026 0.010406903 0.422068980 0.277858675 0.018670186 0.960440516 -2.179740010
129512722 0.845947803 1.508549015 0.500000000 0.500000000 0.000000000 0.000000000 0.953986347 0.102715559 -0.281708360 -0.030588168 -0.103795908 0.994536400 0.011126689 0.415487038 0.281312108 0.018625457 0.959435582 -2.131440131
129546089 0.845947803 1.508549015 0.500000000 0.500000000 0.000000000 0.000000000 0.952934086 0.103808485 -0.284851581 -0.000432356 -0.104811884 0.994422495 0.011762882 0.412275015 0.284483880 0.018646577 0.958499491 -2.083659967
129579456 0.845947803 1.508549015 0.500000000 0.500000000 0.000000000 0.000000000 0.951833725 0.104866877 -0.288124204 0.028343047 -0.105784759 0.994311392 0.012428068 0.408169054 0.287788451 0.018649682 0.957512438 -2.032400057
129612822 0.845947803 1.508549015 0.500000000 0.500000000 0.000000000 0.000000000 0.950816810 0.105942696 -0.291073263 0.053608339 -0.106762931 0.994198084 0.013110221 0.402459010 0.290773392 0.018610395 0.956610978 -1.981070155
129646189 0.845947803 1.508549015 0.500000000 0.500000000 0.000000000 0.000000000 0.949719131 0.106947847 -0.294271469 0.084525111 -0.107662328 0.994091451 0.013820470 0.394252977 0.294010818 0.018556388 0.955621958 -1.927660035
129679556 0.845947803 1.508549015 0.500000000 0.500000000 0.000000000 0.000000000 0.948755562 0.107820146 -0.297048271 0.111205984 -0.108388223 0.994001269 0.014608509 0.379869937 0.296841443 0.018336650 0.954750657 -1.878719885
129712922 0.845947803 1.508549015 0.500000000 0.500000000 0.000000000 0.000000000 0.947833240 0.108689107 -0.299664527 0.138590002 -0.109160520 0.993907630 0.015220240 0.366233014 0.299493104 0.018285275 0.953923225 -1.828349959
129746289 0.845947803 1.508549015 0.500000000 0.500000000 0.000000000 0.000000000 0.946983874 0.109541826 -0.302030057 0.162053983 -0.109892271 0.993816555 0.015886741 0.350912041 0.301902741 0.018146263 0.953166068 -1.776020243
129779656 0.845947803 1.508549015 0.500000000 0.500000000 0.000000000 0.000000000 0.946171999 0.110274054 -0.304299533 0.189827020 -0.110486589 0.993739367 0.016576916 0.330847994 0.304222405 0.017936412 0.952432156 -1.716940068
129813022 0.845947803 1.508549015 0.500000000 0.500000000 0.000000000 0.000000000 0.945467055 0.110884644 -0.306262612 0.210726057 -0.111054383 0.993670166 0.016928302 0.317219046 0.306201100 0.018006621 0.951796591 -1.655560229
129846389 0.845947803 1.508549015 0.500000000 0.500000000 0.000000000 0.000000000 0.944799602 0.111542337 -0.308077812 0.232204963 -0.111594222 0.993599594 0.017509364 0.296195970 0.308059037 0.017836891 0.951200008 -1.589100062
129879756 0.845947803 1.508549015 0.500000000 0.500000000 0.000000000 0.000000000 0.944180250 0.111980580 -0.309812635 0.245996991 -0.111963250 0.993551135 0.017897712 0.280019947 0.309818894 0.017788986 0.950629115 -1.522579960
129913122 0.845947803 1.508549015 0.500000000 0.500000000 0.000000000 0.000000000 0.943562508 0.112646684 -0.311449111 0.267169020 -0.112606332 0.993473470 0.018174313 0.260053047 0.311463714 0.017922517 0.950089037 -1.450120025
129946489 0.845947803 1.508549015 0.500000000 0.500000000 0.000000000 0.000000000 0.943272471 0.113138817 -0.312148333 0.271396011 -0.113082595 0.993416250 0.018344620 0.248249994 0.312168717 0.017994577 0.949856222 -1.374439883
129979856 0.845947803 1.508549015 0.500000000 0.500000000 0.000000000 0.000000000 0.942618728 0.113492943 -0.313989192 0.286006949 -0.113323100 0.993379235 0.018857514 0.234382979 0.314050525 0.017806804 0.949239254 -1.292939999
130013222 0.845947803 1.508549015 0.500000000 0.500000000 0.000000000 0.000000000 0.942177832 0.114043228 -0.315111160 0.295005934 -0.113779403 0.993318617 0.019297428 0.218080984 0.315206528 0.017671574 0.948858500 -1.208299767
130046589 0.845947803 1.508549015 0.500000000 0.500000000 0.000000000 0.000000000 0.941754162 0.114481181 -0.316216886 0.301756993 -0.114266172 0.993262887 0.019288210 0.207197992 0.316294670 0.017968139 0.948490858 -1.119990057
130079956 0.845947803 1.508549015 0.500000000 0.500000000 0.000000000 0.000000000 0.941272318 0.115053721 -0.317441612 0.310232032 -0.114832573 0.993193984 0.019474279 0.198690045 0.317521662 0.018122010 0.948077857 -1.029150013
130113322 0.845947803 1.508549015 0.500000000 0.500000000 0.000000000 0.000000000 0.940910339 0.115558766 -0.318330020 0.313657033 -0.115359358 0.993131518 0.019546509 0.197176020 0.318402320 0.018330816 0.947778463 -0.931507065
130146689 0.845947803 1.508549015 0.500000000 0.500000000 0.000000000 0.000000000 0.940352917 0.116064087 -0.319789648 0.326920932 -0.115747809 0.993075967 0.020065270 0.190957988 0.319904268 0.018146537 0.947276056 -0.830254960
130180056 0.845947803 1.508549015 0.500000000 0.500000000 0.000000000 0.000000000 0.940051973 0.116554059 -0.320495695 0.338416028 -0.116161816 0.993020535 0.020413447 0.192285022 0.320638090 0.018039647 0.947030008 -0.721951054
130213422 0.845947803 1.508549015 0.500000000 0.500000000 0.000000000 0.000000000 0.939729095 0.116891429 -0.321318656 0.350853012 -0.116372719 0.992985904 0.020891115 0.192520018 0.321506888 0.017760713 0.946740687 -0.610680039
130246789 0.845947803 1.508549015 0.500000000 0.500000000 0.000000000 0.000000000 0.939364076 0.117270380 -0.322246462 0.365998004 -0.116724849 0.992940366 0.021087475 0.197392978 0.322444469 0.017805353 0.946420908 -0.494921021
130280156 0.845947803 1.508549015 0.500000000 0.500000000 0.000000000 0.000000000 0.939004600 0.117540143 -0.323194623 0.389764043 -0.116946287 0.992909193 0.021329517 0.201429023 0.323409975 0.017767867 0.946092129 -0.381004038
130313522 0.845947803 1.508549015 0.500000000 0.500000000 0.000000000 0.000000000 0.938888669 0.117826894 -0.323426723 0.409498961 -0.117221862 0.992874622 0.021423900 0.206069992 0.323646486 0.017798038 0.946010649 -0.263280993
130346889 0.845947803 1.508549015 0.500000000 0.500000000 0.000000000 0.000000000 0.938764632 0.117987499 -0.323728263 0.416781058 -0.117320865 0.992858112 0.021648278 0.213928029 0.323970437 0.017657416 0.945902467 -0.143221034
130380256 0.845947803 1.508549015 0.500000000 0.500000000 0.000000000 0.000000000 0.938356698 0.118071243 -0.324878365 0.436132046 -0.117189825 0.992857933 0.022353349 0.207519989 0.325197369 0.017096998 0.945491612 -0.024617184
130413622 0.845947803 1.508549015 0.500000000 0.500000000 0.000000000 0.000000000 0.938259542 0.118260115 -0.325090200 0.458571027 -0.117355287 0.992835879 0.022465041 0.196292008 0.325417906 0.017073011 0.945416152 0.091949588
130446989 0.845947803 1.508549015 0.500000000 0.500000000 0.000000000 0.000000000 0.938147187 0.118301563 -0.325399071 0.475208964 -0.117284052 0.992836297 0.022816222 0.180379021 0.325767189 0.016759161 0.945301473 0.205918994
130480356 0.845947803 1.508549015 0.500000000 0.500000000 0.000000000 0.000000000 0.938057661 0.118422441 -0.325613111 0.490640945 -0.117313199 0.992825925 0.023114312 0.163037006 0.326014370 0.016516175 0.945220530 0.318165946
130513722 0.845947803 1.508549015 0.500000000 0.500000000 0.000000000 0.000000000 0.937910914 0.118398719 -0.326044112 0.507276939 -0.117148675 0.992835343 0.023541007 0.139728013 0.326495320 0.016116310 0.945061326 0.430036917
130547089 0.845947803 1.508549015 0.500000000 0.500000000 0.000000000 0.000000000 0.937855721 0.118549757 -0.326147914 0.523341964 -0.117280148 0.992817700 0.023628663 0.120171012 0.326606631 0.016090438 0.945023358 0.541338036
130580456 0.845947803 1.508549015 0.500000000 0.500000000 0.000000000 0.000000000 0.937886715 0.118662365 -0.326017857 0.527969974 -0.117335223 0.992806971 0.023807520 0.102475016 0.326497853 0.015924634 0.945063770 0.650518006
130613822 0.845947803 1.508549015 0.500000000 0.500000000 0.000000000 0.000000000 0.937751651 0.118734866 -0.326380134 0.533655023 -0.117316380 0.992802083 0.024102548 0.084581370 0.326892674 0.015687497 0.944931328 0.757763069
130647189 0.845947803 1.508549015 0.500000000 0.500000000 0.000000000 0.000000000 0.937688887 0.118797824 -0.326537520 0.539889041 -0.117375568 0.992794335 0.024132110 0.054604776 0.327051431 0.015699089 0.944876194 0.863338061
130680556 0.845947803 1.508549015 0.500000000 0.500000000 0.000000000 0.000000000 0.937700391 0.118966974 -0.326442719 0.540798994 -0.117649309 0.992768705 0.023853742 0.031144198 0.326919913 0.016038086 0.944915950 0.963710035
130713922 0.845947803 1.508549015 0.500000000 0.500000000 0.000000000 0.000000000 0.937747419 0.119074598 -0.326268405 0.538088987 -0.117796555 0.992753744 0.023748338 0.009431979 0.326732010 0.016163349 0.944978833 1.062730022
130747289 0.845947803 1.508549015 0.500000000 0.500000000 0.000000000 0.000000000 0.937590122 0.119006544 -0.326744676 0.542009963 -0.117516130 0.992771804 0.024374899 -0.029989364 0.327283680 0.015544136 0.944798231 1.162960018
130780656 0.845947803 1.508549015 0.500000000 0.500000000 0.000000000 0.000000000 0.937644064 0.119222537 -0.326511025 0.544922884 -0.117877156 0.992738605 0.023980796 -0.061235250 0.326999128 0.016002774 0.944889069 1.259929898
130814022 0.845947803 1.508549015 0.500000000 0.500000000 0.000000000 0.000000000 0.937607944 0.119249590 -0.326604992 0.540140943 -0.117906995 0.992735028 0.023982195 -0.090279664 0.327092081 0.016023142 0.944856584 1.351439977
130847389 0.845947803 1.508549015 0.500000000 0.500000000 0.000000000 0.000000000 0.937492251 0.119357154 -0.326897800 0.537078971 -0.118021578 0.992721081 0.023995426 -0.120634007 0.327382386 0.016085465 0.944755018 1.445540088
130880756 0.845947803 1.508549015 0.500000000 0.500000000 0.000000000 0.000000000 0.937520683 0.119607605 -0.326724589 0.530036952 -0.118251942 0.992691457 0.024086963 -0.148732994 0.327217698 0.016053800 0.944812596 1.543260107
130914122 0.845947803 1.508549015 0.500000000 0.500000000 0.000000000 0.000000000 0.937589228 0.119846597 -0.326440215 0.516953021 -0.118360773 0.992668629 0.024488941 -0.160897987 0.326981902 0.015677158 0.944900572 1.641650035
130947489 0.845947803 1.508549015 0.500000000 0.500000000 0.000000000 0.000000000 0.937497854 0.119882636 -0.326689482 0.509842028 -0.118087433 0.992678285 0.025400816 -0.192906056 0.327342689 0.014764687 0.944790363 1.744259962
130980856 0.845947803 1.508549015 0.500000000 0.500000000 0.000000000 0.000000000 0.937515497 0.120139733 -0.326544225 0.499917014 -0.118538231 0.992637753 0.024878146 -0.216258992 0.327129006 0.015384326 0.944854438 1.845129935
131014222 0.845947803 1.508549015 0.500000000 0.500000000 0.000000000 0.000000000 0.937489033 0.120178610 -0.326605856 0.476324965 -0.118495688 0.992636681 0.025122892 -0.239600997 0.327220201 0.015148946 0.944826663 1.940499959
131047589 0.845947803 1.508549015 0.500000000 0.500000000 0.000000000 0.000000000 0.937260449 0.120305344 -0.327214658 0.467130027 -0.118654460 0.992618740 0.025082052 -0.267323996 0.327816904 0.015317065 0.944617093 2.038880067
131080956 0.845947803 1.508549015 0.500000000 0.500000000 0.000000000 0.000000000 0.937401414 0.120621018 -0.326694280 0.445282934 -0.119047917 0.992576599 0.024885388 -0.287271989 0.327270776 0.015564678 0.944802403 2.142749814
131114322 0.845947803 1.508549015 0.500000000 0.500000000 0.000000000 0.000000000 0.937320411 0.120811202 -0.326856434 0.422257936 -0.119109295 0.992558837 0.025297517 -0.300601013 0.327480435 0.015219761 0.944735348 2.247620064
131147689 0.845947803 1.508549015 0.500000000 0.500000000 0.000000000 0.000000000 0.937261641 0.121023156 -0.326946557 0.406913014 -0.118982814 0.992547572 0.026313823 -0.325795056 0.327694595 0.014238057 0.944676459 2.364230213
131181056 0.845947803 1.508549015 0.500000000 0.500000000 0.000000000 0.000000000 0.937318683 0.121151201 -0.326735556 0.391455037 -0.119064845 0.992533863 0.026458606 -0.347912015 0.327501595 0.014102567 0.944745362 2.482789952
131214422 0.845947803 1.508549015 0.500000000 0.500000000 0.000000000 0.000000000 0.937362254 0.121200658 -0.326592237 0.372703975 -0.119098015 0.992528617 0.026507474 -0.365213053 0.327364832 0.014049370 0.944793582 2.601779817
131247789 0.845947803 1.508549015 0.500000000 0.500000000 0.000000000 0.000000000 0.937252998 0.121257894 -0.326884061 0.348647980 -0.119004555 0.992527485 0.026964948 -0.386979923 0.327711135 0.013627745 0.944679618 2.717599907
131281156 0.845947803 1.508549015 0.500000000 0.500000000 0.000000000 0.000000000 0.937001050 0.121466264 -0.327528387 0.330680847 -0.119429141 0.992491484 0.026406884 -0.412739872 0.328276664 0.014373194 0.944472194 2.833779791
131314522 0.845947803 1.508549015 0.500000000 0.500000000 0.000000000 0.000000000 0.937189817 0.121744394 -0.326884568 0.308475930 -0.119862556 0.992450595 0.025976526 -0.429393982 0.327579260 0.014836295 0.944707215 2.953779985
131347889 0.845947803 1.508549015 0.500000000 0.500000000 0.000000000 0.000000000 0.937152922 0.121776722 -0.326978505 0.272954132 -0.119480707 0.992464423 0.027180299 -0.442623085 0.327824473 0.013595507 0.944640875 3.068410379
131381256 0.845947803 1.508549015 0.500000000 0.500000000 0.000000000 0.000000000 0.936839163 0.121902816 -0.327829301 0.258137969 -0.119579442 0.992448747 0.027317863 -0.485120019 0.328683913 0.013609197 0.944341958 3.192169902
131414622 0.845947803 1.508549015 0.500000000 0.500000000 0.000000000 0.000000000 0.937032938 0.122104958 -0.327199519 0.232385859 -0.120043814 0.992412984 0.026569534 -0.504996834 0.327961326 0.014381790 0.944581628 3.308179798
131447989 0.845947803 1.508549015 0.500000000 0.500000000 0.000000000 0.000000000 0.936966002 0.122149087 -0.327374697 0.201085070 -0.120075427 0.992407799 0.026621193 -0.525731841 0.328140974 0.014366542 0.944519460 3.424759739
131481356 0.845947803 1.508549015 0.500000000 0.500000000 0.000000000 0.000000000 0.936788797 0.122243859 -0.327846259 0.175633851 -0.120117180 0.992397606 0.026811589 -0.553820977 0.328631371 0.014263187 0.944350541 3.546549951
131514722 0.845947803 1.508549015 0.500000000 0.500000000 0.000000000 0.000000000 0.936824679 0.122475289 -0.327657133 0.144156130 -0.120379604 0.992367387 0.026753265 -0.578537882 0.328432888 0.014380150 0.944417775 3.670739261
131548089 0.845947803 1.508549015 0.500000000 0.500000000 0.000000000 0.000000000 0.936775744 0.122664928 -0.327726334 0.110544888 -0.120552689 0.992344141 0.026836371 -0.600404057 0.328509182 0.014368622 0.944391489 3.794980396
131581456 0.845947803 1.508549015 0.500000000 0.500000000 0.000000000 0.000000000 0.936671376 0.122693799 -0.328013539 0.079598178 -0.120351188 0.992349982 0.027516162 -0.630123921 0.328880310 0.013703236 0.944272161 3.917789921
131614822 0.845947803 1.508549015 0.500000000 0.500000000 0.000000000 0.000000000 0.936484337 0.122904725 -0.328468412 0.047678802 -0.120596237 0.992321372 0.027474480 -0.659841002 0.329322964 0.013882628 0.944115281 4.037670011
131648189 0.845947803 1.508549015 0.500000000 0.500000000 0.000000000 0.000000000 0.936581194 0.123136640 -0.328105390 0.016295737 -0.120870382 0.992290735 0.027376652 -0.689911150 0.328947008 0.014017743 0.944244385 4.159680161
131681556 0.845947803 1.508549015 0.500000000 0.500000000 0.000000000 0.000000000 0.936514258 0.123220235 -0.328264594 -0.023679241 -0.120900407 0.992282212 0.027551798 -0.711269837 0.329126060 0.013884710 0.944183826 4.279599310
131714922 0.845947803 1.508549015 0.500000000 0.500000000 0.000000000 0.000000000 0.936225414 0.123449214 -0.329002023 -0.046763371 -0.121044137 0.992255867 0.027867947 -0.745838132 0.329894483 0.013733055 0.943917990 4.404850869
131748289 0.845947803 1.508549015 0.500000000 0.500000000 0.000000000 0.000000000 0.936374962 0.123688996 -0.328485996 -0.076450959 -0.121338457 0.992223799 0.027729869 -0.772894109 0.329361469 0.013892415 0.944101691 4.526769839
131781656 0.845947803 1.508549015 0.500000000 0.500000000 0.000000000 0.000000000 0.936281085 0.123651393 -0.328767478 -0.106312085 -0.120949619 0.992242455 0.028741647 -0.802871962 0.329770982 0.012854042 0.943973422 4.645919666
131815022 0.845947803 1.508549015 0.500000000 0.500000000 0.000000000 0.000000000 0.936073065 0.123595946 -0.329379976 -0.128819208 -0.120741762 0.992254615 0.029192809 -0.844196940 0.330436885 0.012443333 0.943746030 4.763709702
131848389 0.845947803 1.508549015 0.500000000 0.500000000 0.000000000 0.000000000 0.936012387 0.123950236 -0.329419285 -0.148441158 -0.121322595 0.992200792 0.028608114 -0.877291861 0.330396026 0.013188470 0.943750203 4.877729285
131881756 0.845947803 1.508549015 0.500000000 0.500000000 0.000000000 0.000000000 0.936099172 0.124115184 -0.329110473 -0.173985972 -0.121507883 0.992179334 0.028565176 -0.911866802 0.330081969 0.013249714 0.943859220 4.991449124
131915122 0.845947803 1.508549015 0.500000000 0.500000000 0.000000000 0.000000000 0.935997486 0.124112427 -0.329400748 -0.199064048 -0.121427014 0.992182434 0.028800167 -0.942091888 0.330400079 0.013041272 0.943750858 5.109949770
131948489 0.845947803 1.508549015 0.500000000 0.500000000 0.000000000 0.000000000 0.935910344 0.124278590 -0.329585642 -0.222252881 -0.121570960 0.992161930 0.028899845 -0.980790045 0.330593973 0.013020370 0.943683267 5.234320177
131981856 0.845947803 1.508549015 0.500000000 0.500000000 0.000000000 0.000000000 0.935968518 0.124517977 -0.329330146 -0.245142110 -0.121802852 0.992132008 0.028951602 -1.018590303 0.330343962 0.013015529 0.943770945 5.362041005
132015222 0.845947803 1.508549015 0.500000000 0.500000000 0.000000000 0.000000000 0.936025202 0.124666832 -0.329112619 -0.274634043 -0.121735580 0.992121518 0.029585881 -1.046840154 0.330208093 0.012371553 0.943827152 5.494110788
132048589 0.845947803 1.508549015 0.500000000 0.500000000 0.000000000 0.000000000 0.935932994 0.124668904 -0.329373896 -0.300185151 -0.121543087 0.992128074 0.030152153 -1.090550001 0.330540121 0.011812709 0.943718016 5.631100598
132081956 0.845947803 1.508549015 0.500000000 0.500000000 0.000000000 0.000000000 0.935985804 0.124838218 -0.329159588 -0.326790050 -0.121916637 0.992099166 0.029589456 -1.136440128 0.330252856 0.012434690 0.943810642 5.764510758
132115322 0.845947803 1.508549015 0.500000000 0.500000000 0.000000000 0.000000000 0.935954094 0.124977686 -0.329196751 -0.354229113 -0.122104190 0.992079437 0.029477445 -1.169520085 0.330273330 0.012606757 0.943801165 5.899459995
132148689 0.845947803 1.508549015 0.500000000 0.500000000 0.000000000 0.000000000 0.936019421 0.125077903 -0.328972906 -0.385103275 -0.122107953 0.992070496 0.029761378 -1.202699977 0.330086797 0.012312965 0.943870306 6.036040597
132182056 0.845947803 1.508549015 0.500000000 0.500000000 0.000000000 0.000000000 0.935984373 0.125129819 -0.329052716 -0.412764737 -0.122214749 0.992061675 0.029616525 -1.235229765 0.330146521 0.012494517 0.943846941 6.173429125
132215422 0.845947803 1.508549015 0.500000000 0.500000000 0.000000000 0.000000000 0.935983956 0.125256136 -0.329006135 -0.439577756 -0.122399151 0.992043316 0.029470209 -1.261770197 0.330079675 0.012686395 0.943867862 6.314500217
132248789 0.845947803 1.508549015 0.500000000 0.500000000 0.000000000 0.000000000 0.936127186 0.125474229 -0.328515053 -0.467635055 -0.122462220 0.992021739 0.029931504 -1.271510023 0.329649687 0.012210979 0.944024384 6.461240009
132282156 0.845947803 1.508549015 0.500000000 0.500000000 0.000000000 0.000000000 0.935997248 0.125273675 -0.328961402 -0.484911830 -0.121995144 0.992056489 0.030676693 -1.295799797 0.330191284 0.011418401 0.943844974 6.613419576
132315522 0.845947803 1.508549015 0.500000000 0.500000000 0.000000000 0.000000000 0.936044693 0.125281021 -0.328823566 -0.495853223 -0.122003026 0.992055714 0.030671358 -1.314439955 0.330053806 0.011407714 0.943893194 6.759749947
132348889 0.845947803 1.508549015 0.500000000 0.500000000 0.000000000 0.000000000 0.936026990 0.125254557 -0.328883976 -0.508388153 -0.121801727 0.992064953 0.031168878 -1.338019815 0.330178291 0.010883746 0.943855822 6.906839535
132382256 0.845947803 1.508549015 0.500000000 0.500000000 0.000000000 0.000000000 0.936149538 0.125296742 -0.328518987 -0.521591865 -0.121830277 0.992060363 0.031202376 -1.360169742 0.329820216 0.010813494 0.943981767 7.055129206
132415622 0.845947803 1.508549015 0.500000000 0.500000000 0.000000000 0.000000000 0.936241806 0.125282645 -0.328261554 -0.546107076 -0.121693492 0.992066443 0.031542473 -1.381560252 0.329608977 0.010415886 0.944060087 7.202670259
132448989 0.845947803 1.508549015 0.500000000 0.500000000 0.000000000 0.000000000 0.936138451 0.125227273 -0.328577071 -0.550437849 -0.121611059 0.992074013 0.031620990 -1.418089789 0.329932600 0.010357003 0.943947673 7.352809993
132482356 0.845947803 1.508549015 0.500000000 0.500000000 0.000000000 0.000000000 0.936350703 0.125313297 -0.327939034 -0.561821177 -0.121900804 0.992057145 0.031030279 -1.439670324 0.329222739 0.010920784 0.944189131 7.499460202
132515722 0.845947803 1.508549015 0.500000000 0.500000000 0.000000000 0.000000000 0.936334252 0.125150457 -0.328048199 -0.574830211 -0.121481568 0.992086053 0.031741280 -1.464170165 0.329424471 0.010131321 0.944127619 7.647220881
