https://www.youtube.com/watch?v=2rKPIYgxTio
196720000 0.814881142 1.461166166 0.500000000 0.500000000 0.000000000 0.000000000 0.835135698 0.205193564 -0.510337234 6.094380750 -0.198605642 0.977710247 0.068106316 1.145110119 0.512936950 0.044477802 0.857273340 -3.898410568
196800000 0.814881142 1.461166166 0.500000000 0.500000000 0.000000000 0.000000000 0.821912110 0.213649496 -0.528028727 5.923239980 -0.206619397 0.975682259 0.073160879 1.052239959 0.530819058 0.048969187 0.846069217 -3.596119753
196880000 0.814881142 1.461166166 0.500000000 0.500000000 0.000000000 0.000000000 0.808634937 0.221601978 -0.544979393 5.774432391 -0.214058921 0.973677337 0.078302607 0.974777620 0.547986090 0.053339332 0.834785342 -3.370861921
196960000 0.814881142 1.461166166 0.500000000 0.500000000 0.000000000 0.000000000 0.795775294 0.228475153 -0.560839176 5.600118681 -0.220300615 0.971865714 0.083334744 0.918642882 0.564100266 0.057237566 0.823719978 -3.100139519
197040000 0.814881142 1.461166166 0.500000000 0.500000000 0.000000000 0.000000000 0.783119321 0.234186441 -0.576091349 5.369142493 -0.225642264 0.970255911 0.087687425 0.889211286 0.579491198 0.061320703 0.812668443 -2.870170887
197120000 0.814881142 1.461166166 0.500000000 0.500000000 0.000000000 0.000000000 0.769530475 0.239748776 -0.591898203 5.099420445 -0.230796039 0.968616366 0.092279404 0.817050015 0.595446229 0.065595910 0.800712883 -2.586319990
197200000 0.814881142 1.461166166 0.500000000 0.500000000 0.000000000 0.000000000 0.755084991 0.244626358 -0.608280361 4.888171586 -0.235591367 0.967053294 0.096460834 0.735025202 0.611836374 0.070469365 0.787839174 -2.387890831
197280000 0.814881142 1.461166166 0.500000000 0.500000000 0.000000000 0.000000000 0.742081940 0.248719126 -0.622456968 4.628537575 -0.239725053 0.965670347 0.100063220 0.707608554 0.625975907 0.074963599 0.776230812 -2.126248875
197360000 0.814881142 1.461166166 0.500000000 0.500000000 0.000000000 0.000000000 0.729317904 0.253898174 -0.635319591 4.354779822 -0.244498760 0.963993907 0.104575671 0.707573856 0.638995767 0.079065971 0.765135825 -1.907419909
197440000 0.814881142 1.461166166 0.500000000 0.500000000 0.000000000 0.000000000 0.716338277 0.260332227 -0.647368729 4.011218559 -0.249723315 0.961988807 0.110524841 0.701866761 0.651534617 0.082489990 0.754120529 -1.635699551
197520000 0.814881142 1.461166166 0.500000000 0.500000000 0.000000000 0.000000000 0.702005982 0.267029285 -0.660214484 3.644710732 -0.255239189 0.959796965 0.116802134 0.727756125 0.664861500 0.086516716 0.741939545 -1.411030258
197600000 0.814881142 1.461166166 0.500000000 0.500000000 0.000000000 0.000000000 0.685755789 0.273391068 -0.674533844 3.253958599 -0.260214150 0.957609832 0.123579577 0.686011738 0.679725766 0.090777978 0.727826774 -1.161609307
197680000 0.814881142 1.461166166 0.500000000 0.500000000 0.000000000 0.000000000 0.668460548 0.279159218 -0.689369857 2.920640631 -0.264641374 0.955501497 0.130314276 0.621541112 0.695072353 0.095325768 0.712592125 -0.993068241
197760000 0.814881142 1.461166166 0.500000000 0.500000000 0.000000000 0.000000000 0.652393937 0.283172250 -0.702990472 2.581000145 -0.267948985 0.953848898 0.135556951 0.591349078 0.708932579 0.099929020 0.698160946 -0.795481173
198160000 0.814881142 1.461166166 0.500000000 0.500000000 0.000000000 0.000000000 0.583844900 0.304820418 -0.752468586 0.767207477 -0.282381237 0.945214510 0.163799331 0.587486970 0.761173606 0.116849825 0.637934327 0.105225068
198240000 0.814881142 1.461166166 0.500000000 0.500000000 0.000000000 0.000000000 0.568733692 0.308932751 -0.762300730 0.332102967 -0.284893543 0.943404436 0.169775471 0.539347940 0.771607041 0.120617591 0.624558866 0.212139971
198320000 0.814881142 1.461166166 0.500000000 0.500000000 0.000000000 0.000000000 0.554938674 0.311877787 -0.771217227 -0.059723451 -0.287062824 0.941911995 0.174346715 0.560411976 0.780793667 0.124635823 0.612231851 0.317719113
198400000 0.814881142 1.461166166 0.500000000 0.500000000 0.000000000 0.000000000 0.542261839 0.315827191 -0.778591752 -0.459482930 -0.289537489 0.940145433 0.179706946 0.573472968 0.788745880 0.127983317 0.601248860 0.461073013
198480000 0.814881142 1.461166166 0.500000000 0.500000000 0.000000000 0.000000000 0.530495286 0.319236368 -0.785278559 -0.857759558 -0.291859180 0.938523471 0.184368819 0.609108026 0.795859575 0.131384104 0.591054440 0.559408891
198560000 0.814881142 1.461166166 0.500000000 0.500000000 0.000000000 0.000000000 0.519758940 0.321693212 -0.791431606 -1.250969939 -0.293470651 0.937252998 0.188233450 0.617430005 0.802325070 0.134425953 0.581553161 0.665857007
198640000 0.814881142 1.461166166 0.500000000 0.500000000 0.000000000 0.000000000 0.509488285 0.323586911 -0.797315717 -1.574478760 -0.294692606 0.936179698 0.191634312 0.570755127 0.808441162 0.137327895 0.572331369 0.650024704
198720000 0.814881142 1.461166166 0.500000000 0.500000000 0.000000000 0.000000000 0.500679493 0.323841453 -0.802774310 -1.891379782 -0.295571506 0.935605109 0.193081811 0.528885067 0.813607574 0.140605137 0.564156651 0.679171065
198800000 0.814881142 1.461166166 0.500000000 0.500000000 0.000000000 0.000000000 0.494223773 0.321676224 -0.807630360 -2.095579234 -0.295382887 0.935886681 0.192002714 0.397068024 0.817613184 0.143668026 0.557555199 0.620082872
198880000 0.814881142 1.461166166 0.500000000 0.500000000 0.000000000 0.000000000 0.488869965 0.322087973 -0.810719192 -2.340090338 -0.298592001 0.934990168 0.191405907 0.177396006 0.819664061 0.148501620 0.553261518 0.593776167
198960000 0.814881142 1.461166166 0.500000000 0.500000000 0.000000000 0.000000000 0.483250558 0.324029565 -0.813310802 -2.565581849 -0.307694912 0.932581186 0.188722655 -0.063511690 0.819630086 0.159051016 0.550372541 0.479062416
199040000 0.814881142 1.461166166 0.500000000 0.500000000 0.000000000 0.000000000 0.478901923 0.324937969 -0.815517843 -2.723602921 -0.321426898 0.929368317 0.181547359 -0.244385136 0.816908062 0.175185606 0.549519897 0.329935359
199120000 0.814881142 1.461166166 0.500000000 0.500000000 0.000000000 0.000000000 0.473954618 0.326161802 -0.817915380 -2.924460264 -0.337261736 0.925276935 0.173542693 -0.435128909 0.813401282 0.193600193 0.548541188 0.128001103
199200000 0.814881142 1.461166166 0.500000000 0.500000000 0.000000000 0.000000000 0.469334304 0.324995160 -0.821038544 -3.104192713 -0.354006410 0.921065688 0.162226856 -0.682115240 0.808953345 0.214513987 0.547338009 -0.067616072
199280000 0.814881142 1.461166166 0.500000000 0.500000000 0.000000000 0.000000000 0.465368152 0.321599662 -0.824625134 -3.233491614 -0.375506222 0.915393472 0.145086035 -0.926177105 0.801516056 0.242133275 0.546757579 -0.348876899
199440000 0.814881142 1.461166166 0.500000000 0.500000000 0.000000000 0.000000000 0.454143703 0.320348263 -0.831342757 -3.514231179 -0.431988537 0.895268619 0.108995743 -1.076920201 0.779191673 0.309630692 0.544967294 -0.922467083
199520000 0.814881142 1.461166166 0.500000000 0.500000000 0.000000000 0.000000000 0.447082996 0.317319870 -0.836316228 -3.594699782 -0.449254096 0.888142347 0.096819080 -1.096709860 0.773490429 0.332432330 0.539630592 -1.064599823
199600000 0.814881142 1.461166166 0.500000000 0.500000000 0.000000000 0.000000000 0.439831972 0.314211071 -0.841319263 -3.745055486 -0.463973820 0.881596446 0.086693630 -1.208129606 0.768944085 0.352219939 0.533540249 -1.232309194
199680000 0.814881142 1.461166166 0.500000000 0.500000000 0.000000000 0.000000000 0.432900667 0.312725991 -0.845458806 -3.881774670 -0.478601605 0.874523520 0.078417912 -1.362900521 0.763897002 0.370690346 0.528252780 -1.356240895
