https://www.youtube.com/watch?v=PuYNWRR_oaU
166099267 0.843693094 1.523334809 0.500000000 0.500000000 0.000000000 0.000000000 0.999423921 -0.033886932 -0.001885154 5.044310301 0.033909008 0.999336839 0.013270633 -0.172015031 0.001434203 -0.013326911 0.999910176 -0.533735024
166132633 0.843693094 1.523334809 0.500000000 0.500000000 0.000000000 0.000000000 0.999326408 -0.036291458 0.005444496 5.001149686 0.036217161 0.999257088 0.013174805 -0.164063010 -0.005918585 -0.012968746 0.999898374 -0.529686004
166166000 0.843693094 1.523334809 0.500000000 0.500000000 0.000000000 0.000000000 0.999194920 -0.038338427 0.011820256 4.962950370 0.038181376 0.999183118 0.013237458 -0.161698011 -0.012318104 -0.012775486 0.999842525 -0.522510026
166199367 0.843693094 1.523334809 0.500000000 0.500000000 0.000000000 0.000000000 0.999038398 -0.040073276 0.017786870 4.923800255 0.039827622 0.999109089 0.013956705 -0.163480990 -0.018330315 -0.013234874 0.999744415 -0.507816044
166232733 0.843693094 1.523334809 0.500000000 0.500000000 0.000000000 0.000000000 0.998851657 -0.041697793 0.023594802 4.885410032 0.041361488 0.999038041 0.014566371 -0.167535018 -0.024179490 -0.013573727 0.999615490 -0.488336982
166266100 0.843693094 1.523334809 0.500000000 0.500000000 0.000000000 0.000000000 0.998613477 -0.043557063 0.029562918 4.848279809 0.043131478 0.998958528 0.014884327 -0.168660021 -0.030180449 -0.013588596 0.999452114 -0.467498054
166299467 0.843693094 1.523334809 0.500000000 0.500000000 0.000000000 0.000000000 0.998326063 -0.045357835 0.035884969 4.809169383 0.044848982 0.998883247 0.014860596 -0.171978035 -0.036518939 -0.013226316 0.999245405 -0.447507979
166332833 0.843693094 1.523334809 0.500000000 0.500000000 0.000000000 0.000000000 0.997975111 -0.047212224 0.042622600 4.770939637 0.046594646 0.998795629 0.015368949 -0.180525036 -0.043296870 -0.013351844 0.998973012 -0.426655977
166366200 0.843693094 1.523334809 0.500000000 0.500000000 0.000000000 0.000000000 0.997533083 -0.049535945 0.049739297 4.733220604 0.048807979 0.998684049 0.015745841 -0.185277973 -0.050453831 -0.013279324 0.998638093 -0.408012028
166399567 0.843693094 1.523334809 0.500000000 0.500000000 0.000000000 0.000000000 0.996998429 -0.051572133 0.057744224 4.693329868 0.050688040 0.998575330 0.016672902 -0.198859968 -0.058521818 -0.013695912 0.998192191 -0.392031022
166432933 0.843693094 1.523334809 0.500000000 0.500000000 0.000000000 0.000000000 0.996295989 -0.054298926 0.066678114 4.656910458 0.053241652 0.998427689 0.017533673 -0.207820930 -0.067525335 -0.013918677 0.997620463 -0.384095024
166466300 0.843693094 1.523334809 0.500000000 0.500000000 0.000000000 0.000000000 0.995427728 -0.057597600 0.076197810 4.622529861 0.056375124 0.998245597 0.018100070 -0.205147021 -0.077106647 -0.013721654 0.996928453 -0.371999984
166499667 0.843693094 1.523334809 0.500000000 0.500000000 0.000000000 0.000000000 0.994384408 -0.061209824 0.086330459 4.588559934 0.059802707 0.998033285 0.018794719 -0.199179012 -0.087311089 -0.013526376 0.996089280 -0.357184976
166533033 0.843693094 1.523334809 0.500000000 0.500000000 0.000000000 0.000000000 0.993159115 -0.065123685 0.096922293 4.551179919 0.063549511 0.997793138 0.019244121 -0.187141021 -0.097961649 -0.012953112 0.995105922 -0.340158010
166566400 0.843693094 1.523334809 0.500000000 0.500000000 0.000000000 0.000000000 0.991882086 -0.068887167 0.106885225 4.516529875 0.067169972 0.997549236 0.019587874 -0.172994986 -0.107972622 -0.012249392 0.994078398 -0.318513969
166599767 0.843693094 1.523334809 0.500000000 0.500000000 0.000000000 0.000000000 0.990536153 -0.073189564 0.116109446 4.480840056 0.071438126 0.997260571 0.019180398 -0.140126993 -0.117195174 -0.010704236 0.993051231 -0.293431000
166633133 0.843693094 1.523334809 0.500000000 0.500000000 0.000000000 0.000000000 0.989203990 -0.075915210 0.125348911 4.432030351 0.073966034 0.997057378 0.020138405 -0.126231968 -0.126508877 -0.010649420 0.991908312 -0.259048049
166666500 0.843693094 1.523334809 0.500000000 0.500000000 0.000000000 0.000000000 0.987809539 -0.079138964 0.134049788 4.381730217 0.077197164 0.996822596 0.019630136 -0.093482369 -0.135177359 -0.009042578 0.990780175 -0.217590007
166699867 0.843693094 1.523334809 0.500000000 0.500000000 0.000000000 0.000000000 0.986344993 -0.082114160 0.142761678 4.327270350 0.080216140 0.996596217 0.019009881 -0.060703367 -0.143836737 -0.007298520 0.989574552 -0.177304030
166733233 0.843693094 1.523334809 0.500000000 0.500000000 0.000000000 0.000000000 0.984930575 -0.084627077 0.150830969 4.275109706 0.082699090 0.996393025 0.019021079 -0.038763466 -0.151896611 -0.006260850 0.988376558 -0.140562940
166766600 0.843693094 1.523334809 0.500000000 0.500000000 0.000000000 0.000000000 0.983271420 -0.087771982 0.159603953 4.208370319 0.086059570 0.996134102 0.017623333 0.000831862 -0.160533786 -0.003593076 0.987023830 -0.107845054
166799967 0.843693094 1.523334809 0.500000000 0.500000000 0.000000000 0.000000000 0.981713355 -0.090243414 0.167615637 4.147260070 0.088723779 0.995918810 0.016548568 0.034736595 -0.168424949 -0.001374468 0.985713542 -0.077954919
166833333 0.843693094 1.523334809 0.500000000 0.500000000 0.000000000 0.000000000 0.980162680 -0.092015482 0.175539985 4.088609990 0.090430610 0.995757222 0.017023880 0.049161690 -0.176361665 -0.000811977 0.984325111 -0.046674725
166866700 0.843693094 1.523334809 0.500000000 0.500000000 0.000000000 0.000000000 0.978494346 -0.094311990 0.183450505 4.032320126 0.092748411 0.995542645 0.017104436 0.069521516 -0.184245959 0.000278151 0.982880116 -0.020346461
166900067 0.843693094 1.523334809 0.500000000 0.500000000 0.000000000 0.000000000 0.976697326 -0.096617743 0.191643596 3.973919732 0.094997525 0.995321095 0.017646505 0.081076358 -0.192451864 0.000970388 0.981305897 0.002039830
166933433 0.843693094 1.523334809 0.500000000 0.500000000 0.000000000 0.000000000 0.974849582 -0.098381907 0.199973240 3.914000132 0.096676275 0.995147645 0.018300943 0.084712310 -0.200803384 0.001491982 0.979630470 0.023835895
166966800 0.843693094 1.523334809 0.500000000 0.500000000 0.000000000 0.000000000 0.972753763 -0.101022393 0.208673388 3.854870076 0.099402055 0.994879723 0.018264893 0.108050984 -0.209450096 0.002975306 0.977814853 0.048436482
167000167 0.843693094 1.523334809 0.500000000 0.500000000 0.000000000 0.000000000 0.970304906 -0.103943869 0.218412578 3.788470052 0.102435187 0.994572222 0.018251363 0.137783015 -0.219124198 0.004663727 0.975685835 0.073336899
167033533 0.843693094 1.523334809 0.500000000 0.500000000 0.000000000 0.000000000 0.967642546 -0.106474079 0.228760332 3.711990564 0.105007134 0.994297326 0.018611314 0.153888035 -0.229437411 0.006012345 0.973304868 0.095532728
167066900 0.843693094 1.523334809 0.500000000 0.500000000 0.000000000 0.000000000 0.964809418 -0.108961940 0.239311740 3.629940146 0.107690960 0.994013727 0.018421199 0.173793987 -0.239886358 0.007998755 0.970768034 0.111707036
167100267 0.843693094 1.523334809 0.500000000 0.500000000 0.000000000 0.000000000 0.961934686 -0.111172147 0.249644682 3.545880401 0.109952368 0.993757665 0.018871570 0.183531045 -0.250184327 0.009295806 0.968153596 0.131165865
167133633 0.843693094 1.523334809 0.500000000 0.500000000 0.000000000 0.000000000 0.958903611 -0.113032237 0.260245323 3.452530084 0.111984894 0.993530214 0.018898405 0.194439005 -0.260697722 0.011021771 0.965357602 0.153614978
167167000 0.843693094 1.523334809 0.500000000 0.500000000 0.000000000 0.000000000 0.955598176 -0.114901528 0.271347910 3.350139807 0.114129886 0.993290246 0.018678037 0.206793962 -0.271673352 0.013120225 0.962300062 0.174266045
167200367 0.843693094 1.523334809 0.500000000 0.500000000 0.000000000 0.000000000 0.952322423 -0.116528742 0.281962901 3.253990162 0.115872480 0.993081212 0.019061182 0.210277041 -0.282233208 0.014519349 0.959235966 0.200738028
167233733 0.843693094 1.523334809 0.500000000 0.500000000 0.000000000 0.000000000 0.948883593 -0.118327558 0.292606562 3.157770080 0.117696345 0.992851675 0.019827262 0.210631971 -0.292861015 0.015624937 0.956027389 0.221373107
167267100 0.843693094 1.523334809 0.500000000 0.500000000 0.000000000 0.000000000 0.945359826 -0.120309666 0.303018898 3.061830197 0.119747102 0.992592573 0.020508239 0.213080991 -0.303241640 0.016897967 0.952763855 0.244867044
167300467 0.843693094 1.523334809 0.500000000 0.500000000 0.000000000 0.000000000 0.941882372 -0.121934004 0.313033074 2.975500011 0.121350549 0.992378473 0.021425024 0.208903007 -0.313259691 0.017806884 0.949500561 0.273949091
167333833 0.843693094 1.523334809 0.500000000 0.500000000 0.000000000 0.000000000 0.938416064 -0.123607837 0.322639614 2.894449817 0.123045720 0.992152154 0.022222025 0.204764012 -0.322854429 0.018845940 0.946260929 0.301529899
167367200 0.843693094 1.523334809 0.500000000 0.500000000 0.000000000 0.000000000 0.934792757 -0.124773368 0.332556903 2.810429874 0.124408379 0.991976380 0.022480909 0.201334982 -0.332693636 0.020357873 0.942815185 0.328526948
167400567 0.843693094 1.523334809 0.500000000 0.500000000 0.000000000 0.000000000 0.931263864 -0.126274705 0.341763437 2.736459918 0.125775725 0.991775155 0.023717375 0.186318033 -0.341947377 0.020898445 0.939486623 0.356666932
167433933 0.843693094 1.523334809 0.500000000 0.500000000 0.000000000 0.000000000 0.927764773 -0.127946764 0.350545406 2.666839914 0.127627313 0.991528869 0.024118941 0.182981998 -0.350661814 0.022362471 0.936235130 0.385936124
167467300 0.843693094 1.523334809 0.500000000 0.500000000 0.000000000 0.000000000 0.924107492 -0.129727140 0.359438539 2.594619512 0.129666224 0.991257608 0.024392141 0.182131975 -0.359460533 0.024066119 0.932849884 0.414968933
167500667 0.843693094 1.523334809 0.500000000 0.500000000 0.000000000 0.000000000 0.920638502 -0.131167158 0.367722809 2.524490410 0.131381497 0.991027355 0.024571152 0.179781970 -0.367646277 0.025690800 0.929610848 0.443590079
167534033 0.843693094 1.523334809 0.500000000 0.500000000 0.000000000 0.000000000 0.917283952 -0.132528439 0.375534952 2.454990230 0.132827684 0.990818262 0.025219727 0.168699964 -0.375429213 0.026747737 0.926465094 0.469213104
167567400 0.843693094 1.523334809 0.500000000 0.500000000 0.000000000 0.000000000 0.913879871 -0.133757889 0.383317649 2.383100149 0.134311616 0.990612149 0.025455402 0.160047983 -0.383123994 0.028220816 0.923265755 0.493516903
167600767 0.843693094 1.523334809 0.500000000 0.500000000 0.000000000 0.000000000 0.910797119 -0.135069847 0.390134156 2.320189779 0.135863960 0.990393996 0.025703670 0.151414069 -0.389858305 0.029594382 0.920399129 0.511571921
167634133 0.843693094 1.523334809 0.500000000 0.500000000 0.000000000 0.000000000 0.907894611 -0.136779696 0.396255940 2.265300323 0.137648940 0.990129352 0.026394229 0.142409003 -0.395954818 0.030580997 0.917760670 0.526415077
167667500 0.843693094 1.523334809 0.500000000 0.500000000 0.000000000 0.000000000 0.905049026 -0.138717830 0.402049333 2.214380144 0.139749914 0.989820719 0.026925217 0.140603022 -0.401691765 0.031817693 0.915222049 0.540693931
167700867 0.843693094 1.523334809 0.500000000 0.500000000 0.000000000 0.000000000 0.902312458 -0.140043333 0.407701105 2.158290062 0.141504124 0.989576399 0.026741758 0.131857983 -0.407196373 0.033561945 0.912723839 0.551764064
167734233 0.843693094 1.523334809 0.500000000 0.500000000 0.000000000 0.000000000 0.899874508 -0.141278610 0.412633449 2.106060353 0.143176988 0.989342451 0.026492286 0.126989991 -0.411978573 0.035239842 0.910511911 0.546886113
167767600 0.843693094 1.523334809 0.500000000 0.500000000 0.000000000 0.000000000 0.897431612 -0.142455801 0.417520016 2.051450250 0.144729599 0.989119112 0.026395928 0.116844976 -0.416737288 0.036738936 0.908284307 0.542788072
167800967 0.843693094 1.523334809 0.500000000 0.500000000 0.000000000 0.000000000 0.895083129 -0.143406838 0.422209263 1.995849898 0.145989597 0.988933742 0.026401691 0.109626997 -0.421323180 0.038006447 0.906113863 0.535960957
167834333 0.843693094 1.523334809 0.500000000 0.500000000 0.000000000 0.000000000 0.892879009 -0.143990681 0.426654339 1.931920331 0.147120729 0.988781631 0.025815569 0.103453958 -0.425585151 0.039719470 0.904046357 0.533443191
167867700 0.843693094 1.523334809 0.500000000 0.500000000 0.000000000 0.000000000 0.890853107 -0.144281968 0.430770844 1.860210038 0.147895709 0.988679528 0.025292482 0.095351493 -0.429543525 0.041177269 0.902106881 0.527155063
167901067 0.843693094 1.523334809 0.500000000 0.500000000 0.000000000 0.000000000 0.888843894 -0.144374058 0.434870660 1.783879681 0.148746386 0.988579810 0.024174919 0.085197024 -0.433394611 0.043197766 0.900168240 0.513639774
167934433 0.843693094 1.523334809 0.500000000 0.500000000 0.000000000 0.000000000 0.886886716 -0.144670457 0.438750833 1.709759781 0.149351716 0.988491833 0.024039887 0.076238541 -0.437179476 0.044207565 0.898287117 0.493400993
167967800 0.843693094 1.523334809 0.500000000 0.500000000 0.000000000 0.000000000 0.885057688 -0.144651666 0.442435145 1.631390074 0.149625674 0.988454878 0.023854988 0.069676274 -0.440777838 0.045086600 0.896483243 0.485451067
168001167 0.843693094 1.523334809 0.500000000 0.500000000 0.000000000 0.000000000 0.883379281 -0.144600362 0.445793539 1.552660104 0.149727762 0.988437951 0.023917083 0.056697783 -0.444097668 0.045619797 0.894816279 0.472261038
168034533 0.843693094 1.523334809 0.500000000 0.500000000 0.000000000 0.000000000 0.881727636 -0.144547880 0.449068040 1.472099749 0.150158018 0.988386989 0.023316663 0.056098416 -0.447223395 0.046872269 0.893193185 0.455897878
168067900 0.843693094 1.523334809 0.500000000 0.500000000 0.000000000 0.000000000 0.880006313 -0.144305959 0.452509582 1.384490336 0.150399759 0.988364518 0.022704814 0.058139762 -0.450520873 0.048076894 0.891470551 0.440645112
168101267 0.843693094 1.523334809 0.500000000 0.500000000 0.000000000 0.000000000 0.878387094 -0.144059956 0.455722541 1.300060318 0.150625557 0.988343775 0.022103824 0.062823193 -0.453594774 0.049227707 0.889847457 0.420858010
168134633 0.843693094 1.523334809 0.500000000 0.500000000 0.000000000 0.000000000 0.876855373 -0.144116625 0.458645076 1.224320366 0.151345804 0.988253891 0.021182897 0.069835769 -0.456310600 0.050839610 0.888367176 0.402662089
168168000 0.843693094 1.523334809 0.500000000 0.500000000 0.000000000 0.000000000 0.875202715 -0.144350305 0.461717814 1.147480185 0.152020916 0.988158941 0.020774426 0.069609273 -0.459249407 0.052008875 0.886783659 0.381626080
168201367 0.843693094 1.523334809 0.500000000 0.500000000 0.000000000 0.000000000 0.873890162 -0.144150168 0.464259207 1.075809828 0.152357727 0.988122642 0.020019267 0.076468408 -0.461630821 0.053238858 0.885473073 0.364039065
168234733 0.843693094 1.523334809 0.500000000 0.500000000 0.000000000 0.000000000 0.872475624 -0.143967405 0.466968685 1.006060086 0.152660415 0.988088250 0.019401735 0.080344269 -0.464199513 0.054360047 0.884061038 0.342945996
168268100 0.843693094 1.523334809 0.500000000 0.500000000 0.000000000 0.000000000 0.871141076 -0.144180611 0.469388008 0.940928918 0.153300092 0.987997591 0.018969556 0.089058999 -0.466489255 0.055432066 0.882788241 0.326709014
168301467 0.843693094 1.523334809 0.500000000 0.500000000 0.000000000 0.000000000 0.869841099 -0.144251168 0.471771151 0.875719992 0.153612077 0.987951338 0.018854544 0.092777100 -0.468806714 0.056069292 0.881519437 0.312671022
168334833 0.843693094 1.523334809 0.500000000 0.500000000 0.000000000 0.000000000 0.868442595 -0.144084558 0.474391133 0.808952852 0.153891698 0.987917602 0.018334204 0.102389030 -0.471301049 0.057082698 0.880123138 0.303117920
168368200 0.843693094 1.523334809 0.500000000 0.500000000 0.000000000 0.000000000 0.866697073 -0.144014984 0.477594018 0.732969078 0.154258817 0.987867415 0.017948370 0.090635770 -0.474384427 0.058117252 0.878397346 0.290524022
168401567 0.843693094 1.523334809 0.500000000 0.500000000 0.000000000 0.000000000 0.864718676 -0.143596336 0.481291860 0.644216076 0.154374555 0.987859607 0.017375028 0.084145385 -0.477943808 0.059274651 0.876388311 0.270786017
168434933 0.843693094 1.523334809 0.500000000 0.500000000 0.000000000 0.000000000 0.862549067 -0.143364564 0.485237777 0.548884977 0.154648647 0.987824023 0.016954407 0.075516703 -0.481760204 0.060417362 0.874217868 0.253184988
168468300 0.843693094 1.523334809 0.500000000 0.500000000 0.000000000 0.000000000 0.860276520 -0.143139288 0.489321619 0.449414099 0.154900238 0.987790227 0.016624156 0.060469080 -0.485726684 0.061494607 0.871945083 0.235996063
168501667 0.843693094 1.523334809 0.500000000 0.500000000 0.000000000 0.000000000 0.857896805 -0.143153697 0.493477792 0.349122053 0.155440331 0.987710834 0.016297981 0.039953079 -0.489746481 0.062724277 0.869605839 0.225678046
168535033 0.843693094 1.523334809 0.500000000 0.500000000 0.000000000 0.000000000 0.855866492 -0.143085465 0.497010231 0.253956002 0.156241044 0.987600923 0.015271023 0.022621195 -0.493032813 0.064583421 0.867610335 0.217367002
168568400 0.843693094 1.523334809 0.500000000 0.500000000 0.000000000 0.000000000 0.853910863 -0.142936081 0.500405073 0.155985954 0.156776518 0.987526953 0.014548328 -0.003630752 -0.496242970 0.066028863 0.865669012 0.215356934
168601767 0.843693094 1.523334809 0.500000000 0.500000000 0.000000000 0.000000000 0.852084160 -0.142726228 0.503569245 0.060090005 0.157203421 0.987468779 0.013875214 -0.018611218 -0.499239296 0.067339890 0.863843560 0.220315045
168635133 0.843693094 1.523334809 0.500000000 0.500000000 0.000000000 0.000000000 0.850200295 -0.142513514 0.506803095 -0.035275305 0.157872766 0.987376392 0.012807740 -0.034623707 -0.502230704 0.069121242 0.861966729 0.235197013
168668500 0.843693094 1.523334809 0.500000000 0.500000000 0.000000000 0.000000000 0.848500252 -0.142250538 0.509717822 -0.128349012 0.158453315 0.987296402 0.011762904 -0.047409009 -0.504915833 0.070785619 0.860261321 0.254627020
168701867 0.843693094 1.523334809 0.500000000 0.500000000 0.000000000 0.000000000 0.846720934 -0.141969040 0.512745798 -0.226544940 0.158644602 0.987270176 0.011378156 -0.064704988 -0.507834017 0.071710266 0.858465016 0.276574972
168735233 0.843693094 1.523334809 0.500000000 0.500000000 0.000000000 0.000000000 0.845097899 -0.141521826 0.515539527 -0.324503947 0.158729419 0.987262845 0.010818472 -0.077746099 -0.510504127 0.072688639 0.856797457 0.301340016
168768600 0.843693094 1.523334809 0.500000000 0.500000000 0.000000000 0.000000000 0.843390107 -0.140794396 0.518527150 -0.430971137 0.158361107 0.987325370 0.010509923 -0.093423634 -0.513434768 0.073250473 0.854996741 0.325473118
168801967 0.843693094 1.523334809 0.500000000 0.500000000 0.000000000 0.000000000 0.841551781 -0.140304714 0.521636963 -0.538346974 0.158506453 0.987308919 0.009839639 -0.097761396 -0.516397357 0.074402280 0.853110790 0.352752997
168835333 0.843693094 1.523334809 0.500000000 0.500000000 0.000000000 0.000000000 0.839540303 -0.139831200 0.524994612 -0.647922029 0.158529893 0.987308919 0.009456009 -0.106718010 -0.519654155 0.075288616 0.851053059 0.381934073
168868700 0.843693094 1.523334809 0.500000000 0.500000000 0.000000000 0.000000000 0.837188423 -0.139633849 0.528789282 -0.759699100 0.158769175 0.987271607 0.009336069 -0.114370023 -0.523362279 0.076139338 0.848701894 0.414764096
168902067 0.843693094 1.523334809 0.500000000 0.500000000 0.000000000 0.000000000 0.834565282 -0.139742315 0.532891393 -0.872727303 0.159260392 0.987191319 0.009456292 -0.125379011 -0.527387261 0.076976515 0.846130967 0.451328206
168935433 0.843693094 1.523334809 0.500000000 0.500000000 0.000000000 0.000000000 0.831821442 -0.139502540 0.537226558 -0.989516231 0.159399375 0.987168193 0.009531591 -0.139911025 -0.531662703 0.077704921 0.843384266 0.487311215
168968800 0.843693094 1.523334809 0.500000000 0.500000000 0.000000000 0.000000000 0.828568578 -0.139658913 0.542189419 -1.113329836 0.160063550 0.987059593 0.009642467 -0.148856975 -0.536519945 0.078795336 0.840200901 0.529774986
169002167 0.843693094 1.523334809 0.500000000 0.500000000 0.000000000 0.000000000 0.825112522 -0.139831319 0.547390699 -1.235600115 0.160516694 0.986980736 0.010169111 -0.168471011 -0.541686058 0.079474658 0.836815417 0.574784058
169035533 0.843693094 1.523334809 0.500000000 0.500000000 0.000000000 0.000000000 0.821186900 -0.139788315 0.553273201 -1.361449938 0.161117658 0.986882448 0.010206416 -0.184066010 -0.547442317 0.080760725 0.832937300 0.624490923
169068900 0.843693094 1.523334809 0.500000000 0.500000000 0.000000000 0.000000000 0.816793740 -0.140366435 0.559593856 -1.487059998 0.162160784 0.986705184 0.010808494 -0.200673998 -0.553671300 0.081915855 0.828696549 0.678264987
169102267 0.843693094 1.523334809 0.500000000 0.500000000 0.000000000 0.000000000 0.812175930 -0.141037121 0.566108644 -1.611000322 0.163174376 0.986528158 0.011677597 -0.219345059 -0.560129106 0.082890108 0.824248016 0.741583151
169135633 0.843693094 1.523334809 0.500000000 0.500000000 0.000000000 0.000000000 0.807034552 -0.141668811 0.573258519 -1.735050313 0.164077297 0.986364841 0.012771003 -0.239364046 -0.567251325 0.083752036 0.819275081 0.807518182
169169000 0.843693094 1.523334809 0.500000000 0.500000000 0.000000000 0.000000000 0.801782250 -0.142889246 0.580282569 -1.848829907 0.165429100 0.986118793 0.014247619 -0.250215998 -0.574263334 0.084572136 0.814290583 0.879817971
169202367 0.843693094 1.523334809 0.500000000 0.500000000 0.000000000 0.000000000 0.796638250 -0.143736556 0.587117791 -1.961749977 0.166507557 0.985919237 0.015442129 -0.262273000 -0.581070304 0.085457757 0.809354186 0.959524877
169235733 0.843693094 1.523334809 0.500000000 0.500000000 0.000000000 0.000000000 0.791198611 -0.144902810 0.594144702 -2.073930161 0.167897388 0.985661209 0.016805500 -0.278042982 -0.588060498 0.086458877 0.804182589 1.040829926
169269100 0.843693094 1.523334809 0.500000000 0.500000000 0.000000000 0.000000000 0.783898652 -0.146308020 0.603404403 -2.182889910 0.169279978 0.985384643 0.019011006 -0.302886021 -0.597366929 0.087241575 0.797208726 1.132370120
169302467 0.843693094 1.523334809 0.500000000 0.500000000 0.000000000 0.000000000 0.774677932 -0.147705361 0.614863336 -2.274109333 0.171846882 0.984918833 0.020088740 -0.312098940 -0.608557642 0.090100117 0.788377583 1.242299430
169335833 0.843693094 1.523334809 0.500000000 0.500000000 0.000000000 0.000000000 0.764331460 -0.151014939 0.626890659 -2.352930015 0.174948439 0.984289765 0.023806158 -0.345184037 -0.620637178 0.091477737 0.778743505 1.348780264
169369200 0.843693094 1.523334809 0.500000000 0.500000000 0.000000000 0.000000000 0.754929185 -0.154394075 0.637372673 -2.417078903 0.178088710 0.983634651 0.027335659 -0.375286858 -0.631162345 0.092872500 0.770070374 1.442899460
169402567 0.843693094 1.523334809 0.500000000 0.500000000 0.000000000 0.000000000 0.745668888 -0.157675579 0.647391796 -2.487849571 0.180769309 0.983030140 0.031211089 -0.410727948 -0.641326904 0.093755469 0.761517942 1.538259731
169435933 0.843693094 1.523334809 0.500000000 0.500000000 0.000000000 0.000000000 0.737300813 -0.160230681 0.656288087 -2.555600927 0.183327064 0.982466996 0.033909101 -0.434968100 -0.650214612 0.095314056 0.753748298 1.619740422
169469300 0.843693094 1.523334809 0.500000000 0.500000000 0.000000000 0.000000000 0.729019284 -0.162815675 0.664847016 -2.625118949 0.186003134 0.981871128 0.036495864 -0.456426925 -0.658736110 0.097057536 0.746087193 1.699309010
169502667 0.843693094 1.523334809 0.500000000 0.500000000 0.000000000 0.000000000 0.721353650 -0.165132880 0.672591746 -2.693718889 0.188508898 0.981306612 0.038752198 -0.474426828 -0.666418016 0.098835588 0.738998115 1.771239319
169536033 0.843693094 1.523334809 0.500000000 0.500000000 0.000000000 0.000000000 0.714274228 -0.167406663 0.679549634 -2.765370908 0.191049501 0.980732501 0.040790826 -0.491884100 -0.673285067 0.100691691 0.732494891 1.830670806
169569400 0.843693094 1.523334809 0.500000000 0.500000000 0.000000000 0.000000000 0.707371235 -0.169121504 0.686311543 -2.847309238 0.193229258 0.980237365 0.042392433 -0.504893953 -0.679917753 0.102628350 0.726071000 1.879709674
169602767 0.843693094 1.523334809 0.500000000 0.500000000 0.000000000 0.000000000 0.700998664 -0.170478120 0.692486942 -2.934620136 0.194697008 0.979869902 0.044136629 -0.518579050 -0.686071455 0.103885397 0.720079064 1.925130159
169636133 0.843693094 1.523334809 0.500000000 0.500000000 0.000000000 0.000000000 0.695033967 -0.171665743 0.698182344 -3.025989959 0.196064457 0.979527354 0.045661185 -0.533558046 -0.691727161 0.105152681 0.714462280 1.964619832
169669500 0.843693094 1.523334809 0.500000000 0.500000000 0.000000000 0.000000000 0.689289272 -0.172531635 0.703642488 -3.120918754 0.197263926 0.979229569 0.046864960 -0.546429877 -0.697113276 0.106499866 0.709006786 2.004799718
169702867 0.843693094 1.523334809 0.500000000 0.500000000 0.000000000 0.000000000 0.683773816 -0.173459888 0.708777070 -3.214079741 0.198541731 0.978914678 0.048033152 -0.561393977 -0.702164173 0.107878029 0.703795314 2.036310207
169736233 0.843693094 1.523334809 0.500000000 0.500000000 0.000000000 0.000000000 0.678489923 -0.174637988 0.713549316 -3.305328838 0.199897215 0.978569508 0.049425013 -0.583028853 -0.706889093 0.109102242 0.698859215 2.059549461
169769600 0.843693094 1.523334809 0.500000000 0.500000000 0.000000000 0.000000000 0.673586726 -0.175385505 0.717998028 -3.392681122 0.200335115 0.978396535 0.051049560 -0.602435076 -0.711440086 0.109453857 0.694170713 2.083930493
169802967 0.843693094 1.523334809 0.500000000 0.500000000 0.000000000 0.000000000 0.668582380 -0.176342010 0.722426951 -3.475118742 0.201177359 0.978142738 0.052578349 -0.622609764 -0.715908468 0.110183075 0.689445019 2.109759207
169836333 0.843693094 1.523334809 0.500000000 0.500000000 0.000000000 0.000000000 0.663558304 -0.177286357 0.726814985 -3.557710260 0.202221543 0.977855504 0.053899072 -0.637841057 -0.720275640 0.111212440 0.684715271 2.135850535
169869700 0.843693094 1.523334809 0.500000000 0.500000000 0.000000000 0.000000000 0.658498883 -0.178420126 0.731126547 -3.637122263 0.203279257 0.977548301 0.055469371 -0.655743346 -0.724608421 0.112096213 0.679983497 2.161811480
169903067 0.843693094 1.523334809 0.500000000 0.500000000 0.000000000 0.000000000 0.653541446 -0.179403037 0.735321522 -3.713098646 0.204546481 0.977217734 0.056623176 -0.664487841 -0.728727579 0.113401935 0.675348580 2.188399022
169936433 0.843693094 1.523334809 0.500000000 0.500000000 0.000000000 0.000000000 0.648600698 -0.180268705 0.739472985 -3.790559962 0.205546975 0.976934791 0.057869397 -0.674207947 -0.732848883 0.114462338 0.670694232 2.217309772
169969800 0.843693094 1.523334809 0.500000000 0.500000000 0.000000000 0.000000000 0.643220663 -0.180960193 0.743989587 -3.868479514 0.206541255 0.976658285 0.058985591 -0.681822914 -0.737297654 0.115723819 0.665582538 2.246249745
170003167 0.843693094 1.523334809 0.500000000 0.500000000 0.000000000 0.000000000 0.637706995 -0.181983173 0.748473108 -3.947420340 0.208220243 0.976242542 0.059957005 -0.686800088 -0.741602480 0.117612250 0.660449266 2.277210528
170036533 0.843693094 1.523334809 0.500000000 0.500000000 0.000000000 0.000000000 0.631948292 -0.182742670 0.753157854 -4.033691082 0.209144101 0.975960553 0.061317004 -0.689126135 -0.746257544 0.118769281 0.654976130 2.308510432
170069900 0.843693094 1.523334809 0.500000000 0.500000000 0.000000000 0.000000000 0.626296878 -0.183338672 0.757719517 -4.118988934 0.210132569 0.975680113 0.062390536 -0.675976787 -0.750730515 0.120146632 0.649590850 2.343559482
170103267 0.843693094 1.523334809 0.500000000 0.500000000 0.000000000 0.000000000 0.620576262 -0.184200644 0.762204349 -4.202331372 0.211643070 0.975289822 0.063379779 -0.661731183 -0.755044758 0.121983230 0.644226432 2.379210794
170136633 0.843693094 1.523334809 0.500000000 0.500000000 0.000000000 0.000000000 0.614719093 -0.185338706 0.766661346 -4.282758536 0.213737875 0.974774480 0.064271808 -0.639340890 -0.759233892 0.124355555 0.638826370 2.411908770
170170000 0.843693094 1.523334809 0.500000000 0.500000000 0.000000000 0.000000000 0.609117746 -0.186426669 0.770856977 -4.360879079 0.215491742 0.974316239 0.065354131 -0.617126935 -0.763242245 0.126304999 0.633646727 2.446219557
170203367 0.843693094 1.523334809 0.500000000 0.500000000 0.000000000 0.000000000 0.603460908 -0.187676340 0.774992228 -4.436321777 0.217047304 0.973870754 0.066830248 -0.600672270 -0.767284751 0.127880424 0.628427505 2.485331382
170236733 0.843693094 1.523334809 0.500000000 0.500000000 0.000000000 0.000000000 0.597687364 -0.188654631 0.779217601 -4.508763646 0.218907058 0.973390400 0.067755908 -0.573381317 -0.771265388 0.130079195 0.623080909 2.524581782
170270100 0.843693094 1.523334809 0.500000000 0.500000000 0.000000000 0.000000000 0.591479301 -0.189714745 0.783684075 -4.582480769 0.220381364 0.972955823 0.069202699 -0.552068081 -0.775618732 0.131777376 0.617292821 2.572650379
170303467 0.843693094 1.523334809 0.500000000 0.500000000 0.000000000 0.000000000 0.584905028 -0.190891847 0.788319051 -4.654202483 0.221851930 0.972500443 0.070885092 -0.532811180 -0.780172050 0.133428931 0.611170053 2.622041491
170336833 0.843693094 1.523334809 0.500000000 0.500000000 0.000000000 0.000000000 0.577723682 -0.192184255 0.793284237 -4.727906867 0.223207638 0.972038448 0.072934978 -0.512979587 -0.785119712 0.134931013 0.604466677 2.669628138
170370200 0.843693094 1.523334809 0.500000000 0.500000000 0.000000000 0.000000000 0.570196509 -0.193443149 0.798408031 -4.800448237 0.224606931 0.971559763 0.074988618 -0.500844856 -0.790207148 0.136569813 0.597428679 2.720018947
170403567 0.843693094 1.523334809 0.500000000 0.500000000 0.000000000 0.000000000 0.562540770 -0.194866836 0.803476572 -4.866369448 0.226024061 0.971052885 0.077262074 -0.495541955 -0.795274019 0.138142034 0.590301394 2.763839407
170436933 0.843693094 1.523334809 0.500000000 0.500000000 0.000000000 0.000000000 0.554232240 -0.196144253 0.808921456 -4.937119210 0.227083385 0.970603466 0.079762220 -0.498393915 -0.800786853 0.139485866 0.582480848 2.808499400
170470300 0.843693094 1.523334809 0.500000000 0.500000000 0.000000000 0.000000000 0.545431495 -0.197517857 0.814549804 -5.008571319 0.228511378 0.970063567 0.082214229 -0.510801136 -0.806403875 0.141291618 0.574238300 2.861280139
170503667 0.843693094 1.523334809 0.500000000 0.500000000 0.000000000 0.000000000 0.535954893 -0.198869124 0.820489705 -5.083359691 0.229796126 0.969529748 0.084887311 -0.538841961 -0.812370598 0.143049598 0.565323591 2.926359706
170537033 0.843693094 1.523334809 0.500000000 0.500000000 0.000000000 0.000000000 0.525808215 -0.200253442 0.826694369 -5.159546626 0.231095925 0.968967438 0.087731272 -0.573189536 -0.818608403 0.144916043 0.555768847 2.998097759
170570400 0.843693094 1.523334809 0.500000000 0.500000000 0.000000000 0.000000000 0.514652252 -0.201482013 0.833389342 -5.238728314 0.231938168 0.968473136 0.090908825 -0.618782902 -0.825431645 0.146508440 0.545158267 3.088729148
170603767 0.843693094 1.523334809 0.500000000 0.500000000 0.000000000 0.000000000 0.503022730 -0.202889457 0.840121090 -5.313977509 0.232540056 0.967981577 0.094534397 -0.670831714 -0.832401812 0.147808999 0.534096718 3.195148738
170637133 0.843693094 1.523334809 0.500000000 0.500000000 0.000000000 0.000000000 0.490590155 -0.204418868 0.847073615 -5.383007298 0.233401746 0.967400968 0.098280042 -0.723471785 -0.839550078 0.149493366 0.522309184 3.319578119
170670500 0.843693094 1.523334809 0.500000000 0.500000000 0.000000000 0.000000000 0.477820396 -0.206074864 0.853943706 -5.444384707 0.234171927 0.966800034 0.102279708 -0.783611335 -0.846670032 0.151098564 0.510213733 3.458396478
170703867 0.843693094 1.523334809 0.500000000 0.500000000 0.000000000 0.000000000 0.464905620 -0.208064452 0.860564888 -5.496510046 0.235127315 0.966105819 0.106558219 -0.850991083 -0.853567779 0.152802780 0.498069644 3.606040468
170737233 0.843693094 1.523334809 0.500000000 0.500000000 0.000000000 0.000000000 0.451682389 -0.210461140 0.867000461 -5.540633452 0.236988395 0.965170383 0.110827349 -0.919532696 -0.860128045 0.155410111 0.485827267 3.749412970
