https://www.youtube.com/watch?v=GTpRYOrHcto
117183733 0.910899680 1.622150189 0.500000000 0.500000000 0.000000000 0.000000000 0.997858047 -0.001559568 -0.065397806 0.494567007 -0.000881674 0.999304354 -0.037283618 -0.773984065 0.065410458 0.037261415 0.997162521 6.438310393
117250467 0.910899680 1.622150189 0.500000000 0.500000000 0.000000000 0.000000000 0.997120440 0.003374517 -0.075759299 0.583350104 -0.005808161 0.999473333 -0.031926077 -0.686685899 0.075611673 0.032274168 0.996614873 6.172929513
117317200 0.910899680 1.622150189 0.500000000 0.500000000 0.000000000 0.000000000 0.996414065 0.009622242 -0.084062129 0.665534894 -0.011799483 0.999606669 -0.025442047 -0.619724963 0.083784252 0.026342703 0.996135652 5.896900095
117383933 0.910899680 1.622150189 0.500000000 0.500000000 0.000000000 0.000000000 0.995555997 0.016882043 -0.092645749 0.739173036 -0.018806256 0.999624372 -0.019935900 -0.568355951 0.092274383 0.021589627 0.995499551 5.638420038
117450667 0.910899680 1.622150189 0.500000000 0.500000000 0.000000000 0.000000000 0.994564235 0.023895852 -0.101346046 0.800275108 -0.025607344 0.999550045 -0.015620201 -0.543848971 0.100927189 0.018130498 0.994728625 5.378499861
117517400 0.910899680 1.622150189 0.500000000 0.500000000 0.000000000 0.000000000 0.993512213 0.029974364 -0.109704293 0.857012027 -0.031653598 0.999406397 -0.013597144 -0.529120935 0.109231614 0.016981466 0.993871272 5.169540149
117584133 0.910899680 1.622150189 0.500000000 0.500000000 0.000000000 0.000000000 0.992681205 0.033034019 -0.116158329 0.925695051 -0.034818672 0.999304235 -0.013367997 -0.528107971 0.115635909 0.017314639 0.993140757 4.993730035
117650867 0.910899680 1.622150189 0.500000000 0.500000000 0.000000000 0.000000000 0.992481470 0.033071008 -0.117842466 1.008950040 -0.035108704 0.999267042 -0.015257427 -0.533043960 0.117251515 0.019280011 0.992915094 4.877510261
117717600 0.910899680 1.622150189 0.500000000 0.500000000 0.000000000 0.000000000 0.992499769 0.032182299 -0.117934234 1.031839889 -0.034750268 0.999200225 -0.019782860 -0.561525990 0.117203258 0.023732729 0.992824316 4.669709817
117784333 0.910899680 1.622150189 0.500000000 0.500000000 0.000000000 0.000000000 0.991890371 0.032091614 -0.122978136 0.994354990 -0.035587851 0.999019384 -0.026338842 -0.582730996 0.122012287 0.030501772 0.992059827 4.427559880
117851067 0.910899680 1.622150189 0.500000000 0.500000000 0.000000000 0.000000000 0.990741730 0.031926412 -0.131952763 0.923184841 -0.036437128 0.998826325 -0.031911742 -0.597630088 0.130779058 0.036424268 0.990742207 4.253950693
117917800 0.910899680 1.622150189 0.500000000 0.500000000 0.000000000 0.000000000 0.989531755 0.032527052 -0.140601978 0.843282050 -0.037989438 0.998617113 -0.036341526 -0.609488038 0.139225468 0.041302480 0.989399016 4.039009826
117984533 0.910899680 1.622150189 0.500000000 0.500000000 0.000000000 0.000000000 0.988936067 0.033222239 -0.144574329 0.764505010 -0.039404418 0.998418033 -0.040109258 -0.610379010 0.143013105 0.045362357 0.988680720 3.863350193
118051267 0.910899680 1.622150189 0.500000000 0.500000000 0.000000000 0.000000000 0.988691986 0.033090599 -0.146264181 0.654107014 -0.039820023 0.998267293 -0.043322105 -0.599859998 0.144577190 0.048656460 0.988296509 3.622239971
118118000 0.910899680 1.622150189 0.500000000 0.500000000 0.000000000 0.000000000 0.987954199 0.031459492 -0.151514918 0.489767008 -0.038762171 0.998212636 -0.045487184 -0.553460976 0.149813086 0.050812308 0.987407804 3.329889928
118184733 0.910899680 1.622150189 0.500000000 0.500000000 0.000000000 0.000000000 0.986788273 0.029069841 -0.159385800 0.307922965 -0.036558367 0.998351157 -0.044253994 -0.483565979 0.157836556 0.049496207 0.986223996 3.068980135
118518400 0.910899680 1.622150189 0.500000000 0.500000000 0.000000000 0.000000000 0.980642259 0.009481687 -0.195578083 -0.457544035 -0.019314272 0.998639882 -0.048428699 -0.323082991 0.194852874 0.051268682 0.979491651 1.784129980
118585133 0.910899680 1.622150189 0.500000000 0.500000000 0.000000000 0.000000000 0.978752196 0.005937272 -0.204960480 -0.606247939 -0.016264530 0.998679101 -0.048738688 -0.270546998 0.204400375 0.051036686 0.977555990 1.510779851
118651867 0.910899680 1.622150189 0.500000000 0.500000000 0.000000000 0.000000000 0.975081742 0.002419001 -0.221832722 -0.735156020 -0.013453875 0.998744845 -0.048246536 -0.241955000 0.221437573 0.050028827 0.973890424 1.209030082
118718600 0.910899680 1.622150189 0.500000000 0.500000000 0.000000000 0.000000000 0.970560312 -0.000011566 -0.240858167 -0.798946025 -0.012116212 0.998731613 -0.048871364 -0.229610013 0.240553230 0.050350893 0.969329119 0.975634001
118785333 0.910899680 1.622150189 0.500000000 0.500000000 0.000000000 0.000000000 0.966544807 -0.000221865 -0.256497830 -0.854063018 -0.013633527 0.998541594 -0.052238099 -0.221589009 0.256135315 0.053987436 0.965132177 0.756265063
118852067 0.910899680 1.622150189 0.500000000 0.500000000 0.000000000 0.000000000 0.961631775 0.001336986 -0.274340183 -0.887444947 -0.017840598 0.998176217 -0.057671253 -0.203072997 0.273762733 0.060352903 0.959901810 0.504850991
118918800 0.910899680 1.622150189 0.500000000 0.500000000 0.000000000 0.000000000 0.953822732 0.003995325 -0.300343513 -0.901924011 -0.024602696 0.997590899 -0.064862065 -0.178979965 0.299360812 0.069256179 0.951623142 0.251175945
118985533 0.910899680 1.622150189 0.500000000 0.500000000 0.000000000 0.000000000 0.945800245 0.008187936 -0.324645668 -0.871480972 -0.032477014 0.997055292 -0.069469362 -0.140296984 0.323120862 0.076247662 0.943281054 -0.026590498
119052267 0.910899680 1.622150189 0.500000000 0.500000000 0.000000000 0.000000000 0.938422203 0.012676397 -0.345258147 -0.802600145 -0.039806746 0.996638536 -0.071603715 -0.090129918 0.343189865 0.080938116 0.935772300 -0.270927038
119119000 0.910899680 1.622150189 0.500000000 0.500000000 0.000000000 0.000000000 0.929868102 0.019823270 -0.367358476 -0.712370909 -0.049897678 0.996115804 -0.072550319 -0.026030099 0.364493400 0.085792564 0.927245438 -0.543025869
119185733 0.910899680 1.622150189 0.500000000 0.500000000 0.000000000 0.000000000 0.918008447 0.028266726 -0.395552278 -0.586124111 -0.060806148 0.995694339 -0.069966905 0.042419702 0.391871452 0.088282205 0.915774643 -0.803085153
119252467 0.910899680 1.622150189 0.500000000 0.500000000 0.000000000 0.000000000 0.901824117 0.038265020 -0.430405647 -0.422924924 -0.073147915 0.995214581 -0.064786911 0.124927000 0.425866872 0.089909673 0.900307536 -1.077499954
119319200 0.910899680 1.622150189 0.500000000 0.500000000 0.000000000 0.000000000 0.884711623 0.049787488 -0.463472337 -0.206274026 -0.085967138 0.994651616 -0.057252452 0.213748998 0.458143026 0.090495303 0.884259880 -1.297399958
119385933 0.910899680 1.622150189 0.500000000 0.500000000 0.000000000 0.000000000 0.868068933 0.062237136 -0.492526919 0.015050282 -0.099314369 0.993826270 -0.049456805 0.290321980 0.486408144 0.091846928 0.868890762 -1.501619872
119452667 0.910899680 1.622150189 0.500000000 0.500000000 0.000000000 0.000000000 0.849471450 0.072974637 -0.522563696 0.271971880 -0.111652091 0.992822886 -0.042854778 0.356385987 0.515685916 0.094749264 0.851522446 -1.702079795
119519400 0.910899680 1.622150189 0.500000000 0.500000000 0.000000000 0.000000000 0.832381308 0.080650754 -0.548303723 0.529719025 -0.121051587 0.991923749 -0.037865333 0.402512101 0.540821671 0.097891398 0.835421681 -1.833830252
119586133 0.910899680 1.622150189 0.500000000 0.500000000 0.000000000 0.000000000 0.818053842 0.087046370 -0.568516612 0.759245241 -0.129498303 0.990975499 -0.034608986 0.432506134 0.560373425 0.101933897 0.821943641 -1.958920529
119652867 0.910899680 1.622150189 0.500000000 0.500000000 0.000000000 0.000000000 0.800388038 0.091283917 -0.592491448 1.001319914 -0.137013748 0.990033984 -0.032557387 0.448282920 0.583614647 0.107238039 0.804918528 -2.076299722
119719600 0.910899680 1.622150189 0.500000000 0.500000000 0.000000000 0.000000000 0.779305458 0.092205025 -0.619823456 1.254669771 -0.143453553 0.989099145 -0.033225920 0.464169953 0.610003233 0.114809036 0.784037471 -2.174749576
119786333 0.910899680 1.622150189 0.500000000 0.500000000 0.000000000 0.000000000 0.759184480 0.091047488 -0.644476175 1.506950333 -0.148743540 0.988234580 -0.035606503 0.485469244 0.633651733 0.122893512 0.763795078 -2.270830494
119853067 0.910899680 1.622150189 0.500000000 0.500000000 0.000000000 0.000000000 0.743240476 0.088993236 -0.663079143 1.751930309 -0.152369097 0.987583458 -0.038243774 0.516734108 0.651442528 0.129457071 0.747571826 -2.344650376
119919800 0.910899680 1.622150189 0.500000000 0.500000000 0.000000000 0.000000000 0.732612193 0.086016446 -0.675189137 1.969649809 -0.153540075 0.987298906 -0.040820204 0.532709848 0.663102269 0.133574009 0.736514211 -2.399179630
119986533 0.910899680 1.622150189 0.500000000 0.500000000 0.000000000 0.000000000 0.722492695 0.083140299 -0.686361134 2.171249410 -0.155567959 0.986834943 -0.044220038 0.544621820 0.673648655 0.138724506 0.725915074 -2.480489395
120053267 0.910899680 1.622150189 0.500000000 0.500000000 0.000000000 0.000000000 0.709464192 0.079383947 -0.700256050 2.366399592 -0.159006596 0.986045063 -0.049315263 0.565482776 0.686569154 0.146332785 0.712186277 -2.545129604
120120000 0.910899680 1.622150189 0.500000000 0.500000000 0.000000000 0.000000000 0.697829425 0.075969674 -0.712223649 2.545879468 -0.163161874 0.985076725 -0.054790601 0.584445825 0.697432518 0.154442281 0.699810863 -2.599539410
120186733 0.910899680 1.622150189 0.500000000 0.500000000 0.000000000 0.000000000 0.687574267 0.073290721 -0.722405434 2.706528823 -0.168164551 0.983916938 -0.060234275 0.605976586 0.706372261 0.162898600 0.688840866 -2.649068478
120253467 0.910899680 1.622150189 0.500000000 0.500000000 0.000000000 0.000000000 0.678133726 0.071485914 -0.731453419 2.840439142 -0.174060315 0.982564509 -0.065344691 0.632970663 0.714028955 0.171629503 0.678753018 -2.702729054
120320200 0.910899680 1.622150189 0.500000000 0.500000000 0.000000000 0.000000000 0.667562485 0.071920067 -0.741072237 2.967280638 -0.181509376 0.981014609 -0.068298697 0.657932251 0.722090662 0.180105165 0.667942762 -2.749880951
120386933 0.910899680 1.622150189 0.500000000 0.500000000 0.000000000 0.000000000 0.655754089 0.074997455 -0.751240194 3.092099473 -0.191092908 0.979139864 -0.069055066 0.687854845 0.730390251 0.188839838 0.656406462 -2.802929557
120453667 0.910899680 1.622150189 0.500000000 0.500000000 0.000000000 0.000000000 0.644469678 0.076849535 -0.760757804 3.199978360 -0.198472753 0.977648020 -0.069375306 0.708312502 0.738421917 0.195700079 0.645317078 -2.883258852
120520400 0.910899680 1.622150189 0.500000000 0.500000000 0.000000000 0.000000000 0.632292390 0.078152470 -0.770777464 3.309408083 -0.204971939 0.976321995 -0.069151133 0.738046425 0.747122645 0.201711595 0.633340061 -2.994048462
120587133 0.910899680 1.622150189 0.500000000 0.500000000 0.000000000 0.000000000 0.620278955 0.081269950 -0.780160069 3.408831743 -0.212388963 0.974864185 -0.067310959 0.767802512 0.755079746 0.207448870 0.621948540 -3.121731357
120653867 0.910899680 1.622150189 0.500000000 0.500000000 0.000000000 0.000000000 0.611111760 0.086640835 -0.786788404 3.470980322 -0.219722420 0.973496139 -0.063461095 0.796596187 0.760437191 0.211656839 0.613951802 -3.260170213
120787333 0.910899680 1.622150189 0.500000000 0.500000000 0.000000000 0.000000000 0.589346945 0.099307969 -0.801753461 3.620571819 -0.234060124 0.970841229 -0.051799506 0.837262629 0.773231208 0.218186289 0.595406353 -3.626241690
