https://www.youtube.com/watch?v=tWA2cbLrt1o
27927900 0.982710579 1.747193396 0.500000000 0.500000000 0.000000000 0.000000000 0.984636188 0.016291682 -0.173856825 -7.695310523 -0.018293168 0.999783516 -0.009915969 -0.088555403 0.173657626 0.012944014 0.984721005 -0.170566027
27994633 0.982710579 1.747193396 0.500000000 0.500000000 0.000000000 0.000000000 0.980979860 0.015942302 -0.193453893 -6.899170401 -0.018386528 0.999772131 -0.010845718 0.019261191 0.193236902 0.014196374 0.981049418 -0.030571470
28061367 0.982710579 1.747193396 0.500000000 0.500000000 0.000000000 0.000000000 0.976286054 0.017524704 -0.215773985 -6.071719939 -0.020270180 0.999739230 -0.010517317 0.112340974 0.215533391 0.014641684 0.976386726 0.088361949
28128100 0.982710579 1.747193396 0.500000000 0.500000000 0.000000000 0.000000000 0.969962358 0.022452531 -0.242216825 -5.232630127 -0.025242439 0.999645889 -0.008420698 0.143629004 0.241941988 0.014281901 0.970185637 0.126941003
28194833 0.982710579 1.747193396 0.500000000 0.500000000 0.000000000 0.000000000 0.961616993 0.030224185 -0.272725701 -4.345769945 -0.032793570 0.999450326 -0.004866745 0.154541975 0.272428691 0.013623590 0.962079525 0.095672883
28261567 0.982710579 1.747193396 0.500000000 0.500000000 0.000000000 0.000000000 0.951161802 0.038923923 -0.306228906 -3.424050059 -0.041187089 0.999150991 -0.000929710 0.176560008 0.305932730 0.013496989 0.951957405 0.095239401
28328300 0.982710579 1.747193396 0.500000000 0.500000000 0.000000000 0.000000000 0.939143717 0.045985453 -0.340432674 -2.512450064 -0.048022389 0.998843253 0.002444941 0.155278997 0.340151340 0.014052239 0.940265715 0.093188261
28395033 0.982710579 1.747193396 0.500000000 0.500000000 0.000000000 0.000000000 0.927156746 0.049457494 -0.371395111 -1.694149983 -0.052119132 0.998636723 0.002874204 0.119505997 0.371030927 0.016691953 0.928470492 0.206919073
28461767 0.982710579 1.747193396 0.500000000 0.500000000 0.000000000 0.000000000 0.916112840 0.051367633 -0.397616416 -0.984022188 -0.055127002 0.998477399 0.001978954 0.078644992 0.397112638 0.020106437 0.917549670 0.418248045
28528500 0.982710579 1.747193396 0.500000000 0.500000000 0.000000000 0.000000000 0.906256676 0.052733023 -0.419425696 -0.352949906 -0.057899166 0.998322368 0.000412600 0.050031214 0.418743819 0.023910493 0.907789528 0.676869910
28595233 0.982710579 1.747193396 0.500000000 0.500000000 0.000000000 0.000000000 0.897858202 0.053732160 -0.436993599 0.209789966 -0.060677323 0.998155534 -0.001937272 -0.062479490 0.436083496 0.028255004 0.899462521 0.901821991
28661967 0.982710579 1.747193396 0.500000000 0.500000000 0.000000000 0.000000000 0.890413821 0.055912148 -0.451704651 0.745825061 -0.065374635 0.997846425 -0.005354697 -0.219876989 0.450432450 0.034297928 0.892151475 1.185500071
28728700 0.982710579 1.747193396 0.500000000 0.500000000 0.000000000 0.000000000 0.883411646 0.059870981 -0.464757115 1.302789792 -0.072009571 0.997368634 -0.008392887 -0.356247940 0.463031679 0.040881351 0.885398388 1.584819852
28795433 0.982710579 1.747193396 0.500000000 0.500000000 0.000000000 0.000000000 0.877981246 0.065105051 -0.474247098 1.884999891 -0.079838216 0.996747434 -0.010971434 -0.426647969 0.471990287 0.047495745 0.880323470 1.716090097
28862167 0.982710579 1.747193396 0.500000000 0.500000000 0.000000000 0.000000000 0.873741865 0.069280013 -0.481430471 2.447529676 -0.086722285 0.996133566 -0.014043037 -0.447854952 0.478596151 0.054020759 0.876371741 1.918709829
28928900 0.982710579 1.747193396 0.500000000 0.500000000 0.000000000 0.000000000 0.870706320 0.072394960 -0.486445993 2.895540678 -0.092557542 0.995553374 -0.017509481 -0.412103037 0.483015329 0.060269818 0.873535335 2.117260492
28995633 0.982710579 1.747193396 0.500000000 0.500000000 0.000000000 0.000000000 0.868900061 0.075579733 -0.489183605 3.222440685 -0.097521678 0.995042682 -0.019484593 -0.388642063 0.485285938 0.064636134 0.871963263 2.207480392
29062367 0.982710579 1.747193396 0.500000000 0.500000000 0.000000000 0.000000000 0.867917478 0.079825282 -0.490252316 3.466180508 -0.102464393 0.994546294 -0.019460822 -0.383958983 0.486025155 0.067123763 0.871363342 2.164200371
29129100 0.982710579 1.747193396 0.500000000 0.500000000 0.000000000 0.000000000 0.866389573 0.086125240 -0.491885781 3.649220318 -0.108467162 0.993954360 -0.017016694 -0.344525972 0.487446487 0.068096526 0.870493472 1.867300348
29195833 0.982710579 1.747193396 0.500000000 0.500000000 0.000000000 0.000000000 0.863192737 0.093613073 -0.496119589 3.731918902 -0.114464924 0.993358135 -0.011718875 -0.311303998 0.491727382 0.066903979 0.868174970 1.448039525
29262567 0.982710579 1.747193396 0.500000000 0.500000000 0.000000000 0.000000000 0.858946323 0.101290137 -0.501947582 3.712469312 -0.120208427 0.992734134 -0.005375843 -0.276102059 0.497755945 0.064955920 0.864881277 1.058739697
29329300 0.982710579 1.747193396 0.500000000 0.500000000 0.000000000 0.000000000 0.853636980 0.108171478 -0.509512067 3.623478859 -0.125272691 0.992122054 0.000749607 -0.236414036 0.505579233 0.063188121 0.860463023 0.642330789
29396033 0.982710579 1.747193396 0.500000000 0.500000000 0.000000000 0.000000000 0.847974598 0.112617262 -0.517934620 3.539779308 -0.128037125 0.991751134 0.006016355 -0.218011048 0.514339745 0.061213184 0.855398953 0.192228911
29462767 0.982710579 1.747193396 0.500000000 0.500000000 0.000000000 0.000000000 0.847000122 0.111271039 -0.519817054 3.406590706 -0.126621544 0.991932869 0.006011594 -0.157227934 0.516292512 0.060728174 0.854256570 -0.385102192
29529500 0.982710579 1.747193396 0.500000000 0.500000000 0.000000000 0.000000000 0.853401959 0.105529808 -0.510459185 3.039099877 -0.121937118 0.992536962 0.001333807 -0.128557971 0.506790400 0.061105642 0.859900951 -0.819660995
29596233 0.982710579 1.747193396 0.500000000 0.500000000 0.000000000 0.000000000 0.865542412 0.095353998 -0.491674483 2.302479691 -0.113109566 0.993561745 -0.006429125 -0.103252051 0.487895906 0.061177786 0.870755315 -1.143249946
29662967 0.982710579 1.747193396 0.500000000 0.500000000 0.000000000 0.000000000 0.881077647 0.083582178 -0.465527922 1.188349973 -0.102557138 0.994605899 -0.015529661 -0.028056964 0.461718827 0.061426036 0.884896994 -1.496710113
29729700 0.982710579 1.747193396 0.500000000 0.500000000 0.000000000 0.000000000 0.896967173 0.072793365 -0.436062813 -0.140997921 -0.092964619 0.995353818 -0.025067599 0.116806918 0.432211995 0.063023269 0.899566889 -1.764419527
29796433 0.982710579 1.747193396 0.500000000 0.500000000 0.000000000 0.000000000 0.911316276 0.065268204 -0.406500518 -1.531209762 -0.086247221 0.995711029 -0.033481445 0.228463972 0.402571738 0.065571740 0.913036823 -2.009079673
29863167 0.982710579 1.747193396 0.500000000 0.500000000 0.000000000 0.000000000 0.922512174 0.059655972 -0.381329834 -2.791559947 -0.081188209 0.995870948 -0.040614329 0.294995022 0.377332389 0.068426706 0.923546433 -2.218339762
29929900 0.982710579 1.747193396 0.500000000 0.500000000 0.000000000 0.000000000 0.930772543 0.056374319 -0.361226231 -3.933389746 -0.078335516 0.995845199 -0.046432003 0.263334975 0.357107848 0.071514472 0.931321502 -2.486969961
29996633 0.982710579 1.747193396 0.500000000 0.500000000 0.000000000 0.000000000 0.937116444 0.053455424 -0.344899148 -4.984641013 -0.075791076 0.995787978 -0.051594242 0.160997997 0.340688437 0.074490070 0.937220752 -2.805360463
30063367 0.982710579 1.747193396 0.500000000 0.500000000 0.000000000 0.000000000 0.942742884 0.049622770 -0.329808116 -6.028369374 -0.072150029 0.995797276 -0.056410689 0.092516682 0.325622737 0.076976448 0.942361116 -3.192449795
