https://www.youtube.com/watch?v=WiXhzx2tNIw
108208100 0.888116418 1.579413408 0.500000000 0.500000000 0.000000000 0.000000000 0.999517381 0.026862334 -0.015600339 -0.750029945 -0.026954938 0.999620080 -0.005756390 -1.010920026 0.015439782 0.006174118 0.999861717 4.656620019
108274833 0.888116418 1.579413408 0.500000000 0.500000000 0.000000000 0.000000000 0.999414325 0.027159480 -0.020816432 -0.768459950 -0.027290696 0.999609232 -0.006045528 -0.980865956 0.020644104 0.006610082 0.999765038 4.403719847
108341567 0.888116418 1.579413408 0.500000000 0.500000000 0.000000000 0.000000000 0.999289751 0.026952054 -0.026335519 -0.791114989 -0.027120449 0.999613822 -0.006057962 -0.947799044 0.026162073 0.006767891 0.999634802 4.142149975
108408300 0.888116418 1.579413408 0.500000000 0.500000000 0.000000000 0.000000000 0.999080241 0.029020360 -0.031566702 -0.810951973 -0.029236691 0.999551952 -0.006413214 -0.891636036 0.031366445 0.007330222 0.999481082 3.878629860
108475033 0.888116418 1.579413408 0.500000000 0.500000000 0.000000000 0.000000000 0.998842359 0.030959660 -0.036816996 -0.815449013 -0.031255793 0.999483287 -0.007495021 -0.807607996 0.036565926 0.008637089 0.999293923 3.622129880
108541767 0.888116418 1.579413408 0.500000000 0.500000000 0.000000000 0.000000000 0.998929620 0.025919152 -0.038312104 -0.793190002 -0.026260337 0.999619603 -0.008429084 -0.719287029 0.038079057 0.009426150 0.999230266 3.378870009
108608500 0.888116418 1.579413408 0.500000000 0.500000000 0.000000000 0.000000000 0.998991013 0.022055766 -0.039121322 -0.766367924 -0.022424133 0.999707997 -0.009002309 -0.651292914 0.038911350 0.009870486 0.999193907 3.133220099
108675233 0.888116418 1.579413408 0.500000000 0.500000000 0.000000000 0.000000000 0.999024689 0.021637039 -0.038490582 -0.720157019 -0.022030933 0.999708891 -0.009838928 -0.593245112 0.038266491 0.010677316 0.999210536 2.892139954
108808700 0.888116418 1.579413408 0.500000000 0.500000000 0.000000000 0.000000000 0.999276161 0.019977199 -0.032373726 -0.604174025 -0.020319341 0.999740720 -0.010274185 -0.517078986 0.032160081 0.010924561 0.999423027 2.397540250
108875433 0.888116418 1.579413408 0.500000000 0.500000000 0.000000000 0.000000000 0.999212325 0.020624747 -0.033902287 -0.551941978 -0.020954961 0.999736071 -0.009413795 -0.481980982 0.033699185 0.010116802 0.999380827 2.142030034
108942167 0.888116418 1.579413408 0.500000000 0.500000000 0.000000000 0.000000000 0.999079764 0.022076968 -0.036773209 -0.492909038 -0.022427104 0.999706745 -0.009136366 -0.438793978 0.036560718 0.009952674 0.999281883 1.885620114
109008900 0.888116418 1.579413408 0.500000000 0.500000000 0.000000000 0.000000000 0.998841047 0.023749726 -0.041863281 -0.440313008 -0.024168199 0.999662578 -0.009518549 -0.379006985 0.041623097 0.010519277 0.999078035 1.620240120
109075633 0.888116418 1.579413408 0.500000000 0.500000000 0.000000000 0.000000000 0.998517036 0.027437367 -0.047020160 -0.382916979 -0.027960043 0.999553978 -0.010494515 -0.300853032 0.046711244 0.011793638 0.998838782 1.364909788
109142367 0.888116418 1.579413408 0.500000000 0.500000000 0.000000000 0.000000000 0.998084009 0.030298490 -0.053947143 -0.335738962 -0.030888867 0.999471366 -0.010143475 -0.232582002 0.053611293 0.011790405 0.998492301 1.118060006
109209100 0.888116418 1.579413408 0.500000000 0.500000000 0.000000000 0.000000000 0.997259259 0.035259370 -0.065043874 -0.285813953 -0.036010560 0.999297142 -0.010412629 -0.171629006 0.064631023 0.012726356 0.997828066 0.871709001
109275833 0.888116418 1.579413408 0.500000000 0.500000000 0.000000000 0.000000000 0.996362746 0.039172068 -0.075675420 -0.233155967 -0.040170319 0.999124169 -0.011713824 -0.124488999 0.075150289 0.014711126 0.997063696 0.617381969
109342567 0.888116418 1.579413408 0.500000000 0.500000000 0.000000000 0.000000000 0.995406985 0.042547733 -0.085759275 -0.180365986 -0.043733336 0.998971224 -0.011992917 -0.090594198 0.085160784 0.015688373 0.996243715 0.354520011
109409300 0.888116418 1.579413408 0.500000000 0.500000000 0.000000000 0.000000000 0.994316578 0.048297644 -0.094878390 -0.118364996 -0.049685776 0.998688877 -0.012321772 -0.059645200 0.094158888 0.016965849 0.995412588 0.097172197
109476033 0.888116418 1.579413408 0.500000000 0.500000000 0.000000000 0.000000000 0.993323922 0.052358329 -0.102791801 -0.058378898 -0.053875782 0.998475075 -0.012040034 -0.026375101 0.102004647 0.017497646 0.994630039 -0.164455999
109542767 0.888116418 1.579413408 0.500000000 0.500000000 0.000000000 0.000000000 0.992157340 0.057090946 -0.111195654 0.003532218 -0.058759138 0.998202682 -0.011780828 0.024278899 0.110323220 0.018222198 0.993728697 -0.423332966
109609500 0.888116418 1.579413408 0.500000000 0.500000000 0.000000000 0.000000000 0.990797937 0.062191442 -0.120215192 0.081069495 -0.064195573 0.997854352 -0.012867244 0.105458988 0.119157031 0.020466121 0.992664456 -0.673532977
109676233 0.888116418 1.579413408 0.500000000 0.500000000 0.000000000 0.000000000 0.989592254 0.067502044 -0.127085209 0.166885003 -0.069714345 0.997481823 -0.013036246 0.193268014 0.125885218 0.021760222 0.991806149 -0.912456054
109742967 0.888116418 1.579413408 0.500000000 0.500000000 0.000000000 0.000000000 0.988434076 0.067924224 -0.135589138 0.247554021 -0.070421331 0.997423232 -0.013700564 0.269477991 0.134309158 0.023090467 0.990670443 -1.150810057
109809700 0.888116418 1.579413408 0.500000000 0.500000000 0.000000000 0.000000000 0.986789584 0.072299331 -0.144979611 0.348226043 -0.075246051 0.997053087 -0.014938282 0.331270979 0.143472329 0.025650082 0.989321887 -1.381160093
109876433 0.888116418 1.579413408 0.500000000 0.500000000 0.000000000 0.000000000 0.985311031 0.076085761 -0.152882561 0.460256023 -0.079361558 0.996726453 -0.015431020 0.368093997 0.151207998 0.027337357 0.988123894 -1.614930017
109943167 0.888116418 1.579413408 0.500000000 0.500000000 0.000000000 0.000000000 0.983485162 0.078531735 -0.163063481 0.582318996 -0.082114227 0.996504903 -0.015336779 0.386395017 0.161289141 0.028473329 0.986496389 -1.850280116
110009900 0.888116418 1.579413408 0.500000000 0.500000000 0.000000000 0.000000000 0.981521189 0.079786777 -0.173925921 0.709756013 -0.083743662 0.996366441 -0.015519880 0.404265968 0.172055677 0.029798299 0.984636426 -2.085630018
110076633 0.888116418 1.579413408 0.500000000 0.500000000 0.000000000 0.000000000 0.979275882 0.079996869 -0.186062604 0.848128065 -0.084320709 0.996319234 -0.015429350 0.426655064 0.184143454 0.030798512 0.982416749 -2.312570150
110143367 0.888116418 1.579413408 0.500000000 0.500000000 0.000000000 0.000000000 0.976531982 0.080481701 -0.199769735 0.993834876 -0.085542016 0.996192634 -0.016815566 0.475499983 0.197655797 0.033509646 0.979698539 -2.536949813
110210100 0.888116418 1.579413408 0.500000000 0.500000000 0.000000000 0.000000000 0.973107994 0.084370755 -0.214341685 1.150599844 -0.090324767 0.995747507 -0.018119583 0.535454972 0.211901441 0.036992684 0.976590633 -2.746689821
110276833 0.888116418 1.579413408 0.500000000 0.500000000 0.000000000 0.000000000 0.968616247 0.090036988 -0.231680781 1.310630120 -0.097152770 0.995079100 -0.019465722 0.586398095 0.228788078 0.041363228 0.972597122 -2.943720460
110343567 0.888116418 1.579413408 0.500000000 0.500000000 0.000000000 0.000000000 0.961871326 0.095930472 -0.256126761 1.489130220 -0.106475368 0.993932426 -0.027592592 0.643572022 0.251925707 0.053811699 0.966249347 -3.103270465
110410300 0.888116418 1.579413408 0.500000000 0.500000000 0.000000000 0.000000000 0.953172743 0.102680467 -0.284461558 1.704659921 -0.118905745 0.992086530 -0.040321145 0.716950036 0.278070271 0.072257131 0.957839131 -3.265919765
110477033 0.888116418 1.579413408 0.500000000 0.500000000 0.000000000 0.000000000 0.946537018 0.108192205 -0.303911299 1.901350015 -0.128753081 0.990495443 -0.048387960 0.762554815 0.295787543 0.084930539 0.951470673 -3.436779623
110543767 0.888116418 1.579413408 0.500000000 0.500000000 0.000000000 0.000000000 0.939732075 0.113639563 -0.322474092 2.096909722 -0.141094387 0.987989485 -0.063001066 0.845672783 0.311441571 0.104703441 0.944479346 -3.593459454
110610500 0.888116418 1.579413408 0.500000000 0.500000000 0.000000000 0.000000000 0.933690548 0.117074102 -0.338401586 2.280010026 -0.148786306 0.986441791 -0.069247931 0.902168189 0.325706333 0.115005642 0.938450396 -3.752750308
110677233 0.888116418 1.579413408 0.500000000 0.500000000 0.000000000 0.000000000 0.926986873 0.121414579 -0.354899585 2.471189876 -0.155605823 0.985383391 -0.069328390 0.947462707 0.341294646 0.119490989 0.932330310 -3.894139821
110743967 0.888116418 1.579413408 0.500000000 0.500000000 0.000000000 0.000000000 0.921846628 0.127765119 -0.365889072 2.663359970 -0.163286448 0.984252930 -0.067703180 0.993171804 0.351477265 0.122156717 0.928192556 -4.028469671
110810700 0.888116418 1.579413408 0.500000000 0.500000000 0.000000000 0.000000000 0.915407419 0.132161468 -0.380213976 2.867650276 -0.170497715 0.982951820 -0.068820588 1.050420276 0.364636600 0.127824455 0.922334611 -4.136990192
110877433 0.888116418 1.579413408 0.500000000 0.500000000 0.000000000 0.000000000 0.902512670 0.133948877 -0.409302413 3.143729611 -0.177727953 0.981538773 -0.070670664 1.112409698 0.392279923 0.136525676 0.909657657 -4.189799001
110944167 0.888116418 1.579413408 0.500000000 0.500000000 0.000000000 0.000000000 0.888761044 0.137366861 -0.437303185 3.425889826 -0.186986566 0.979699790 -0.072279543 1.154519903 0.418497026 0.146009073 0.896404803 -4.226630020
111010900 0.888116418 1.579413408 0.500000000 0.500000000 0.000000000 0.000000000 0.869802654 0.138391867 -0.473593950 3.762200740 -0.195472375 0.977971673 -0.073225394 1.176340406 0.453027666 0.156266108 0.877694130 -4.215190766
111077633 0.888116418 1.579413408 0.500000000 0.500000000 0.000000000 0.000000000 0.850442231 0.138391018 -0.507539332 4.102520645 -0.203363717 0.976260006 -0.074562728 1.189610473 0.485171586 0.166626304 0.858396411 -4.189630436
