https://www.youtube.com/watch?v=nrDqbqfxOzU
36466667 0.970536539 1.725988184 0.500000000 0.500000000 0.000000000 0.000000000 0.838786483 -0.156630531 0.521444440 -2.971630764 0.200492933 0.979284763 -0.028353706 -0.519138013 -0.506201506 0.128328577 0.852814138 0.669349023
36666667 0.970536539 1.725988184 0.500000000 0.500000000 0.000000000 0.000000000 0.806930542 -0.144795880 0.572622955 -2.096289635 0.206447586 0.977478921 -0.043752879 -0.596195972 -0.553391635 0.153522238 0.818650365 1.130759721
36733333 0.970536539 1.725988184 0.500000000 0.500000000 0.000000000 0.000000000 0.797648191 -0.138817802 0.586930215 -1.744500220 0.208212867 0.976702392 -0.051960137 -0.614069997 -0.566043198 0.163652301 0.807968557 1.238880315
36800000 0.970536539 1.725988184 0.500000000 0.500000000 0.000000000 0.000000000 0.790996313 -0.137228206 0.596232235 -1.411379566 0.213041946 0.975310624 -0.058157224 -0.646056928 -0.573530853 0.173024729 0.800702512 1.311699576
36866667 0.970536539 1.725988184 0.500000000 0.500000000 0.000000000 0.000000000 0.785029054 -0.138027027 0.603885591 -1.100249842 0.219048187 0.973729849 -0.062194105 -0.668476974 -0.579436958 0.181104258 0.794640779 1.381659803
36933333 0.970536539 1.725988184 0.500000000 0.500000000 0.000000000 0.000000000 0.779761195 -0.136305928 0.611058831 -0.793950730 0.221217513 0.973039806 -0.065240309 -0.674553932 -0.585691929 0.186048850 0.788891971 1.387509502
37000000 0.970536539 1.725988184 0.500000000 0.500000000 0.000000000 0.000000000 0.775704622 -0.136076003 0.616251230 -0.522743905 0.222973973 0.972593904 -0.065906897 -0.654791932 -0.590393782 0.188532308 0.784786940 1.388199691
37666667 0.970536539 1.725988184 0.500000000 0.500000000 0.000000000 0.000000000 0.758858562 -0.152439117 0.633163273 1.516789613 0.224486917 0.973863125 -0.034586541 -0.015024307 -0.611342013 0.168383241 0.773244977 0.202673007
37733333 0.970536539 1.725988184 0.500000000 0.500000000 0.000000000 0.000000000 0.754773676 -0.151495591 0.638251960 1.742699672 0.223158106 0.974235177 -0.032654054 0.058467052 -0.616860569 0.167077571 0.769134521 0.067910248
37800000 0.970536539 1.725988184 0.500000000 0.500000000 0.000000000 0.000000000 0.755830109 -0.151114851 0.637091160 1.974310033 0.221265197 0.974711001 -0.031307258 0.122557025 -0.616248727 0.164629072 0.770152450 -0.072920053
37866667 0.970536539 1.725988184 0.500000000 0.500000000 0.000000000 0.000000000 0.758482158 -0.148828939 0.634471834 2.223619261 0.217636302 0.975526512 -0.031343602 0.159393072 -0.614279211 0.161857724 0.772310078 -0.185689853
37933333 0.970536539 1.725988184 0.500000000 0.500000000 0.000000000 0.000000000 0.762483716 -0.144428000 0.630681217 2.498819227 0.213003591 0.976462960 -0.033904828 0.182811070 -0.610940039 0.160189331 0.775300860 -0.325798816
38000000 0.970536539 1.725988184 0.500000000 0.500000000 0.000000000 0.000000000 0.769057453 -0.139128745 0.623854220 2.784530704 0.209433138 0.976992369 -0.040295381 0.205932895 -0.603894532 0.161645144 0.780501425 -0.464415091
38066667 0.970536539 1.725988184 0.500000000 0.500000000 0.000000000 0.000000000 0.775947928 -0.130946726 0.617055893 3.096200529 0.205322683 0.977375984 -0.050782382 0.220402857 -0.596445799 0.166099995 0.785279155 -0.599303038
38133333 0.970536539 1.725988184 0.500000000 0.500000000 0.000000000 0.000000000 0.780946970 -0.120226771 0.612916827 3.408838769 0.200873762 0.977511227 -0.064199060 0.248334094 -0.591414571 0.173255056 0.787534893 -0.731840387
38200000 0.970536539 1.725988184 0.500000000 0.500000000 0.000000000 0.000000000 0.786324978 -0.110487476 0.607853055 3.712899140 0.198512539 0.976890504 -0.079231605 0.283721072 -0.585051775 0.182968274 0.790086627 -0.861341746
38333333 0.970536539 1.725988184 0.500000000 0.500000000 0.000000000 0.000000000 0.793217778 -0.096739352 0.601204634 4.273519907 0.197182328 0.974910796 -0.103286460 0.402829982 -0.576128960 0.200475588 0.792391896 -1.150779617
38400000 0.970536539 1.725988184 0.500000000 0.500000000 0.000000000 0.000000000 0.794439018 -0.093239918 0.600144088 4.505289698 0.198609337 0.973700464 -0.111631900 0.479357053 -0.573952019 0.207878977 0.792063951 -1.326429722
38466667 0.970536539 1.725988184 0.500000000 0.500000000 0.000000000 0.000000000 0.795849204 -0.091109022 0.598601222 4.712960966 0.198668793 0.973176122 -0.116012678 0.557745841 -0.571974635 0.211251929 0.792601943 -1.512860495
38533333 0.970536539 1.725988184 0.500000000 0.500000000 0.000000000 0.000000000 0.797882676 -0.090369001 0.596000552 4.886529891 0.197372451 0.973364770 -0.116640925 0.624760071 -0.569585204 0.210699856 0.794467270 -1.745430057
38600000 0.970536539 1.725988184 0.500000000 0.500000000 0.000000000 0.000000000 0.798890829 -0.090392850 0.594644964 5.038650570 0.194516420 0.974343538 -0.113216691 0.695003879 -0.569154561 0.206115961 0.795976996 -1.968640424
38733333 0.970536539 1.725988184 0.500000000 0.500000000 0.000000000 0.000000000 0.800563693 -0.098317266 0.591127574 5.303131822 0.191802561 0.976595521 -0.097329363 0.858458732 -0.567723453 0.191298053 0.800684452 -2.464441352
38800000 0.970536539 1.725988184 0.500000000 0.500000000 0.000000000 0.000000000 0.798630595 -0.104299799 0.592715025 5.419211592 0.193228528 0.977162659 -0.088407457 0.981575773 -0.569958091 0.185134262 0.800545692 -2.745280887
38866667 0.970536539 1.725988184 0.500000000 0.500000000 0.000000000 0.000000000 0.793096364 -0.111567855 0.598790884 5.502918765 0.198821366 0.976652205 -0.081366405 1.128440134 -0.575732589 0.183583871 0.796761394 -3.041389436
38933333 0.970536539 1.725988184 0.500000000 0.500000000 0.000000000 0.000000000 0.782809496 -0.119890586 0.610602379 5.574538426 0.207454756 0.975407958 -0.074443348 1.288779882 -0.586661339 0.184947401 0.788430572 -3.362298790
