https://www.youtube.com/watch?v=PuYNWRR_oaU
12228889 0.788537265 1.421773365 0.500000000 0.500000000 0.000000000 0.000000000 0.906435013 -0.174108282 0.384787977 -5.021039880 0.170935318 0.984355152 0.042731654 -0.381696819 -0.386207998 0.027040433 0.922015250 4.474389654
12262256 0.788537265 1.421773365 0.500000000 0.500000000 0.000000000 0.000000000 0.904907942 -0.174895629 0.388011575 -4.870609382 0.171716109 0.984200716 0.043156262 -0.374446774 -0.389429092 0.027575437 0.920643508 4.365919740
12295622 0.788537265 1.421773365 0.500000000 0.500000000 0.000000000 0.000000000 0.903640330 -0.175595269 0.390641034 -4.731180150 0.172502533 0.984056830 0.043301851 -0.360849949 -0.392016590 0.028257281 0.919524074 4.261630030
12328989 0.788537265 1.421773365 0.500000000 0.500000000 0.000000000 0.000000000 0.902710915 -0.176113814 0.392551899 -4.594370407 0.172966123 0.983958304 0.043689094 -0.350318210 -0.393948972 0.028459519 0.918691635 4.153700124
12362356 0.788537265 1.421773365 0.500000000 0.500000000 0.000000000 0.000000000 0.901869893 -0.176946387 0.394107252 -4.459559260 0.173609093 0.983812034 0.044427436 -0.344701878 -0.395588726 0.028352868 0.917989969 4.046549298
12395722 0.788537265 1.421773365 0.500000000 0.500000000 0.000000000 0.000000000 0.901196361 -0.176923990 0.395655364 -4.336060906 0.173817664 0.983793974 0.044010285 -0.318157121 -0.397029847 0.029109953 0.917343974 3.933060381
12429089 0.788537265 1.421773365 0.500000000 0.500000000 0.000000000 0.000000000 0.900541365 -0.177496091 0.396888256 -4.213509495 0.174067602 0.983706236 0.044972204 -0.309004835 -0.398403823 0.028586091 0.916764498 3.821669564
12462456 0.788537265 1.421773365 0.500000000 0.500000000 0.000000000 0.000000000 0.899951100 -0.177583337 0.398186237 -4.097789924 0.174104840 0.983688891 0.045207258 -0.289264122 -0.399719447 0.028641779 0.916190028 3.708260673
12495822 0.788537265 1.421773365 0.500000000 0.500000000 0.000000000 0.000000000 0.899411201 -0.177538618 0.399424016 -3.982969758 0.174228027 0.983680606 0.044911344 -0.268062988 -0.400879145 0.029197093 0.915665567 3.593879742
12529189 0.788537265 1.421773365 0.500000000 0.500000000 0.000000000 0.000000000 0.898953557 -0.178053647 0.400224388 -3.864850485 0.174536079 0.983596325 0.045557164 -0.268046215 -0.401770830 0.028899759 0.915284157 3.481240309
12562556 0.788537265 1.421773365 0.500000000 0.500000000 0.000000000 0.000000000 0.898490667 -0.178383961 0.401115388 -3.758359509 0.174762890 0.983538508 0.045933556 -0.264396804 -0.402706236 0.028829258 0.914875090 3.356679477
12595922 0.788537265 1.421773365 0.500000000 0.500000000 0.000000000 0.000000000 0.898128986 -0.178861693 0.401712179 -3.644949244 0.175200298 0.983449399 0.046174720 -0.259395757 -0.403322518 0.028909286 0.914601088 3.239830052
12629289 0.788537265 1.421773365 0.500000000 0.500000000 0.000000000 0.000000000 0.897829413 -0.179061264 0.402292371 -3.528869335 0.175577432 0.983396828 0.045861404 -0.251920824 -0.403825045 0.029457811 0.914361715 3.123099205
12662656 0.788537265 1.421773365 0.500000000 0.500000000 0.000000000 0.000000000 0.897350430 -0.179242224 0.403279722 -3.421810269 0.176027179 0.983339071 0.045372546 -0.240416093 -0.404693365 0.030273100 0.913951218 2.998439970
12696022 0.788537265 1.421773365 0.500000000 0.500000000 0.000000000 0.000000000 0.897053778 -0.179815143 0.403684348 -3.308839946 0.176243544 0.983255506 0.046333972 -0.247523020 -0.405256420 0.029582690 0.913724303 2.879230011
12729389 0.788537265 1.421773365 0.500000000 0.500000000 0.000000000 0.000000000 0.896815836 -0.179684132 0.404270709 -3.206949583 0.176203817 0.983271420 0.046147015 -0.232512813 -0.405799687 0.029848728 0.913474441 2.754479520
12762756 0.788537265 1.421773365 0.500000000 0.500000000 0.000000000 0.000000000 0.896592617 -0.179943800 0.404650271 -3.104679728 0.176261455 0.983235538 0.046688225 -0.231071921 -0.406267762 0.029463936 0.913278878 2.625929684
12796122 0.788537265 1.421773365 0.500000000 0.500000000 0.000000000 0.000000000 0.896463871 -0.180269644 0.404790521 -2.999220049 0.176424876 0.983184874 0.047135159 -0.229491024 -0.406480968 0.029160157 0.913193762 2.499350027
12829489 0.788537265 1.421773365 0.500000000 0.500000000 0.000000000 0.000000000 0.896331906 -0.180395067 0.405026793 -2.897209719 0.176511317 0.983162999 0.047268514 -0.218000939 -0.406734347 0.029123541 0.913082123 2.369769938
12862856 0.788537265 1.421773365 0.500000000 0.500000000 0.000000000 0.000000000 0.896229506 -0.180380419 0.405259699 -2.793709498 0.176612243 0.983156562 0.047024373 -0.200409872 -0.406915992 0.029429246 0.912991345 2.246069670
12896222 0.788537265 1.421773365 0.500000000 0.500000000 0.000000000 0.000000000 0.896068096 -0.180826887 0.405417860 -2.687099932 0.176889583 0.983083189 0.047513366 -0.195105022 -0.407151163 0.029138980 0.912895858 2.123899879
12929589 0.788537265 1.421773365 0.500000000 0.500000000 0.000000000 0.000000000 0.895942628 -0.181201965 0.405527383 -2.582749591 0.177203029 0.983015656 0.047741786 -0.184333812 -0.407290667 0.029086838 0.912835240 1.999599781
12962956 0.788537265 1.421773365 0.500000000 0.500000000 0.000000000 0.000000000 0.895882666 -0.181683898 0.405444503 -2.474580236 0.177508086 0.982936442 0.048236690 -0.179424029 -0.407290041 0.028755262 0.912846088 1.880870158
12996322 0.788537265 1.421773365 0.500000000 0.500000000 0.000000000 0.000000000 0.895794630 -0.181858078 0.405560642 -2.380729645 0.177557960 0.982911408 0.048562210 -0.164877926 -0.407461613 0.028508831 0.912777126 1.757889808
13029689 0.788537265 1.421773365 0.500000000 0.500000000 0.000000000 0.000000000 0.895801187 -0.181912497 0.405522138 -2.292630193 0.177373037 0.982917726 0.049107149 -0.143199018 -0.407528132 0.027938411 0.912765265 1.636440364
13063056 0.788537265 1.421773365 0.500000000 0.500000000 0.000000000 0.000000000 0.896015167 -0.181971282 0.405022323 -2.189899704 0.177250862 0.982920647 0.049488310 -0.123528950 -0.407110274 0.027448330 0.912966430 1.531089914
13096422 0.788537265 1.421773365 0.500000000 0.500000000 0.000000000 0.000000000 0.896223664 -0.181941807 0.404574096 -2.099169748 0.177158505 0.982932210 0.049589995 -0.106633942 -0.406691372 0.027230073 0.913159609 1.422669769
13129789 0.788537265 1.421773365 0.500000000 0.500000000 0.000000000 0.000000000 0.896662116 -0.181962714 0.403591931 -2.005239480 0.177127108 0.982935309 0.049640231 -0.090703271 -0.405737400 0.026976630 0.913591385 1.320799590
13163156 0.788537265 1.421773365 0.500000000 0.500000000 0.000000000 0.000000000 0.897107542 -0.182137698 0.402521789 -1.906549721 0.177242309 0.982909739 0.049735233 -0.082814343 -0.404701233 0.026726088 0.914058268 1.220359853
13196522 0.788537265 1.421773365 0.500000000 0.500000000 0.000000000 0.000000000 0.897508860 -0.182059541 0.401661992 -1.814180293 0.177361533 0.982914746 0.049209200 -0.067674174 -0.403758466 0.027073646 0.914465010 1.119040062
13229889 0.788537265 1.421773365 0.500000000 0.500000000 0.000000000 0.000000000 0.897954643 -0.181973115 0.400703132 -1.718749599 0.177343145 0.982930183 0.048965834 -0.050704936 -0.402773678 0.027092926 0.914898455 1.024709929
13263256 0.788537265 1.421773365 0.500000000 0.500000000 0.000000000 0.000000000 0.898450971 -0.182477579 0.399359286 -1.614210062 0.177470133 0.982863545 0.049835719 -0.054063718 -0.401609600 0.026099399 0.915439010 0.938982050
13296622 0.788537265 1.421773365 0.500000000 0.500000000 0.000000000 0.000000000 0.898845136 -0.182634249 0.398399353 -1.515939760 0.177514121 0.982844293 0.050058596 -0.046323050 -0.400706947 0.025726609 0.915844977 0.849846974
13329989 0.788537265 1.421773365 0.500000000 0.500000000 0.000000000 0.000000000 0.899409354 -0.182491690 0.397189528 -1.410259893 0.177416325 0.982873023 0.049840782 -0.031978460 -0.399482399 0.025640670 0.916382194 0.768194039
13363356 0.788537265 1.421773365 0.500000000 0.500000000 0.000000000 0.000000000 0.899923682 -0.182517156 0.396011055 -1.304139861 0.177334771 0.982879102 0.050010033 -0.025761667 -0.398358703 0.025221340 0.916882873 0.688533972
13396722 0.788537265 1.421773365 0.500000000 0.500000000 0.000000000 0.000000000 0.900483191 -0.182563677 0.394715965 -1.195090192 0.177284524 0.982880831 0.050154060 -0.019802425 -0.397115052 0.024814097 0.917433381 0.612295002
13430089 0.788537265 1.421773365 0.500000000 0.500000000 0.000000000 0.000000000 0.901051044 -0.182837278 0.393290848 -1.083170194 0.177257895 0.982851923 0.050811119 -0.024214511 -0.395836800 0.023930447 0.918009102 0.539321071
13463456 0.788537265 1.421773365 0.500000000 0.500000000 0.000000000 0.000000000 0.901674271 -0.182758704 0.391896278 -0.967571893 0.177187309 0.982871175 0.050684385 -0.014394078 -0.394446582 0.023738289 0.918612182 0.470346970
13496822 0.788537265 1.421773365 0.500000000 0.500000000 0.000000000 0.000000000 0.902292490 -0.182808816 0.390447646 -0.848209197 0.177246213 0.982865989 0.050579526 -0.001809998 -0.393004090 0.023567794 0.919234693 0.403017046
13530189 0.788537265 1.421773365 0.500000000 0.500000000 0.000000000 0.000000000 0.902859867 -0.183225304 0.388937503 -0.727268904 0.177494675 0.982801318 0.050962552 0.001356026 -0.391585916 0.023022346 0.919853449 0.333675980
13563556 0.788537265 1.421773365 0.500000000 0.500000000 0.000000000 0.000000000 0.903524518 -0.183514744 0.387253910 -0.598230868 0.177668482 0.982758164 0.051188100 0.009965075 -0.389970750 0.022553179 0.920550942 0.272188961
13596922 0.788537265 1.421773365 0.500000000 0.500000000 0.000000000 0.000000000 0.904233813 -0.183855310 0.385432541 -0.467369918 0.177759513 0.982713044 0.051736273 0.014857916 -0.388281584 0.021732688 0.921284378 0.211390986
13630289 0.788537265 1.421773365 0.500000000 0.500000000 0.000000000 0.000000000 0.904987931 -0.183672488 0.383746445 -0.337489994 0.177612185 0.982751489 0.051511958 0.024179899 -0.386588693 0.021540308 0.922000706 0.152153997
13663656 0.788537265 1.421773365 0.500000000 0.500000000 0.000000000 0.000000000 0.905662656 -0.183813870 0.382083446 -0.210504018 0.177686721 0.982733369 0.051600736 0.026014304 -0.384971052 0.021158244 0.922686160 0.086994609
13697022 0.788537265 1.421773365 0.500000000 0.500000000 0.000000000 0.000000000 0.906437576 -0.183958113 0.380171359 -0.078524898 0.177857906 0.982710183 0.051451556 0.021646601 -0.383063197 0.020978875 0.923483849 0.025405199
13730389 0.788537265 1.421773365 0.500000000 0.500000000 0.000000000 0.000000000 0.907007277 -0.183653474 0.378958255 0.034554608 0.177839309 0.982756436 0.050625898 0.031869505 -0.381721288 0.021475559 0.924028039 -0.050247705
13763756 0.788537265 1.421773365 0.500000000 0.500000000 0.000000000 0.000000000 0.907691777 -0.183745876 0.377270520 0.153676995 0.177780882 0.982752383 0.050908968 0.026627400 -0.380117834 0.020861844 0.924702764 -0.121141001
13797122 0.788537265 1.421773365 0.500000000 0.500000000 0.000000000 0.000000000 0.908345759 -0.183789894 0.375671715 0.265101003 0.177724078 0.982754290 0.051069617 0.024364206 -0.378579050 0.020377047 0.925344586 -0.194978974
13830489 0.788537265 1.421773365 0.500000000 0.500000000 0.000000000 0.000000000 0.909153640 -0.183468580 0.373870075 0.378536948 0.177578002 0.982811689 0.050470382 0.036777978 -0.376703620 0.020505821 0.926106811 -0.266677996
13863856 0.788537265 1.421773365 0.500000000 0.500000000 0.000000000 0.000000000 0.909951448 -0.183391050 0.371962458 0.489042001 0.177502260 0.982832074 0.050338857 0.041788978 -0.374808341 0.020218290 0.926881790 -0.340258977
13897222 0.788537265 1.421773365 0.500000000 0.500000000 0.000000000 0.000000000 0.910879850 -0.183294982 0.369730711 0.599602968 0.177276522 0.982863903 0.050513543 0.045977604 -0.372653842 0.019532798 0.927764833 -0.411089984
13930589 0.788537265 1.421773365 0.500000000 0.500000000 0.000000000 0.000000000 0.911990702 -0.183030710 0.367114007 0.722588955 0.177068308 0.982918799 0.050174274 0.059503580 -0.370026708 0.019245805 0.928821743 -0.474287011
13963956 0.788537265 1.421773365 0.500000000 0.500000000 0.000000000 0.000000000 0.912797213 -0.183266625 0.364985883 0.837075109 0.177259520 0.982882321 0.050214313 0.058634627 -0.367940784 0.018861676 0.929657996 -0.549007086
13997322 0.788537265 1.421773365 0.500000000 0.500000000 0.000000000 0.000000000 0.913738012 -0.182808802 0.362855047 0.951400982 0.177106962 0.982959449 0.049232505 0.079069693 -0.365671962 0.019278526 0.930544138 -0.619198052
14030689 0.788537265 1.421773365 0.500000000 0.500000000 0.000000000 0.000000000 0.914680779 -0.182775334 0.360488981 1.067430129 0.176825270 0.982985198 0.049729049 0.080901155 -0.363444597 0.018257320 0.931436956 -0.692366076
14064056 0.788537265 1.421773365 0.500000000 0.500000000 0.000000000 0.000000000 0.915611446 -0.182517946 0.358249694 1.188569985 0.176660091 0.983035386 0.049321994 0.091781284 -0.361174256 0.018128648 0.932322085 -0.761498904
14097422 0.788537265 1.421773365 0.500000000 0.500000000 0.000000000 0.000000000 0.916441560 -0.182223603 0.356271744 1.304460199 0.176536098 0.983087778 0.048717827 0.101740049 -0.359123945 0.018247731 0.933111548 -0.839605142
14130789 0.788537265 1.421773365 0.500000000 0.500000000 0.000000000 0.000000000 0.917247653 -0.182272896 0.354165524 1.424919703 0.176629707 0.983081877 0.048497044 0.105140893 -0.357013375 0.018072419 0.933924377 -0.918351894
14164156 0.788537265 1.421773365 0.500000000 0.500000000 0.000000000 0.000000000 0.918031693 -0.182152539 0.352190435 1.546749651 0.176687807 0.983100772 0.047898203 0.117759959 -0.354963481 0.018255726 0.934701860 -0.994528935
14197522 0.788537265 1.421773365 0.500000000 0.500000000 0.000000000 0.000000000 0.918807447 -0.181994140 0.350244403 1.667060205 0.176508546 0.983136952 0.047817510 0.128971067 -0.353040695 0.017886009 0.935437024 -1.071310033
14230889 0.788537265 1.421773365 0.500000000 0.500000000 0.000000000 0.000000000 0.919611096 -0.182034865 0.348107159 1.789919666 0.176459834 0.983139277 0.047948476 0.130972927 -0.350966096 0.017333042 0.936227679 -1.144809770
14264256 0.788537265 1.421773365 0.500000000 0.500000000 0.000000000 0.000000000 0.920511067 -0.181966946 0.345756352 1.902230036 0.176149890 0.983169615 0.048463203 0.123274032 -0.348755836 0.016294017 0.937071979 -1.219630009
14297622 0.788537265 1.421773365 0.500000000 0.500000000 0.000000000 0.000000000 0.921590388 -0.181495503 0.343118995 2.013480274 0.175760046 0.983260870 0.048026092 0.129172067 -0.346092016 0.016046189 0.938063383 -1.291710248
14330989 0.788537265 1.421773365 0.500000000 0.500000000 0.000000000 0.000000000 0.922653258 -0.180673510 0.340687603 2.118889982 0.175365746 0.983400345 0.046589982 0.142620979 -0.343449861 0.016758550 0.939021468 -1.365459963
14364356 0.788537265 1.421773365 0.500000000 0.500000000 0.000000000 0.000000000 0.923624039 -0.180385172 0.338200837 2.215999973 0.174958050 0.983465910 0.046739090 0.131603037 -0.341040045 0.016001593 0.939912617 -1.445120151
14397722 0.788537265 1.421773365 0.500000000 0.500000000 0.000000000 0.000000000 0.924862921 -0.179599464 0.335220188 2.322740099 0.174362838 0.983610034 0.045922354 0.134001954 -0.337973565 0.015978087 0.941019952 -1.515890037
14431089 0.788537265 1.421773365 0.500000000 0.500000000 0.000000000 0.000000000 0.926037192 -0.178873032 0.332354784 2.424470364 0.173873425 0.983739972 0.044985957 0.135813117 -0.334997475 0.016128946 0.942081034 -1.587740129
14464456 0.788537265 1.421773365 0.500000000 0.500000000 0.000000000 0.000000000 0.927229285 -0.178368151 0.329288065 2.533360071 0.173596650 0.983829141 0.044094816 0.134717016 -0.331828296 0.016277319 0.943199337 -1.653939893
14497822 0.788537265 1.421773365 0.500000000 0.500000000 0.000000000 0.000000000 0.928420186 -0.178141817 0.326038927 2.647369897 0.173393533 0.983877182 0.043821830 0.122388980 -0.328588754 0.015847985 0.944340110 -1.716509926
14531189 0.788537265 1.421773365 0.500000000 0.500000000 0.000000000 0.000000000 0.929553270 -0.177527890 0.323132336 2.752069696 0.173057154 0.983982921 0.042764440 0.126053972 -0.325548589 0.016168552 0.945387065 -1.781509972
14564556 0.788537265 1.421773365 0.500000000 0.500000000 0.000000000 0.000000000 0.930635035 -0.177436873 0.320054322 2.868500480 0.173015192 0.984004200 0.042444754 0.119958118 -0.322466046 0.015873622 0.946447968 -1.840250227
14597922 0.788537265 1.421773365 0.500000000 0.500000000 0.000000000 0.000000000 0.931607127 -0.177106142 0.317398101 2.975309940 0.172932386 0.984058261 0.041517980 0.120791019 -0.319691330 0.016209960 0.947383106 -1.901490122
14631289 0.788537265 1.421773365 0.500000000 0.500000000 0.000000000 0.000000000 0.932811201 -0.176711306 0.314064354 3.095599836 0.172742113 0.984127402 0.040662538 0.120081986 -0.316264838 0.016321644 0.948530555 -1.952890051
14664656 0.788537265 1.421773365 0.500000000 0.500000000 0.000000000 0.000000000 0.933880210 -0.176492453 0.310995221 3.211429578 0.172650546 0.984167516 0.040075280 0.116254936 -0.313144386 0.016268037 0.949566126 -2.005179690
14698022 0.788537265 1.421773365 0.500000000 0.500000000 0.000000000 0.000000000 0.935000420 -0.175882623 0.307960182 3.324239686 0.172374710 0.984267473 0.038787857 0.126153991 -0.309937328 0.016817894 0.950608253 -2.059000258
14731389 0.788537265 1.421773365 0.500000000 0.500000000 0.000000000 0.000000000 0.936131358 -0.175551221 0.304696202 3.448029647 0.172278330 0.984322011 0.037820548 0.132765974 -0.306558609 0.017087568 0.951698363 -2.105219950
14764756 0.788537265 1.421773365 0.500000000 0.500000000 0.000000000 0.000000000 0.937151968 -0.175698429 0.301456839 3.571180357 0.172424257 0.984302640 0.037659418 0.131773985 -0.303341478 0.016685888 0.952735782 -2.151780013
14798122 0.788537265 1.421773365 0.500000000 0.500000000 0.000000000 0.000000000 0.938306272 -0.175443426 0.297995061 3.695390788 0.172242567 0.984352350 0.037188113 0.139557169 -0.299856573 0.016433557 0.953842759 -2.192210310
14831489 0.788537265 1.421773365 0.500000000 0.500000000 0.000000000 0.000000000 0.939509273 -0.174987361 0.294451803 3.819870643 0.172017291 0.984429598 0.036172025 0.149932167 -0.296196729 0.016666824 0.954981565 -2.231140176
14864856 0.788537265 1.421773365 0.500000000 0.500000000 0.000000000 0.000000000 0.940766156 -0.174498841 0.290704668 3.946690288 0.171728477 0.984514356 0.035225652 0.159317881 -0.292349756 0.016783189 0.956164181 -2.266169984
14898222 0.788537265 1.421773365 0.500000000 0.500000000 0.000000000 0.000000000 0.942059040 -0.174001500 0.286789298 4.071149328 0.171425834 0.984600723 0.034271657 0.167378889 -0.288336277 0.016877213 0.957380414 -2.299589763
14931589 0.788537265 1.421773365 0.500000000 0.500000000 0.000000000 0.000000000 0.943465412 -0.173405915 0.282494783 4.195899465 0.171152025 0.984697282 0.032837115 0.175322903 -0.283865988 0.017368894 0.958706617 -2.333129709
14964956 0.788537265 1.421773365 0.500000000 0.500000000 0.000000000 0.000000000 0.944853842 -0.172811389 0.278186113 4.311950048 0.170795828 0.984797716 0.031659208 0.179336962 -0.279428095 0.017599670 0.960005343 -2.372930093
14998322 0.788537265 1.421773365 0.500000000 0.500000000 0.000000000 0.000000000 0.946359158 -0.172081366 0.273481905 4.430059625 0.170218691 0.984927535 0.030713800 0.180342979 -0.274645150 0.017485444 0.961386681 -2.409440308
15031689 0.788537265 1.421773365 0.500000000 0.500000000 0.000000000 0.000000000 0.947948217 -0.171108350 0.268544406 4.552090411 0.169480041 0.985094488 0.029416375 0.186295214 -0.269575030 0.017627694 0.962818086 -2.438770411
15065056 0.788537265 1.421773365 0.500000000 0.500000000 0.000000000 0.000000000 0.949491262 -0.170135498 0.263667077 4.672470301 0.168730915 0.985260427 0.028138701 0.190611072 -0.264568120 0.017771296 0.964203298 -2.466680297
15098422 0.788537265 1.421773365 0.500000000 0.500000000 0.000000000 0.000000000 0.950913548 -0.169282809 0.259049654 4.784779653 0.168034479 0.985407889 0.027123617 0.192776954 -0.259861112 0.017737081 0.965483069 -2.501109841
15131789 0.788537265 1.421773365 0.500000000 0.500000000 0.000000000 0.000000000 0.952273190 -0.168506205 0.254522115 4.900220246 0.167357624 0.985544741 0.026324766 0.197252132 -0.255278796 0.017527824 0.966708601 -2.528290059
15165156 0.788537265 1.421773365 0.500000000 0.500000000 0.000000000 0.000000000 0.953574121 -0.167724699 0.250129461 5.019279775 0.166696519 0.985679805 0.025448266 0.199328971 -0.250815868 0.017428935 0.967877865 -2.551269816
15198522 0.788537265 1.421773365 0.500000000 0.500000000 0.000000000 0.000000000 0.954726458 -0.167371362 0.245935351 5.137969888 0.166383862 0.985745549 0.024943521 0.195285988 -0.246604502 0.017105425 0.968965232 -2.576639929
15231889 0.788537265 1.421773365 0.500000000 0.500000000 0.000000000 0.000000000 0.955797970 -0.167064518 0.241949603 5.261779583 0.166192859 0.985797286 0.024157738 0.190365034 -0.242549166 0.017120389 0.969988048 -2.602919988
