https://www.youtube.com/watch?v=nWuPCFiFExM
33166467 0.886424611 1.589451008 0.500000000 0.500000000 0.000000000 0.000000000 0.711275458 0.012517748 -0.702801585 -0.222557989 -0.028574275 0.999529839 -0.011115942 0.107228968 0.702332020 0.027988557 0.711298704 -1.946008972
33233200 0.886424611 1.589451008 0.500000000 0.500000000 0.000000000 0.000000000 0.704586625 0.015856139 -0.709441125 -0.351850025 -0.031304281 0.999471605 -0.008751721 0.129873024 0.708927453 0.028374877 0.704710722 -2.434981094
33366667 0.886424611 1.589451008 0.500000000 0.500000000 0.000000000 0.000000000 0.692403197 0.009580586 -0.721447170 -0.658494094 -0.026616484 0.999570429 -0.012270983 0.220327008 0.721019685 0.027698856 0.692360699 -3.372960014
33433400 0.886424611 1.589451008 0.500000000 0.500000000 0.000000000 0.000000000 0.685736895 0.010861519 -0.727768421 -0.823891205 -0.026303519 0.999605298 -0.009865860 0.255438994 0.727374077 0.025908256 0.685751915 -3.812029776
33500133 0.886424611 1.589451008 0.500000000 0.500000000 0.000000000 0.000000000 0.673858404 0.003940063 -0.738849699 -1.040559331 -0.019830223 0.999722004 -0.012754669 0.280279978 0.738593996 0.023246402 0.673749208 -4.520537671
33566867 0.886424611 1.589451008 0.500000000 0.500000000 0.000000000 0.000000000 0.665226221 0.004994810 -0.746625185 -1.199239889 -0.020233523 0.999730945 -0.011339569 0.312341972 0.746367693 0.022650236 0.665148377 -4.948980261
33633600 0.886424611 1.589451008 0.500000000 0.500000000 0.000000000 0.000000000 0.653630853 0.000673173 -0.756813288 -1.313840251 -0.017027240 0.999759555 -0.013816517 0.332197015 0.756622076 0.021917343 0.653485179 -5.393211190
33700333 0.886424611 1.589451008 0.500000000 0.500000000 0.000000000 0.000000000 0.645002663 -0.004557373 -0.764167011 -1.452301073 -0.013303682 0.999763727 -0.017191553 0.347781997 0.764064848 0.021254832 0.644789577 -5.807412785
33767067 0.886424611 1.589451008 0.500000000 0.500000000 0.000000000 0.000000000 0.633941770 -0.009565762 -0.773321450 -1.580519781 -0.009980946 0.999739051 -0.020548502 0.349442993 0.773316205 0.020745033 0.633680820 -6.245568346
