https://www.youtube.com/watch?v=mvWHXh55jMI
123256467 0.853417786 1.519785050 0.500000000 0.500000000 0.000000000 0.000000000 0.982416630 0.043736838 0.181506515 -6.267929923 -0.037381411 0.998567164 -0.038290907 0.285102985 -0.182921171 0.030832652 0.982643962 0.282943918
123323200 0.853417786 1.519785050 0.500000000 0.500000000 0.000000000 0.000000000 0.982959628 0.039496124 0.179528415 -6.066769962 -0.034122810 0.998875260 -0.032921582 0.221404990 -0.180626780 0.026234573 0.983201742 0.254234063
123389933 0.853417786 1.519785050 0.500000000 0.500000000 0.000000000 0.000000000 0.984122097 0.038498264 0.173267365 -5.856339821 -0.033891078 0.998990893 -0.029471532 0.209505985 -0.174227118 0.023131367 0.984433770 0.215260973
123456667 0.853417786 1.519785050 0.500000000 0.500000000 0.000000000 0.000000000 0.984950125 0.038718455 0.168446302 -5.646709894 -0.034944981 0.999068677 -0.025309727 0.195288980 -0.169269383 0.019042462 0.985385835 0.189251998
123523400 0.853417786 1.519785050 0.500000000 0.500000000 0.000000000 0.000000000 0.985890031 0.039152928 0.162750870 -5.404489889 -0.036385633 0.999138653 -0.019950544 0.187997002 -0.163391799 0.013747244 0.986465454 0.183597967
123590133 0.853417786 1.519785050 0.500000000 0.500000000 0.000000000 0.000000000 0.985725641 0.048581261 0.161197886 -5.221509489 -0.045447726 0.998700261 -0.023071792 0.225411976 -0.162109241 0.015416376 0.986652374 0.185331056
123656867 0.853417786 1.519785050 0.500000000 0.500000000 0.000000000 0.000000000 0.986629128 0.046127014 0.156317994 -4.997940320 -0.042081304 0.998690486 -0.029094368 0.215427015 -0.157455340 0.022127286 0.987278163 0.190566143
123723600 0.853417786 1.519785050 0.500000000 0.500000000 0.000000000 0.000000000 0.986568749 0.046564937 0.156569079 -4.792060268 -0.042226553 0.998629391 -0.030923843 0.216423009 -0.157794461 0.023897130 0.987182796 0.219432042
123790333 0.853417786 1.519785050 0.500000000 0.500000000 0.000000000 0.000000000 0.986560404 0.047110531 0.156458020 -4.572589353 -0.042855378 0.998616815 -0.030461498 0.229876983 -0.157676667 0.023347039 0.987214744 0.244197963
123857067 0.853417786 1.519785050 0.500000000 0.500000000 0.000000000 0.000000000 0.986535490 0.045772195 0.157011703 -4.371990438 -0.041768566 0.998714864 -0.028706124 0.201496005 -0.158123866 0.021761460 0.987179458 0.252231055
123923800 0.853417786 1.519785050 0.500000000 0.500000000 0.000000000 0.000000000 0.986115515 0.042002819 0.160661057 -4.168680369 -0.037656732 0.998840213 -0.030002417 0.180299008 -0.161734924 0.023535876 0.986553550 0.273883034
123990533 0.853417786 1.519785050 0.500000000 0.500000000 0.000000000 0.000000000 0.985214949 0.040589113 0.166445330 -3.962860234 -0.036444996 0.998946726 -0.027878253 0.176396993 -0.167401567 0.021399969 0.985656500 0.286411994
124057267 0.853417786 1.519785050 0.500000000 0.500000000 0.000000000 0.000000000 0.983956873 0.044903181 0.172663331 -3.745120294 -0.041277170 0.998846412 -0.024535775 0.158852001 -0.173565894 0.017015096 0.984675288 0.306718072
124124000 0.853417786 1.519785050 0.500000000 0.500000000 0.000000000 0.000000000 0.983221650 0.045610074 0.176620677 -3.531899708 -0.042409573 0.998861253 -0.021855446 0.164807996 -0.177416369 0.013998343 0.984036326 0.294394993
124190733 0.853417786 1.519785050 0.500000000 0.500000000 0.000000000 0.000000000 0.983077407 0.042804752 0.178119585 -3.306780262 -0.040291812 0.999031126 -0.017703328 0.124239001 -0.178704783 0.010226987 0.983849585 0.273087997
124257467 0.853417786 1.519785050 0.500000000 0.500000000 0.000000000 0.000000000 0.982862830 0.042299725 0.179419652 -3.103440013 -0.039241664 0.999018192 -0.020560844 0.126102989 -0.180113211 0.013167756 0.983557701 0.246634005
124324200 0.853417786 1.519785050 0.500000000 0.500000000 0.000000000 0.000000000 0.982890725 0.039613262 0.179879352 -2.886029755 -0.034795769 0.998948276 -0.029859822 0.084762306 -0.180873021 0.023089908 0.983235359 0.213778011
124390933 0.853417786 1.519785050 0.500000000 0.500000000 0.000000000 0.000000000 0.983449399 0.031986721 0.178337097 -2.664030142 -0.026276050 0.999066353 -0.034292888 0.068016314 -0.179267496 0.029039327 0.983371675 0.173524981
124457667 0.853417786 1.519785050 0.500000000 0.500000000 0.000000000 0.000000000 0.983963072 0.026946403 0.176324949 -2.445169927 -0.021405388 0.999217749 -0.033252299 0.016355900 -0.177083060 0.028944729 0.983770192 0.139213007
124524400 0.853417786 1.519785050 0.500000000 0.500000000 0.000000000 0.000000000 0.984666407 0.026056394 0.172490835 -2.208149882 -0.021230653 0.999331474 -0.029763104 0.016185398 -0.173151046 0.025644636 0.984561324 0.123660020
124591133 0.853417786 1.519785050 0.500000000 0.500000000 0.000000000 0.000000000 0.985325992 0.022965675 0.169130877 -2.013210040 -0.019084023 0.999516666 -0.024540689 0.016942596 -0.169612721 0.020952880 0.985288024 0.093016817
124657867 0.853417786 1.519785050 0.500000000 0.500000000 0.000000000 0.000000000 0.985520780 0.017653305 0.168633252 -1.805340065 -0.014480330 0.999694586 -0.020027181 -0.005738247 -0.168935299 0.017295340 0.985475421 0.099838792
124724600 0.853417786 1.519785050 0.500000000 0.500000000 0.000000000 0.000000000 0.984391153 0.011806726 0.175597996 -1.589580104 -0.008902793 0.999810457 -0.017316004 0.020253200 -0.175769150 0.015482409 0.984309673 0.118491004
124791333 0.853417786 1.519785050 0.500000000 0.500000000 0.000000000 0.000000000 0.983746886 0.008759432 0.179346785 -1.382369837 -0.006360692 0.999882519 -0.013945558 -0.009741802 -0.179447874 0.012578129 0.983687043 0.086096795
124858067 0.853417786 1.519785050 0.500000000 0.500000000 0.000000000 0.000000000 0.985216677 0.010268210 0.171004891 -1.153759877 -0.008621491 0.999909043 -0.010369524 -0.013131498 -0.171095818 0.008741912 0.985215604 0.079096676
124924800 0.853417786 1.519785050 0.500000000 0.500000000 0.000000000 0.000000000 0.986388505 0.019140515 0.163313687 -0.909834986 -0.017686382 0.999789953 -0.010353395 -0.014716300 -0.163477570 0.007324039 0.986519873 0.092087913
124991533 0.853417786 1.519785050 0.500000000 0.500000000 0.000000000 0.000000000 0.986614764 0.033368744 0.159617722 -0.721025015 -0.029895917 0.999262214 -0.024109919 -0.016928801 -0.160304487 0.019015279 0.986884415 0.084676318
125058267 0.853417786 1.519785050 0.500000000 0.500000000 0.000000000 0.000000000 0.987499595 0.037109893 0.153190956 -0.483781031 -0.032337267 0.998914421 -0.033530492 -0.018865703 -0.154268965 0.028157569 0.987627566 0.105356998
125125000 0.853417786 1.519785050 0.500000000 0.500000000 0.000000000 0.000000000 0.988182425 0.040899698 0.147725359 -0.247217026 -0.035882261 0.998690248 -0.036472525 -0.018930297 -0.149023578 0.030740792 0.988355696 0.135436996
125191733 0.853417786 1.519785050 0.500000000 0.500000000 0.000000000 0.000000000 0.988715768 0.046037637 0.142554149 -0.021390005 -0.041151844 0.998466253 -0.037035380 -0.028501599 -0.144040540 0.030751098 0.989093900 0.150851997
125258467 0.853417786 1.519785050 0.500000000 0.500000000 0.000000000 0.000000000 0.989217103 0.048705470 0.138120770 0.208477008 -0.043942500 0.998336434 -0.037328035 -0.033179002 -0.139709085 0.030856155 0.989711702 0.173399992
125325200 0.853417786 1.519785050 0.500000000 0.500000000 0.000000000 0.000000000 0.988711834 0.049487010 0.141421199 0.409280985 -0.044574328 0.998294473 -0.037699006 -0.046649198 -0.143045604 0.030969694 0.989231408 0.169498000
125391933 0.853417786 1.519785050 0.500000000 0.500000000 0.000000000 0.000000000 0.988199532 0.048276126 0.145365372 0.614870049 -0.043064244 0.998318970 -0.038791258 -0.064643904 -0.146993682 0.032073449 0.988617301 0.153996006
125458667 0.853417786 1.519785050 0.500000000 0.500000000 0.000000000 0.000000000 0.987714171 0.046012130 0.149343997 0.808877990 -0.040632579 0.998417556 -0.038876340 -0.052405303 -0.150896460 0.032330483 0.988020778 0.135033008
125525400 0.853417786 1.519785050 0.500000000 0.500000000 0.000000000 0.000000000 0.986899018 0.042764120 0.155568749 1.010120125 -0.037645228 0.998653114 -0.035704412 -0.063316714 -0.156886071 0.029380232 0.987179637 0.104707021
125592133 0.853417786 1.519785050 0.500000000 0.500000000 0.000000000 0.000000000 0.985805392 0.039419524 0.163198516 1.211470016 -0.034493968 0.998862982 -0.032906909 -0.079475187 -0.164310142 0.026810441 0.986044288 0.061632469
125658867 0.853417786 1.519785050 0.500000000 0.500000000 0.000000000 0.000000000 0.984390080 0.040794473 0.171207264 1.411239817 -0.035598475 0.998810828 -0.033311531 -0.098054603 -0.172362611 0.026696822 0.984671712 0.009437803
125725600 0.853417786 1.519785050 0.500000000 0.500000000 0.000000000 0.000000000 0.982796788 0.039598245 0.180395409 1.590040115 -0.033858921 0.998821080 -0.034785382 -0.086452800 -0.181560174 0.028078971 0.982978880 -0.054680615
125792333 0.853417786 1.519785050 0.500000000 0.500000000 0.000000000 0.000000000 0.981613040 0.044652544 0.185585544 1.816230118 -0.038389690 0.998569965 -0.037205867 -0.082222511 -0.186981484 0.029397195 0.981923461 -0.100214005
125859067 0.853417786 1.519785050 0.500000000 0.500000000 0.000000000 0.000000000 0.980492473 0.042083163 0.191998675 2.009979998 -0.035410848 0.998648107 -0.038053390 -0.084823102 -0.193340525 0.030512225 0.980657160 -0.190680032
125925800 0.853417786 1.519785050 0.500000000 0.500000000 0.000000000 0.000000000 0.979780018 0.035782643 0.196851924 2.223989785 -0.028881242 0.998867154 -0.037819490 -0.073388086 -0.197982207 0.031369448 0.979703546 -0.239440982
125992533 0.853417786 1.519785050 0.500000000 0.500000000 0.000000000 0.000000000 0.979158401 0.029873153 0.200889036 2.444029977 -0.022682806 0.999020278 -0.038000170 -0.038182878 -0.201827392 0.032651450 0.978876650 -0.307074965
126059267 0.853417786 1.519785050 0.500000000 0.500000000 0.000000000 0.000000000 0.980735242 0.027414972 0.193408355 2.650479865 -0.020792892 0.999128699 -0.036186457 -0.043662494 -0.194231883 0.031467818 0.980450809 -0.330036931
126126000 0.853417786 1.519785050 0.500000000 0.500000000 0.000000000 0.000000000 0.982999027 0.018299390 0.182696745 2.856040219 -0.012362173 0.999359429 -0.033583898 -0.021158517 -0.183194295 0.030754413 0.982595563 -0.331636104
126192733 0.853417786 1.519785050 0.500000000 0.500000000 0.000000000 0.000000000 0.984838784 0.014877184 0.172833145 3.052260165 -0.009676632 0.999475837 -0.030893749 -0.020764602 -0.173202157 0.028752917 0.984466493 -0.336519003
126259467 0.853417786 1.519785050 0.500000000 0.500000000 0.000000000 0.000000000 0.985695124 0.015681297 0.167806908 3.248829670 -0.011191025 0.999554455 -0.027670888 -0.034384987 -0.168166056 0.025397127 0.985431433 -0.333975917
126326200 0.853417786 1.519785050 0.500000000 0.500000000 0.000000000 0.000000000 0.985818624 0.017816471 0.166865870 3.422939924 -0.013627732 0.999563456 -0.026213994 -0.031876198 -0.167260066 0.023568241 0.985631049 -0.364897948
126392933 0.853417786 1.519785050 0.500000000 0.500000000 0.000000000 0.000000000 0.986083984 0.020676652 0.164957255 3.640549873 -0.017119998 0.999589920 -0.022953920 -0.045046687 -0.165364236 0.019810423 0.986033559 -0.378367082
126459667 0.853417786 1.519785050 0.500000000 0.500000000 0.000000000 0.000000000 0.985762894 0.025108337 0.166256011 3.845299813 -0.022056524 0.999553084 -0.020177420 -0.072718921 -0.166688323 0.016223129 0.985876203 -0.397392948
126526400 0.853417786 1.519785050 0.500000000 0.500000000 0.000000000 0.000000000 0.985194445 0.028587293 0.169040442 4.057670204 -0.025562588 0.999472260 -0.020043051 -0.090158699 -0.169524223 0.015425192 0.985405326 -0.416795051
126593133 0.853417786 1.519785050 0.500000000 0.500000000 0.000000000 0.000000000 0.984692574 0.032733876 0.171198696 4.280509991 -0.027851576 0.999136090 -0.030843448 -0.104952993 -0.172060430 0.025603160 0.984753609 -0.427435075
126659867 0.853417786 1.519785050 0.500000000 0.500000000 0.000000000 0.000000000 0.984182954 0.038882323 0.172835484 4.499159603 -0.032919817 0.998764217 -0.037232842 -0.101632016 -0.174069598 0.030954218 0.984246731 -0.437001920
126726600 0.853417786 1.519785050 0.500000000 0.500000000 0.000000000 0.000000000 0.984003663 0.045734294 0.172177643 4.742149769 -0.038711317 0.998284340 -0.043929935 -0.144986021 -0.173891336 0.036561996 0.984085858 -0.422667945
126793333 0.853417786 1.519785050 0.500000000 0.500000000 0.000000000 0.000000000 0.984257519 0.054829445 0.168020532 4.974720465 -0.047632802 0.997778714 -0.046569932 -0.179140994 -0.170200720 0.037833516 0.984682858 -0.414078054
126860067 0.853417786 1.519785050 0.500000000 0.500000000 0.000000000 0.000000000 0.985151649 0.056421191 0.162150875 5.217430416 -0.050041415 0.997813880 -0.043166384 -0.179716022 -0.164231881 0.034411177 0.985821366 -0.381384984
126926800 0.853417786 1.519785050 0.500000000 0.500000000 0.000000000 0.000000000 0.985649765 0.056410190 0.159098655 5.438059637 -0.050917190 0.997964501 -0.038396593 -0.184611989 -0.160940766 0.029744733 0.986515760 -0.379805967
126993533 0.853417786 1.519785050 0.500000000 0.500000000 0.000000000 0.000000000 0.986275613 0.054944381 0.155696899 5.639389659 -0.050184071 0.998149276 -0.034344770 -0.192250032 -0.157295793 0.026059909 0.987207651 -0.380570930
127060267 0.853417786 1.519785050 0.500000000 0.500000000 0.000000000 0.000000000 0.987062156 0.055871189 0.150288641 5.846339707 -0.051977232 0.998206019 -0.029717419 -0.197740952 -0.151679367 0.021521345 0.988195419 -0.402384915
127127000 0.853417786 1.519785050 0.500000000 0.500000000 0.000000000 0.000000000 0.987699866 0.057394169 0.145447209 6.080479990 -0.054325283 0.998210609 -0.024987735 -0.216363016 -0.146621093 0.016778916 0.989050388 -0.406605982
