https://www.youtube.com/watch?v=N_Zxppn8i7s
2200000 0.838027850 1.490336711 0.500000000 0.500000000 0.000000000 0.000000000 0.997579157 0.008671856 -0.068996906 6.113439590 -0.009580691 0.999871492 -0.012852116 -0.099275698 0.068876594 0.013482043 0.997534096 4.812360021
2266667 0.838027850 1.490336711 0.500000000 0.500000000 0.000000000 0.000000000 0.997067213 0.008789668 -0.076024048 5.980359642 -0.009976624 0.999834001 -0.015247216 -0.126465000 0.075877406 0.015960962 0.996989429 4.723000296
2333333 0.838027850 1.490336711 0.500000000 0.500000000 0.000000000 0.000000000 0.996569097 0.008425858 -0.082335219 5.842410200 -0.010030087 0.999767482 -0.019089935 -0.151824001 0.082155228 0.019850271 0.996421814 4.626109849
2400000 0.838027850 1.490336711 0.500000000 0.500000000 0.000000000 0.000000000 0.996065676 0.007750754 -0.088278510 5.698979715 -0.009787672 0.999695241 -0.022664310 -0.169499989 0.088075943 0.023439182 0.995837927 4.533289307
2466667 0.838027850 1.490336711 0.500000000 0.500000000 0.000000000 0.000000000 0.995482326 0.006209554 -0.094743863 5.555920187 -0.008691545 0.999629140 -0.025806708 -0.174042981 0.094548479 0.026513593 0.995167136 4.438539721
2533333 0.838027850 1.490336711 0.500000000 0.500000000 0.000000000 0.000000000 0.994813502 0.005457004 -0.101569578 5.417760473 -0.008299420 0.999585032 -0.027583426 -0.174634984 0.101376906 0.028283333 0.994445980 4.372860260
2800000 0.838027850 1.490336711 0.500000000 0.500000000 0.000000000 0.000000000 0.990120590 -0.000843480 -0.140215963 4.889520382 -0.003900936 0.999429166 -0.033558179 -0.125039014 0.140164226 0.033773620 0.989552081 4.127330029
2866667 0.838027850 1.490336711 0.500000000 0.500000000 0.000000000 0.000000000 0.987836599 -0.003585999 -0.155454069 4.744689756 -0.001628085 0.999440730 -0.033400677 -0.095790450 0.155486912 0.033247501 0.987278283 4.107180301
2933333 0.838027850 1.490336711 0.500000000 0.500000000 0.000000000 0.000000000 0.985042691 -0.005471784 -0.172223523 4.605310171 -0.000130219 0.999471724 -0.032499418 -0.072758502 0.172310367 0.032035738 0.984521627 4.078430016
3000000 0.838027850 1.490336711 0.500000000 0.500000000 0.000000000 0.000000000 0.982057214 -0.006621798 -0.188466862 4.474219708 0.000927924 0.999540925 -0.030283770 -0.057949389 0.188580886 0.029565511 0.981612504 4.034959872
3066667 0.838027850 1.490336711 0.500000000 0.500000000 0.000000000 0.000000000 0.978944004 -0.007728452 -0.203982458 4.350299531 0.001803957 0.999571562 -0.029214103 -0.047153824 0.204120830 0.028230995 0.978538513 3.975119811
3133333 0.838027850 1.490336711 0.500000000 0.500000000 0.000000000 0.000000000 0.975431919 -0.008366074 -0.220142379 4.230510466 0.002456180 0.999629557 -0.027105842 -0.038748367 0.220287606 0.025899194 0.975091100 3.912149875
3200000 0.838027850 1.490336711 0.500000000 0.500000000 0.000000000 0.000000000 0.971571863 -0.009198407 -0.236566171 4.121080298 0.003636895 0.999706924 -0.023934979 -0.020730896 0.236717001 0.022394184 0.971320510 3.813989971
3266667 0.838027850 1.490336711 0.500000000 0.500000000 0.000000000 0.000000000 0.967304289 -0.009535728 -0.253439337 4.020549773 0.004325028 0.999767840 -0.021109179 0.005462621 0.253581792 0.019322868 0.967120945 3.716379972
3333333 0.838027850 1.490336711 0.500000000 0.500000000 0.000000000 0.000000000 0.962838113 -0.007465157 -0.269975960 3.918939821 0.002441271 0.999817669 -0.018939631 0.021811698 0.270068109 0.017576715 0.962680757 3.628879781
3400000 0.838027850 1.490336711 0.500000000 0.500000000 0.000000000 0.000000000 0.957923532 -0.006761717 -0.286943942 3.821810180 0.001675648 0.999837160 -0.017966827 0.047570089 0.287018687 0.016730027 0.957778871 3.550669625
3466667 0.838027850 1.490336711 0.500000000 0.500000000 0.000000000 0.000000000 0.952280402 -0.005973460 -0.305166095 3.725889807 0.000666824 0.999846816 -0.017490620 0.068639618 0.305223852 0.016452482 0.952138543 3.482900394
3533333 0.838027850 1.490336711 0.500000000 0.500000000 0.000000000 0.000000000 0.946330190 -0.005229095 -0.323159039 3.618379704 -0.000375978 0.999850631 -0.017279757 0.079763799 0.323201120 0.016473858 0.946186900 3.419959945
3600000 0.838027850 1.490336711 0.500000000 0.500000000 0.000000000 0.000000000 0.939810693 -0.004424362 -0.341666967 3.516030085 -0.001945235 0.999830663 -0.018297832 0.079003288 0.341690093 0.017861120 0.939642966 3.346990244
3666667 0.838027850 1.490336711 0.500000000 0.500000000 0.000000000 0.000000000 0.934026420 -0.004688761 -0.357172936 3.416279396 -0.002785057 0.999787867 -0.020407692 0.067828668 0.357192844 0.020056069 0.933815241 3.262749397
3733333 0.838027850 1.490336711 0.500000000 0.500000000 0.000000000 0.000000000 0.928952098 -0.004433722 -0.370173395 3.326669856 -0.004038364 0.999747396 -0.022108683 0.055489990 0.370177925 0.022032803 0.928699553 3.165339844
3800000 0.838027850 1.490336711 0.500000000 0.500000000 0.000000000 0.000000000 0.924113512 -0.004161886 -0.382095486 3.237240630 -0.005366384 0.999700725 -0.023867840 0.045942707 0.382080466 0.024107063 0.923814595 3.071450302
3866667 0.838027850 1.490336711 0.500000000 0.500000000 0.000000000 0.000000000 0.919399738 -0.004031028 -0.393303990 3.144680433 -0.006459340 0.999657869 -0.025345210 0.029183823 0.393271625 0.025842864 0.919059157 2.977820379
3933333 0.838027850 1.490336711 0.500000000 0.500000000 0.000000000 0.000000000 0.913833976 -0.004569876 -0.406062484 3.053600568 -0.007648362 0.999565601 -0.028461711 0.016462113 0.406016171 0.029114990 0.913402081 2.876530593
4000000 0.838027850 1.490336711 0.500000000 0.500000000 0.000000000 0.000000000 0.908262730 -0.003910850 -0.418381929 2.958559800 -0.009430688 0.999510944 -0.029815989 -0.002400528 0.418293893 0.031026380 0.907781601 2.768559496
4066667 0.838027850 1.490336711 0.500000000 0.500000000 0.000000000 0.000000000 0.903867722 -0.004297798 -0.427790612 2.863130228 -0.010010531 0.999463260 -0.031192128 -0.014772085 0.427695066 0.032475967 0.903339624 2.652790706
4133333 0.838027850 1.490336711 0.500000000 0.500000000 0.000000000 0.000000000 0.899699748 -0.005442208 -0.436475307 2.774949907 -0.010139199 0.999391973 -0.033360712 -0.007454807 0.436391443 0.034440137 0.899097502 2.531999963
4200000 0.838027850 1.490336711 0.500000000 0.500000000 0.000000000 0.000000000 0.895840645 -0.005412578 -0.444342226 2.682469260 -0.011123340 0.999339402 -0.034598839 -0.008936803 0.444235951 0.035937618 0.895188630 2.405849472
4266667 0.838027850 1.490336711 0.500000000 0.500000000 0.000000000 0.000000000 0.891515613 -0.006218208 -0.452947050 2.588579150 -0.011849226 0.999243498 -0.037040230 0.003350040 0.452834755 0.038389016 0.890767574 2.277279877
4333333 0.838027850 1.490336711 0.500000000 0.500000000 0.000000000 0.000000000 0.888215661 -0.005767779 -0.459390372 2.502729330 -0.012957247 0.999208927 -0.037597727 -0.000258101 0.459243804 0.039347325 0.887438297 2.142589496
4400000 0.838027850 1.490336711 0.500000000 0.500000000 0.000000000 0.000000000 0.885955513 -0.005901777 -0.463732749 2.430660166 -0.013640579 0.999154806 -0.038776081 0.003799185 0.463569671 0.040679466 0.885126233 2.020590297
4466667 0.838027850 1.490336711 0.500000000 0.500000000 0.000000000 0.000000000 0.882469177 -0.006598968 -0.470323801 2.377569497 -0.014117220 0.999079585 -0.040505923 0.010393984 0.470158219 0.042384893 0.881563783 1.903579776
4533333 0.838027850 1.490336711 0.500000000 0.500000000 0.000000000 0.000000000 0.878231168 -0.007748770 -0.478173882 2.325630580 -0.014247293 0.999001026 -0.042355865 0.020725860 0.478024393 0.044010922 0.877243400 1.789620430
4600000 0.838027850 1.490336711 0.500000000 0.500000000 0.000000000 0.000000000 0.874308288 -0.007578141 -0.485311955 2.276750428 -0.015199921 0.998960197 -0.042982027 0.024387724 0.485133082 0.044956245 0.873283982 1.675260251
4666667 0.838027850 1.490336711 0.500000000 0.500000000 0.000000000 0.000000000 0.870538235 -0.008145590 -0.492033184 2.231839559 -0.015777254 0.998887002 -0.044450685 0.031388770 0.491847634 0.046458952 0.869440794 1.560589816
4733333 0.838027850 1.490336711 0.500000000 0.500000000 0.000000000 0.000000000 0.865591526 -0.008349511 -0.500680864 2.203649540 -0.016609475 0.998832107 -0.045371719 0.033337434 0.500474989 0.047589421 0.864441872 1.442529918
4800000 0.838027850 1.490336711 0.500000000 0.500000000 0.000000000 0.000000000 0.860319436 -0.007629655 -0.509698033 2.174919679 -0.017779471 0.998830497 -0.044961415 0.029859678 0.509444952 0.047743343 0.859177649 1.325109702
4866667 0.838027850 1.490336711 0.500000000 0.500000000 0.000000000 0.000000000 0.854056835 -0.006101010 -0.520143926 2.161339983 -0.019828374 0.998822689 -0.044273101 0.031362105 0.519801676 0.048125349 0.852930367 1.206410000
4933333 0.838027850 1.490336711 0.500000000 0.500000000 0.000000000 0.000000000 0.847535014 -0.002980378 -0.530731142 2.156349856 -0.023635369 0.998780191 -0.043352548 0.042293804 0.530212939 0.049286831 0.846430779 1.084029894
5000000 0.838027850 1.490336711 0.500000000 0.500000000 0.000000000 0.000000000 0.839293242 0.001613433 -0.543676674 2.155920144 -0.028490052 0.998752177 -0.041017201 0.052308818 0.542932093 0.049914833 0.838291883 0.970320972
5066667 0.838027850 1.490336711 0.500000000 0.500000000 0.000000000 0.000000000 0.828640878 0.005383664 -0.559754550 2.162539741 -0.032497954 0.998729885 -0.038503114 0.080601758 0.558836281 0.050096136 0.827763379 0.865110896
5133333 0.838027850 1.490336711 0.500000000 0.500000000 0.000000000 0.000000000 0.815849543 0.009904083 -0.578179419 2.174439902 -0.035783950 0.998801768 -0.033384286 0.089642896 0.577156007 0.047926098 0.815226436 0.772865941
5200000 0.838027850 1.490336711 0.500000000 0.500000000 0.000000000 0.000000000 0.802508652 0.013853626 -0.596479714 2.197070198 -0.039061621 0.998805523 -0.029355932 0.105729027 0.595360577 0.046857852 0.802091181 0.677891137
5266667 0.838027850 1.490336711 0.500000000 0.500000000 0.000000000 0.000000000 0.788552046 0.017659403 -0.614714324 2.211859656 -0.042644307 0.998751640 -0.026011908 0.118826985 0.613487542 0.046725817 0.788320720 0.585098872
5333333 0.838027850 1.490336711 0.500000000 0.500000000 0.000000000 0.000000000 0.773468137 0.021183383 -0.633481264 2.222590427 -0.045922350 0.998687625 -0.022674553 0.123231026 0.632169604 0.046628982 0.773425817 0.501840084
5400000 0.838027850 1.490336711 0.500000000 0.500000000 0.000000000 0.000000000 0.757278562 0.022457449 -0.652705431 2.228959059 -0.047531076 0.998653471 -0.020785853 0.124017974 0.651359797 0.046764493 0.757326305 0.427688902
5466667 0.838027850 1.490336711 0.500000000 0.500000000 0.000000000 0.000000000 0.740789890 0.023592135 -0.671321988 2.213818664 -0.050020792 0.998545766 -0.020105172 0.115978963 0.669871449 0.048473794 0.740892768 0.353073827
5533333 0.838027850 1.490336711 0.500000000 0.500000000 0.000000000 0.000000000 0.724222422 0.024504364 -0.689130366 2.188548276 -0.052780576 0.998406529 -0.019966509 0.111905940 0.687542975 0.050832931 0.724361777 0.282375803
5600000 0.838027850 1.490336711 0.500000000 0.500000000 0.000000000 0.000000000 0.707115948 0.025920149 -0.706622243 2.174959509 -0.054688435 0.998339295 -0.018105786 0.093137270 0.704979420 0.051446963 0.707359195 0.211576948
5666667 0.838027850 1.490336711 0.500000000 0.500000000 0.000000000 0.000000000 0.690079868 0.026985392 -0.723229647 2.155308986 -0.057138741 0.998216808 -0.017273907 0.084979254 0.721473813 0.053244833 0.690391243 0.146505910
5733333 0.838027850 1.490336711 0.500000000 0.500000000 0.000000000 0.000000000 0.672995210 0.027365560 -0.739140689 2.127990822 -0.058388069 0.998162389 -0.016207524 0.074742557 0.737338960 0.054064557 0.673356354 0.078857355
5800000 0.838027850 1.490336711 0.500000000 0.500000000 0.000000000 0.000000000 0.651704490 0.027733076 -0.757965803 2.113970023 -0.058630247 0.998183131 -0.013888363 0.068726095 0.756203532 0.053490829 0.652146459 0.024579109
5866667 0.838027850 1.490336711 0.500000000 0.500000000 0.000000000 0.000000000 0.629469335 0.027625974 -0.776533902 2.080969546 -0.058033060 0.998248100 -0.011528725 0.073835676 0.774854958 0.052321635 0.629969776 -0.030443576
5933333 0.838027850 1.490336711 0.500000000 0.500000000 0.000000000 0.000000000 0.603449941 0.027269773 -0.796934366 2.055579578 -0.057172179 0.998322606 -0.009130625 0.082953380 0.795348525 0.051072359 0.603996754 -0.087484989
7400000 0.838027850 1.490336711 0.500000000 0.500000000 0.000000000 0.000000000 -0.189895988 0.090858594 -0.977589726 2.100374669 0.003143504 0.995759904 0.091936626 -0.209245895 0.981797934 0.014385447 -0.189376354 -0.994594624
7466667 0.838027850 1.490336711 0.500000000 0.500000000 0.000000000 0.000000000 -0.213960767 0.091613047 -0.972536325 2.112707969 0.002958544 0.995648682 0.093139306 -0.219811967 0.976837277 0.017050911 -0.213300824 -1.029538870
7533333 0.838027850 1.490336711 0.500000000 0.500000000 0.000000000 0.000000000 -0.236557841 0.091858141 -0.967266142 2.115522824 0.003072940 0.995586693 0.093796179 -0.233289040 0.971613228 0.019215807 -0.235796094 -1.073581500
7600000 0.838027850 1.490336711 0.500000000 0.500000000 0.000000000 0.000000000 -0.254962206 0.092446119 -0.962521553 2.116099616 0.002986889 0.995489836 0.094821379 -0.241569006 0.966946244 0.021300934 -0.254088402 -1.125009652
7666667 0.838027850 1.490336711 0.500000000 0.500000000 0.000000000 0.000000000 -0.270884752 0.092432000 -0.958163321 2.108368199 0.002290048 0.995438278 0.095380381 -0.246971974 0.962608635 0.023642886 -0.269860744 -1.179528986
7733333 0.838027850 1.490336711 0.500000000 0.500000000 0.000000000 0.000000000 -0.285821199 0.091762289 -0.953879595 2.100230727 0.001185637 0.995437860 0.095404908 -0.241647006 0.958282471 0.026137765 -0.284626007 -1.239060639
7800000 0.838027850 1.490336711 0.500000000 0.500000000 0.000000000 0.000000000 -0.299263597 0.091673434 -0.949755132 2.087334909 0.001153532 0.995407999 0.095716432 -0.235570957 0.954168499 0.027548980 -0.297995090 -1.303816940
7866667 0.838027850 1.490336711 0.500000000 0.500000000 0.000000000 0.000000000 -0.310988545 0.090560324 -0.946089864 2.069842076 -0.000174403 0.995444596 0.095341958 -0.226266007 0.950414181 0.029815204 -0.309556127 -1.376381131
7933333 0.838027850 1.490336711 0.500000000 0.500000000 0.000000000 0.000000000 -0.320940971 0.089233637 -0.942884743 2.055264443 -0.002487417 0.995468736 0.095056713 -0.218741999 0.947094500 0.032853067 -0.319264770 -1.456265946
8000000 0.838027850 1.490336711 0.500000000 0.500000000 0.000000000 0.000000000 -0.328330636 0.088118210 -0.940443933 2.039701199 -0.004848342 0.995468676 0.094966635 -0.216887986 0.944550693 0.035740018 -0.326415658 -1.534730689
8066667 0.838027850 1.490336711 0.500000000 0.500000000 0.000000000 0.000000000 -0.336406231 0.086370721 -0.937748015 2.028620699 -0.007833194 0.995494068 0.094499469 -0.212509004 0.941684544 0.039135754 -0.334213853 -1.609420242
8133333 0.838027850 1.490336711 0.500000000 0.500000000 0.000000000 0.000000000 -0.343194723 0.085732497 -0.935343742 2.020301066 -0.009407453 0.995461941 0.094694644 -0.210345979 0.939217448 0.041297883 -0.340830803 -1.684590929
8200000 0.838027850 1.490336711 0.500000000 0.500000000 0.000000000 0.000000000 -0.349082351 0.086900949 -0.933054090 2.011930307 -0.009655677 0.995304465 0.096311167 -0.208681980 0.937042356 0.042629790 -0.346604109 -1.760890118
8266667 0.838027850 1.490336711 0.500000000 0.500000000 0.000000000 0.000000000 -0.355591178 0.088996440 -0.930395544 2.006412429 -0.009656228 0.995053351 0.098871835 -0.206135949 0.934592426 0.044142000 -0.352972865 -1.833322392
8333333 0.838027850 1.490336711 0.500000000 0.500000000 0.000000000 0.000000000 -0.363403797 0.091272719 -0.927149594 2.009728775 -0.009444445 0.994777203 0.101632088 -0.205557011 0.931583583 0.045689937 -0.360643864 -1.903659030
8400000 0.838027850 1.490336711 0.500000000 0.500000000 0.000000000 0.000000000 -0.369406223 0.094219156 -0.924479663 2.014061734 -0.011122540 0.994327128 0.105782121 -0.201020958 0.929201901 0.049359083 -0.366262674 -1.978341521
8466667 0.838027850 1.490336711 0.500000000 0.500000000 0.000000000 0.000000000 -0.375512838 0.096576333 -0.921771467 2.023448818 -0.016513441 0.993701100 0.110839836 -0.184267009 0.926669776 0.056843422 -0.371552706 -2.056798590
8533333 0.838027850 1.490336711 0.500000000 0.500000000 0.000000000 0.000000000 -0.382568121 0.100312531 -0.918467045 2.038585309 -0.022977181 0.992748201 0.117996067 -0.167946765 0.923642993 0.066245139 -0.377488971 -2.125435751
8600000 0.838027850 1.490336711 0.500000000 0.500000000 0.000000000 0.000000000 -0.388616800 0.104637012 -0.915437162 2.050903767 -0.029610593 0.991599321 0.125912622 -0.161089299 0.920921981 0.076038614 -0.382253885 -2.186403632
8666667 0.838027850 1.490336711 0.500000000 0.500000000 0.000000000 0.000000000 -0.395799518 0.108242452 -0.911935627 2.071100536 -0.036800310 0.990362167 0.133523449 -0.157801977 0.917599499 0.086408004 -0.388001561 -2.250900707
8733333 0.838027850 1.490336711 0.500000000 0.500000000 0.000000000 0.000000000 -0.403052449 0.112444632 -0.908242822 2.089050269 -0.045655631 0.988717020 0.142668381 -0.152063931 0.914037466 0.098969221 -0.393371105 -2.313150463
8800000 0.838027850 1.490336711 0.500000000 0.500000000 0.000000000 0.000000000 -0.413526654 0.115429722 -0.903144836 2.110617469 -0.055805139 0.986853063 0.151680052 -0.126387184 0.908779621 0.113123976 -0.401648521 -2.358097222
8866667 0.838027850 1.490336711 0.500000000 0.500000000 0.000000000 0.000000000 -0.424822807 0.120810963 -0.897179365 2.132431180 -0.063236944 0.984674156 0.162535995 -0.109773911 0.903065443 0.125783831 -0.410672307 -2.392171190
8933333 0.838027850 1.490336711 0.500000000 0.500000000 0.000000000 0.000000000 -0.434306741 0.126689941 -0.891810954 2.141598756 -0.068471290 0.982551992 0.172925666 -0.107223128 0.898158610 0.136166289 -0.418054342 -2.418249187
9000000 0.838027850 1.490336711 0.500000000 0.500000000 0.000000000 0.000000000 -0.441614985 0.131980121 -0.887445807 2.136295624 -0.073793828 0.980427146 0.182529911 -0.104063399 0.894166231 0.146095678 -0.423232079 -2.456506351
9066667 0.838027850 1.490336711 0.500000000 0.500000000 0.000000000 0.000000000 -0.450657129 0.135573938 -0.882343769 2.128535789 -0.080520123 0.978198290 0.191427886 -0.091438161 0.889059782 0.157314450 -0.429915667 -2.487556657
9133333 0.838027850 1.490336711 0.500000000 0.500000000 0.000000000 0.000000000 -0.458789706 0.137279019 -0.877876759 2.111902549 -0.084105819 0.976847589 0.196710512 -0.081693132 0.884556055 0.164083168 -0.436621666 -2.518212868
9200000 0.838027850 1.490336711 0.500000000 0.500000000 0.000000000 0.000000000 -0.465761542 0.139114067 -0.873908460 2.081425199 -0.083360747 0.976276517 0.199837938 -0.075189725 0.880976617 0.165926173 -0.443115473 -2.554546633
9266667 0.838027850 1.490336711 0.500000000 0.500000000 0.000000000 0.000000000 -0.474413395 0.136697903 -0.869623065 2.041697174 -0.084579073 0.976221323 0.199595451 -0.049869491 0.876228809 0.168242842 -0.451570630 -2.587366327
9333333 0.838027850 1.490336711 0.500000000 0.500000000 0.000000000 0.000000000 -0.482200027 0.132516906 -0.865980625 1.997990197 -0.085114956 0.976730347 0.196858585 -0.028006249 0.871916652 0.168633103 -0.459700227 -2.622670195
9400000 0.838027850 1.490336711 0.500000000 0.500000000 0.000000000 0.000000000 -0.487730861 0.127827466 -0.863586366 1.935485159 -0.086890578 0.977201760 0.193718284 0.001569182 0.868660629 0.169519573 -0.465504527 -2.687697229
9466667 0.838027850 1.490336711 0.500000000 0.500000000 0.000000000 0.000000000 -0.493329048 0.121988334 -0.861244142 1.872002889 -0.089127548 0.977816880 0.189553007 0.035846042 0.865262330 0.170273051 -0.471512914 -2.733789827
9533333 0.838027850 1.490336711 0.500000000 0.500000000 0.000000000 0.000000000 -0.496589184 0.113671556 -0.860510290 1.791190135 -0.093169779 0.978679061 0.183048442 0.078164872 0.862970769 0.171073422 -0.475410581 -2.771359555
9600000 0.838027850 1.490336711 0.500000000 0.500000000 0.000000000 0.000000000 -0.501274586 0.104449823 -0.858961940 1.720422844 -0.096883327 0.979670644 0.175667360 0.114751498 0.859848261 0.171276495 -0.480964541 -2.816524388
9666667 0.838027850 1.490336711 0.500000000 0.500000000 0.000000000 0.000000000 -0.503294826 0.097890005 -0.858552456 1.642890665 -0.097347975 0.980814576 0.168896705 0.136358173 0.858614087 0.168583125 -0.484109521 -2.860521170
9733333 0.838027850 1.490336711 0.500000000 0.500000000 0.000000000 0.000000000 -0.504042625 0.097200878 -0.858193159 1.565943841 -0.093098305 0.981742620 0.165873796 0.138115834 0.858647943 0.163503528 -0.485790968 -2.903387435
9800000 0.838027850 1.490336711 0.500000000 0.500000000 0.000000000 0.000000000 -0.506380200 0.095295422 -0.857028902 1.504141024 -0.089456819 0.982706785 0.162125945 0.154460140 0.857657969 0.158764392 -0.489098430 -2.942081785
9866667 0.838027850 1.490336711 0.500000000 0.500000000 0.000000000 0.000000000 -0.509522557 0.093650348 -0.855344474 1.458266853 -0.083873250 0.983920157 0.157690585 0.156974314 0.856358469 0.152087659 -0.493474722 -2.988963499
9933333 0.838027850 1.490336711 0.500000000 0.500000000 0.000000000 0.000000000 -0.510960698 0.094560489 -0.854389071 1.412264693 -0.076242715 0.985028505 0.154615536 0.156599883 0.856218100 0.144143090 -0.496101260 -3.034569560
10000000 0.838027850 1.490336711 0.500000000 0.500000000 0.000000000 0.000000000 -0.512867093 0.094918460 -0.853203893 1.369318516 -0.068900555 0.986111164 0.151120931 0.153296731 0.855697989 0.136291265 -0.499204040 -3.075826878
10066667 0.838027850 1.490336711 0.500000000 0.500000000 0.000000000 0.000000000 -0.517000914 0.095374174 -0.850655556 1.339711178 -0.059903584 0.987305641 0.147102654 0.141193305 0.853886843 0.127009422 -0.504724741 -3.120373479
10133333 0.838027850 1.490336711 0.500000000 0.500000000 0.000000000 0.000000000 -0.522988081 0.094884396 -0.847042322 1.320890182 -0.050629795 0.988571227 0.141998544 0.126366099 0.850835085 0.117149100 -0.512207031 -3.171120918
10200000 0.838027850 1.490336711 0.500000000 0.500000000 0.000000000 0.000000000 -0.528407931 0.095750012 -0.843575001 1.300722406 -0.039107166 0.989820123 0.136845976 0.102743462 0.848090529 0.105300173 -0.519284248 -3.232015790
10266667 0.838027850 1.490336711 0.500000000 0.500000000 0.000000000 0.000000000 -0.532812834 0.096938089 -0.840662241 1.282329567 -0.027339380 0.990926743 0.131593049 0.082954840 0.845791101 0.093097687 -0.525328159 -3.290618218
10333333 0.838027850 1.490336711 0.500000000 0.500000000 0.000000000 0.000000000 -0.539254546 0.096790254 -0.836564183 1.289234549 -0.016233057 0.991993964 0.125237465 0.064458207 0.841988444 0.081114627 -0.533366084 -3.343501654
10400000 0.838027850 1.490336711 0.500000000 0.500000000 0.000000000 0.000000000 -0.544624805 0.096694559 -0.833087087 1.297080209 -0.004482102 0.992981672 0.118183307 0.039489119 0.838667870 0.068099536 -0.540369034 -3.399000008
10466667 0.838027850 1.490336711 0.500000000 0.500000000 0.000000000 0.000000000 -0.548036337 0.097759046 -0.830723345 1.301412418 0.007413909 0.993675590 0.112044223 0.016650496 0.836422861 0.055245288 -0.545295119 -3.455086796
10533333 0.838027850 1.490336711 0.500000000 0.500000000 0.000000000 0.000000000 -0.550999045 0.098180041 -0.828709006 1.306077236 0.017498713 0.994195998 0.106151074 0.001151608 0.834321141 0.043987900 -0.549519062 -3.510432750
10600000 0.838027850 1.490336711 0.500000000 0.500000000 0.000000000 0.000000000 -0.552968264 0.098956138 -0.827304959 1.308019449 0.027581915 0.994552135 0.100525320 -0.019324147 0.832745433 0.032768678 -0.552685142 -3.565148652
10666667 0.838027850 1.490336711 0.500000000 0.500000000 0.000000000 0.000000000 -0.553534627 0.099986434 -0.826801598 1.304478706 0.038902089 0.994787574 0.094256654 -0.054577357 0.831916392 0.020010062 -0.554538965 -3.621275289
10733333 0.838027850 1.490336711 0.500000000 0.500000000 0.000000000 0.000000000 -0.554328084 0.101174943 -0.826126218 1.300420988 0.042921983 0.994738281 0.093024217 -0.054688881 0.831191063 0.016106941 -0.555753946 -3.680211874
10800000 0.838027850 1.490336711 0.500000000 0.500000000 0.000000000 0.000000000 -0.554217696 0.101429261 -0.826169193 1.291190800 0.042974524 0.994710863 0.093292728 -0.050525255 0.831262052 0.016200233 -0.555645227 -3.740732636
10866667 0.838027850 1.490336711 0.500000000 0.500000000 0.000000000 0.000000000 -0.552984834 0.101336323 -0.827005565 1.272379333 0.042420320 0.994713128 0.093521446 -0.046170426 0.832110465 0.016634114 -0.554360032 -3.806158293
10933333 0.838027850 1.490336711 0.500000000 0.500000000 0.000000000 0.000000000 -0.550273061 0.102045283 -0.828727245 1.238312847 0.042484462 0.994640172 0.094265521 -0.046434482 0.833904743 0.016663659 -0.551659107 -3.877229668
11000000 0.838027850 1.490336711 0.500000000 0.500000000 0.000000000 0.000000000 -0.546260715 0.101512343 -0.831440091 1.190437675 0.042469699 0.994709015 0.093543269 -0.053904958 0.836536765 0.015788071 -0.547681689 -3.948743017
11066667 0.838027850 1.490336711 0.500000000 0.500000000 0.000000000 0.000000000 -0.541635871 0.101048633 -0.834515929 1.135556617 0.041851580 0.994759142 0.093288332 -0.057172978 0.839568973 0.015602604 -0.543026328 -4.027058291
11133333 0.838027850 1.490336711 0.500000000 0.500000000 0.000000000 0.000000000 -0.538198829 0.099607088 -0.836912036 1.078061556 0.039901830 0.994889677 0.092749290 -0.051359850 0.841873646 0.016523182 -0.539422989 -4.105135897
11200000 0.838027850 1.490336711 0.500000000 0.500000000 0.000000000 0.000000000 -0.537930965 0.097784191 -0.837298632 1.031540713 0.037533682 0.995042801 0.092092529 -0.042412455 0.842153192 0.018112503 -0.538934469 -4.171921672
11266667 0.838027850 1.490336711 0.500000000 0.500000000 0.000000000 0.000000000 -0.541297793 0.096377522 -0.835288525 0.997411613 0.035809472 0.995150268 0.091616824 -0.033040115 0.840067387 0.019680787 -0.542123914 -4.227675677
11333333 0.838027850 1.490336711 0.500000000 0.500000000 0.000000000 0.000000000 -0.546625257 0.095092952 -0.831960857 0.972017761 0.034671187 0.995249271 0.090976730 -0.024221423 0.836659729 0.020885080 -0.547325373 -4.277372967
11400000 0.838027850 1.490336711 0.500000000 0.500000000 0.000000000 0.000000000 -0.554684043 0.092927203 -0.826856017 0.957273177 0.032955050 0.995417714 0.089763835 -0.021037346 0.831408620 0.022541456 -0.555204630 -4.321612523
11466667 0.838027850 1.490336711 0.500000000 0.500000000 0.000000000 0.000000000 -0.566575408 0.090959743 -0.818974674 0.970329963 0.030127782 0.995510876 0.089724116 -0.007468050 0.823459446 0.026161551 -0.566772342 -4.367733813
