https://www.youtube.com/watch?v=QTDqI71dE5Q
120470356 0.796153115 1.415867354 0.500000000 0.500000000 0.000000000 0.000000000 0.999780774 -0.000315186 0.020936890 -1.547009992 0.000320611 0.999999940 -0.000255795 -0.572478024 -0.020936808 0.000262452 0.999780774 5.864109981
120503722 0.796153115 1.415867354 0.500000000 0.500000000 0.000000000 0.000000000 0.999742329 0.000030373 0.022700539 -1.553580100 -0.000013822 0.999999762 -0.000729248 -0.572599055 -0.022700554 0.000728747 0.999742031 5.731550333
120537089 0.796153115 1.415867354 0.500000000 0.500000000 0.000000000 0.000000000 0.999701679 0.000334346 0.024421183 -1.561079907 -0.000305902 0.999999285 -0.001168454 -0.573881986 -0.024421556 0.001160635 0.999701083 5.608479658
120570456 0.796153115 1.415867354 0.500000000 0.500000000 0.000000000 0.000000000 0.999651551 0.000626618 0.026388844 -1.572710048 -0.000586724 0.999998689 -0.001519493 -0.575876003 -0.026389761 0.001503480 0.999650598 5.483139825
120603822 0.796153115 1.415867354 0.500000000 0.500000000 0.000000000 0.000000000 0.999604523 0.001023288 0.028101843 -1.585179984 -0.000968259 0.999997616 -0.001971733 -0.577494999 -0.028103791 0.001943743 0.999603093 5.369969359
120637189 0.796153115 1.415867354 0.500000000 0.500000000 0.000000000 0.000000000 0.999549627 0.000935543 0.029993579 -1.597740029 -0.000866909 0.999996960 -0.002301220 -0.582917987 -0.029995643 0.002274182 0.999547422 5.253159472
120670556 0.796153115 1.415867354 0.500000000 0.500000000 0.000000000 0.000000000 0.999490976 0.001277097 0.031876840 -1.608989970 -0.001190307 0.999995530 -0.002741481 -0.584550953 -0.031880200 0.002702142 0.999488056 5.152249803
120703922 0.796153115 1.415867354 0.500000000 0.500000000 0.000000000 0.000000000 0.999429226 0.001706800 0.033738010 -1.622259919 -0.001603539 0.999993920 -0.003087471 -0.587933997 -0.033743076 0.003031608 0.999425948 5.051030190
120737289 0.796153115 1.415867354 0.500000000 0.500000000 0.000000000 0.000000000 0.999365747 0.001571504 0.035575416 -1.630879979 -0.001454204 0.999993443 -0.003322853 -0.590533060 -0.035580400 0.003269012 0.999361455 4.963180067
120770656 0.796153115 1.415867354 0.500000000 0.500000000 0.000000000 0.000000000 0.999293149 0.002095075 0.037534881 -1.643710145 -0.001960483 0.999991536 -0.003622235 -0.593516031 -0.037542153 0.003546089 0.999288738 4.869350065
120804022 0.796153115 1.415867354 0.500000000 0.500000000 0.000000000 0.000000000 0.999223769 0.002133374 0.039336417 -1.655100134 -0.001977580 0.999990046 -0.003999032 -0.594713954 -0.039344560 0.003918136 0.999218047 4.792920236
120837389 0.796153115 1.415867354 0.500000000 0.500000000 0.000000000 0.000000000 0.999145806 0.002436404 0.041252185 -1.666919943 -0.002264261 0.999988556 -0.004219144 -0.596180040 -0.041261990 0.004122134 0.999139845 4.708419694
120870756 0.796153115 1.415867354 0.500000000 0.500000000 0.000000000 0.000000000 0.999066412 0.002678100 0.043118060 -1.675290032 -0.002485522 0.999986708 -0.004519281 -0.592361030 -0.043129586 0.004407892 0.999059737 4.641179776
120904122 0.796153115 1.415867354 0.500000000 0.500000000 0.000000000 0.000000000 0.998983443 0.002774205 0.044992715 -1.683569925 -0.002561064 0.999985218 -0.004794194 -0.592052969 -0.045005351 0.004674091 0.998975813 4.567420280
120937489 0.796153115 1.415867354 0.500000000 0.500000000 0.000000000 0.000000000 0.998894036 0.003038167 0.046919793 -1.684440062 -0.002804836 0.999983370 -0.005037996 -0.587575023 -0.046934322 0.004900821 0.998885930 4.506140233
120970856 0.796153115 1.415867354 0.500000000 0.500000000 0.000000000 0.000000000 0.998797417 0.003213072 0.048922423 -1.686660115 -0.002956132 0.999981463 -0.005323456 -0.580490977 -0.048938621 0.005172432 0.998788416 4.439629952
121004222 0.796153115 1.415867354 0.500000000 0.500000000 0.000000000 0.000000000 0.998706341 0.003460706 0.050730787 -1.684199939 -0.003179042 0.999979079 -0.005631786 -0.573594998 -0.050749220 0.005463225 0.998696506 4.384840326
121037589 0.796153115 1.415867354 0.500000000 0.500000000 0.000000000 0.000000000 0.998597026 0.003534818 0.052834488 -1.682429943 -0.003230340 0.999977708 -0.005847153 -0.567317045 -0.052853979 0.005668277 0.998586178 4.324570403
121070956 0.796153115 1.415867354 0.500000000 0.500000000 0.000000000 0.000000000 0.998488605 0.003804864 0.054826882 -1.676839801 -0.003469869 0.999974728 -0.006203950 -0.554288028 -0.054849099 0.006004332 0.998476624 4.276269879
121104322 0.796153115 1.415867354 0.500000000 0.500000000 0.000000000 0.000000000 0.998375416 0.004169722 0.056825168 -1.671699972 -0.003808918 0.999971926 -0.006456198 -0.541692044 -0.056850493 0.006229267 0.998363256 4.220600064
121137689 0.796153115 1.415867354 0.500000000 0.500000000 0.000000000 0.000000000 0.998257875 0.003988715 0.058866806 -1.663249867 -0.003596938 0.999970675 -0.006759765 -0.525332990 -0.058892041 0.006536249 0.998242974 4.173230126
121171056 0.796153115 1.415867354 0.500000000 0.500000000 0.000000000 0.000000000 0.998129129 0.004495448 0.060975987 -1.654980033 -0.004071450 0.999966681 -0.007075976 -0.504463981 -0.061005767 0.006814477 0.998114169 4.116950256
121204422 0.796153115 1.415867354 0.500000000 0.500000000 0.000000000 0.000000000 0.998004079 0.004283708 0.063004129 -1.642980087 -0.003824708 0.999965250 -0.007404032 -0.480121992 -0.063033663 0.007148281 0.997985780 4.071839707
121237789 0.796153115 1.415867354 0.500000000 0.500000000 0.000000000 0.000000000 0.997855008 0.004807184 0.065286204 -1.633000117 -0.004317299 0.999961495 -0.007642655 -0.453457027 -0.065320432 0.007344402 0.997837305 4.022510019
121271156 0.796153115 1.415867354 0.500000000 0.500000000 0.000000000 0.000000000 0.997721672 0.004522347 0.067312717 -1.619359978 -0.003986093 0.999959230 -0.008098783 -0.423794962 -0.067346603 0.007812016 0.997699082 3.983720267
121304522 0.796153115 1.415867354 0.500000000 0.500000000 0.000000000 0.000000000 0.997568190 0.005046216 0.069513917 -1.606119933 -0.004468909 0.999954224 -0.008457910 -0.392502986 -0.069553420 0.008126691 0.997545123 3.939470045
121337889 0.796153115 1.415867354 0.500000000 0.500000000 0.000000000 0.000000000 0.997414887 0.004695657 0.071704477 -1.588910012 -0.004072468 0.999952674 -0.008834791 -0.358204021 -0.071742564 0.008519937 0.997386813 3.902980321
121371256 0.796153115 1.415867354 0.500000000 0.500000000 0.000000000 0.000000000 0.997252107 0.005407552 0.073885277 -1.571799982 -0.004734365 0.999945700 -0.009283342 -0.321812009 -0.073931471 0.008908032 0.997223556 3.858719944
121404622 0.796153115 1.415867354 0.500000000 0.500000000 0.000000000 0.000000000 0.997096121 0.005354382 0.075965203 -1.548490271 -0.004620930 0.999941051 -0.009827586 -0.282332035 -0.076013349 0.009448018 0.997062027 3.818279858
121437989 0.796153115 1.415867354 0.500000000 0.500000000 0.000000000 0.000000000 0.996926606 0.005380612 0.078155853 -1.522739831 -0.004595990 0.999937236 -0.010215607 -0.242394991 -0.078205921 0.009825007 0.996888816 3.774840229
121471356 0.796153115 1.415867354 0.500000000 0.500000000 0.000000000 0.000000000 0.996768117 0.005706511 0.080129765 -1.493999988 -0.004853721 0.999929547 -0.010833372 -0.199873994 -0.080185942 0.010409432 0.996725559 3.737809945
121504722 0.796153115 1.415867354 0.500000000 0.500000000 0.000000000 0.000000000 0.996600330 0.005403197 0.082210355 -1.469429899 -0.004478757 0.999924719 -0.011425075 -0.158810008 -0.082265891 0.011018033 0.996549487 3.694339801
121538089 0.796153115 1.415867354 0.500000000 0.500000000 0.000000000 0.000000000 0.996436596 0.005943969 0.084135160 -1.442559913 -0.004939930 0.999914169 -0.012136802 -0.116243006 -0.084200084 0.011677932 0.996380448 3.661920118
121571456 0.796153115 1.415867354 0.500000000 0.500000000 0.000000000 0.000000000 0.996272027 0.005849953 0.086068682 -1.415799881 -0.004763732 0.999906480 -0.012820384 -0.077468507 -0.086135633 0.012362581 0.996206701 3.624959984
121604822 0.796153115 1.415867354 0.500000000 0.500000000 0.000000000 0.000000000 0.996118605 0.006315377 0.087794594 -1.384550020 -0.005130235 0.999892712 -0.013718108 -0.038734806 -0.087871812 0.013214454 0.996044159 3.590370221
121638189 0.796153115 1.415867354 0.500000000 0.500000000 0.000000000 0.000000000 0.995955527 0.006175489 0.089635037 -1.352899930 -0.004889345 0.999882042 -0.014561177 -0.005430767 -0.089714386 0.014064028 0.995868206 3.546599828
121671556 0.796153115 1.415867354 0.500000000 0.500000000 0.000000000 0.000000000 0.995804906 0.006482483 0.091271639 -1.315949892 -0.005068160 0.999863625 -0.015719026 0.027536298 -0.091361091 0.015190505 0.995701969 3.503300138
121704922 0.796153115 1.415867354 0.500000000 0.500000000 0.000000000 0.000000000 0.995648742 0.006374617 0.092967600 -1.280609936 -0.004825710 0.999845922 -0.016876012 0.054392295 -0.093060851 0.016353946 0.995526075 3.446319868
121738289 0.796153115 1.415867354 0.500000000 0.500000000 0.000000000 0.000000000 0.995507598 0.006488470 0.094459295 -1.241250027 -0.004786590 0.999822319 -0.018232526 0.082324615 -0.094560817 0.017698480 0.995361745 3.397139867
121771656 0.796153115 1.415867354 0.500000000 0.500000000 0.000000000 0.000000000 0.995362818 0.006509478 0.095971018 -1.206329879 -0.004653552 0.999798059 -0.019549550 0.104913993 -0.096078902 0.019012289 0.995192111 3.331689845
121805022 0.796153115 1.415867354 0.500000000 0.500000000 0.000000000 0.000000000 0.995233417 0.006205021 0.097323678 -1.168349972 -0.004172861 0.999769270 -0.021070084 0.126551978 -0.097431965 0.020563534 0.995029747 3.277290304
121838389 0.796153115 1.415867354 0.500000000 0.500000000 0.000000000 0.000000000 0.995104194 0.006567428 0.098613076 -1.132869938 -0.004357853 0.999734998 -0.022605225 0.146068999 -0.098735400 0.022064812 0.994869053 3.216680096
121871756 0.796153115 1.415867354 0.500000000 0.500000000 0.000000000 0.000000000 0.995001137 0.006193191 0.099671647 -1.090130111 -0.003800699 0.999700487 -0.024175767 0.166526008 -0.099791527 0.023676094 0.994726658 3.170410089
121905122 0.796153115 1.415867354 0.500000000 0.500000000 0.000000000 0.000000000 0.994886875 0.006591368 0.100780256 -1.050080003 -0.004021659 0.999662101 -0.025680097 0.185568995 -0.100915469 0.025143487 0.994577229 3.110019723
121938489 0.796153115 1.415867354 0.500000000 0.500000000 0.000000000 0.000000000 0.994792998 0.006407577 0.101714596 -1.004110058 -0.003650063 0.999621332 -0.027273325 0.207413009 -0.101850837 0.026760047 0.994439721 3.060060200
121971856 0.796153115 1.415867354 0.500000000 0.500000000 0.000000000 0.000000000 0.994708657 0.006644609 0.102520920 -0.958837987 -0.003714158 0.999579787 -0.028748374 0.228948007 -0.102668859 0.028215479 0.994315326 2.993210090
122005222 0.796153115 1.415867354 0.500000000 0.500000000 0.000000000 0.000000000 0.994640112 0.006333177 0.103203528 -0.907222017 -0.003226742 0.999537468 -0.030239275 0.254032994 -0.103347309 0.029744184 0.994200468 2.938329804
122038589 0.796153115 1.415867354 0.500000000 0.500000000 0.000000000 0.000000000 0.994570076 0.006557497 0.103862181 -0.859826975 -0.003274221 0.999490440 -0.031750858 0.276769014 -0.104017466 0.031238385 0.994084775 2.867480080
122071956 0.796153115 1.415867354 0.500000000 0.500000000 0.000000000 0.000000000 0.994536459 0.006311327 0.104198821 -0.807793978 -0.002865460 0.999445081 -0.033186752 0.304247008 -0.104350455 0.032706860 0.994002640 2.801169891
122105322 0.796153115 1.415867354 0.500000000 0.500000000 0.000000000 0.000000000 0.994494796 0.006669569 0.104573466 -0.757813094 -0.003053851 0.999393165 -0.034697946 0.330745975 -0.104741432 0.034187574 0.993911684 2.710209803
122138689 0.796153115 1.415867354 0.500000000 0.500000000 0.000000000 0.000000000 0.994451344 0.006318150 0.105007961 -0.699281020 -0.002541106 0.999346256 -0.036064081 0.361838025 -0.105167165 0.035597138 0.993817270 2.628300029
122172056 0.796153115 1.415867354 0.500000000 0.500000000 0.000000000 0.000000000 0.994414270 0.006673338 0.105336055 -0.640939992 -0.002720822 0.999288321 -0.037622090 0.392780984 -0.105512157 0.037125345 0.993724763 2.528589993
122205422 0.796153115 1.415867354 0.500000000 0.500000000 0.000000000 0.000000000 0.994400620 0.006338392 0.105485491 -0.577575916 -0.002227485 0.999235034 -0.039043576 0.424071043 -0.105652265 0.038589992 0.993654072 2.433410002
122238789 0.796153115 1.415867354 0.500000000 0.500000000 0.000000000 0.000000000 0.994389653 0.006266534 0.105593458 -0.514764009 -0.001999122 0.999178708 -0.040471088 0.453112954 -0.105760351 0.040032934 0.993585467 2.327320217
122272156 0.796153115 1.415867354 0.500000000 0.500000000 0.000000000 0.000000000 0.994389832 0.005975701 0.105608366 -0.448773979 -0.001544274 0.999116719 -0.041992996 0.480461017 -0.105766021 0.041594323 0.993520737 2.231509869
122305522 0.796153115 1.415867354 0.500000000 0.500000000 0.000000000 0.000000000 0.994394302 0.005899881 0.105570689 -0.386270994 -0.001314330 0.999054611 -0.043452837 0.501863013 -0.105727255 0.043070495 0.993461967 2.128220065
122338889 0.796153115 1.415867354 0.500000000 0.500000000 0.000000000 0.000000000 0.994432211 0.005696207 0.105224065 -0.317075976 -0.000962142 0.998987138 -0.044986419 0.521555008 -0.105373733 0.044634707 0.993430495 2.034300145
122372256 0.796153115 1.415867354 0.500000000 0.500000000 0.000000000 0.000000000 0.994453728 0.005629308 0.105024315 -0.251287994 -0.000748587 0.998920143 -0.046453912 0.534217015 -0.105172403 0.046117645 0.993384063 1.922079846
122405622 0.796153115 1.415867354 0.500000000 0.500000000 0.000000000 0.000000000 0.994508088 0.005274600 0.104526959 -0.180833047 -0.000264549 0.998852730 -0.047886737 0.545611067 -0.104659624 0.047596097 0.993368506 1.818579975
122438989 0.796153115 1.415867354 0.500000000 0.500000000 0.000000000 0.000000000 0.994566381 0.004972658 0.103985727 -0.119295017 0.000156201 0.998786151 -0.049256459 0.548403087 -0.104104444 0.049005061 0.993358314 1.690220029
122472356 0.796153115 1.415867354 0.500000000 0.500000000 0.000000000 0.000000000 0.994666636 0.004656171 0.103036925 -0.055522598 0.000572461 0.998715937 -0.050657596 0.550976010 -0.103140488 0.050446402 0.993386745 1.566850011
122505722 0.796153115 1.415867354 0.500000000 0.500000000 0.000000000 0.000000000 0.994786739 0.004617817 0.101872750 0.000400134 0.000694642 0.998644173 -0.052051000 0.549633955 -0.101974986 0.051850408 0.993434787 1.424460109
122539089 0.796153115 1.415867354 0.500000000 0.500000000 0.000000000 0.000000000 0.994944096 0.004301383 0.100338072 0.057031211 0.001066642 0.998573482 -0.053384446 0.547565007 -0.100424558 0.053221561 0.993520200 1.286530095
122572456 0.796153115 1.415867354 0.500000000 0.500000000 0.000000000 0.000000000 0.995131433 0.003951672 0.098477699 0.107962004 0.001459663 0.998495340 -0.054817345 0.543643003 -0.098546140 0.054694209 0.993628323 1.142910055
122605822 0.796153115 1.415867354 0.500000000 0.500000000 0.000000000 0.000000000 0.995375633 0.003691522 0.095988020 0.155869003 0.001724867 0.998413324 -0.056283627 0.540225986 -0.096043497 0.056188915 0.993789971 1.010480133
122639189 0.796153115 1.415867354 0.500000000 0.500000000 0.000000000 0.000000000 0.995670140 0.002983352 0.092909172 0.197235013 0.002384831 0.998336077 -0.057614211 0.533017980 -0.092926458 0.057586323 0.994006276 0.875823968
122672556 0.796153115 1.415867354 0.500000000 0.500000000 0.000000000 0.000000000 0.996021032 0.002616174 0.089080445 0.234039007 0.002656210 0.998253465 -0.059016872 0.526276966 -0.089079253 0.059018660 0.994274437 0.754188965
122705922 0.796153115 1.415867354 0.500000000 0.500000000 0.000000000 0.000000000 0.996379018 0.001857638 0.085002571 0.256375998 0.003278800 0.998178065 -0.060247310 0.514068941 -0.084959626 0.060307860 0.994557619 0.615456982
122739289 0.796153115 1.415867354 0.500000000 0.500000000 0.000000000 0.000000000 0.996782899 0.001676698 0.080131285 0.280364001 0.003267939 0.998099506 -0.061535742 0.504688003 -0.080082171 0.061599638 0.994883060 0.485656999
122772656 0.796153115 1.415867354 0.500000000 0.500000000 0.000000000 0.000000000 0.997141600 0.000837807 0.075551026 0.297657010 0.003917448 0.998020291 -0.062770814 0.492539016 -0.075454049 0.062887356 0.995164216 0.338848999
122806022 0.796153115 1.415867354 0.500000000 0.500000000 0.000000000 0.000000000 0.997516155 0.000611101 0.070435129 0.317597982 0.003912615 0.997937799 -0.064069375 0.479501998 -0.070329033 0.064185828 0.995456696 0.192883006
122839389 0.796153115 1.415867354 0.500000000 0.500000000 0.000000000 0.000000000 0.997852862 -0.000289136 0.065495305 0.335103029 0.004579909 0.997850478 -0.065372035 0.465475012 -0.065335624 0.065531626 0.995709240 0.046882193
122872756 0.796153115 1.415867354 0.500000000 0.500000000 0.000000000 0.000000000 0.998179555 -0.000978498 0.060304821 0.347147022 0.004999446 0.997769773 -0.066562317 0.446248015 -0.060105197 0.066742636 0.995958209 -0.099447801
122906122 0.796153115 1.415867354 0.500000000 0.500000000 0.000000000 0.000000000 0.998491466 -0.001776360 0.054878306 0.352034986 0.005509973 0.997672975 -0.067958206 0.427242042 -0.054629881 0.068158060 0.996177733 -0.244000991
122939489 0.796153115 1.415867354 0.500000000 0.500000000 0.000000000 0.000000000 0.998793662 -0.002434833 0.049043901 0.352796994 0.005835676 0.997577429 -0.069319628 0.404974013 -0.048756309 0.069522209 0.996388197 -0.387360979
122972856 0.796153115 1.415867354 0.500000000 0.500000000 0.000000000 0.000000000 0.999068320 -0.003056702 0.043048527 0.347651015 0.006093791 0.997486293 -0.070596941 0.383425994 -0.042724524 0.070793502 0.996575594 -0.533021949
123006222 0.796153115 1.415867354 0.500000000 0.500000000 0.000000000 0.000000000 0.999328554 -0.004002175 0.036419827 0.344046015 0.006615224 0.997388959 -0.071912996 0.364127013 -0.036036927 0.072105639 0.996745765 -0.678839001
123039589 0.796153115 1.415867354 0.500000000 0.500000000 0.000000000 0.000000000 0.999546111 -0.004622695 0.029768895 0.342224979 0.006791327 0.997296691 -0.073165096 0.350164983 -0.029350203 0.073334061 0.996875465 -0.828977986
123072956 0.796153115 1.415867354 0.500000000 0.500000000 0.000000000 0.000000000 0.999718308 -0.005371572 0.023118975 0.345919007 0.007078256 0.997204483 -0.074385047 0.338386037 -0.022654781 0.074527740 0.996961594 -0.974720080
123106322 0.796153115 1.415867354 0.500000000 0.500000000 0.000000000 0.000000000 0.999844432 -0.006227219 0.016501486 0.351927990 0.007457681 0.997111380 -0.075586587 0.328128037 -0.015983127 0.075697899 0.997002721 -1.118110027
123139689 0.796153115 1.415867354 0.500000000 0.500000000 0.000000000 0.000000000 0.999929011 -0.006990707 0.009648629 0.361155004 0.007710850 0.997021496 -0.076738045 0.318184011 -0.009083438 0.076806992 0.997004628 -1.255510094
123173056 0.796153115 1.415867354 0.500000000 0.500000000 0.000000000 0.000000000 0.999961495 -0.008182928 0.003168653 0.366568990 0.008404477 0.996939838 -0.077719390 0.307575001 -0.002522984 0.077743024 0.996970236 -1.396569881
123206422 0.796153115 1.415867354 0.500000000 0.500000000 0.000000000 0.000000000 0.999956489 -0.008638274 -0.003515164 0.371996990 0.008334855 0.996862650 -0.078710660 0.300695008 0.004184059 0.078677937 0.996891320 -1.535259980
123239789 0.796153115 1.415867354 0.500000000 0.500000000 0.000000000 0.000000000 0.999905229 -0.009535361 -0.009929665 0.373973998 0.008715713 0.996792853 -0.079548799 0.296178017 0.010656345 0.079454713 0.996781528 -1.680640085
123273156 0.796153115 1.415867354 0.500000000 0.500000000 0.000000000 0.000000000 0.999808431 -0.010440314 -0.016554365 0.382737967 0.009075247 0.996713936 -0.080492176 0.294389997 0.017340330 0.080326520 0.996617734 -1.825289833
123306522 0.796153115 1.415867354 0.500000000 0.500000000 0.000000000 0.000000000 0.999677181 -0.011145985 -0.022832764 0.395703003 0.009257454 0.996654093 -0.081208944 0.294281970 0.023661522 0.080971360 0.996435523 -1.972180018
123339889 0.796153115 1.415867354 0.500000000 0.500000000 0.000000000 0.000000000 0.999499261 -0.011759898 -0.029375875 0.420242992 0.009314004 0.996584415 -0.082053356 0.296455010 0.030240478 0.081738658 0.996194899 -2.111650102
123373256 0.796153115 1.415867354 0.500000000 0.500000000 0.000000000 0.000000000 0.999280632 -0.012747083 -0.035717238 0.453619991 0.009752925 0.996519804 -0.082783796 0.298732019 0.036648188 0.082375892 0.995927274 -2.246959942
123406622 0.796153115 1.415867354 0.500000000 0.500000000 0.000000000 0.000000000 0.999016225 -0.013442676 -0.042260151 0.495292028 0.009872212 0.996451437 -0.083588727 0.303967041 0.043233845 0.083089285 0.995603859 -2.372150097
123439989 0.796153115 1.415867354 0.500000000 0.500000000 0.000000000 0.000000000 0.998708844 -0.014420338 -0.048710611 0.542839007 0.010277960 0.996392071 -0.084244959 0.309695003 0.049749706 0.083635546 0.995253801 -2.487840140
123473356 0.796153115 1.415867354 0.500000000 0.500000000 0.000000000 0.000000000 0.998356521 -0.015178189 -0.055261578 0.598494994 0.010443270 0.996327579 -0.084983870 0.317040979 0.056348536 0.084267095 0.994848669 -2.588739994
123506722 0.796153115 1.415867354 0.500000000 0.500000000 0.000000000 0.000000000 0.997966051 -0.016024461 -0.061700404 0.656723022 0.010704197 0.996271074 -0.085611828 0.323225009 0.062842213 0.084777243 0.994416237 -2.688150024
123540089 0.796153115 1.415867354 0.500000000 0.500000000 0.000000000 0.000000000 0.997529685 -0.017061459 -0.068143107 0.722524058 0.011145765 0.996209621 -0.086267911 0.330740986 0.069356672 0.085295297 0.993938804 -2.775980033
123573456 0.796153115 1.415867354 0.500000000 0.500000000 0.000000000 0.000000000 0.997062445 -0.018035075 -0.074439436 0.790293944 0.011531357 0.996151030 -0.086891711 0.335815980 0.075720027 0.085778072 0.993432760 -2.867690090
123606822 0.796153115 1.415867354 0.500000000 0.500000000 0.000000000 0.000000000 0.996543407 -0.019015506 -0.080868453 0.865031052 0.011906922 0.996093929 -0.087493591 0.343616060 0.082216308 0.086228259 0.992877245 -2.951680090
123640189 0.796153115 1.415867354 0.500000000 0.500000000 0.000000000 0.000000000 0.995998025 -0.019756341 -0.087164149 0.939019906 0.012051994 0.996043563 -0.088045500 0.347988968 0.088558748 0.086642645 0.992295504 -3.043139899
123673556 0.796153115 1.415867354 0.500000000 0.500000000 0.000000000 0.000000000 0.995407045 -0.020867756 -0.093430996 1.017770038 0.012560541 0.995985091 -0.088633589 0.351134004 0.094905466 0.087052949 0.991672695 -3.126689841
123706922 0.796153115 1.415867354 0.500000000 0.500000000 0.000000000 0.000000000 0.994775593 -0.021042898 -0.099893562 1.100129940 0.012113076 0.995942593 -0.089172080 0.351381986 0.101364695 0.087496191 0.990994275 -3.205890153
123740289 0.796153115 1.415867354 0.500000000 0.500000000 0.000000000 0.000000000 0.994103432 -0.021992065 -0.106182523 1.185950032 0.012439038 0.995881617 -0.089805692 0.352042976 0.107720234 0.087955341 0.990282893 -3.274050029
123773656 0.796153115 1.415867354 0.500000000 0.500000000 0.000000000 0.000000000 0.993401647 -0.022948390 -0.112367719 1.276029789 0.012784371 0.995827854 -0.090351857 0.350774014 0.113972336 0.088319130 0.989550412 -3.338560047
123807022 0.796153115 1.415867354 0.500000000 0.500000000 0.000000000 0.000000000 0.992648661 -0.023950322 -0.118638411 1.371459960 0.013163256 0.995774269 -0.090886474 0.352631999 0.120313838 0.088656664 0.988769233 -3.395279752
123840389 0.796153115 1.415867354 0.500000000 0.500000000 0.000000000 0.000000000 0.991862476 -0.024672518 -0.124900520 1.471950111 0.013253795 0.995722294 -0.091441095 0.354834971 0.126622319 0.089041591 0.987946570 -3.446090017
123873756 0.796153115 1.415867354 0.500000000 0.500000000 0.000000000 0.000000000 0.991030097 -0.025706578 -0.131142929 1.579789981 0.013656288 0.995667994 -0.091971613 0.362577040 0.132939085 0.089355715 0.987088025 -3.488540151
123907122 0.796153115 1.415867354 0.500000000 0.500000000 0.000000000 0.000000000 0.990163326 -0.026485315 -0.137386888 1.689270054 0.013800824 0.995619774 -0.092470542 0.369025990 0.139234215 0.089664891 0.986191690 -3.533180025
123940489 0.796153115 1.415867354 0.500000000 0.500000000 0.000000000 0.000000000 0.989228845 -0.027431635 -0.143783659 1.802719938 0.014091900 0.995567620 -0.092986390 0.378070998 0.145697117 0.089958638 0.985230803 -3.566129966
123973856 0.796153115 1.415867354 0.500000000 0.500000000 0.000000000 0.000000000 0.988253236 -0.028579965 -0.150128871 1.917799746 0.014568273 0.995501935 -0.093614615 0.384691002 0.152129084 0.090327822 0.984224379 -3.595309844
124007222 0.796153115 1.415867354 0.500000000 0.500000000 0.000000000 0.000000000 0.987238765 -0.029366301 -0.156515911 2.034100142 0.014694178 0.995455503 -0.094087526 0.388608986 0.158567622 0.090586990 0.983183801 -3.615550095
124040589 0.796153115 1.415867354 0.500000000 0.500000000 0.000000000 0.000000000 0.986191630 -0.030550499 -0.162766114 2.143080056 0.015224855 0.995400310 -0.094585769 0.390163000 0.164907083 0.090801604 0.982120514 -3.639629900
124073956 0.796153115 1.415867354 0.500000000 0.500000000 0.000000000 0.000000000 0.985106111 -0.031109316 -0.169109747 2.251069801 0.015120408 0.995360017 -0.095025584 0.389687952 0.171281263 0.091053277 0.981005609 -3.658349694
124107322 0.796153115 1.415867354 0.500000000 0.500000000 0.000000000 0.000000000 0.983968616 -0.031928957 -0.175460219 2.356129815 0.015268452 0.995312750 -0.095495351 0.387000981 0.177686870 0.091285430 0.979844034 -3.677079676
124140689 0.796153115 1.415867354 0.500000000 0.500000000 0.000000000 0.000000000 0.982768416 -0.032872085 -0.181894511 2.458759812 0.015521508 0.995260119 -0.096001886 0.383594011 0.184188128 0.091524340 0.978620470 -3.692360082
124174056 0.796153115 1.415867354 0.500000000 0.500000000 0.000000000 0.000000000 0.981507301 -0.033911601 -0.188397124 2.561090352 0.015850851 0.995201170 -0.096557461 0.380136020 0.190767452 0.091785602 0.977334738 -3.702920019
124207422 0.796153115 1.415867354 0.500000000 0.500000000 0.000000000 0.000000000 0.980224550 -0.034595754 -0.194840834 2.660870015 0.015828677 0.995152116 -0.097065791 0.376571995 0.197254315 0.092062205 0.976020098 -3.704959974
124240789 0.796153115 1.415867354 0.500000000 0.500000000 0.000000000 0.000000000 0.978893340 -0.035577491 -0.201251432 2.755440246 0.016105618 0.995097697 -0.097576499 0.373046040 0.203736350 0.092275709 0.974667490 -3.706490253
124274156 0.796153115 1.415867354 0.500000000 0.500000000 0.000000000 0.000000000 0.977512717 -0.036247950 -0.207737669 2.849509752 0.016072553 0.995056927 -0.097996891 0.368342984 0.210262999 0.092454329 0.973263383 -3.704269728
124307522 0.796153115 1.415867354 0.500000000 0.500000000 0.000000000 0.000000000 0.976136208 -0.037250586 -0.213940382 2.937099961 0.016386803 0.995004177 -0.098479524 0.365637033 0.216539979 0.092623636 0.971870005 -3.702919886
124340889 0.796153115 1.415867354 0.500000000 0.500000000 0.000000000 0.000000000 0.974664986 -0.038051106 -0.220409513 3.020010306 0.016470538 0.994957685 -0.098934025 0.362208071 0.223062694 0.092797264 0.970377088 -3.701760366
124374256 0.796153115 1.415867354 0.500000000 0.500000000 0.000000000 0.000000000 0.973141134 -0.038833730 -0.226910338 3.096179887 0.016515894 0.994906604 -0.099438600 0.357774998 0.229616180 0.093020163 0.968825936 -3.703020064
124407622 0.796153115 1.415867354 0.500000000 0.500000000 0.000000000 0.000000000 0.971565545 -0.039598685 -0.233436033 3.166520133 0.016545817 0.994860113 -0.099898078 0.355085027 0.236192033 0.093195133 0.967226982 -3.705630254
124440989 0.796153115 1.415867354 0.500000000 0.500000000 0.000000000 0.000000000 0.969935596 -0.040601648 -0.239950955 3.231960190 0.016805323 0.994805396 -0.100398310 0.351836057 0.242780834 0.093347438 0.965579510 -3.706430269
124474356 0.796153115 1.415867354 0.500000000 0.500000000 0.000000000 0.000000000 0.968235791 -0.041357808 -0.246594891 3.295780116 0.016800594 0.994757712 -0.100870170 0.348807993 0.249473944 0.093523167 0.963854849 -3.701649899
124507722 0.796153115 1.415867354 0.500000000 0.500000000 0.000000000 0.000000000 0.966513515 -0.042011946 -0.253153473 3.356140335 0.016704770 0.994715631 -0.101300478 0.342114050 0.256071538 0.093679413 0.962107897 -3.697120358
124541089 0.796153115 1.415867354 0.500000000 0.500000000 0.000000000 0.000000000 0.964757323 -0.042703539 -0.259652972 3.417249767 0.016663151 0.994678020 -0.101675525 0.336613965 0.262612998 0.093765572 0.960334480 -3.686109978
124574456 0.796153115 1.415867354 0.500000000 0.500000000 0.000000000 0.000000000 0.962948322 -0.043628648 -0.266133636 3.476659971 0.016821448 0.994622767 -0.102188773 0.331751011 0.269160956 0.093925752 0.958504200 -3.674629714
124607822 0.796153115 1.415867354 0.500000000 0.500000000 0.000000000 0.000000000 0.961101830 -0.044499770 -0.272585690 3.534299675 0.016955052 0.994579792 -0.102584332 0.327086951 0.275673211 0.093972281 0.956646979 -3.656850047
124641189 0.796153115 1.415867354 0.500000000 0.500000000 0.000000000 0.000000000 0.959211767 -0.045340274 -0.279028833 3.583770331 0.017034885 0.994530916 -0.103044003 0.320297049 0.282174826 0.094087794 0.954738140 -3.640130337
124674556 0.796153115 1.415867354 0.500000000 0.500000000 0.000000000 0.000000000 0.957263470 -0.046484057 -0.285457164 3.628139596 0.017410573 0.994471312 -0.103555068 0.315597932 0.288692623 0.094159514 0.952780426 -3.618189898
124707922 0.796153115 1.415867354 0.500000000 0.500000000 0.000000000 0.000000000 0.955352426 -0.047153797 -0.291681856 3.668300158 0.017363328 0.994437039 -0.103891969 0.308471030 0.294958144 0.094188884 0.950856566 -3.597670318
124741289 0.796153115 1.415867354 0.500000000 0.500000000 0.000000000 0.000000000 0.953415513 -0.047991425 -0.297818035 3.707129700 0.017454773 0.994386375 -0.104360171 0.303206970 0.301154584 0.094300248 0.948901117 -3.574259951
124774656 0.796153115 1.415867354 0.500000000 0.500000000 0.000000000 0.000000000 0.951547801 -0.048738167 -0.303613722 3.742939702 0.017519943 0.994348347 -0.104710810 0.297758991 0.307001233 0.094318040 0.947023928 -3.553030012
124808022 0.796153115 1.415867354 0.500000000 0.500000000 0.000000000 0.000000000 0.949659050 -0.049575660 -0.309338063 3.776900372 0.017643671 0.994296253 -0.105184115 0.294021039 0.312788218 0.094431199 0.945117116 -3.529070038
124841389 0.796153115 1.415867354 0.500000000 0.500000000 0.000000000 0.000000000 0.947720945 -0.050324142 -0.315107197 3.807330231 0.017656090 0.994243145 -0.105682716 0.287847953 0.318611532 0.094594166 0.943153560 -3.506409859
124874756 0.796153115 1.415867354 0.500000000 0.500000000 0.000000000 0.000000000 0.945831835 -0.050972454 -0.320630729 3.834420194 0.017624388 0.994203150 -0.106063753 0.281965053 0.324178398 0.094667569 0.941247344 -3.478500370
124908122 0.796153115 1.415867354 0.500000000 0.500000000 0.000000000 0.000000000 0.944024682 -0.051726893 -0.325793952 3.856819806 0.017727090 0.994157016 -0.106477857 0.273925047 0.329398125 0.094742343 0.939425766 -3.451430263
124941489 0.796153115 1.415867354 0.500000000 0.500000000 0.000000000 0.000000000 0.942190409 -0.052323587 -0.330967516 3.880320326 0.017659478 0.994114041 -0.106889740 0.267428037 0.334612280 0.094865784 0.937568724 -3.418510217
124974856 0.796153115 1.415867354 0.500000000 0.500000000 0.000000000 0.000000000 0.940393925 -0.053177819 -0.335903823 3.902980474 0.017852942 0.994056582 -0.107390776 0.258196032 0.339618206 0.094992772 0.935754180 -3.384500334
125008222 0.796153115 1.415867354 0.500000000 0.500000000 0.000000000 0.000000000 0.938642740 -0.053813882 -0.340666622 3.922519583 0.017874755 0.994015098 -0.107770406 0.248576968 0.344427317 0.095068567 0.933987021 -3.346179771
125041589 0.796153115 1.415867354 0.500000000 0.500000000 0.000000000 0.000000000 0.936944723 -0.054416984 -0.345215142 3.938410536 0.017849579 0.993965030 -0.108235508 0.239877057 0.349021614 0.095248759 0.932261586 -3.308710279
125074956 0.796153115 1.415867354 0.500000000 0.500000000 0.000000000 0.000000000 0.935291409 -0.054831609 -0.349604815 3.948090424 0.017674536 0.993928134 -0.108602196 0.229805030 0.353436917 0.095395595 0.930581570 -3.269199978
125108322 0.796153115 1.415867354 0.500000000 0.500000000 0.000000000 0.000000000 0.933703423 -0.055346690 -0.353744030 3.951010818 0.017636962 0.993890584 -0.108951390 0.219608105 0.357612967 0.095489323 0.928975165 -3.231540040
