https://www.youtube.com/watch?v=vaT0byPxja8
465965500 0.953074900 1.694934927 0.500000000 0.500000000 0.000000000 0.000000000 0.994910121 0.019432154 -0.098874547 -3.127159808 -0.016981859 0.999528944 0.025563462 -0.285916989 0.099324726 -0.023754271 0.994771481 5.405349874
466032233 0.953074900 1.694934927 0.500000000 0.500000000 0.000000000 0.000000000 0.990669489 0.024825281 -0.134006158 -3.050290119 -0.021164784 0.999364793 0.028671861 -0.218564007 0.134632811 -0.025568128 0.990565658 4.814050625
466098967 0.953074900 1.694934927 0.500000000 0.500000000 0.000000000 0.000000000 0.985695362 0.027401032 -0.166294336 -2.930609863 -0.022573231 0.999269009 0.030852955 -0.190022995 0.167018175 -0.026657816 0.985593379 4.163340433
466165700 0.953074900 1.694934927 0.500000000 0.500000000 0.000000000 0.000000000 0.979449391 0.031638533 -0.199193075 -2.705100122 -0.025604947 0.999134064 0.032794267 -0.168703999 0.200058147 -0.027020006 0.979411423 3.620070377
466232433 0.953074900 1.694934927 0.500000000 0.500000000 0.000000000 0.000000000 0.973386824 0.037175987 -0.226132601 -2.414049936 -0.030244563 0.998962700 0.034040906 -0.133033003 0.227163553 -0.026295684 0.973501503 3.095909956
466299167 0.953074900 1.694934927 0.500000000 0.500000000 0.000000000 0.000000000 0.967522383 0.043929607 -0.248938963 -2.087789874 -0.036408462 0.998732984 0.034739219 -0.082171309 0.250149637 -0.024547491 0.967895985 2.567770020
466365900 0.953074900 1.694934927 0.500000000 0.500000000 0.000000000 0.000000000 0.962537587 0.051398009 -0.266232371 -1.719449995 -0.043983497 0.998462260 0.033741992 -0.022702512 0.267557263 -0.020768117 0.963318169 2.230930316
466432633 0.953074900 1.694934927 0.500000000 0.500000000 0.000000000 0.000000000 0.958749950 0.057647433 -0.278343976 -1.363710102 -0.050340865 0.998175681 0.033332739 0.046375391 0.279757738 -0.017945688 0.959902883 1.771969868
466499367 0.953074900 1.694934927 0.500000000 0.500000000 0.000000000 0.000000000 0.956162810 0.061224125 -0.286363930 -0.973292068 -0.054676034 0.998028576 0.030814767 0.110248988 0.287685961 -0.013806704 0.957625270 1.452360118
466566100 0.953074900 1.694934927 0.500000000 0.500000000 0.000000000 0.000000000 0.954911232 0.061730545 -0.290402949 -0.597235958 -0.056521539 0.998054922 0.026299410 0.135033996 0.291461587 -0.008699582 0.956542969 1.080130061
466632833 0.953074900 1.694934927 0.500000000 0.500000000 0.000000000 0.000000000 0.954075813 0.058694005 -0.293758959 -0.222828990 -0.054692246 0.998264670 0.021826070 0.124999003 0.294530243 -0.004757374 0.955630302 0.731769909
466699567 0.953074900 1.694934927 0.500000000 0.500000000 0.000000000 0.000000000 0.953975022 0.055484574 -0.294708490 0.115889001 -0.052622717 0.998458683 0.017638778 0.091899504 0.295232952 -0.001318587 0.955424368 0.295437010
466766300 0.953074900 1.694934927 0.500000000 0.500000000 0.000000000 0.000000000 0.953776300 0.053202227 -0.295770675 0.443415992 -0.051595353 0.998580277 0.013240913 0.048435594 0.296055228 0.002631520 0.955167234 -0.162235018
466833033 0.953074900 1.694934927 0.500000000 0.500000000 0.000000000 0.000000000 0.953815639 0.052118316 -0.295836776 0.760151018 -0.051474817 0.998624563 0.009968808 -0.005102114 0.295949429 0.005719736 0.955186486 -0.610499959
466899767 0.953074900 1.694934927 0.500000000 0.500000000 0.000000000 0.000000000 0.953601301 0.053637173 -0.296255916 1.076309996 -0.053914297 0.998519301 0.007240402 -0.043694509 0.296205610 0.009067978 0.955081105 -1.129809974
466966500 0.953074900 1.694934927 0.500000000 0.500000000 0.000000000 0.000000000 0.953491926 0.056083269 -0.296155185 1.351010114 -0.056953013 0.998360634 0.005696643 -0.075324572 0.295989186 0.011435211 0.955122888 -1.717750217
467033233 0.953074900 1.694934927 0.500000000 0.500000000 0.000000000 0.000000000 0.952667296 0.060359400 -0.297962844 1.615940211 -0.061856244 0.998075306 0.004412654 -0.068321791 0.297655702 0.014227065 0.954567313 -2.286690405
467099967 0.953074900 1.694934927 0.500000000 0.500000000 0.000000000 0.000000000 0.951861322 0.064911589 -0.299577266 1.834630113 -0.067034811 0.997745514 0.003195834 -0.031542977 0.299109310 0.017040107 0.954066694 -2.900640158
467166700 0.953074900 1.694934927 0.500000000 0.500000000 0.000000000 0.000000000 0.950438738 0.069073789 -0.303142041 2.037930278 -0.072082318 0.997397900 0.001267448 0.022703833 0.302440792 0.020646540 0.952944577 -3.418960352
467233433 0.953074900 1.694934927 0.500000000 0.500000000 0.000000000 0.000000000 0.948302925 0.073810816 -0.308664143 2.247139981 -0.077333361 0.997004926 0.000823865 0.065585202 0.307800472 0.023088759 0.951170743 -3.923600013
467300167 0.953074900 1.694934927 0.500000000 0.500000000 0.000000000 0.000000000 0.945916057 0.078527488 -0.314763814 2.427370145 -0.082487859 0.996591806 0.000741055 0.108874062 0.313749224 0.025263205 0.949169755 -4.456070265
467366900 0.953074900 1.694934927 0.500000000 0.500000000 0.000000000 0.000000000 0.942616224 0.083528534 -0.323261142 2.629850186 -0.088559017 0.996070564 -0.000856445 0.173759077 0.321919382 0.029434972 0.946309447 -4.950329692
467433633 0.953074900 1.694934927 0.500000000 0.500000000 0.000000000 0.000000000 0.938513041 0.087391801 -0.333999723 2.841019820 -0.093467779 0.995620012 -0.002130826 0.242982856 0.332350582 0.033218041 0.942570746 -5.549279693
467500367 0.953074900 1.694934927 0.500000000 0.500000000 0.000000000 0.000000000 0.933393717 0.093506977 -0.346457005 3.043439680 -0.100471467 0.994937599 -0.002152735 0.296575768 0.344501793 0.036818430 0.938063323 -6.112899147
