https://www.youtube.com/watch?v=OzfIW54lnWk
94900000 1.087200335 1.933478556 0.500000000 0.500000000 0.000000000 0.000000000 0.998884797 -0.002797316 0.047131017 -2.562159879 0.002129346 0.999896646 0.014216861 -1.053439945 -0.047165915 -0.014100648 0.998787522 5.843689951
94966667 1.087200335 1.933478556 0.500000000 0.500000000 0.000000000 0.000000000 0.998849750 -0.001453046 0.047927462 -2.368129970 0.000749782 0.999891818 0.014688230 -0.940815972 -0.047943622 -0.014635400 0.998742819 5.329770036
95033333 1.087200335 1.933478556 0.500000000 0.500000000 0.000000000 0.000000000 0.998883486 0.000101065 0.047242153 -2.123310170 -0.000779878 0.999896705 0.014350588 -0.807111936 -0.047235820 -0.014371409 0.998780370 4.763320135
95100000 1.087200335 1.933478556 0.500000000 0.500000000 0.000000000 0.000000000 0.998896778 0.001824254 0.046924651 -1.913280094 -0.002501759 0.999893427 0.014383457 -0.701888046 -0.046893410 -0.014484982 0.998794854 4.222869750
95166667 1.087200335 1.933478556 0.500000000 0.500000000 0.000000000 0.000000000 0.998930514 0.004048012 0.046059288 -1.691199989 -0.004707781 0.999887764 0.014224889 -0.595798023 -0.045996532 -0.014426513 0.998837411 3.696780148
95233333 1.087200335 1.933478556 0.500000000 0.500000000 0.000000000 0.000000000 0.998954177 0.006707925 0.045228411 -1.495640107 -0.007376043 0.999865890 0.014621410 -0.527673039 -0.045124266 -0.014939724 0.998869658 3.135740105
95300000 1.087200335 1.933478556 0.500000000 0.500000000 0.000000000 0.000000000 0.999041259 0.009055763 0.042831324 -1.261859949 -0.009675813 0.999851048 0.014291462 -0.438365985 -0.042695522 -0.014692187 0.998980105 2.575870054
95366667 1.087200335 1.933478556 0.500000000 0.500000000 0.000000000 0.000000000 0.999137104 0.012134903 0.039721072 -1.027419977 -0.012717296 0.999814808 0.014442368 -0.380170995 -0.039538458 -0.014935051 0.999106407 1.994879856
95433333 1.087200335 1.933478556 0.500000000 0.500000000 0.000000000 0.000000000 0.999207675 0.015576478 0.036624406 -0.816779010 -0.016082652 0.999778628 0.013566889 -0.288704050 -0.036404971 -0.014145156 0.999237001 1.414749960
95500000 1.087200335 1.933478556 0.500000000 0.500000000 0.000000000 0.000000000 0.999299228 0.018877866 0.032321915 -0.558432041 -0.019289656 0.999736071 0.012476225 -0.190724998 -0.032077864 -0.013090962 0.999399662 0.923600079
95566667 1.087200335 1.933478556 0.500000000 0.500000000 0.000000000 0.000000000 0.999336243 0.022660282 0.028523315 -0.349209981 -0.022993363 0.999670565 0.011404175 -0.088933495 -0.028255496 -0.012052452 0.999528050 0.458920012
95633333 1.087200335 1.933478556 0.500000000 0.500000000 0.000000000 0.000000000 0.999372661 0.026117172 0.023919396 -0.134183007 -0.026378199 0.999595165 0.010663080 -0.007179400 -0.023631223 -0.011287342 0.999657035 -0.004689800
95700000 1.087200335 1.933478556 0.500000000 0.500000000 0.000000000 0.000000000 0.999403834 0.028944081 0.018819287 0.071605799 -0.029142449 0.999521673 0.010353134 0.047789501 -0.018510625 -0.010895402 0.999769270 -0.507183028
95766667 1.087200335 1.933478556 0.500000000 0.500000000 0.000000000 0.000000000 0.999421418 0.031636484 0.012490031 0.299052021 -0.031759962 0.999447346 0.009815026 0.103779012 -0.012172616 -0.010206031 0.999873817 -1.020639977
95833333 1.087200335 1.933478556 0.500000000 0.500000000 0.000000000 0.000000000 0.999378860 0.034859620 0.005163305 0.542585029 -0.034909055 0.999342322 0.009814520 0.129388008 -0.004817778 -0.009988670 0.999938488 -1.540119854
95900000 1.087200335 1.933478556 0.500000000 0.500000000 0.000000000 0.000000000 0.999294758 0.037486661 -0.002179728 0.763106025 -0.037464041 0.999251604 0.009627123 0.160615984 0.002538985 -0.009538672 0.999951303 -2.071160141
95966667 1.087200335 1.933478556 0.500000000 0.500000000 0.000000000 0.000000000 0.999097288 0.041216750 -0.010282699 0.983595945 -0.041127097 0.999115288 0.008783358 0.218644986 0.010635624 -0.008352532 0.999908566 -2.551939852
96033333 1.087200335 1.933478556 0.500000000 0.500000000 0.000000000 0.000000000 0.998818338 0.044615678 -0.019271761 1.212749984 -0.044485092 0.998984456 0.007152556 0.307522009 0.019571304 -0.006286798 0.999788702 -3.011189908
96100000 1.087200335 1.933478556 0.500000000 0.500000000 0.000000000 0.000000000 0.998432279 0.048193306 -0.028467154 1.427399873 -0.048042670 0.998827577 0.005952484 0.382540014 0.028720649 -0.004575516 0.999576986 -3.458869607
96166667 1.087200335 1.933478556 0.500000000 0.500000000 0.000000000 0.000000000 0.997921407 0.051699650 -0.038471241 1.655769979 -0.051570524 0.998659909 0.004341899 0.469764991 0.038644161 -0.002348893 0.999250293 -3.894360123
96233333 1.087200335 1.933478556 0.500000000 0.500000000 0.000000000 0.000000000 0.997237325 0.055346247 -0.049543120 1.894189915 -0.055227581 0.998466730 0.003761937 0.513428004 0.049675368 -0.001015395 0.998764873 -4.353259476
96300000 1.087200335 1.933478556 0.500000000 0.500000000 0.000000000 0.000000000 0.996412635 0.058516681 -0.061136760 2.139460255 -0.058485873 0.998285592 0.002294886 0.581965024 0.061166234 0.001288981 0.998126745 -4.791220219
96366667 1.087200335 1.933478556 0.500000000 0.500000000 0.000000000 0.000000000 0.995369434 0.062133268 -0.073342815 2.415440014 -0.062118284 0.998065710 0.002487525 0.579824050 0.073355511 0.002079921 0.997303665 -5.234779199
96433333 1.087200335 1.933478556 0.500000000 0.500000000 0.000000000 0.000000000 0.994032383 0.065353841 -0.087341145 2.771859781 -0.065459773 0.997853816 0.001653762 0.606300982 0.087261781 0.004073436 0.996177077 -5.671689889
