https://www.youtube.com/watch?v=O8-Gxzh9K40
566198967 0.862502102 1.548691696 0.500000000 0.500000000 0.000000000 0.000000000 0.992184997 -0.014685582 -0.123908237 5.768439709 0.013446545 0.999850929 -0.010830058 -0.267630991 0.124048814 0.009079283 0.992234588 2.015760049
566265700 0.862502102 1.548691696 0.500000000 0.500000000 0.000000000 0.000000000 0.988299489 -0.014691981 -0.151816428 5.589289802 0.012866447 0.999832690 -0.013000049 -0.285647959 0.151982039 0.010894606 0.988323212 2.113490175
566332433 0.862502102 1.548691696 0.500000000 0.500000000 0.000000000 0.000000000 0.983344615 -0.014951136 -0.181134745 5.415069812 0.012270691 0.999798119 -0.015909698 -0.287241018 0.181336060 0.013422067 0.983329594 2.218130293
566399167 0.862502102 1.548691696 0.500000000 0.500000000 0.000000000 0.000000000 0.977427661 -0.014313415 -0.210785016 5.239420140 0.010772090 0.999781072 -0.017939333 -0.313663022 0.210995629 0.015263806 0.977367818 2.316160038
566465900 0.862502102 1.548691696 0.500000000 0.500000000 0.000000000 0.000000000 0.970627785 -0.013135264 -0.240227386 5.075780244 0.008475849 0.999755561 -0.020418808 -0.319249987 0.240436867 0.017782930 0.970501840 2.405889712
566532633 0.862502102 1.548691696 0.500000000 0.500000000 0.000000000 0.000000000 0.963128805 -0.010304586 -0.268843085 4.909219686 0.004541497 0.999746561 -0.022049751 -0.337157033 0.269002169 0.020015799 0.962931514 2.478329585
566599367 0.862502102 1.548691696 0.500000000 0.500000000 0.000000000 0.000000000 0.955178738 -0.006678351 -0.295954257 4.731890122 -0.000265368 0.999725759 -0.023415752 -0.352435995 0.296029478 0.022444766 0.954915047 2.537749913
566666100 0.862502102 1.548691696 0.500000000 0.500000000 0.000000000 0.000000000 0.946596801 -0.002071763 -0.322412848 4.547389588 -0.006109303 0.999684572 -0.024360528 -0.367541017 0.322361648 0.025029318 0.946285605 2.580140335
566732833 0.862502102 1.548691696 0.500000000 0.500000000 0.000000000 0.000000000 0.937467515 0.003206839 -0.348057926 4.368069901 -0.012600627 0.999614775 -0.024728853 -0.376493967 0.347844541 0.027568247 0.937146783 2.615999830
566799567 0.862502102 1.548691696 0.500000000 0.500000000 0.000000000 0.000000000 0.928125381 0.007803566 -0.372185707 4.195788946 -0.018499173 0.999511898 -0.025175024 -0.378470035 0.371807575 0.030250713 0.927816749 2.629869638
566866300 0.862502102 1.548691696 0.500000000 0.500000000 0.000000000 0.000000000 0.918971539 0.011654383 -0.394151658 4.023130102 -0.023706092 0.999388039 -0.025721008 -0.369551985 0.393610686 0.032980666 0.918685436 2.620240073
566933033 0.862502102 1.548691696 0.500000000 0.500000000 0.000000000 0.000000000 0.909495234 0.016192462 -0.415399075 3.851850481 -0.029325500 0.999250829 -0.025255430 -0.352187971 0.414678931 0.035151470 0.909288645 2.607060089
566999767 0.862502102 1.548691696 0.500000000 0.500000000 0.000000000 0.000000000 0.899881840 0.020413492 -0.435655594 3.676039296 -0.034122657 0.999137402 -0.023666557 -0.355082036 0.434796691 0.036162838 0.899802208 2.579459558
567066500 0.862502102 1.548691696 0.500000000 0.500000000 0.000000000 0.000000000 0.890265703 0.022902746 -0.454865128 3.521979367 -0.037128180 0.999060214 -0.022364242 -0.325750013 0.453925461 0.036798440 0.890279412 2.557739535
567133233 0.862502102 1.548691696 0.500000000 0.500000000 0.000000000 0.000000000 0.881594360 0.023712866 -0.471411914 3.377450203 -0.037981503 0.999062479 -0.020775145 -0.295807977 0.470477313 0.036220174 0.881668508 2.539410392
567199967 0.862502102 1.548691696 0.500000000 0.500000000 0.000000000 0.000000000 0.873434663 0.023463067 -0.486375690 3.236099770 -0.037253190 0.999130845 -0.018700670 -0.265435997 0.485514164 0.034452863 0.873549581 2.497639671
567266700 0.862502102 1.548691696 0.500000000 0.500000000 0.000000000 0.000000000 0.864983678 0.023365103 -0.501255751 3.098520142 -0.035955496 0.999233663 -0.015468592 -0.225281013 0.500510216 0.031402975 0.865160942 2.458850132
567333433 0.862502102 1.548691696 0.500000000 0.500000000 0.000000000 0.000000000 0.856942654 0.023212679 -0.514889121 2.984660979 -0.033665624 0.999372900 -0.010975951 -0.193567000 0.514311433 0.026739808 0.857186675 2.417170666
567400167 0.862502102 1.548691696 0.500000000 0.500000000 0.000000000 0.000000000 0.849928558 0.023705823 -0.526364326 2.858889861 -0.031375632 0.999491692 -0.005648692 -0.158975001 0.525962830 0.021315999 0.850240350 2.371959563
567466900 0.862502102 1.548691696 0.500000000 0.500000000 0.000000000 0.000000000 0.843732357 0.023620181 -0.536243916 2.747889112 -0.028311662 0.999599040 -0.000516095 -0.135199979 0.536016703 0.015617414 0.844062746 2.315129354
567533633 0.862502102 1.548691696 0.500000000 0.500000000 0.000000000 0.000000000 0.838416457 0.024214625 -0.544491768 2.631049361 -0.025849488 0.999655008 0.004653213 -0.106381962 0.544416547 0.010173514 0.838753164 2.265079129
567600367 0.862502102 1.548691696 0.500000000 0.500000000 0.000000000 0.000000000 0.834193468 0.024407016 -0.550931513 2.511550036 -0.023196286 0.999688923 0.009164903 -0.079507900 0.550983846 0.005134264 0.834500074 2.198559880
567667100 0.862502102 1.548691696 0.500000000 0.500000000 0.000000000 0.000000000 0.831033111 0.024186525 -0.555697024 2.387020658 -0.020381048 0.999707341 0.013032502 -0.064013329 0.555849612 0.000495238 0.831282854 2.123580485
567733833 0.862502102 1.548691696 0.500000000 0.500000000 0.000000000 0.000000000 0.828910410 0.023560932 -0.558884919 2.249369850 -0.017849291 0.999717832 0.015671959 -0.047834092 0.559096515 -0.003014950 0.829097092 2.049609779
567800567 0.862502102 1.548691696 0.500000000 0.500000000 0.000000000 0.000000000 0.827723742 0.022679444 -0.560677350 2.106470129 -0.015732255 0.999728084 0.017213676 -0.039945705 0.560915291 -0.005427452 0.827855468 1.961840215
567867300 0.862502102 1.548691696 0.500000000 0.500000000 0.000000000 0.000000000 0.827748835 0.021258121 -0.560695648 1.948349321 -0.014329223 0.999756992 0.016750535 -0.017212173 0.560915470 -0.005830893 0.827852309 1.861919196
567934033 0.862502102 1.548691696 0.500000000 0.500000000 0.000000000 0.000000000 0.828800201 0.019511644 -0.559204698 1.788240807 -0.013408569 0.999797404 0.015011804 0.005754651 0.559384346 -0.004943661 0.828893900 1.750580799
568000767 0.862502102 1.548691696 0.500000000 0.500000000 0.000000000 0.000000000 0.830596566 0.018438140 -0.556569457 1.613210134 -0.014016964 0.999827266 0.012204255 0.028428389 0.556698322 -0.002335403 0.830711544 1.626630076
568067500 0.862502102 1.548691696 0.500000000 0.500000000 0.000000000 0.000000000 0.833050489 0.017111456 -0.552932203 1.440009941 -0.014769370 0.999853134 0.008690600 0.044414398 0.552999675 0.000926751 0.833180904 1.497549870
568134233 0.862502102 1.548691696 0.500000000 0.500000000 0.000000000 0.000000000 0.836199820 0.013861195 -0.548249543 1.277929852 -0.013786332 0.999895930 0.004252854 0.056430112 0.548251450 0.004002119 0.836303830 1.375909812
568200967 0.862502102 1.548691696 0.500000000 0.500000000 0.000000000 0.000000000 0.840680838 0.007823821 -0.541474223 1.136149781 -0.010251313 0.999946356 -0.001467623 0.073490303 0.541433692 0.006784628 0.840715945 1.261199696
568267700 0.862502102 1.548691696 0.500000000 0.500000000 0.000000000 0.000000000 0.846561134 0.000460317 -0.532291353 0.994021051 -0.005071773 0.999961197 -0.007201447 0.055888197 0.532267392 0.008796126 0.846530616 1.146010139
568334433 0.862502102 1.548691696 0.500000000 0.500000000 0.000000000 0.000000000 0.852580369 -0.007450679 -0.522542834 0.848860784 0.000314486 0.999905467 -0.013744034 0.046446088 0.522595882 0.011553559 0.852502167 1.021909823
568401167 0.862502102 1.548691696 0.500000000 0.500000000 0.000000000 0.000000000 0.858029306 -0.014029909 -0.513408840 0.685023852 0.004368048 0.999790013 -0.020021163 0.033685788 0.513581932 0.014936145 0.857910454 0.891090870
568467900 0.862502102 1.548691696 0.500000000 0.500000000 0.000000000 0.000000000 0.862213790 -0.018562367 -0.506204247 0.506913913 0.006754473 0.999660790 -0.025152430 0.001562515 0.506499410 0.018267628 0.862046719 0.753732894
568534633 0.862502102 1.548691696 0.500000000 0.500000000 0.000000000 0.000000000 0.864969373 -0.020609863 -0.501401067 0.307273967 0.006678186 0.999540567 -0.029565070 -0.017842205 0.501780033 0.022224426 0.864709616 0.611542899
568601367 0.862502102 1.548691696 0.500000000 0.500000000 0.000000000 0.000000000 0.866539001 -0.022464864 -0.498603284 0.105397968 0.006981146 0.999434352 -0.032897312 -0.044670403 0.499060273 0.025025977 0.866205692 0.475497870
568668100 0.862502102 1.548691696 0.500000000 0.500000000 0.000000000 0.000000000 0.867305875 -0.024766084 -0.497158974 -0.096514479 0.008078787 0.999330342 -0.035688207 -0.068041303 0.497709900 0.026936144 0.866925120 0.340094958
568734833 0.862502102 1.548691696 0.500000000 0.500000000 0.000000000 0.000000000 0.867275894 -0.027616221 -0.497061342 -0.294238038 0.009932566 0.999221325 -0.038185328 -0.071094207 0.497728795 0.028180122 0.866874874 0.208338050
568801567 0.862502102 1.548691696 0.500000000 0.500000000 0.000000000 0.000000000 0.866534233 -0.030061230 -0.498211622 -0.489235048 0.011595375 0.999127686 -0.040117934 -0.052274301 0.498983026 0.028986616 0.866126895 0.074383106
568868300 0.862502102 1.548691696 0.500000000 0.500000000 0.000000000 0.000000000 0.865577102 -0.032472923 -0.499721706 -0.664023960 0.014279212 0.999090016 -0.040189601 -0.071802193 0.500572026 0.027651563 0.865253150 -0.054943379
568935033 0.862502102 1.548691696 0.500000000 0.500000000 0.000000000 0.000000000 0.864968657 -0.034107458 -0.500665665 -0.849948159 0.015816975 0.999044836 -0.040733185 -0.062407114 0.501576781 0.027313923 0.864681959 -0.191935084
569001767 0.862502102 1.548691696 0.500000000 0.500000000 0.000000000 0.000000000 0.864347935 -0.034577694 -0.501704216 -1.033690034 0.016129110 0.999026239 -0.041065771 -0.061940113 0.502635598 0.027403083 0.864064038 -0.340401986
569068500 0.862502102 1.548691696 0.500000000 0.500000000 0.000000000 0.000000000 0.863445103 -0.034391183 -0.503269196 -1.212460185 0.015477230 0.999009728 -0.041714046 -0.055316810 0.504205465 0.028228585 0.863122344 -0.497763170
569135233 0.862502102 1.548691696 0.500000000 0.500000000 0.000000000 0.000000000 0.862649381 -0.032939751 -0.504728556 -1.408269890 0.013613538 0.999027729 -0.041931465 -0.054976786 0.505619049 0.029301008 0.862259090 -0.658029946
569201967 0.862502102 1.548691696 0.500000000 0.500000000 0.000000000 0.000000000 0.861865997 -0.031845447 -0.506135046 -1.587609729 0.012196233 0.999039352 -0.042090200 -0.064686977 0.506989181 0.030103168 0.861426473 -0.811863822
569268700 0.862502102 1.548691696 0.500000000 0.500000000 0.000000000 0.000000000 0.861781836 -0.031826027 -0.506279707 -1.758370115 0.011872167 0.999022007 -0.042592429 -0.076853301 0.507140160 0.030694745 0.861316860 -0.965612133
569335433 0.862502102 1.548691696 0.500000000 0.500000000 0.000000000 0.000000000 0.862587631 -0.032930203 -0.504834890 -1.931160192 0.012515644 0.998962939 -0.043777119 -0.069866211 0.505752921 0.031443272 0.862105250 -1.115080185
569402167 0.862502102 1.548691696 0.500000000 0.500000000 0.000000000 0.000000000 0.863701522 -0.035302222 -0.502765656 -2.087149761 0.014512150 0.998872280 -0.045206405 -0.048700157 0.503794551 0.031748623 0.863239765 -1.260099751
569468900 0.862502102 1.548691696 0.500000000 0.500000000 0.000000000 0.000000000 0.865343690 -0.038949735 -0.499663293 -2.228480563 0.018092824 0.998753488 -0.046520695 -0.031359044 0.500852406 0.031216083 0.864969730 -1.393570146
569535633 0.862502102 1.548691696 0.500000000 0.500000000 0.000000000 0.000000000 0.867092490 -0.043852843 -0.496213436 -2.343650741 0.023459902 0.998607218 -0.047257643 -0.031709965 0.497594714 0.029335644 0.866913557 -1.511710464
569602367 0.862502102 1.548691696 0.500000000 0.500000000 0.000000000 0.000000000 0.868959606 -0.048019022 -0.492548078 -2.457120602 0.028537206 0.998487294 -0.046997886 -0.032815166 0.494059771 0.026783336 0.869015455 -1.622740576
569669100 0.862502102 1.548691696 0.500000000 0.500000000 0.000000000 0.000000000 0.870506525 -0.051812269 -0.489422113 -2.555360584 0.033629723 0.998380840 -0.045877565 -0.042473850 0.491006702 0.023477603 0.870839477 -1.731620476
569735833 0.862502102 1.548691696 0.500000000 0.500000000 0.000000000 0.000000000 0.871789694 -0.054782785 -0.486807555 -2.641520198 0.038275547 0.998306870 -0.043799236 -0.056836290 0.488382787 0.019550897 0.872410476 -1.834420146
569802567 0.862502102 1.548691696 0.500000000 0.500000000 0.000000000 0.000000000 0.872789979 -0.056933474 -0.484764129 -2.705509921 0.042207386 0.998256981 -0.041249055 -0.074879433 0.486267656 0.015541147 0.873671770 -1.927940137
569869300 0.862502102 1.548691696 0.500000000 0.500000000 0.000000000 0.000000000 0.873507321 -0.057867438 -0.483359337 -2.761919876 0.044941902 0.998255432 -0.038293250 -0.094226492 0.484732032 0.011726341 0.874584079 -2.025949999
569936033 0.862502102 1.548691696 0.500000000 0.500000000 0.000000000 0.000000000 0.874163866 -0.058079321 -0.482145399 -2.801869808 0.046760362 0.998276114 -0.035472639 -0.119890948 0.483374447 0.008463586 0.875372648 -2.124319757
570002767 0.862502102 1.548691696 0.500000000 0.500000000 0.000000000 0.000000000 0.875101089 -0.057910252 -0.480462730 -2.832169799 0.047580373 0.998299956 -0.033663727 -0.136334971 0.481595397 0.006598564 0.876368761 -2.221119872
570069500 0.862502102 1.548691696 0.500000000 0.500000000 0.000000000 0.000000000 0.876496851 -0.057465512 -0.477965415 -2.863429918 0.047333855 0.998326361 -0.033227004 -0.140966994 0.479074895 0.006499419 0.877749979 -2.326669885
570136233 0.862502102 1.548691696 0.500000000 0.500000000 0.000000000 0.000000000 0.878130674 -0.055886135 -0.475145370 -2.883349602 0.045525111 0.998408198 -0.033295427 -0.135883932 0.476249784 0.007606667 0.879277050 -2.435139689
570202967 0.862502102 1.548691696 0.500000000 0.500000000 0.000000000 0.000000000 0.879965127 -0.053357065 -0.472032011 -2.893439455 0.042626075 0.998532414 -0.033407245 -0.139375911 0.473121762 0.009276316 0.880948067 -2.545539521
570269700 0.862502102 1.548691696 0.500000000 0.500000000 0.000000000 0.000000000 0.882141590 -0.049128272 -0.468414754 -2.911019383 0.037729673 0.998719811 -0.033693328 -0.130957919 0.469470412 0.012049134 0.882865906 -2.667369810
570336433 0.862502102 1.548691696 0.500000000 0.500000000 0.000000000 0.000000000 0.883822680 -0.044130597 -0.465735912 -2.919689777 0.031648267 0.998900294 -0.034591716 -0.103897961 0.466750264 0.015833199 0.884247363 -2.796209835
570403167 0.862502102 1.548691696 0.500000000 0.500000000 0.000000000 0.000000000 0.885242224 -0.038216680 -0.463557869 -2.922440733 0.024431638 0.999063551 -0.035708558 -0.064171063 0.464488417 0.020285256 0.885346889 -2.928810292
570469900 0.862502102 1.548691696 0.500000000 0.500000000 0.000000000 0.000000000 0.886490047 -0.032082524 -0.461634070 -2.922069674 0.016683985 0.999161065 -0.037400648 -0.005046971 0.462446719 0.025453402 0.886281610 -3.064309969
570536633 0.862502102 1.548691696 0.500000000 0.500000000 0.000000000 0.000000000 0.887707233 -0.026780125 -0.459628671 -2.920049350 0.009518411 0.999161065 -0.039832339 0.068649050 0.460309774 0.030984515 0.887217402 -3.209479474
570603367 0.862502102 1.548691696 0.500000000 0.500000000 0.000000000 0.000000000 0.889036775 -0.022363028 -0.457289398 -2.925660160 0.003135102 0.999080300 -0.042763390 0.168192977 0.457825124 0.036584578 0.888289213 -3.351680291
570670100 0.862502102 1.548691696 0.500000000 0.500000000 0.000000000 0.000000000 0.890191197 -0.018522210 -0.455210537 -2.926310088 -0.002364602 0.998971939 -0.045271635 0.280524970 0.455581099 0.041376807 0.889232218 -3.490980395
570736833 0.862502102 1.548691696 0.500000000 0.500000000 0.000000000 0.000000000 0.891277432 -0.015372494 -0.453197688 -2.941799975 -0.006934354 0.998846292 -0.047518287 0.408182025 0.453405291 0.045494605 0.890142560 -3.631159494
570803567 0.862502102 1.548691696 0.500000000 0.500000000 0.000000000 0.000000000 0.891692817 -0.012275017 -0.452474475 -2.969909286 -0.010948411 0.998754859 -0.048670895 0.548101031 0.452508509 0.048353367 0.890448153 -3.770089651
570870300 0.862502102 1.548691696 0.500000000 0.500000000 0.000000000 0.000000000 0.890615404 -0.008847267 -0.454671174 -2.962889507 -0.014053051 0.998797774 -0.046962492 0.664267019 0.454540044 0.048215039 0.889420390 -3.900939918
570937033 0.862502102 1.548691696 0.500000000 0.500000000 0.000000000 0.000000000 0.889460921 -0.004883535 -0.456985116 -2.965209893 -0.016718542 0.998925865 -0.043215372 0.765622977 0.456705332 0.046078511 0.888423920 -4.008740374
571003767 0.862502102 1.548691696 0.500000000 0.500000000 0.000000000 0.000000000 0.888366103 -0.000833112 -0.459135085 -2.967350083 -0.018966671 0.999078155 -0.038510889 0.847156030 0.458743900 0.042920031 0.887531400 -4.106520719
571070500 0.862502102 1.548691696 0.500000000 0.500000000 0.000000000 0.000000000 0.887429416 0.003301951 -0.460932016 -2.981030673 -0.021252856 0.999203980 -0.033760089 0.925873970 0.460453629 0.039755810 0.886793196 -4.199241192
571137233 0.862502102 1.548691696 0.500000000 0.500000000 0.000000000 0.000000000 0.886886477 0.006789107 -0.461937547 -3.007529797 -0.023353532 0.999272525 -0.030150766 1.014589958 0.461396813 0.037528180 0.886399865 -4.291390260
571203967 0.862502102 1.548691696 0.500000000 0.500000000 0.000000000 0.000000000 0.886238515 0.009737233 -0.463126898 -3.036200200 -0.024905985 0.999334514 -0.026649052 1.082679883 0.462559223 0.035152048 0.885891259 -4.377560138
571270700 0.862502102 1.548691696 0.500000000 0.500000000 0.000000000 0.000000000 0.885511875 0.011342113 -0.464478165 -3.070999591 -0.025317535 0.999394596 -0.023862747 1.141769974 0.463926345 0.032890193 0.885262966 -4.462089569
571337433 0.862502102 1.548691696 0.500000000 0.500000000 0.000000000 0.000000000 0.884525061 0.012001298 -0.466338277 -3.108399812 -0.024915114 0.999457538 -0.021536417 1.202089987 0.465826869 0.030668370 0.884344280 -4.548530471
