https://www.youtube.com/watch?v=1rZHEAoY2pM
25892533 0.978159608 1.741928006 0.500000000 0.500000000 0.000000000 0.000000000 0.997162223 -0.018299980 -0.073024966 -5.824610282 0.019091049 0.999766231 0.010149571 0.101527995 0.072822161 -0.011514892 0.997278452 -1.113730015
25959267 0.978159608 1.741928006 0.500000000 0.500000000 0.000000000 0.000000000 0.997355938 -0.020143980 -0.069823436 -5.777239574 0.020868318 0.999735594 0.009659912 0.085166011 0.069610380 -0.011091471 0.997512579 -1.111809973
26026000 0.978159608 1.741928006 0.500000000 0.500000000 0.000000000 0.000000000 0.997632742 -0.021469790 -0.065329678 -5.734390187 0.022145409 0.999708354 0.009635065 0.064452391 0.065103762 -0.011059007 0.997817218 -1.103700190
26092733 0.978159608 1.741928006 0.500000000 0.500000000 0.000000000 0.000000000 0.997960448 -0.022850947 -0.059604943 -5.688350283 0.023405338 0.999688923 0.008619481 0.053766703 0.059389435 -0.009996976 0.998184800 -1.092689977
26159467 0.978159608 1.741928006 0.500000000 0.500000000 0.000000000 0.000000000 0.998319626 -0.024456607 -0.052533630 -5.642969806 0.024870271 0.999664485 0.007234940 0.047446418 0.052339066 -0.008529309 0.998592973 -1.069640011
26693333 0.978159608 1.741928006 0.500000000 0.500000000 0.000000000 0.000000000 0.998251498 -0.031167936 0.050224509 -5.243949795 0.031862196 0.999406636 -0.013082129 -0.022529003 -0.049786966 0.014659517 0.998652279 -0.511817966
26760067 0.978159608 1.741928006 0.500000000 0.500000000 0.000000000 0.000000000 0.997238398 -0.030214738 0.067842729 -5.169489679 0.031488277 0.999345958 -0.017781461 -0.026598306 -0.067261092 0.019868607 0.997537553 -0.410573008
26826800 0.978159608 1.741928006 0.500000000 0.500000000 0.000000000 0.000000000 0.995781124 -0.028288672 0.087290734 -5.087469942 0.030362410 0.999285221 -0.022520900 -0.030803089 -0.086591259 0.025076244 0.995928288 -0.295754008
26893533 0.978159608 1.741928006 0.500000000 0.500000000 0.000000000 0.000000000 0.993894935 -0.025975350 0.107229635 -4.986970646 0.029153802 0.999177635 -0.028180886 -0.028548408 -0.106409445 0.031134993 0.993834794 -0.188485890
26960267 0.978159608 1.741928006 0.500000000 0.500000000 0.000000000 0.000000000 0.991411805 -0.022965450 0.128745019 -4.880870139 0.027618077 0.999024034 -0.034470081 -0.020309297 -0.127827764 0.037729733 0.991078496 -0.064945162
27027000 0.978159608 1.741928006 0.500000000 0.500000000 0.000000000 0.000000000 0.988302886 -0.019317742 0.151275218 -4.760649659 0.025833480 0.998815835 -0.041225772 -0.009104846 -0.150299698 0.044651512 0.987631619 0.064118125
27093733 0.978159608 1.741928006 0.500000000 0.500000000 0.000000000 0.000000000 0.984531820 -0.015096217 0.174554169 -4.628799772 0.023899823 0.998539984 -0.048443176 0.008266472 -0.173568010 0.051865660 0.983455181 0.183197035
27160467 0.978159608 1.741928006 0.500000000 0.500000000 0.000000000 0.000000000 0.979783833 -0.010243408 0.199796796 -4.496170584 0.021692794 0.998239636 -0.055200431 0.016291183 -0.198879629 0.058418643 0.978281200 0.345659071
27227200 0.978159608 1.741928006 0.500000000 0.500000000 0.000000000 0.000000000 0.974338770 -0.005339003 0.225023329 -4.343669806 0.019897278 0.997847915 -0.062478784 0.017508937 -0.224205494 0.065352850 0.972348154 0.489030984
27293933 0.978159608 1.741928006 0.500000000 0.500000000 0.000000000 0.000000000 0.967937887 -0.000541589 0.251189113 -4.186989799 0.018573962 0.997414410 -0.069422811 0.012542108 -0.250502050 0.071862549 0.965445220 0.643908076
27427400 0.978159608 1.741928006 0.500000000 0.500000000 0.000000000 0.000000000 0.952405095 0.008969350 0.304703265 -3.856450209 0.017241303 0.996381998 -0.083220653 0.009323364 -0.304347306 0.084513254 0.948804617 0.912395165
27494133 0.978159608 1.741928006 0.500000000 0.500000000 0.000000000 0.000000000 0.943243921 0.013087307 0.331842899 -3.693410092 0.017550299 0.995862603 -0.089160860 0.006355848 -0.331636786 0.089924380 0.939111650 1.051560065
27560867 0.978159608 1.741928006 0.500000000 0.500000000 0.000000000 0.000000000 0.933269858 0.017422471 0.358753145 -3.531130061 0.018058989 0.995283425 -0.095314041 0.010245719 -0.358721673 0.095432445 0.928553402 1.166910117
27627600 0.978159608 1.741928006 0.500000000 0.500000000 0.000000000 0.000000000 0.922945559 0.020948121 0.384359986 -3.357349976 0.019164899 0.994779050 -0.100236483 0.011090239 -0.384453028 0.099879034 0.917725444 1.263980027
27694333 0.978159608 1.741928006 0.500000000 0.500000000 0.000000000 0.000000000 0.912293792 0.023658231 0.408852398 -3.178270048 0.020705361 0.994388759 -0.103741176 -0.000980726 -0.409012556 0.103107862 0.906684816 1.340639763
27761067 0.978159608 1.741928006 0.500000000 0.500000000 0.000000000 0.000000000 0.901045680 0.026406346 0.432919592 -3.001689745 0.022212485 0.994025588 -0.106862910 -0.006894091 -0.433155030 0.105904587 0.895075917 1.418459920
27827800 0.978159608 1.741928006 0.500000000 0.500000000 0.000000000 0.000000000 0.889687300 0.028470159 0.455681801 -2.815349891 0.023976389 0.993763447 -0.108900756 -0.024626111 -0.455940306 0.107813224 0.883456111 1.466569928
27894533 0.978159608 1.741928006 0.500000000 0.500000000 0.000000000 0.000000000 0.878279090 0.030430473 0.477179170 -2.632330389 0.025607117 0.993547142 -0.110491671 -0.043728247 -0.477462292 0.109261699 0.871832371 1.494020130
27961267 0.978159608 1.741928006 0.500000000 0.500000000 0.000000000 0.000000000 0.866782606 0.032314282 0.497638077 -2.451999977 0.027047489 0.993383169 -0.111616768 -0.063199194 -0.497952133 0.110207342 0.860173225 1.507860075
28028000 0.978159608 1.741928006 0.500000000 0.500000000 0.000000000 0.000000000 0.855493665 0.034285031 0.516676903 -2.279839770 0.028307326 0.993217051 -0.112776838 -0.068542258 -0.517038822 0.111105613 0.848720312 1.512529711
28094733 0.978159608 1.741928006 0.500000000 0.500000000 0.000000000 0.000000000 0.844400465 0.035850424 0.534511626 -2.109500191 0.029384175 0.993156731 -0.113032371 -0.065194471 -0.534906089 0.111150771 0.837568521 1.525770092
28161467 0.978159608 1.741928006 0.500000000 0.500000000 0.000000000 0.000000000 0.833808124 0.037456308 0.550782442 -1.941980476 0.030536143 0.993038893 -0.113759801 -0.055144220 -0.551209450 0.111672610 0.826860130 1.502110499
28228200 0.978159608 1.741928006 0.500000000 0.500000000 0.000000000 0.000000000 0.823537827 0.039179351 0.565906465 -1.783249239 0.031323452 0.992949069 -0.114328265 -0.042643893 -0.566395581 0.111879796 0.816503942 1.492849423
28294933 0.978159608 1.741928006 0.500000000 0.500000000 0.000000000 0.000000000 0.813733578 0.040974602 0.579791963 -1.631739737 0.031907693 0.992858827 -0.114948757 -0.031286194 -0.580361545 0.112037487 0.806615233 1.489909961
28361667 0.978159608 1.741928006 0.500000000 0.500000000 0.000000000 0.000000000 0.804347992 0.042675931 0.592623651 -1.480649433 0.032506440 0.992762566 -0.115610473 -0.026034699 -0.593268335 0.112255134 0.797139347 1.459689536
28428400 0.978159608 1.741928006 0.500000000 0.500000000 0.000000000 0.000000000 0.795404673 0.044660036 0.604431212 -1.332730193 0.033318277 0.992551327 -0.117182761 -0.015766760 -0.605162323 0.113346323 0.787991941 1.429950102
28495133 0.978159608 1.741928006 0.500000000 0.500000000 0.000000000 0.000000000 0.787039042 0.046500739 0.615148544 -1.190130744 0.034117062 0.992348075 -0.118664786 -0.010617883 -0.615959525 0.114380881 0.779430151 1.401590780
28561867 0.978159608 1.741928006 0.500000000 0.500000000 0.000000000 0.000000000 0.779109776 0.048237968 0.625028670 -1.043179954 0.035277445 0.992081463 -0.120540008 -0.015033622 -0.625894010 0.115963310 0.771238625 1.357839703
28628600 0.978159608 1.741928006 0.500000000 0.500000000 0.000000000 0.000000000 0.771694779 0.050090902 0.634017587 -0.891744218 0.036725253 0.991720498 -0.123051666 -0.024584548 -0.634932041 0.118242793 0.763466001 1.298160406
28695333 0.978159608 1.741928006 0.500000000 0.500000000 0.000000000 0.000000000 0.764538288 0.052384000 0.642446339 -0.737067096 0.038064595 0.991283655 -0.126126155 -0.038130669 -0.643453538 0.120882735 0.755880356 1.237420172
28762067 0.978159608 1.741928006 0.500000000 0.500000000 0.000000000 0.000000000 0.758120954 0.054386277 0.649841726 -0.575731687 0.040230978 0.990717292 -0.129848987 -0.051189940 -0.650871456 0.124585003 0.748895526 1.163959461
28828800 0.978159608 1.741928006 0.500000000 0.500000000 0.000000000 0.000000000 0.752085686 0.056630887 0.656628072 -0.406306122 0.042443879 0.990071595 -0.134002984 -0.058260980 -0.657697499 0.128651559 0.742215037 1.093470319
28895533 0.978159608 1.741928006 0.500000000 0.500000000 0.000000000 0.000000000 0.746652603 0.059137385 0.662580311 -0.240858947 0.044558857 0.989357293 -0.138516024 -0.055789719 -0.663720071 0.132947162 0.736071110 1.010179948
28962267 0.978159608 1.741928006 0.500000000 0.500000000 0.000000000 0.000000000 0.741426826 0.061458260 0.668213606 -0.083238065 0.046840981 0.988627911 -0.142901242 -0.059399796 -0.669397116 0.137250602 0.730116487 0.925406256
29029000 0.978159608 1.741928006 0.500000000 0.500000000 0.000000000 0.000000000 0.736784220 0.063829355 0.673107922 0.062052176 0.049334001 0.987805188 -0.147672266 -0.057451406 -0.674325287 0.142009705 0.724650323 0.853193565
29095733 0.978159608 1.741928006 0.500000000 0.500000000 0.000000000 0.000000000 0.732316732 0.066208847 0.677738070 0.196611021 0.051764529 0.986969888 -0.152351260 -0.055902821 -0.678994060 0.146652162 0.719347298 0.770941279
29162467 0.978159608 1.741928006 0.500000000 0.500000000 0.000000000 0.000000000 0.727970243 0.068359420 0.682192445 0.321531017 0.054160137 0.986173689 -0.156614587 -0.062604897 -0.683466315 0.150958404 0.714202762 0.689572107
29229200 0.978159608 1.741928006 0.500000000 0.500000000 0.000000000 0.000000000 0.723672092 0.070064478 0.686578512 0.437627148 0.056876890 0.985394418 -0.160508186 -0.066322345 -0.687796593 0.155205756 0.709117413 0.583673281
29295933 0.978159608 1.741928006 0.500000000 0.500000000 0.000000000 0.000000000 0.719626427 0.071309127 0.690690577 0.539253388 0.059670474 0.984681904 -0.163832262 -0.070118268 -0.691793263 0.159111872 0.704348087 0.501626371
29362667 0.978159608 1.741928006 0.500000000 0.500000000 0.000000000 0.000000000 0.715431809 0.071902610 0.694973350 0.628585403 0.062469594 0.984123647 -0.166127130 -0.075002584 -0.695884705 0.162267342 0.699581623 0.392981256
29429400 0.978159608 1.741928006 0.500000000 0.500000000 0.000000000 0.000000000 0.711297154 0.071943454 0.699199557 0.710418661 0.065429620 0.983651876 -0.167773411 -0.081337516 -0.699839115 0.165085092 0.694961548 0.277473851
29496133 0.978159608 1.741928006 0.500000000 0.500000000 0.000000000 0.000000000 0.707379937 0.071470849 0.703210890 0.790823005 0.068319060 0.983303428 -0.168662146 -0.085996500 -0.703524053 0.167350933 0.690686285 0.178286010
29562867 0.978159608 1.741928006 0.500000000 0.500000000 0.000000000 0.000000000 0.703409493 0.070159182 0.707313478 0.861024619 0.071616694 0.983056784 -0.168731749 -0.085651921 -0.707167447 0.169342965 0.686466932 0.054717847
29629600 0.978159608 1.741928006 0.500000000 0.500000000 0.000000000 0.000000000 0.699693501 0.068610981 0.711141229 0.931609284 0.074317366 0.982988477 -0.167959958 -0.084162463 -0.710567594 0.170370638 0.682691693 -0.041651606
29696333 0.978159608 1.741928006 0.500000000 0.500000000 0.000000000 0.000000000 0.696233571 0.066611208 0.714717746 0.994583728 0.077334784 0.982928991 -0.166942924 -0.068526013 -0.713636994 0.171503812 0.679196775 -0.176808881
29763067 0.978159608 1.741928006 0.500000000 0.500000000 0.000000000 0.000000000 0.693004847 0.065156311 0.717982888 1.060350488 0.079166532 0.983007014 -0.165619552 -0.052329906 -0.716573358 0.171615362 0.676070452 -0.280983114
29829800 0.978159608 1.741928006 0.500000000 0.500000000 0.000000000 0.000000000 0.690144300 0.063709229 0.720862150 1.124100231 0.081114665 0.983029902 -0.164537668 -0.034190684 -0.719111562 0.172027230 0.673264742 -0.380134052
29896533 0.978159608 1.741928006 0.500000000 0.500000000 0.000000000 0.000000000 0.687782288 0.062647998 0.723208427 1.184609575 0.082450092 0.983080149 -0.163570613 -0.025820016 -0.721219182 0.172129571 0.670979798 -0.445844761
29963267 0.978159608 1.741928006 0.500000000 0.500000000 0.000000000 0.000000000 0.685790896 0.061711058 0.725177526 1.242469858 0.083819762 0.983071625 -0.162924498 -0.011352058 -0.722955704 0.172516346 0.669008970 -0.542974922
30030000 0.978159608 1.741928006 0.500000000 0.500000000 0.000000000 0.000000000 0.684272289 0.061637789 0.726616740 1.300789489 0.084388897 0.983033597 -0.162860185 -0.000286253 -0.724326968 0.172759116 0.667461157 -0.617362610
30096733 0.978159608 1.741928006 0.500000000 0.500000000 0.000000000 0.000000000 0.683045983 0.061801717 0.727755904 1.359400002 0.085001379 0.982916236 -0.163249418 0.014014456 -0.725412250 0.173367098 0.666123748 -0.702917999
30163467 0.978159608 1.741928006 0.500000000 0.500000000 0.000000000 0.000000000 0.682596147 0.062613741 0.728108585 1.417210117 0.084735602 0.982821465 -0.163956791 0.024184986 -0.725866735 0.173612982 0.665564537 -0.766214172
30230200 0.978159608 1.741928006 0.500000000 0.500000000 0.000000000 0.000000000 0.682290077 0.063609309 0.728309155 1.476820204 0.084506162 0.982668102 -0.164991200 0.036045727 -0.726181149 0.174118459 0.665089309 -0.820558073
30296933 0.978159608 1.741928006 0.500000000 0.500000000 0.000000000 0.000000000 0.682174981 0.065021433 0.728292108 1.539769862 0.083830900 0.982515335 -0.166240811 0.042134738 -0.726367354 0.174458712 0.664796591 -0.874915879
30363667 0.978159608 1.741928006 0.500000000 0.500000000 0.000000000 0.000000000 0.681866705 0.066478953 0.728449583 1.607620758 0.083595946 0.982254624 -0.167891711 0.054249265 -0.726684213 0.175375193 0.664209366 -0.940166505
30430400 0.978159608 1.741928006 0.500000000 0.500000000 0.000000000 0.000000000 0.681569695 0.068413019 0.728548348 1.672680552 0.082897872 0.981991827 -0.169764653 0.060315395 -0.727042615 0.176101550 0.663624525 -0.985598297
30497133 0.978159608 1.741928006 0.500000000 0.500000000 0.000000000 0.000000000 0.680509925 0.070513159 0.729338229 1.735400027 0.082328677 0.981698155 -0.171728507 0.065199316 -0.728099167 0.176908419 0.662250161 -1.025880098
30563867 0.978159608 1.741928006 0.500000000 0.500000000 0.000000000 0.000000000 0.678792477 0.072361223 0.730755866 1.791819149 0.082145207 0.981404662 -0.173484847 0.063790320 -0.729720771 0.177788302 0.660225987 -1.083619295
30630600 0.978159608 1.741928006 0.500000000 0.500000000 0.000000000 0.000000000 0.676127315 0.074197464 0.733039081 1.840359415 0.082305692 0.981082976 -0.175219744 0.062016927 -0.732173026 0.178804159 0.657230139 -1.133609561
30697333 0.978159608 1.741928006 0.500000000 0.500000000 0.000000000 0.000000000 0.672459841 0.075700007 0.736251712 1.881978634 0.083116822 0.980739534 -0.176752806 0.061559885 -0.735451341 0.180054069 0.653216004 -1.171599120
30764067 0.978159608 1.741928006 0.500000000 0.500000000 0.000000000 0.000000000 0.667637467 0.076812238 0.740512848 1.923268549 0.084400967 0.980441570 -0.177794322 0.062035051 -0.739686370 0.181202158 0.648096502 -1.223319158
30830800 0.978159608 1.741928006 0.500000000 0.500000000 0.000000000 0.000000000 0.661654174 0.077739090 0.745768547 1.954640653 0.086009964 0.980176568 -0.178482965 0.064044725 -0.744859934 0.182237521 0.641851604 -1.288940275
30897533 0.978159608 1.741928006 0.500000000 0.500000000 0.000000000 0.000000000 0.654013991 0.078719027 0.752375305 1.981059227 0.087604024 0.979998469 -0.178685665 0.066334969 -0.751392543 0.182774037 0.634036601 -1.344609243
30964267 0.978159608 1.741928006 0.500000000 0.500000000 0.000000000 0.000000000 0.645245314 0.079512954 0.759826303 2.000799594 0.089384556 0.979881287 -0.178446293 0.072282451 -0.758728385 0.183058381 0.625156522 -1.407329897
31031000 0.978159608 1.741928006 0.500000000 0.500000000 0.000000000 0.000000000 0.635104895 0.080154285 0.768256366 2.013141531 0.091091573 0.979888976 -0.177538618 0.078246083 -0.767036378 0.182737306 0.615030885 -1.488971055
31097733 0.978159608 1.741928006 0.500000000 0.500000000 0.000000000 0.000000000 0.623785555 0.080854349 0.777402520 2.021031042 0.092549197 0.979996383 -0.176186651 0.085606656 -0.776097178 0.181850672 0.603824615 -1.580501116
31164467 0.978159608 1.741928006 0.500000000 0.500000000 0.000000000 0.000000000 0.611321747 0.081603572 0.787163436 2.026379407 0.093259096 0.980310321 -0.174052894 0.092885936 -0.785867751 0.179812461 0.591674745 -1.672199300
31231200 0.978159608 1.741928006 0.500000000 0.500000000 0.000000000 0.000000000 0.597539485 0.082417697 0.797592461 2.021059754 0.093552560 0.980744302 -0.171430916 0.096492441 -0.796363175 0.177053571 0.578323007 -1.791809821
31297933 0.978159608 1.741928006 0.500000000 0.500000000 0.000000000 0.000000000 0.582450509 0.083331227 0.808583021 2.006208473 0.093335584 0.981296182 -0.168363407 0.100192363 -0.807489395 0.173532918 0.563778639 -1.929758503
31364667 0.978159608 1.741928006 0.500000000 0.500000000 0.000000000 0.000000000 0.566692591 0.083879627 0.819648445 1.980869889 0.092702828 0.981996596 -0.164587006 0.109331046 -0.818697512 0.169253960 0.548714280 -2.069699880
31431400 0.978159608 1.741928006 0.500000000 0.500000000 0.000000000 0.000000000 0.550476432 0.084344327 0.830579162 1.948459942 0.091565654 0.982781649 -0.160486579 0.119617970 -0.829814076 0.164396614 0.533275127 -2.221199995
31498133 0.978159608 1.741928006 0.500000000 0.500000000 0.000000000 0.000000000 0.533883870 0.084577098 0.841317117 1.904199543 0.090393320 0.983574152 -0.156239957 0.135312090 -0.840712130 0.159463435 0.517469168 -2.389969719
31564867 0.978159608 1.741928006 0.500000000 0.500000000 0.000000000 0.000000000 0.516911566 0.084824152 0.851825297 1.849248286 0.088996984 0.984361291 -0.152027667 0.150480343 -0.851399481 0.154394746 0.501278639 -2.557227789
31631600 0.978159608 1.741928006 0.500000000 0.500000000 0.000000000 0.000000000 0.499907255 0.085234694 0.861874819 1.777860717 0.087283574 0.985120773 -0.148049623 0.166782832 -0.861669779 0.149238616 0.485029459 -2.735301551
31698333 0.978159608 1.741928006 0.500000000 0.500000000 0.000000000 0.000000000 0.483465493 0.085832946 0.871145129 1.703160217 0.085251771 0.985833406 -0.144445822 0.185032972 -0.871202230 0.144101247 0.469299018 -2.884850317
31765067 0.978159608 1.741928006 0.500000000 0.500000000 0.000000000 0.000000000 0.467180431 0.086700343 0.879900455 1.626698959 0.083241992 0.986447155 -0.141395822 0.200250126 -0.880234361 0.139302030 0.453631699 -3.042697911
31831800 0.978159608 1.741928006 0.500000000 0.500000000 0.000000000 0.000000000 0.451366365 0.087763749 0.888011992 1.551678950 0.081148453 0.986991107 -0.138792753 0.205852173 -0.888640940 0.134707183 0.438372731 -3.189148348
31898533 0.978159608 1.741928006 0.500000000 0.500000000 0.000000000 0.000000000 0.436302900 0.089245006 0.895363271 1.478470330 0.078741014 0.987464905 -0.136795074 0.205874917 -0.896348059 0.130185902 0.423806548 -3.321620662
31965267 0.978159608 1.741928006 0.500000000 0.500000000 0.000000000 0.000000000 0.422049642 0.090847768 0.902009070 1.404659340 0.076433845 0.987857938 -0.135257512 0.205636113 -0.903344691 0.126029402 0.409981251 -3.469768640
32032000 0.978159608 1.741928006 0.500000000 0.500000000 0.000000000 0.000000000 0.408627391 0.093234971 0.907926023 1.333348394 0.073987901 0.988110960 -0.134768471 0.204615230 -0.909696758 0.122245625 0.396870911 -3.600795433
32098733 0.978159608 1.741928006 0.500000000 0.500000000 0.000000000 0.000000000 0.396044612 0.096245132 0.913173199 1.267549610 0.071091153 0.988292694 -0.134994760 0.191070092 -0.915475011 0.118382469 0.384565830 -3.731419268
32165467 0.978159608 1.741928006 0.500000000 0.500000000 0.000000000 0.000000000 0.384119630 0.099724710 0.917882323 1.198081085 0.068389162 0.988345504 -0.136000231 0.173673779 -0.920747519 0.115013584 0.372822821 -3.883843854
32232200 0.978159608 1.741928006 0.500000000 0.500000000 0.000000000 0.000000000 0.372858942 0.103130832 0.922138453 1.133329333 0.065891355 0.988352358 -0.137178600 0.156273213 -0.925545096 0.111909203 0.361720562 -4.012077091
32298933 0.978159608 1.741928006 0.500000000 0.500000000 0.000000000 0.000000000 0.362365663 0.106991224 0.925874949 1.065540359 0.063647397 0.988229871 -0.139106929 0.146737914 -0.929860473 0.109337114 0.351290882 -4.167711676
32365667 0.978159608 1.741928006 0.500000000 0.500000000 0.000000000 0.000000000 0.352338970 0.111426033 0.929215312 0.999126348 0.061147414 0.988024473 -0.141663849 0.142205116 -0.933872461 0.106732801 0.341306150 -4.304007910
32432400 0.978159608 1.741928006 0.500000000 0.500000000 0.000000000 0.000000000 0.342491388 0.116046786 0.932326376 0.920609758 0.058744967 0.987755656 -0.144526079 0.143873063 -0.937682450 0.104268417 0.331480622 -4.449718660
32499133 0.978159608 1.741928006 0.500000000 0.500000000 0.000000000 0.000000000 0.332879126 0.120295405 0.935264707 0.833923884 0.056552574 0.987497389 -0.147141770 0.149902091 -0.941271901 0.101872034 0.321914196 -4.588087522
32565867 0.978159608 1.741928006 0.500000000 0.500000000 0.000000000 0.000000000 0.323118448 0.124162696 0.938177347 0.736968077 0.054683708 0.987249851 -0.149490640 0.155429389 -0.944776535 0.099606141 0.312208951 -4.702133056
32632600 0.978159608 1.741928006 0.500000000 0.500000000 0.000000000 0.000000000 0.313347816 0.127116144 0.941092134 0.636833817 0.053499546 0.987063706 -0.151138946 0.163888121 -0.948130131 0.097707048 0.302493632 -4.814199163
32699333 0.978159608 1.741928006 0.500000000 0.500000000 0.000000000 0.000000000 0.302807689 0.128911138 0.944292486 0.527110422 0.052792162 0.987019897 -0.151672900 0.170318298 -0.951587856 0.095778912 0.292071700 -4.926284237
32766067 0.978159608 1.741928006 0.500000000 0.500000000 0.000000000 0.000000000 0.292281032 0.129924476 0.947466493 0.407353648 0.052593011 0.987045407 -0.151576295 0.179089634 -0.954885960 0.094133049 0.281661510 -5.017027556
32832800 0.978159608 1.741928006 0.500000000 0.500000000 0.000000000 0.000000000 0.281031549 0.129790694 0.950881660 0.263843941 0.052874349 0.987213790 -0.150376812 0.186114996 -0.958241045 0.092537880 0.270575643 -5.110891388
32899533 0.978159608 1.741928006 0.500000000 0.500000000 0.000000000 0.000000000 0.269516468 0.128593907 0.954371274 0.099525081 0.053851333 0.987480700 -0.148262888 0.191674959 -0.961488903 0.091353454 0.259217322 -5.205299769
32966267 0.978159608 1.741928006 0.500000000 0.500000000 0.000000000 0.000000000 0.258225560 0.126305073 0.957792401 -0.072497555 0.055121593 0.987875462 -0.145133168 0.186500056 -0.964510679 0.090272129 0.248132586 -5.276098380
33033000 0.978159608 1.741928006 0.500000000 0.500000000 0.000000000 0.000000000 0.246711671 0.123207018 0.961224675 -0.261369717 0.056988683 0.988324106 -0.141307428 0.182946054 -0.967411518 0.089641102 0.236809671 -5.355837071
33099733 0.978159608 1.741928006 0.500000000 0.500000000 0.000000000 0.000000000 0.236075938 0.119724192 0.964330554 -0.456575462 0.059052430 0.988779306 -0.137215972 0.179468107 -0.969938159 0.089339420 0.226356983 -5.424014882
33166467 0.978159608 1.741928006 0.500000000 0.500000000 0.000000000 0.000000000 0.225712359 0.115953721 0.967269301 -0.656275623 0.060969971 0.989263415 -0.132817805 0.175117857 -0.972284794 0.088953033 0.216219246 -5.481766146
33233200 0.978159608 1.741928006 0.500000000 0.500000000 0.000000000 0.000000000 0.215567768 0.112412587 0.969997704 -0.867209491 0.063182801 0.989664435 -0.128733382 0.181949932 -0.974443495 0.089037985 0.206237197 -5.546319329
