https://www.youtube.com/watch?v=OOzPYJDZVso
20120100 0.801660163 1.427613983 0.500000000 0.500000000 0.000000000 0.000000000 -0.444067121 0.165603325 -0.880555332 4.110619947 0.492674053 0.865994155 -0.085592955 -0.742487781 0.748381197 -0.471836239 -0.466147900 6.290765672
20186833 0.801660163 1.427613983 0.500000000 0.500000000 0.000000000 0.000000000 -0.464987993 0.177049547 -0.867432535 3.862517601 0.492423743 0.865975082 -0.087212235 -0.721140119 0.735734046 -0.467697114 -0.489851356 6.197276865
20253567 0.801660163 1.427613983 0.500000000 0.500000000 0.000000000 0.000000000 -0.482901335 0.191613168 -0.854454756 3.623068638 0.496071726 0.863950729 -0.086615250 -0.696911613 0.721610308 -0.465697050 -0.512256861 6.108503931
20320300 0.801660163 1.427613983 0.500000000 0.500000000 0.000000000 0.000000000 -0.503770351 0.205331162 -0.839080513 3.382015458 0.498712778 0.862245798 -0.088418692 -0.664387574 0.705338657 -0.463002592 -0.536775112 6.002018708
20387033 0.801660163 1.427613983 0.500000000 0.500000000 0.000000000 0.000000000 -0.524928570 0.214999497 -0.823545933 3.159899732 0.499234617 0.861426651 -0.093322799 -0.593273307 0.689360142 -0.460129917 -0.559522748 5.908635805
20453767 0.801660163 1.427613983 0.500000000 0.500000000 0.000000000 0.000000000 -0.547640800 0.225539193 -0.805742800 2.934759786 0.499113798 0.860949516 -0.098241374 -0.536351441 0.671546519 -0.455958366 -0.584060788 5.804528866
20520500 0.801660163 1.427613983 0.500000000 0.500000000 0.000000000 0.000000000 -0.563475728 0.243709058 -0.789368212 2.718093852 0.505231380 0.857643247 -0.095861390 -0.497144120 0.653634012 -0.452829003 -0.606390715 5.693267175
20587233 0.801660163 1.427613983 0.500000000 0.500000000 0.000000000 0.000000000 -0.578870773 0.261437535 -0.772374332 2.505598966 0.508849263 0.855964899 -0.091634154 -0.488620965 0.637168825 -0.446065903 -0.628525496 5.569737477
20653967 0.801660163 1.427613983 0.500000000 0.500000000 0.000000000 0.000000000 -0.594432950 0.278451890 -0.754396975 2.300381683 0.511667371 0.854696035 -0.087699175 -0.491411877 0.620360196 -0.438131511 -0.650534272 5.431254294
20720700 0.801660163 1.427613983 0.500000000 0.500000000 0.000000000 0.000000000 -0.609965086 0.294823259 -0.735540152 2.100754164 0.513907194 0.853725433 -0.083976358 -0.502928921 0.603191018 -0.429222435 -0.672254562 5.283017009
20787433 0.801660163 1.427613983 0.500000000 0.500000000 0.000000000 0.000000000 -0.623757720 0.307956517 -0.718394518 1.934293530 0.516059101 0.852560461 -0.082606271 -0.500828076 0.587035656 -0.422260106 -0.690714955 5.119698104
20854167 0.801660163 1.427613983 0.500000000 0.500000000 0.000000000 0.000000000 -0.633929372 0.320192307 -0.703996301 1.806070651 0.519822001 0.850396574 -0.081307054 -0.482844093 0.572642207 -0.417495638 -0.705534339 4.944891970
20920900 0.801660163 1.427613983 0.500000000 0.500000000 0.000000000 0.000000000 -0.636350036 0.327157557 -0.698587179 1.745594813 0.523993909 0.847936392 -0.080212489 -0.453940584 0.566115260 -0.417098999 -0.711012840 4.749567026
20987633 0.801660163 1.427613983 0.500000000 0.500000000 0.000000000 0.000000000 -0.636139512 0.326899022 -0.698903561 1.730335351 0.525394857 0.846888900 -0.082095116 -0.417243155 0.565057039 -0.419423908 -0.710490704 4.527653243
21054367 0.801660163 1.427613983 0.500000000 0.500000000 0.000000000 0.000000000 -0.635870934 0.323666722 -0.700650275 1.719515570 0.522014976 0.849030018 -0.081539497 -0.383494392 0.568481624 -0.417598069 -0.708832502 4.314963159
21121100 0.801660163 1.427613983 0.500000000 0.500000000 0.000000000 0.000000000 -0.642831445 0.329050332 -0.691733181 1.649261933 0.520461082 0.850201249 -0.079234973 -0.367382880 0.562040150 -0.410954773 -0.717793941 4.123854313
21187833 0.801660163 1.427613983 0.500000000 0.500000000 0.000000000 0.000000000 -0.639862299 0.330867171 -0.693614960 1.641987198 0.517630577 0.852671802 -0.070776328 -0.391010279 0.568008304 -0.404323637 -0.716859460 3.901654179
21254567 0.801660163 1.427613983 0.500000000 0.500000000 0.000000000 0.000000000 -0.648110509 0.334870070 -0.683971047 1.574332860 0.516167879 0.853520989 -0.071223453 -0.384410020 0.559933066 -0.399204314 -0.726025105 3.704815689
21321300 0.801660163 1.427613983 0.500000000 0.500000000 0.000000000 0.000000000 -0.655844927 0.340756834 -0.673610032 1.504166848 0.515114546 0.854310036 -0.069363102 -0.390665082 0.551835835 -0.392477989 -0.735823631 3.504543570
21388033 0.801660163 1.427613983 0.500000000 0.500000000 0.000000000 0.000000000 -0.662303686 0.351440251 -0.661698878 1.431553274 0.517393410 0.853301287 -0.064661801 -0.387351835 0.541903794 -0.385184139 -0.746977568 3.301456879
21454767 0.801660163 1.427613983 0.500000000 0.500000000 0.000000000 0.000000000 -0.670096993 0.358896405 -0.649743319 1.364034515 0.519247770 0.852163255 -0.064806014 -0.355209966 0.530428886 -0.380803704 -0.757388234 3.091409623
21521500 0.801660163 1.427613983 0.500000000 0.500000000 0.000000000 0.000000000 -0.677167177 0.367421240 -0.637530267 1.295877683 0.519520700 0.852304578 -0.060621321 -0.326976990 0.521096408 -0.372261137 -0.768035650 2.882785849
21588233 0.801660163 1.427613983 0.500000000 0.500000000 0.000000000 0.000000000 -0.685516238 0.375933647 -0.623488784 1.234795452 0.520173609 0.852077603 -0.058162376 -0.291492797 0.509395599 -0.364194036 -0.779663801 2.687561416
21654967 0.801660163 1.427613983 0.500000000 0.500000000 0.000000000 0.000000000 -0.692951322 0.384904861 -0.609642565 1.174076561 0.521092951 0.851755619 -0.054536715 -0.263073920 0.498274952 -0.355472088 -0.790796399 2.487233406
21721700 0.801660163 1.427613983 0.500000000 0.500000000 0.000000000 0.000000000 -0.701858759 0.392918468 -0.594146490 1.112100868 0.520289004 0.852474689 -0.050856441 -0.252975080 0.486512423 -0.344821841 -0.802747965 2.293921725
21788433 0.801660163 1.427613983 0.500000000 0.500000000 0.000000000 0.000000000 -0.710782170 0.400802672 -0.578049242 1.047533922 0.519493282 0.853168547 -0.047220305 -0.256380585 0.474247277 -0.333856583 -0.814631224 2.089958995
21855167 0.801660163 1.427613983 0.500000000 0.500000000 0.000000000 0.000000000 -0.720397115 0.408394963 -0.560575724 0.986026110 0.518385887 0.854014039 -0.044004276 -0.259447262 0.460768491 -0.322294712 -0.826935530 1.886697421
21921900 0.801660163 1.427613983 0.500000000 0.500000000 0.000000000 0.000000000 -0.730184913 0.414427072 -0.543212354 0.933600452 0.517540216 0.854540586 -0.043731362 -0.246392947 0.446073562 -0.313066274 -0.838455319 1.676669020
21988633 0.801660163 1.427613983 0.500000000 0.500000000 0.000000000 0.000000000 -0.740126491 0.420095384 -0.525104403 0.896951971 0.517580926 0.854397833 -0.045983747 -0.225478179 0.429330528 -0.305817604 -0.849795818 1.468632962
22055367 0.801660163 1.427613983 0.500000000 0.500000000 0.000000000 0.000000000 -0.745819569 0.427727699 -0.510686755 0.860848838 0.521084487 0.852196455 -0.047244892 -0.186857835 0.414997458 -0.301347256 -0.858467102 1.279758539
22122100 0.801660163 1.427613983 0.500000000 0.500000000 0.000000000 0.000000000 -0.751976013 0.433684260 -0.496440172 0.822289531 0.526084304 0.848617315 -0.055535540 -0.135112308 0.397202909 -0.302930474 -0.866294384 1.069223149
22188833 0.801660163 1.427613983 0.500000000 0.500000000 0.000000000 0.000000000 -0.758607388 0.436764181 -0.483476222 0.793819782 0.527435601 0.847320080 -0.062129639 -0.080149334 0.382523060 -0.302134842 -0.873148203 0.901768445
22255567 0.801660163 1.427613983 0.500000000 0.500000000 0.000000000 0.000000000 -0.764294624 0.444027960 -0.467646658 0.784525427 0.530099392 0.845553398 -0.063515149 -0.056899156 0.367217720 -0.296443433 -0.881630898 0.710613471
22322300 0.801660163 1.427613983 0.500000000 0.500000000 0.000000000 0.000000000 -0.770288348 0.448779434 -0.453045696 0.776791024 0.529755533 0.845817447 -0.062862888 -0.043671654 0.354982287 -0.288426280 -0.889266729 0.516030649
22389033 0.801660163 1.427613983 0.500000000 0.500000000 0.000000000 0.000000000 -0.777448058 0.453443170 -0.435845405 0.781457947 0.528052151 0.847040772 -0.060684353 -0.034475780 0.341661841 -0.277328283 -0.897971869 0.317998144
22455767 0.801660163 1.427613983 0.500000000 0.500000000 0.000000000 0.000000000 -0.782464623 0.462281108 -0.417188913 0.791384050 0.530669630 0.845568538 -0.058341682 -0.030523260 0.325791568 -0.267039657 -0.906945944 0.126326187
22522500 0.801660163 1.427613983 0.500000000 0.500000000 0.000000000 0.000000000 -0.786740780 0.472682089 -0.397002518 0.800991357 0.534761369 0.843155205 -0.055853777 -0.021896620 0.308333695 -0.256244004 -0.916116714 -0.076801564
22589233 0.801660163 1.427613983 0.500000000 0.500000000 0.000000000 0.000000000 -0.793740749 0.481130183 -0.372142255 0.826887400 0.536418378 0.842134774 -0.055356644 0.016572985 0.286760211 -0.243562728 -0.926523805 -0.267453163
22655967 0.801660163 1.427613983 0.500000000 0.500000000 0.000000000 0.000000000 -0.800998926 0.492641896 -0.340151370 0.865953530 0.540073156 0.839784682 -0.055520639 0.058376998 0.258302093 -0.228178754 -0.938729286 -0.452430218
22722700 0.801660163 1.427613983 0.500000000 0.500000000 0.000000000 0.000000000 -0.811991334 0.505478084 -0.291826069 0.883472393 0.543491066 0.837101817 -0.062274262 0.124613824 0.212809861 -0.209170982 -0.954442263 -0.583240299
22789433 0.801660163 1.427613983 0.500000000 0.500000000 0.000000000 0.000000000 -0.816072702 0.520875931 -0.250429094 0.922886017 0.551083088 0.831869602 -0.065578371 0.105127660 0.174166173 -0.191523880 -0.965911865 -0.729048775
22856167 0.801660163 1.427613983 0.500000000 0.500000000 0.000000000 0.000000000 -0.822593927 0.528270721 -0.210404664 0.966209769 0.550716281 0.832278550 -0.063435718 0.150969625 0.141604066 -0.168055058 -0.975554585 -0.865104782
22922900 0.801660163 1.427613983 0.500000000 0.500000000 0.000000000 0.000000000 -0.828443289 0.536814809 -0.159723729 1.028810104 0.551242113 0.831963420 -0.062999748 0.160257006 0.099065103 -0.140238166 -0.985149503 -0.996580204
22989633 0.801660163 1.427613983 0.500000000 0.500000000 0.000000000 0.000000000 -0.830210447 0.545999408 -0.112391129 1.090646323 0.554465175 0.829639435 -0.065318011 0.134448208 0.057580471 -0.116544835 -0.991513014 -1.121275895
23056367 0.801660163 1.427613983 0.500000000 0.500000000 0.000000000 0.000000000 -0.828535914 0.553977489 -0.081454560 1.155237445 0.559153318 0.826259375 -0.068138160 0.113706875 0.029555554 -0.102000602 -0.994343877 -1.265866695
23123100 0.801660163 1.427613983 0.500000000 0.500000000 0.000000000 0.000000000 -0.828935862 0.557011187 -0.051034808 1.219980766 0.559312046 0.826409459 -0.064942226 0.154458689 0.006002108 -0.082377300 -0.996583581 -1.399331303
23189833 0.801660163 1.427613983 0.500000000 0.500000000 0.000000000 0.000000000 -0.827762246 0.561078548 0.001355464 1.299131593 0.559887290 0.826156616 -0.063178837 0.203779335 -0.036568105 -0.051538110 -0.998002052 -1.487472248
23256567 0.801660163 1.427613983 0.500000000 0.500000000 0.000000000 0.000000000 -0.822208047 0.565847099 0.061561685 1.418658514 0.562392056 0.824290037 -0.065275595 0.234820567 -0.087680697 -0.019048341 -0.995965838 -1.574937850
23323300 0.801660163 1.427613983 0.500000000 0.500000000 0.000000000 0.000000000 -0.810433149 0.570907712 0.131380603 1.537647676 0.566995502 0.820807934 -0.069211818 0.237757847 -0.147351816 0.018400637 -0.988912106 -1.605437300
23390033 0.801660163 1.427613983 0.500000000 0.500000000 0.000000000 0.000000000 -0.796957850 0.569708824 0.200722784 1.677519399 0.567816019 0.819935918 -0.072732657 0.245793303 -0.206016243 0.056008760 -0.976944208 -1.633059398
23456767 0.801660163 1.427613983 0.500000000 0.500000000 0.000000000 0.000000000 -0.779939771 0.568198085 0.262380779 1.810307983 0.569314361 0.818252504 -0.079648539 0.222841577 -0.259949863 0.087256074 -0.961670995 -1.660857694
23523500 0.801660163 1.427613983 0.500000000 0.500000000 0.000000000 0.000000000 -0.764446139 0.558461428 0.322086632 1.940634135 0.566438913 0.820396841 -0.078074962 0.249271830 -0.307840705 0.122758344 -0.943483472 -1.683134278
23590233 0.801660163 1.427613983 0.500000000 0.500000000 0.000000000 0.000000000 -0.737784624 0.553082168 0.387007594 2.081691882 0.569652855 0.817719460 -0.082647666 0.221281287 -0.362174571 0.159483775 -0.918365717 -1.680561756
23656967 0.801660163 1.427613983 0.500000000 0.500000000 0.000000000 0.000000000 -0.709190249 0.547920227 0.443659395 2.217192165 0.575660825 0.813334107 -0.084275357 0.202898318 -0.407019526 0.195630044 -0.892224789 -1.681911799
23723700 0.801660163 1.427613983 0.500000000 0.500000000 0.000000000 0.000000000 -0.674570203 0.535412788 0.508223891 2.387327911 0.580312014 0.810131311 -0.083220258 0.207972751 -0.456285298 0.238790378 -0.857196927 -1.657206290
24057367 0.801660163 1.427613983 0.500000000 0.500000000 0.000000000 0.000000000 -0.491925120 0.497955382 0.714177251 2.952906853 0.665813148 0.743707418 -0.059932619 0.178195978 -0.560982704 0.446026415 -0.697393537 -1.432117848
24124100 0.801660163 1.427613983 0.500000000 0.500000000 0.000000000 0.000000000 -0.459374785 0.487915605 0.742235303 3.037490172 0.691317439 0.721076131 -0.046145067 0.184112958 -0.557723045 0.491922319 -0.668548822 -1.388590266
24190833 0.801660163 1.427613983 0.500000000 0.500000000 0.000000000 0.000000000 -0.430642128 0.473563373 0.768297791 3.114898688 0.712870419 0.700554252 -0.032231331 0.193345703 -0.553497553 0.533817232 -0.639277339 -1.349533538
24257567 0.801660163 1.427613983 0.500000000 0.500000000 0.000000000 0.000000000 -0.406853199 0.460490167 0.788936138 3.178162914 0.733459532 0.679485202 -0.018361837 0.203079983 -0.544525981 0.571182013 -0.614201665 -1.326731645
24324300 0.801660163 1.427613983 0.500000000 0.500000000 0.000000000 0.000000000 -0.385945201 0.449161410 0.805790544 3.228823871 0.755479336 0.655163527 -0.003350347 0.221564083 -0.529429197 0.607465506 -0.592189312 -1.320266472
24391033 0.801660163 1.427613983 0.500000000 0.500000000 0.000000000 0.000000000 -0.370806456 0.441696197 0.816951692 3.266139948 0.775092006 0.631766200 0.010232002 0.250232905 -0.511603415 0.637006044 -0.576618314 -1.343565786
24457767 0.801660163 1.427613983 0.500000000 0.500000000 0.000000000 0.000000000 -0.356115818 0.433433890 0.827839434 3.294184983 0.787582755 0.615994215 0.016279995 0.264693427 -0.502888143 0.657789230 -0.560730457 -1.369243268
24524500 0.801660163 1.427613983 0.500000000 0.500000000 0.000000000 0.000000000 -0.343705416 0.428069413 0.835838079 3.332977027 0.795066178 0.606300831 0.016425133 0.268838784 -0.499738544 0.670191407 -0.548732519 -1.399684555
24591233 0.801660163 1.427613983 0.500000000 0.500000000 0.000000000 0.000000000 -0.335337877 0.426441252 0.840058029 3.363383999 0.803946674 0.594392061 0.019189149 0.274585012 -0.491140902 0.681796312 -0.542158365 -1.452172946
24657967 0.801660163 1.427613983 0.500000000 0.500000000 0.000000000 0.000000000 -0.327451229 0.422026694 0.845381796 3.401144084 0.812381089 0.582641065 0.023805290 0.281948810 -0.482507885 0.694566965 -0.533633113 -1.491842597
24724700 0.801660163 1.427613983 0.500000000 0.500000000 0.000000000 0.000000000 -0.319878578 0.416095316 0.851201892 3.447908009 0.822122395 0.568463266 0.031065941 0.296630741 -0.470950961 0.709728777 -0.523920655 -1.520235235
24791433 0.801660163 1.427613983 0.500000000 0.500000000 0.000000000 0.000000000 -0.312136054 0.411558747 0.856265008 3.490547267 0.833049774 0.551861703 0.038424730 0.311239997 -0.456725776 0.725305319 -0.515104771 -1.551178129
24858167 0.801660163 1.427613983 0.500000000 0.500000000 0.000000000 0.000000000 -0.305444837 0.407905847 0.860415399 3.533564223 0.844377518 0.533706069 0.046732932 0.328567938 -0.440146029 0.740790248 -0.507444143 -1.580506189
24924900 0.801660163 1.427613983 0.500000000 0.500000000 0.000000000 0.000000000 -0.298874617 0.401976496 0.865498602 3.581646253 0.856616735 0.512718916 0.057678372 0.359393254 -0.420571983 0.758639455 -0.497578382 -1.598227630
24991633 0.801660163 1.427613983 0.500000000 0.500000000 0.000000000 0.000000000 -0.288829207 0.397345781 0.871031761 3.630818717 0.869507313 0.489630103 0.064963728 0.380467247 -0.400670737 0.776131153 -0.486914873 -1.605576288
25058367 0.801660163 1.427613983 0.500000000 0.500000000 0.000000000 0.000000000 -0.276567698 0.392934859 0.876990259 3.685787836 0.882791579 0.464476228 0.070289254 0.388981603 -0.379721940 0.793639541 -0.475338578 -1.607878165
25125100 0.801660163 1.427613983 0.500000000 0.500000000 0.000000000 0.000000000 -0.261337996 0.387665153 0.883978248 3.744847664 0.898027778 0.433426440 0.075414449 0.396544547 -0.353903860 0.813545942 -0.461404800 -1.603898491
25191833 0.801660163 1.427613983 0.500000000 0.500000000 0.000000000 0.000000000 -0.242821336 0.382179320 0.891613662 3.801512874 0.911198676 0.405177116 0.074481994 0.383611301 -0.332795560 0.830523729 -0.446626663 -1.597204792
25258567 0.801660163 1.427613983 0.500000000 0.500000000 0.000000000 0.000000000 -0.221010923 0.376138240 0.899818897 3.863119496 0.924926400 0.373443186 0.071072757 0.362655148 -0.309298038 0.847974122 -0.430435181 -1.584579555
25325300 0.801660163 1.427613983 0.500000000 0.500000000 0.000000000 0.000000000 -0.198967934 0.369358867 0.907735705 3.925633230 0.937458515 0.341694713 0.066447973 0.341950605 -0.285624951 0.864186227 -0.414244652 -1.570935246
