https://www.youtube.com/watch?v=8dr5SbNinWo
50333333 0.860157192 1.531786644 0.500000000 0.500000000 0.000000000 0.000000000 0.988588274 0.011288798 -0.150219306 -4.200130106 -0.008991902 0.999832213 0.015960770 -0.888219069 0.150374278 -0.014427873 0.988523841 4.049189952
50400000 0.860157192 1.531786644 0.500000000 0.500000000 0.000000000 0.000000000 0.984758735 0.017208377 -0.173072621 -4.114020145 -0.014417833 0.999745190 0.017367890 -0.868313986 0.173327401 -0.014607849 0.984755933 3.909930161
50466667 0.860157192 1.531786644 0.500000000 0.500000000 0.000000000 0.000000000 0.980332017 0.022904141 -0.196021795 -4.034740063 -0.019571116 0.999629378 0.018923713 -0.852878996 0.196382582 -0.014715156 0.980416954 3.773690104
50533333 0.860157192 1.531786644 0.500000000 0.500000000 0.000000000 0.000000000 0.974997282 0.028877022 -0.220332369 -3.956479694 -0.024960307 0.999477386 0.020540306 -0.841177961 0.220810369 -0.014527174 0.975208521 3.632999707
50600000 0.860157192 1.531786644 0.500000000 0.500000000 0.000000000 0.000000000 0.969142556 0.035083946 -0.243991345 -3.875439743 -0.030655455 0.999289513 0.021925019 -0.828937948 0.244587213 -0.013768805 0.969529510 3.483410155
50666667 0.860157192 1.531786644 0.500000000 0.500000000 0.000000000 0.000000000 0.963080168 0.041354958 -0.266019374 -3.801809706 -0.036452647 0.999062717 0.023341810 -0.810105968 0.266735345 -0.012782922 0.963685036 3.369939960
50733333 0.860157192 1.531786644 0.500000000 0.500000000 0.000000000 0.000000000 0.956801295 0.047222994 -0.286881894 -3.720979604 -0.041863479 0.998815715 0.024790809 -0.787774024 0.287712842 -0.011709995 0.957645118 3.231909785
50800000 0.860157192 1.531786644 0.500000000 0.500000000 0.000000000 0.000000000 0.950494170 0.052152455 -0.306334555 -3.636389531 -0.046317592 0.998580754 0.026290964 -0.775187066 0.307270944 -0.010800719 0.951560736 3.111219604
50866667 0.860157192 1.531786644 0.500000000 0.500000000 0.000000000 0.000000000 0.944299579 0.057286382 -0.324062586 -3.550839812 -0.051200956 0.998315692 0.027281299 -0.744184051 0.325079620 -0.009169393 0.945642173 2.970139760
50933333 0.860157192 1.531786644 0.500000000 0.500000000 0.000000000 0.000000000 0.938268661 0.061467301 -0.340402067 -3.450489473 -0.054896649 0.998073399 0.028910130 -0.724938963 0.341523290 -0.008438515 0.939835370 2.824689623
51000000 0.860157192 1.531786644 0.500000000 0.500000000 0.000000000 0.000000000 0.932472646 0.065830037 -0.355191648 -3.339149773 -0.059026990 0.997806430 0.029968541 -0.702618954 0.356385350 -0.006978937 0.934312940 2.673559551
51066667 0.860157192 1.531786644 0.500000000 0.500000000 0.000000000 0.000000000 0.926938653 0.069999777 -0.368625671 -3.211440303 -0.062846459 0.997529387 0.031392358 -0.673875050 0.369912416 -0.005931983 0.929047763 2.530350222
51133333 0.860157192 1.531786644 0.500000000 0.500000000 0.000000000 0.000000000 0.922163904 0.073361702 -0.379778504 -3.067039710 -0.065952398 0.997293234 0.032503687 -0.647007954 0.381135046 -0.004926402 0.924506187 2.382499721
51200000 0.860157192 1.531786644 0.500000000 0.500000000 0.000000000 0.000000000 0.917409599 0.076771222 -0.390468717 -2.916419961 -0.069217615 0.997042179 0.033404075 -0.601297927 0.391878247 -0.003617904 0.920009971 2.258399968
51266667 0.860157192 1.531786644 0.500000000 0.500000000 0.000000000 0.000000000 0.913336873 0.079281539 -0.399412364 -2.768390076 -0.071484178 0.996848106 0.034406841 -0.559698964 0.400881320 -0.002873380 0.916125536 2.107850321
51333333 0.860157192 1.531786644 0.500000000 0.500000000 0.000000000 0.000000000 0.909373581 0.081744105 -0.407869637 -2.604800135 -0.074010059 0.996652365 0.034735776 -0.515620013 0.409343660 -0.001401346 0.912379205 1.963269836
51400000 0.860157192 1.531786644 0.500000000 0.500000000 0.000000000 0.000000000 0.905392647 0.084233686 -0.416135490 -2.447169779 -0.076272711 0.996445835 0.035751697 -0.461662995 0.417667985 -0.000629529 0.908599496 1.832029845
51466667 0.860157192 1.531786644 0.500000000 0.500000000 0.000000000 0.000000000 0.902305603 0.086228512 -0.422385305 -2.297110346 -0.077944599 0.996275306 0.036879826 -0.412499001 0.423992127 -0.000354227 0.905665815 1.711699929
51533333 0.860157192 1.531786644 0.500000000 0.500000000 0.000000000 0.000000000 0.898326039 0.088157594 -0.430393696 -2.130090342 -0.079550892 0.996106565 0.037992477 -0.359418117 0.432067275 0.000108531 0.901841462 1.619920452
51600000 0.860157192 1.531786644 0.500000000 0.500000000 0.000000000 0.000000000 0.895438552 0.089859255 -0.436021924 -1.977129937 -0.081197314 0.995954037 0.038503755 -0.317176013 0.437717736 0.000926059 0.899111986 1.530449971
51666667 0.860157192 1.531786644 0.500000000 0.500000000 0.000000000 0.000000000 0.892393529 0.091488965 -0.441886365 -1.806649948 -0.083127864 0.995802820 0.038295355 -0.276902018 0.443535268 0.002558552 0.896253228 1.459699785
51733333 0.860157192 1.531786644 0.500000000 0.500000000 0.000000000 0.000000000 0.890384316 0.092803471 -0.445649266 -1.650640014 -0.084516861 0.995678663 0.038483065 -0.242324999 0.447294831 0.003400166 0.894380093 1.369730014
51800000 0.860157192 1.531786644 0.500000000 0.500000000 0.000000000 0.000000000 0.888545454 0.094206862 -0.449012250 -1.465689946 -0.086164765 0.995541990 0.038363263 -0.208515985 0.450624615 0.004601544 0.892701626 1.290680082
51866667 0.860157192 1.531786644 0.500000000 0.500000000 0.000000000 0.000000000 0.886812568 0.094748512 -0.452311963 -1.281129807 -0.086322203 0.995492339 0.039286591 -0.184412004 0.453995436 0.004204730 0.890994072 1.190839960
51933333 0.860157192 1.531786644 0.500000000 0.500000000 0.000000000 0.000000000 0.885119438 0.095248275 -0.455512166 -1.087589931 -0.086551629 0.995445311 0.039968032 -0.158142984 0.457244337 0.004048843 0.889331877 1.085679980
52000000 0.860157192 1.531786644 0.500000000 0.500000000 0.000000000 0.000000000 0.883329570 0.096410833 -0.458730847 -0.893438146 -0.087412275 0.995333612 0.040867314 -0.123727035 0.460530251 0.003999369 0.887635112 0.961633250
52066667 0.860157192 1.531786644 0.500000000 0.500000000 0.000000000 0.000000000 0.881238043 0.097227015 -0.462565213 -0.686766154 -0.087869771 0.995254934 0.041791923 -0.089008121 0.464433581 0.003816841 0.885599792 0.866796124
52133333 0.860157192 1.531786644 0.500000000 0.500000000 0.000000000 0.000000000 0.878756344 0.097927734 -0.467116237 -0.479199029 -0.088187993 0.995186865 0.042731624 -0.063776513 0.469052553 0.003643341 0.883162796 0.747930052
52200000 0.860157192 1.531786644 0.500000000 0.500000000 0.000000000 0.000000000 0.876046360 0.099066734 -0.471941143 -0.280972959 -0.089095742 0.995072961 0.043494046 -0.026636290 0.473924667 0.003945159 0.880556524 0.614678928
52266667 0.860157192 1.531786644 0.500000000 0.500000000 0.000000000 0.000000000 0.872157395 0.100394182 -0.478813887 -0.081668119 -0.089791216 0.994940877 0.045057617 0.005579768 0.480915010 0.003695903 0.876759529 0.516706059
52333333 0.860157192 1.531786644 0.500000000 0.500000000 0.000000000 0.000000000 0.868009508 0.102104865 -0.485936344 0.095150696 -0.091123961 0.994765043 0.046248622 0.030081196 0.488114715 0.004136188 0.872769713 0.388040026
52400000 0.860157192 1.531786644 0.500000000 0.500000000 0.000000000 0.000000000 0.863959372 0.103956647 -0.492714077 0.273094988 -0.092874132 0.994568408 0.046989761 0.043075805 0.494922787 0.005163169 0.868921578 0.250706981
52466667 0.860157192 1.531786644 0.500000000 0.500000000 0.000000000 0.000000000 0.859221041 0.106072992 -0.500487447 0.440716975 -0.094794586 0.994338989 0.047999237 0.059008197 0.502745628 0.006201558 0.864412129 0.115459987
52533333 0.860157192 1.531786644 0.500000000 0.500000000 0.000000000 0.000000000 0.854776740 0.107839704 -0.507668734 0.603685146 -0.096071824 0.994146824 0.049419135 0.064694797 0.510026574 0.006530294 0.860133946 -0.052576545
52600000 0.860157192 1.531786644 0.500000000 0.500000000 0.000000000 0.000000000 0.850147128 0.109927446 -0.514942825 0.773460158 -0.097935602 0.993911266 0.050488055 0.077919406 0.517357528 0.007508915 0.855736554 -0.208880027
52666667 0.860157192 1.531786644 0.500000000 0.500000000 0.000000000 0.000000000 0.845832944 0.111745901 -0.521612406 0.944827961 -0.099628381 0.993700027 0.051327258 0.097952317 0.524061918 0.008553108 0.851637244 -0.383586968
52733333 0.860157192 1.531786644 0.500000000 0.500000000 0.000000000 0.000000000 0.841590285 0.113638476 -0.528026700 1.117470117 -0.101138368 0.993480265 0.052611962 0.120254016 0.530562878 0.009126021 0.847596526 -0.587934096
52800000 0.860157192 1.531786644 0.500000000 0.500000000 0.000000000 0.000000000 0.837508261 0.115340352 -0.534112871 1.287460059 -0.102606729 0.993276596 0.053604584 0.152364998 0.536704600 0.009909276 0.843712091 -0.782846073
52866667 0.860157192 1.531786644 0.500000000 0.500000000 0.000000000 0.000000000 0.833641708 0.117085673 -0.539752126 1.452479751 -0.104044206 0.993065894 0.054725479 0.189319001 0.542417049 0.010536652 0.840043247 -0.977364865
52933333 0.860157192 1.531786644 0.500000000 0.500000000 0.000000000 0.000000000 0.830119133 0.118404090 -0.544869542 1.616890172 -0.104670197 0.992912114 0.056299947 0.229559985 0.547673702 0.010295929 0.836628675 -1.145780015
53000000 0.860157192 1.531786644 0.500000000 0.500000000 0.000000000 0.000000000 0.826475859 0.120218039 -0.549986422 1.792719514 -0.106535822 0.992680013 0.056890044 0.263454993 0.552799761 0.011575047 0.833233595 -1.307739627
53066667 0.860157192 1.531786644 0.500000000 0.500000000 0.000000000 0.000000000 0.822469354 0.121638253 -0.555651307 1.972810101 -0.108131692 0.992488980 0.057211470 0.284947967 0.558436871 0.013028834 0.829444706 -1.430779976
53133333 0.860157192 1.531786644 0.500000000 0.500000000 0.000000000 0.000000000 0.818875790 0.123477228 -0.560531676 2.157019969 -0.109823428 0.992249310 0.058138452 0.302009963 0.563365996 0.013951359 0.826089621 -1.564269876
53200000 0.860157192 1.531786644 0.500000000 0.500000000 0.000000000 0.000000000 0.814819336 0.125060737 -0.566064894 2.347690542 -0.111018755 0.992043555 0.059366819 0.301252136 0.568985522 0.014470544 0.822220385 -1.665370501
53266667 0.860157192 1.531786644 0.500000000 0.500000000 0.000000000 0.000000000 0.810769022 0.126618996 -0.571507752 2.549359926 -0.112353429 0.991833746 0.060353190 0.298163954 0.574482501 0.015278386 0.818374157 -1.773599799
53333333 0.860157192 1.531786644 0.500000000 0.500000000 0.000000000 0.000000000 0.805763364 0.128167108 -0.578202605 2.756519151 -0.113275230 0.991630256 0.061952922 0.280938937 0.581303477 0.015576709 0.813537478 -1.864929170
53400000 0.860157192 1.531786644 0.500000000 0.500000000 0.000000000 0.000000000 0.799608648 0.130174026 -0.586242914 2.960730254 -0.114406779 0.991364837 0.064084865 0.260260002 0.589522839 0.015827341 0.807596684 -1.939180127
53466667 0.860157192 1.531786644 0.500000000 0.500000000 0.000000000 0.000000000 0.791539311 0.133014932 -0.596466720 3.176520227 -0.116497681 0.990969360 0.066393018 0.241566984 0.599911511 0.016934294 0.799887180 -1.997260126
53533333 0.860157192 1.531786644 0.500000000 0.500000000 0.000000000 0.000000000 0.781542480 0.135747105 -0.608904362 3.406391497 -0.118572123 0.990569830 0.068644360 0.231923133 0.612480521 0.018550508 0.790268242 -2.008491100
53600000 0.860157192 1.531786644 0.500000000 0.500000000 0.000000000 0.000000000 0.768329978 0.139723435 -0.624616683 3.642078535 -0.122100517 0.989956677 0.071254335 0.226121877 0.628299415 0.021519266 0.777673721 -2.014409102
53666667 0.860157192 1.531786644 0.500000000 0.500000000 0.000000000 0.000000000 0.753263354 0.144305065 -0.641693175 3.874589120 -0.125701293 0.989236355 0.074904375 0.207795969 0.645595253 0.024239004 0.763294816 -1.999269606
53733333 0.860157192 1.531786644 0.500000000 0.500000000 0.000000000 0.000000000 0.736036062 0.150035188 -0.660106421 4.102020147 -0.130252168 0.988296926 0.079394817 0.189762006 0.664293170 0.027542830 0.746964574 -1.948680086
53800000 0.860157192 1.531786644 0.500000000 0.500000000 0.000000000 0.000000000 0.717241466 0.155734867 -0.679199398 4.314941851 -0.135079473 0.987290442 0.083732374 0.156404109 0.683607161 0.031689450 0.729162216 -1.905190736
53866667 0.860157192 1.531786644 0.500000000 0.500000000 0.000000000 0.000000000 0.697050273 0.161222309 -0.698662102 4.535211950 -0.140290320 0.986226380 0.087613612 0.135454114 0.703164279 0.036944333 0.710067272 -1.870700648
53933333 0.860157192 1.531786644 0.500000000 0.500000000 0.000000000 0.000000000 0.676628351 0.166764960 -0.717191041 4.745337124 -0.144296393 0.985160291 0.092939213 0.103444897 0.722047150 0.040602878 0.690651000 -1.804689028
54000000 0.860157192 1.531786644 0.500000000 0.500000000 0.000000000 0.000000000 0.657384038 0.171956450 -0.733673513 4.959958101 -0.148662835 0.984075546 0.097440548 0.085858839 0.738745749 0.045014210 0.672479033 -1.765919092
54066667 0.860157192 1.531786644 0.500000000 0.500000000 0.000000000 0.000000000 0.639018893 0.176219329 -0.748733461 5.202621202 -0.151988402 0.983139098 0.101671249 0.077439714 0.754025519 0.048828948 0.655027747 -1.722820545
54133333 0.860157192 1.531786644 0.500000000 0.500000000 0.000000000 0.000000000 0.623090506 0.179613635 -0.761246800 5.445627547 -0.155118302 0.982320428 0.104808830 0.077872362 0.766613364 0.052778013 0.639935970 -1.674159789
54200000 0.860157192 1.531786644 0.500000000 0.500000000 0.000000000 0.000000000 0.608513236 0.183214962 -0.772103369 5.677708229 -0.159127414 0.981391668 0.107465521 0.092111804 0.777425110 0.057468679 0.626344383 -1.631379417
54266667 0.860157192 1.531786644 0.500000000 0.500000000 0.000000000 0.000000000 0.594921649 0.186230615 -0.781912088 5.894381034 -0.160853937 0.980695188 0.111188941 0.075034302 0.787524223 0.059624903 0.613392711 -1.581440285
54333333 0.860157192 1.531786644 0.500000000 0.500000000 0.000000000 0.000000000 0.580227256 0.189429790 -0.792119443 6.091463578 -0.163660645 0.979855955 0.114444293 0.066083614 0.797842085 0.063234963 0.599541306 -1.526611078
54400000 0.860157192 1.531786644 0.500000000 0.500000000 0.000000000 0.000000000 0.564810395 0.192118257 -0.802545369 6.258015669 -0.165777415 0.979112208 0.117716104 0.071105015 0.808397353 0.066556767 0.584861696 -1.409129152
