https://www.youtube.com/watch?v=HXuZfaO3ITM
14381033 0.857300415 1.526998224 0.500000000 0.500000000 0.000000000 0.000000000 0.979490697 -0.201471612 0.002677215 -1.201419947 0.200938985 0.977710247 0.060878579 -0.113442942 -0.014882850 -0.059092041 0.998141587 7.792950557
14447767 0.857300415 1.526998224 0.500000000 0.500000000 0.000000000 0.000000000 0.976936340 -0.213498294 -0.003711143 -1.213429956 0.213275880 0.974775314 0.065775998 -0.109544980 -0.010425543 -0.065050460 0.997827530 7.552130238
14514500 0.857300415 1.526998224 0.500000000 0.500000000 0.000000000 0.000000000 0.969927549 -0.243301347 -0.006703407 -1.209910063 0.243155643 0.967393637 0.070886284 -0.122280048 -0.010761909 -0.070384532 0.997461855 7.354449853
14581233 0.857300415 1.526998224 0.500000000 0.500000000 0.000000000 0.000000000 0.966193676 -0.257758945 -0.005482204 -1.176399896 0.257458359 0.963509202 0.073247448 -0.133055932 -0.013598038 -0.072182655 0.997298717 7.123159464
14647967 0.857300415 1.526998224 0.500000000 0.500000000 0.000000000 0.000000000 0.955246210 -0.295791805 -0.003441554 -1.105400048 0.295295656 0.952827871 0.070139147 -0.232694020 -0.017467387 -0.068016432 0.997531295 6.880750253
14714700 0.857300415 1.526998224 0.500000000 0.500000000 0.000000000 0.000000000 0.952147841 -0.305632263 -0.001863703 -1.068760047 0.305040389 0.949887455 0.068294935 -0.288189000 -0.019102817 -0.065595381 0.997663438 6.635899751
14781433 0.857300415 1.526998224 0.500000000 0.500000000 0.000000000 0.000000000 0.945474148 -0.325669020 -0.004279365 -1.052540009 0.325145870 0.943028152 0.070555083 -0.351708032 -0.018942047 -0.068099432 0.997498691 6.385749945
14848167 0.857300415 1.526998224 0.500000000 0.500000000 0.000000000 0.000000000 0.942244649 -0.334924966 -0.000650769 -1.009400112 0.334081203 0.939729333 0.072791606 -0.401786066 -0.023768160 -0.068804905 0.997346938 6.156319832
14914900 0.857300415 1.526998224 0.500000000 0.500000000 0.000000000 0.000000000 0.935413599 -0.353538215 -0.003482057 -1.000550032 0.352636516 0.932227850 0.081232615 -0.432348946 -0.025472760 -0.077213995 0.996689081 5.927239387
14981633 0.857300415 1.526998224 0.500000000 0.500000000 0.000000000 0.000000000 0.926196516 -0.377040803 -0.000536659 -0.948383011 0.375715196 0.922819078 0.085105971 -0.504051014 -0.031593185 -0.079026490 0.996371746 5.696359638
15048367 0.857300415 1.526998224 0.500000000 0.500000000 0.000000000 0.000000000 0.919838309 -0.392151415 -0.010710074 -0.976601146 0.391409159 0.915576577 0.092294291 -0.544680945 -0.026387470 -0.089087844 0.995674193 5.428520249
15115100 0.857300415 1.526998224 0.500000000 0.500000000 0.000000000 0.000000000 0.911767840 -0.409999013 -0.024088684 -1.007989901 0.410410106 0.907316148 0.091329113 -0.630232140 -0.015588775 -0.093157187 0.995529354 5.178489638
15181833 0.857300415 1.526998224 0.500000000 0.500000000 0.000000000 0.000000000 0.910928011 -0.411037832 -0.035469014 -1.029959942 0.412503034 0.905924618 0.095613077 -0.649042083 -0.007168333 -0.101727709 0.994786441 4.920609548
15248567 0.857300415 1.526998224 0.500000000 0.500000000 0.000000000 0.000000000 0.909621298 -0.414467931 -0.028383125 -0.944477996 0.415111780 0.904072285 0.101664655 -0.653755210 -0.016476311 -0.104258500 0.994413733 4.701639848
15315300 0.857300415 1.526998224 0.500000000 0.500000000 0.000000000 0.000000000 0.908522666 -0.416929275 -0.027502164 -0.874888998 0.417196304 0.901526988 0.114874929 -0.622474921 -0.023100816 -0.115840286 0.992999196 4.519179833
15382033 0.857300415 1.526998224 0.500000000 0.500000000 0.000000000 0.000000000 0.901531339 -0.431681722 -0.029869944 -0.796212043 0.431863457 0.893287420 0.124625817 -0.618100011 -0.027116232 -0.125253811 0.991754115 4.320290329
15448767 0.857300415 1.526998224 0.500000000 0.500000000 0.000000000 0.000000000 0.902848721 -0.428502560 -0.035348684 -0.745953029 0.429004788 0.892325461 0.140392408 -0.568503930 -0.028616033 -0.141917869 0.989464700 4.115549964
15515500 0.857300415 1.526998224 0.500000000 0.500000000 0.000000000 0.000000000 0.897119403 -0.439523220 -0.044676818 -0.690432116 0.440843701 0.884003937 0.155543372 -0.527869050 -0.028870488 -0.159236476 0.986818254 3.899879960
15582233 0.857300415 1.526998224 0.500000000 0.500000000 0.000000000 0.000000000 0.896600962 -0.439621449 -0.053289130 -0.627915889 0.441831291 0.879944324 0.174594373 -0.458817963 -0.029863924 -0.180086285 0.983197391 3.669970203
15648967 0.857300415 1.526998224 0.500000000 0.500000000 0.000000000 0.000000000 0.891655743 -0.447226107 -0.070275195 -0.579968219 0.452103019 0.871598005 0.189524323 -0.403198867 -0.023508610 -0.200762093 0.979357898 3.445900063
15715700 0.857300415 1.526998224 0.500000000 0.500000000 0.000000000 0.000000000 0.887975454 -0.454119712 -0.072628729 -0.477705845 0.459121257 0.866232038 0.197103456 -0.359993041 -0.026595196 -0.208368436 0.977688730 3.241839875
15782433 0.857300415 1.526998224 0.500000000 0.500000000 0.000000000 0.000000000 0.881238461 -0.465592474 -0.081502229 -0.399778850 0.472012132 0.857717872 0.203776300 -0.326503068 -0.024970727 -0.218045533 0.975619078 3.066389857
15849167 0.857300415 1.526998224 0.500000000 0.500000000 0.000000000 0.000000000 0.878228664 -0.471659422 -0.079068422 -0.302678909 0.477402568 0.854838490 0.203317583 -0.308837048 -0.028305907 -0.216306806 0.975915015 2.902439972
15915900 0.857300415 1.526998224 0.500000000 0.500000000 0.000000000 0.000000000 0.871491909 -0.482776374 -0.086190827 -0.232373945 0.489831716 0.848383129 0.200775951 -0.295840976 -0.023807017 -0.217193633 0.975838184 2.737440184
15982633 0.857300415 1.526998224 0.500000000 0.500000000 0.000000000 0.000000000 0.865433812 -0.492772847 -0.090549923 -0.156555968 0.500577033 0.842797995 0.197772950 -0.284490000 -0.021141842 -0.216486603 0.976056635 2.560659916
16049367 0.857300415 1.526998224 0.500000000 0.500000000 0.000000000 0.000000000 0.855589271 -0.508347452 -0.097722962 -0.083856358 0.517456830 0.834657550 0.188639835 -0.277645962 -0.014329426 -0.211965635 0.977172017 2.368539825
16116100 0.857300415 1.526998224 0.500000000 0.500000000 0.000000000 0.000000000 0.851311088 -0.514161408 -0.104439393 -0.020040367 0.524628222 0.831986189 0.180456012 -0.255488979 -0.005891331 -0.208416045 0.978022516 2.143910109
16182833 0.857300415 1.526998224 0.500000000 0.500000000 0.000000000 0.000000000 0.844447851 -0.523383796 -0.113918319 0.038000326 0.535635412 0.825775862 0.176604480 -0.219587016 0.001639135 -0.210151941 0.977667391 1.925500068
16249567 0.857300415 1.526998224 0.500000000 0.500000000 0.000000000 0.000000000 0.843151331 -0.522525907 -0.126738697 0.075343552 0.537582040 0.823666334 0.180497855 -0.163023944 0.010075681 -0.220319450 0.975375772 1.705980107
16316300 0.857300415 1.526998224 0.500000000 0.500000000 0.000000000 0.000000000 0.842246175 -0.521981955 -0.134744391 0.116755874 0.538889885 0.822066367 0.183859929 -0.110238023 0.014797200 -0.227467731 0.973673165 1.517660077
16383033 0.857300415 1.526998224 0.500000000 0.500000000 0.000000000 0.000000000 0.842723668 -0.517934144 -0.146836653 0.155261954 0.537881672 0.821400881 0.189694226 -0.052706491 0.022362623 -0.238840550 0.970801234 1.328169846
16449767 0.857300415 1.526998224 0.500000000 0.500000000 0.000000000 0.000000000 0.842912316 -0.515772462 -0.153222859 0.203933798 0.537309766 0.821837425 0.189422905 -0.002809354 0.028225038 -0.241995096 0.969866812 1.159909784
16516500 0.857300415 1.526998224 0.500000000 0.500000000 0.000000000 0.000000000 0.840558469 -0.517163575 -0.161255121 0.270056912 0.540739834 0.818907261 0.192331254 0.055777689 0.032586224 -0.248862743 0.967990398 0.973935987
16583233 0.857300415 1.526998224 0.500000000 0.500000000 0.000000000 0.000000000 0.832055569 -0.527122855 -0.172698855 0.329412932 0.553209543 0.811335742 0.188927025 0.102854995 0.040528975 -0.252736449 0.966685891 0.823193938
16649967 0.857300415 1.526998224 0.500000000 0.500000000 0.000000000 0.000000000 0.829083800 -0.530045748 -0.177965477 0.392662102 0.556750894 0.811926305 0.175511897 0.125195052 0.051465601 -0.244596452 0.968258202 0.666724043
16716700 0.857300415 1.526998224 0.500000000 0.500000000 0.000000000 0.000000000 0.826028764 -0.533673942 -0.181298003 0.453644224 0.560106337 0.813144624 0.158357397 0.139852061 0.062910393 -0.232353851 0.970594704 0.518213055
16783433 0.857300415 1.526998224 0.500000000 0.500000000 0.000000000 0.000000000 0.823735237 -0.533031881 -0.193228289 0.494431933 0.561577618 0.813961148 0.148653120 0.159684998 0.078043446 -0.230963498 0.969827354 0.387756985
16850167 0.857300415 1.526998224 0.500000000 0.500000000 0.000000000 0.000000000 0.823632240 -0.526360393 -0.211127311 0.534628015 0.558390737 0.817740798 0.139642149 0.169801997 0.099145353 -0.232905269 0.967432380 0.271392013
16916900 0.857300415 1.526998224 0.500000000 0.500000000 0.000000000 0.000000000 0.823508143 -0.519894540 -0.227032930 0.575775944 0.554677546 0.821854353 0.129954278 0.179037968 0.119025469 -0.232948512 0.965177655 0.157562980
16983633 0.857300415 1.526998224 0.500000000 0.500000000 0.000000000 0.000000000 0.825632513 -0.506557047 -0.248456940 0.627906004 0.545358598 0.829379499 0.121299654 0.193023995 0.144619897 -0.235647082 0.961017966 0.023254807
17050367 0.857300415 1.526998224 0.500000000 0.500000000 0.000000000 0.000000000 0.830415964 -0.486168057 -0.272120923 0.685673919 0.529586315 0.840493798 0.114492014 0.194890015 0.173053533 -0.239187554 0.955427527 -0.099572940
17117100 0.857300415 1.526998224 0.500000000 0.500000000 0.000000000 0.000000000 0.836058259 -0.461984098 -0.295934409 0.752484954 0.511021376 0.852027059 0.113608360 0.200437018 0.199658826 -0.246212065 0.948428154 -0.230070023
17183833 0.857300415 1.526998224 0.500000000 0.500000000 0.000000000 0.000000000 0.839894652 -0.443082124 -0.313457161 0.819207157 0.495558470 0.861588240 0.109943405 0.208105002 0.221357077 -0.247677162 0.943216383 -0.347712973
17250567 0.857300415 1.526998224 0.500000000 0.500000000 0.000000000 0.000000000 0.840695858 -0.428108633 -0.331592560 0.881323085 0.483372092 0.869315386 0.103161395 0.220922947 0.244094312 -0.247009873 0.937765539 -0.451692978
17317300 0.857300415 1.526998224 0.500000000 0.500000000 0.000000000 0.000000000 0.843821645 -0.407103002 -0.349616915 0.940671890 0.465192437 0.879723787 0.098396845 0.231958089 0.267508596 -0.245668620 0.931711316 -0.548755012
17384033 0.857300415 1.526998224 0.500000000 0.500000000 0.000000000 0.000000000 0.842575550 -0.387405604 -0.374143243 1.005129949 0.450364441 0.887778580 0.094978735 0.244117053 0.295360982 -0.248527661 0.922494352 -0.630157108
17450767 0.857300415 1.526998224 0.500000000 0.500000000 0.000000000 0.000000000 0.853207588 -0.344175398 -0.391892880 1.077710000 0.409477711 0.907404900 0.094574369 0.236048038 0.323055297 -0.241163015 0.915136933 -0.718680109
17517500 0.857300415 1.526998224 0.500000000 0.500000000 0.000000000 0.000000000 0.847688079 -0.319181770 -0.423731118 1.159700127 0.388375133 0.917494476 0.085840970 0.245834920 0.361372143 -0.237332940 0.901711345 -0.786612006
17584233 0.857300415 1.526998224 0.500000000 0.500000000 0.000000000 0.000000000 0.849201739 -0.282336295 -0.446254194 1.226690212 0.355435193 0.930585682 0.087614000 0.234091854 0.390541196 -0.233016312 0.890607178 -0.856866159
17650967 0.857300415 1.526998224 0.500000000 0.500000000 0.000000000 0.000000000 0.848010302 -0.243783906 -0.470582277 1.292859777 0.324568361 0.940824091 0.097495168 0.220053150 0.418967336 -0.235413134 0.876953185 -0.912309949
17717700 0.857300415 1.526998224 0.500000000 0.500000000 0.000000000 0.000000000 0.846521378 -0.212155461 -0.488253653 1.346969966 0.300248563 0.947635949 0.108797342 0.204556959 0.439604759 -0.238696724 0.865893483 -0.967807013
17784433 0.857300415 1.526998224 0.500000000 0.500000000 0.000000000 0.000000000 0.841478825 -0.181556284 -0.508871734 1.411239681 0.276846081 0.953698993 0.117534459 0.185283239 0.463971317 -0.239782006 0.852780700 -1.014819722
17851167 0.857300415 1.526998224 0.500000000 0.500000000 0.000000000 0.000000000 0.839533806 -0.143034667 -0.524141133 1.472229806 0.245376080 0.960549831 0.130899012 0.154089108 0.484740555 -0.238505900 0.841511369 -1.078049953
17917900 0.857300415 1.526998224 0.500000000 0.500000000 0.000000000 0.000000000 0.832040131 -0.113542601 -0.542970896 1.534230042 0.226153597 0.963219225 0.145132065 0.120395912 0.506521344 -0.243550479 0.827115119 -1.142400099
17984633 0.857300415 1.526998224 0.500000000 0.500000000 0.000000000 0.000000000 0.828816831 -0.065458223 -0.555677891 1.607319978 0.189191893 0.967422545 0.168226391 0.058094657 0.526563525 -0.244558603 0.814200222 -1.215019970
18051367 0.857300415 1.526998224 0.500000000 0.500000000 0.000000000 0.000000000 0.822218537 -0.018603019 -0.568867981 1.663720174 0.154488534 0.969239116 0.191595629 -0.015579011 0.547804892 -0.245417044 0.799800277 -1.301550242
18118100 0.857300415 1.526998224 0.500000000 0.500000000 0.000000000 0.000000000 0.816010118 0.039769251 -0.576668024 1.729520163 0.111802205 0.967933059 0.224957392 -0.109827104 0.567122459 -0.248040244 0.785396934 -1.388540340
18184833 0.857300415 1.526998224 0.500000000 0.500000000 0.000000000 0.000000000 0.807953238 0.085387222 -0.583026767 1.778079083 0.081904374 0.963566124 0.254621208 -0.201447628 0.583526254 -0.253474474 0.771522760 -1.472989172
18251567 0.857300415 1.526998224 0.500000000 0.500000000 0.000000000 0.000000000 0.796580791 0.131142348 -0.590136349 1.840500289 0.054529734 0.956620157 0.286189497 -0.294821113 0.602067888 -0.260153055 0.754874051 -1.550230283
18318300 0.857300415 1.526998224 0.500000000 0.500000000 0.000000000 0.000000000 0.787211001 0.161988109 -0.595028102 1.898139393 0.037958305 0.950326622 0.308931053 -0.365418704 0.615514219 -0.265780151 0.741958737 -1.633369380
18385033 0.857300415 1.526998224 0.500000000 0.500000000 0.000000000 0.000000000 0.776855230 0.200428680 -0.596928954 1.959749947 0.019750863 0.939766467 0.341246068 -0.461488941 0.629369259 -0.276888669 0.726103902 -1.719939962
18451767 0.857300415 1.526998224 0.500000000 0.500000000 0.000000000 0.000000000 0.757265329 0.234459370 -0.609572053 2.039150109 0.004784308 0.931324720 0.364158452 -0.541188058 0.653089881 -0.278680921 0.704138160 -1.786900008
18518500 0.857300415 1.526998224 0.500000000 0.500000000 0.000000000 0.000000000 0.743428826 0.272218466 -0.610909402 2.104398931 -0.010010213 0.917847514 0.396806777 -0.643185629 0.668739855 -0.288882196 0.685079336 -1.849409342
18585233 0.857300415 1.526998224 0.500000000 0.500000000 0.000000000 0.000000000 0.734843135 0.291069567 -0.612604380 2.162249945 -0.017280713 0.910972238 0.412105590 -0.710165925 0.678017020 -0.292246729 0.674451530 -1.920379997
18651967 0.857300415 1.526998224 0.500000000 0.500000000 0.000000000 0.000000000 0.725292742 0.314880192 -0.612209797 2.213959668 -0.027500600 0.901812196 0.431252122 -0.791812902 0.687891006 -0.295947850 0.662737250 -1.954079609
18718700 0.857300415 1.526998224 0.500000000 0.500000000 0.000000000 0.000000000 0.714346707 0.336251676 -0.613712966 2.261810092 -0.039979950 0.895171046 0.443926096 -0.853369896 0.698648989 -0.292580962 0.652905822 -2.000289955
18785433 0.857300415 1.526998224 0.500000000 0.500000000 0.000000000 0.000000000 0.703937292 0.359651625 -0.612473071 2.307570715 -0.052546963 0.886327326 0.460068285 -0.929938156 0.708315909 -0.291675746 0.642817438 -2.035050698
18852167 0.857300415 1.526998224 0.500000000 0.500000000 0.000000000 0.000000000 0.696154416 0.374724686 -0.612332046 2.353810241 -0.065292761 0.882472575 0.465810090 -0.976628019 0.714916766 -0.284294933 0.638803959 -2.080460256
18918900 0.857300415 1.526998224 0.500000000 0.500000000 0.000000000 0.000000000 0.680163682 0.402250946 -0.612839282 2.400141590 -0.079147711 0.871410429 0.484127760 -1.064200435 0.728775322 -0.280781448 0.624538898 -2.115411181
18985633 0.857300415 1.526998224 0.500000000 0.500000000 0.000000000 0.000000000 0.665398717 0.429153323 -0.610795796 2.439268603 -0.091059670 0.858778894 0.504189193 -1.157639458 0.740913093 -0.279867887 0.610509038 -2.135168995
19052367 0.857300415 1.526998224 0.500000000 0.500000000 0.000000000 0.000000000 0.648014009 0.452777386 -0.612430215 2.492421175 -0.098109528 0.847030938 0.522410989 -1.251100351 0.755283117 -0.278444529 0.593309641 -2.142540776
19119100 0.857300415 1.526998224 0.500000000 0.500000000 0.000000000 0.000000000 0.630231142 0.475018263 -0.614138782 2.541350203 -0.103938892 0.835499287 0.539571702 -1.342089804 0.769418895 -0.276222050 0.575930536 -2.136260038
19185833 0.857300415 1.526998224 0.500000000 0.500000000 0.000000000 0.000000000 0.608028591 0.497383237 -0.618798137 2.599489824 -0.104124054 0.822652996 0.558927715 -1.432840084 0.787057400 -0.275412202 0.551986098 -2.110419919
19252567 0.857300415 1.526998224 0.500000000 0.500000000 0.000000000 0.000000000 0.587989390 0.513368845 -0.625077128 2.668422064 -0.100529477 0.813168049 0.573281527 -1.503320556 0.802597523 -0.274244964 0.529742837 -2.069161160
19319300 0.857300415 1.526998224 0.500000000 0.500000000 0.000000000 0.000000000 0.566914558 0.524743319 -0.635021329 2.749719187 -0.092135817 0.806419432 0.584122062 -1.559839610 0.818607807 -0.272639066 0.505518615 -2.029129596
19386033 0.857300415 1.526998224 0.500000000 0.500000000 0.000000000 0.000000000 0.541511595 0.540918589 -0.643562078 2.837549352 -0.082221240 0.795919657 0.599792898 -1.639059769 0.836662889 -0.271880329 0.475474715 -1.965449731
19452767 0.857300415 1.526998224 0.500000000 0.500000000 0.000000000 0.000000000 0.521587491 0.562515259 -0.641500831 2.893611087 -0.076805651 0.779782057 0.621321917 -1.747190458 0.849733829 -0.274802893 0.449928880 -1.915670619
19519500 0.857300415 1.526998224 0.500000000 0.500000000 0.000000000 0.000000000 0.501403272 0.578480124 -0.643393934 2.960910991 -0.069529563 0.768159151 0.636472523 -1.838470047 0.862415612 -0.274394631 0.425378919 -1.856500465
19586233 0.857300415 1.526998224 0.500000000 0.500000000 0.000000000 0.000000000 0.485042572 0.590478897 -0.645033419 3.017338823 -0.066728026 0.760451138 0.645957649 -1.900729477 0.871940792 -0.270275056 0.408252716 -1.827439481
19652967 0.857300415 1.526998224 0.500000000 0.500000000 0.000000000 0.000000000 0.472365677 0.591091335 -0.653820097 3.095055971 -0.050992727 0.758880258 0.649230361 -1.934618352 0.879925787 -0.273333728 0.388610482 -1.783888109
19719700 0.857300415 1.526998224 0.500000000 0.500000000 0.000000000 0.000000000 0.461652160 0.588378310 -0.663844049 3.173903039 -0.038423121 0.760924101 0.647702515 -1.941831593 0.886228859 -0.273506522 0.373889446 -1.753511174
19786433 0.857300415 1.526998224 0.500000000 0.500000000 0.000000000 0.000000000 0.452053666 0.581886768 -0.676058412 3.255778593 -0.021425307 0.764785707 0.643928349 -1.944429578 0.891733289 -0.276605308 0.358191252 -1.715199140
19853167 0.857300415 1.526998224 0.500000000 0.500000000 0.000000000 0.000000000 0.439365983 0.580152154 -0.685843825 3.332403680 -0.011078209 0.766924739 0.641641676 -1.947671513 0.898240209 -0.274317801 0.343387604 -1.672921488
19919900 0.857300415 1.526998224 0.500000000 0.500000000 0.000000000 0.000000000 0.435201108 0.572950482 -0.694499135 3.395456142 -0.007099420 0.773539066 0.633709252 -1.940462380 0.900305986 -0.270860791 0.340712547 -1.677452443
19986633 0.857300415 1.526998224 0.500000000 0.500000000 0.000000000 0.000000000 0.426223874 0.562590361 -0.708395362 3.463453914 -0.000599682 0.783264518 0.621687889 -1.922447408 0.904616833 -0.264553040 0.334183574 -1.678347630
20053367 0.857300415 1.526998224 0.500000000 0.500000000 0.000000000 0.000000000 0.427531064 0.551156223 -0.716550112 3.490710248 0.004036009 0.791471660 0.611192524 -1.929779882 0.903991699 -0.264195859 0.336154222 -1.717240104
