https://www.youtube.com/watch?v=PuYNWRR_oaU
114764656 0.895370294 1.614398571 0.500000000 0.500000000 0.000000000 0.000000000 0.989499867 0.045796379 0.137086600 6.424410150 -0.034972727 0.996153116 -0.080348499 -1.914760035 -0.140238911 0.074710540 0.987294972 1.323439816
114798022 0.895370294 1.614398571 0.500000000 0.500000000 0.000000000 0.000000000 0.989412904 0.049698371 0.136353359 6.317720216 -0.038845461 0.995946050 -0.081132650 -1.932080121 -0.139832750 0.074976981 0.987332404 1.286980005
114831389 0.895370294 1.614398571 0.500000000 0.500000000 0.000000000 0.000000000 0.989059627 0.052817483 0.137736633 6.201170253 -0.041571420 0.995658219 -0.083286166 -1.934770279 -0.141537562 0.076649085 0.986961007 1.239870037
114864756 0.895370294 1.614398571 0.500000000 0.500000000 0.000000000 0.000000000 0.988687932 0.055658162 0.139277905 6.088839967 -0.044126786 0.995441139 -0.084556147 -1.945709860 -0.143349200 0.077453762 0.986636698 1.196419931
114898122 0.895370294 1.614398571 0.500000000 0.500000000 0.000000000 0.000000000 0.988288879 0.058016144 0.141135499 5.979459492 -0.046187267 0.995250523 -0.085692428 -1.955630117 -0.145436719 0.078170218 0.986274600 1.149410074
114931489 0.895370294 1.614398571 0.500000000 0.500000000 0.000000000 0.000000000 0.987810433 0.060346954 0.143487915 5.867329973 -0.048118517 0.995026350 -0.087218761 -1.962139891 -0.148037657 0.079251170 0.985801220 1.097909878
114964856 0.895370294 1.614398571 0.500000000 0.500000000 0.000000000 0.000000000 0.987414002 0.062472973 0.145295337 5.761040177 -0.050040912 0.994889140 -0.087701209 -1.975110050 -0.150031701 0.079326682 0.985493660 1.048089994
114998222 0.895370294 1.614398571 0.500000000 0.500000000 0.000000000 0.000000000 0.986848712 0.064409859 0.148259953 5.648480460 -0.051651180 0.994748831 -0.088356510 -1.982959903 -0.153172448 0.079536706 0.984993458 0.996386893
115031589 0.895370294 1.614398571 0.500000000 0.500000000 0.000000000 0.000000000 0.986283660 0.066368945 0.151127934 5.540299621 -0.053308915 0.994613886 -0.088889927 -1.988450040 -0.156213462 0.079614207 0.984509468 0.943960092
115064956 0.895370294 1.614398571 0.500000000 0.500000000 0.000000000 0.000000000 0.985608459 0.068045020 0.154744387 5.429099807 -0.054578826 0.994475067 -0.089668706 -1.987850028 -0.159990937 0.079932466 0.983876884 0.889376036
115098322 0.895370294 1.614398571 0.500000000 0.500000000 0.000000000 0.000000000 0.984931648 0.069673739 0.158288330 5.322799855 -0.055764474 0.994317532 -0.090680316 -1.981449904 -0.163706899 0.080487058 0.983220160 0.836048089
115131689 0.895370294 1.614398571 0.500000000 0.500000000 0.000000000 0.000000000 0.984218538 0.071260840 0.161974594 5.216310001 -0.056922615 0.994176328 -0.091505356 -1.972019943 -0.167552069 0.080841251 0.982543111 0.784404844
115165056 0.895370294 1.614398571 0.500000000 0.500000000 0.000000000 0.000000000 0.983329177 0.072757192 0.166643441 5.102809278 -0.057834905 0.994011402 -0.092717201 -1.952550065 -0.172391325 0.081533715 0.981648326 0.737586029
115198422 0.895370294 1.614398571 0.500000000 0.500000000 0.000000000 0.000000000 0.982344806 0.074264966 0.171707302 4.985979928 -0.058661722 0.993820667 -0.094230257 -1.930510166 -0.177644253 0.082493953 0.980631053 0.692275073
115231789 0.895370294 1.614398571 0.500000000 0.500000000 0.000000000 0.000000000 0.981216311 0.075684592 0.177444100 4.862559886 -0.059315532 0.993630648 -0.095811293 -1.906779902 -0.183565348 0.083486393 0.979455829 0.646748783
115265156 0.895370294 1.614398571 0.500000000 0.500000000 0.000000000 0.000000000 0.979942381 0.077223867 0.183710054 4.734669846 -0.060141534 0.993483961 -0.096812494 -1.886849973 -0.189989224 0.083822064 0.978201389 0.605789992
115298522 0.895370294 1.614398571 0.500000000 0.500000000 0.000000000 0.000000000 0.978567660 0.078660324 0.190310106 4.605770533 -0.060776606 0.993323267 -0.098056443 -1.862350139 -0.196752593 0.084388472 0.976814747 0.565651996
115331889 0.895370294 1.614398571 0.500000000 0.500000000 0.000000000 0.000000000 0.977231979 0.079957046 0.196531206 4.480440334 -0.061210833 0.993134618 -0.099683583 -1.833150034 -0.203152359 0.085384145 0.975417197 0.522900006
115365256 0.895370294 1.614398571 0.500000000 0.500000000 0.000000000 0.000000000 0.975816011 0.081427842 0.202861086 4.349760212 -0.061890531 0.992973089 -0.100866511 -1.810160146 -0.209648922 0.085871980 0.973998666 0.481857075
115398622 0.895370294 1.614398571 0.500000000 0.500000000 0.000000000 0.000000000 0.974150777 0.083111450 0.210054278 4.213339908 -0.062743932 0.992819786 -0.101843461 -1.790730082 -0.217010409 0.086031258 0.972370863 0.442993986
115431989 0.895370294 1.614398571 0.500000000 0.500000000 0.000000000 0.000000000 0.972313523 0.084904358 0.217710093 4.073470049 -0.063757762 0.992698669 -0.102392606 -1.775599856 -0.224814102 0.085676990 0.970627666 0.404608075
115465356 0.895370294 1.614398571 0.500000000 0.500000000 0.000000000 0.000000000 0.970462501 0.085997604 0.225403845 3.932519594 -0.063851885 0.992549241 -0.103773661 -1.751740133 -0.232648700 0.086315982 0.968722939 0.367110947
115498722 0.895370294 1.614398571 0.500000000 0.500000000 0.000000000 0.000000000 0.968501568 0.087952249 0.232957348 3.790899966 -0.065099232 0.992439568 -0.104047351 -1.740870195 -0.240347281 0.085604690 0.966904879 0.330812097
115532089 0.895370294 1.614398571 0.500000000 0.500000000 0.000000000 0.000000000 0.966580033 0.089296214 0.240310624 3.652569671 -0.065544508 0.992300212 -0.105091602 -1.722970139 -0.247844562 0.085828394 0.964990437 0.296203013
115565456 0.895370294 1.614398571 0.500000000 0.500000000 0.000000000 0.000000000 0.964717388 0.090749830 0.247153580 3.513790050 -0.066313341 0.992208183 -0.105477370 -1.713549960 -0.254799843 0.085366286 0.963218391 0.261945065
115598822 0.895370294 1.614398571 0.500000000 0.500000000 0.000000000 0.000000000 0.962730765 0.092653438 0.254096150 3.376210215 -0.067893326 0.992198706 -0.104557402 -1.713990013 -0.261801481 0.083409198 0.961510777 0.230283989
115632189 0.895370294 1.614398571 0.500000000 0.500000000 0.000000000 0.000000000 0.960640073 0.094391808 0.261267692 3.239969742 -0.069171801 0.992156744 -0.104116395 -1.712149873 -0.269046217 0.081946015 0.959634781 0.200798142
115665556 0.895370294 1.614398571 0.500000000 0.500000000 0.000000000 0.000000000 0.958518445 0.096127898 0.268331468 3.103669752 -0.070562080 0.992137074 -0.103368364 -1.716899950 -0.276158214 0.080146439 0.957764685 0.173185940
115698922 0.895370294 1.614398571 0.500000000 0.500000000 0.000000000 0.000000000 0.956468940 0.098105647 0.274850011 2.968600515 -0.072335549 0.992109716 -0.102400869 -1.725990222 -0.282727480 0.078061834 0.956018627 0.146805915
115732289 0.895370294 1.614398571 0.500000000 0.500000000 0.000000000 0.000000000 0.954452634 0.100296959 0.280999333 2.840019754 -0.074407980 0.992063344 -0.101359785 -1.736840097 -0.288935214 0.075834513 0.954340339 0.118225969
115765656 0.895370294 1.614398571 0.500000000 0.500000000 0.000000000 0.000000000 0.952452838 0.102316298 0.286992997 2.713730114 -0.076099657 0.991962373 -0.101091616 -1.744330072 -0.295029551 0.074444942 0.952583611 0.090011659
115799022 0.895370294 1.614398571 0.500000000 0.500000000 0.000000000 0.000000000 0.950634181 0.104307331 0.292257994 2.593700190 -0.077999257 0.991895258 -0.100299075 -1.758240012 -0.300351232 0.072551832 0.951065421 0.058485105
115832389 0.895370294 1.614398571 0.500000000 0.500000000 0.000000000 0.000000000 0.948918045 0.106209725 0.297109485 2.475879970 -0.079850495 0.991825879 -0.099525496 -1.765739957 -0.305251479 0.070717201 0.949642360 0.029363504
115865756 0.895370294 1.614398571 0.500000000 0.500000000 0.000000000 0.000000000 0.947246850 0.108434319 0.301604927 2.362170361 -0.082142264 0.991734207 -0.098569527 -1.771170191 -0.309800208 0.068595186 0.948324084 0.002663093
115899122 0.895370294 1.614398571 0.500000000 0.500000000 0.000000000 0.000000000 0.945680737 0.110765867 0.305645049 2.252190130 -0.084643938 0.991631985 -0.097475253 -1.783810054 -0.313884318 0.066309460 0.947142899 -0.024999446
115932489 0.895370294 1.614398571 0.500000000 0.500000000 0.000000000 0.000000000 0.944134116 0.113212287 0.309505582 2.140919840 -0.087042242 0.991457164 -0.097140707 -1.791249972 -0.317859054 0.064773805 0.945922852 -0.057172075
115965856 0.895370294 1.614398571 0.500000000 0.500000000 0.000000000 0.000000000 0.942630887 0.116011597 0.313030690 2.029069510 -0.089780606 0.991226792 -0.096999459 -1.798639964 -0.321537465 0.063330568 0.944776595 -0.089280183
115999222 0.895370294 1.614398571 0.500000000 0.500000000 0.000000000 0.000000000 0.941100657 0.119281873 0.316387981 1.913529890 -0.092659503 0.990868151 -0.097951554 -1.797700078 -0.325182647 0.062865920 0.943559289 -0.125550034
116032589 0.895370294 1.614398571 0.500000000 0.500000000 0.000000000 0.000000000 0.939738333 0.122590005 0.319160551 1.799739766 -0.095837191 0.990533173 -0.098281458 -1.805589980 -0.328187436 0.061771374 0.942590714 -0.162011920
116065956 0.895370294 1.614398571 0.500000000 0.500000000 0.000000000 0.000000000 0.938219786 0.126204088 0.322205126 1.680539878 -0.099271432 0.990146935 -0.098763622 -1.807340102 -0.331494808 0.060676195 0.941503882 -0.193646059
116099322 0.895370294 1.614398571 0.500000000 0.500000000 0.000000000 0.000000000 0.936805785 0.129861981 0.324854970 1.563789910 -0.102578625 0.989703298 -0.099824786 -1.799439993 -0.334473491 0.060193241 0.940480828 -0.226173950
116132689 0.895370294 1.614398571 0.500000000 0.500000000 0.000000000 0.000000000 0.935241818 0.134085506 0.327633649 1.444129964 -0.106619880 0.989208996 -0.100487903 -1.794950091 -0.337572128 0.059048250 0.939445794 -0.252115074
116166056 0.895370294 1.614398571 0.500000000 0.500000000 0.000000000 0.000000000 0.933744967 0.138017982 0.330259532 1.327640060 -0.110463902 0.988746226 -0.100889288 -1.790180146 -0.340467423 0.057723098 0.938482821 -0.274174029
116199422 0.895370294 1.614398571 0.500000000 0.500000000 0.000000000 0.000000000 0.932164609 0.142719612 0.332716733 1.206600255 -0.114610478 0.988083541 -0.102739334 -1.767870050 -0.343414813 0.057637185 0.937413633 -0.297088076
116232789 0.895370294 1.614398571 0.500000000 0.500000000 0.000000000 0.000000000 0.930400372 0.147856817 0.335400641 1.080420140 -0.119262829 0.987355709 -0.104427665 -1.748360136 -0.346600056 0.057158742 0.936269939 -0.310164061
116266156 0.895370294 1.614398571 0.500000000 0.500000000 0.000000000 0.000000000 0.928510606 0.153839543 0.337937236 0.948440217 -0.124313898 0.986404717 -0.107479446 -1.721400246 -0.349877477 0.057785548 0.935011625 -0.325235158
116299522 0.895370294 1.614398571 0.500000000 0.500000000 0.000000000 0.000000000 0.926332653 0.159768134 0.341147989 0.805541957 -0.129206479 0.985423863 -0.110659197 -1.694620035 -0.353855163 0.058428716 0.933473408 -0.342615015
116332889 0.895370294 1.614398571 0.500000000 0.500000000 0.000000000 0.000000000 0.924274504 0.166089147 0.343702197 0.664776240 -0.134357482 0.984313607 -0.114345081 -1.656260074 -0.357302189 0.059507333 0.932091296 -0.360126089
116366256 0.895370294 1.614398571 0.500000000 0.500000000 0.000000000 0.000000000 0.921962857 0.172823414 0.346578270 0.518233971 -0.139959499 0.983110964 -0.117915973 -1.617650008 -0.361103565 0.060207192 0.930580080 -0.371478964
116399622 0.895370294 1.614398571 0.500000000 0.500000000 0.000000000 0.000000000 0.919447958 0.179521620 0.349839360 0.369833069 -0.145742089 0.981915593 -0.120834984 -1.585050150 -0.365205199 0.060115196 0.928984106 -0.365001116
116432989 0.895370294 1.614398571 0.500000000 0.500000000 0.000000000 0.000000000 0.917169809 0.186418414 0.352204174 0.228261034 -0.151175082 0.980531812 -0.125313595 -1.532420060 -0.368708163 0.061689403 0.927496016 -0.365390117
116466356 0.895370294 1.614398571 0.500000000 0.500000000 0.000000000 0.000000000 0.914765894 0.194036216 0.354335010 0.086998417 -0.156766087 0.978866398 -0.131320000 -1.462020029 -0.372327507 0.064579345 0.925851882 -0.363092969
116499722 0.895370294 1.614398571 0.500000000 0.500000000 0.000000000 0.000000000 0.912271082 0.201981589 0.356321156 -0.054033521 -0.162666455 0.977069259 -0.137387440 -1.386679900 -0.375900209 0.067373022 0.924207687 -0.358296888
116533089 0.895370294 1.614398571 0.500000000 0.500000000 0.000000000 0.000000000 0.909281611 0.210227892 0.359181404 -0.203178940 -0.168618038 0.975124598 -0.143874750 -1.299019913 -0.380493104 0.070258215 0.922111034 -0.336223009
116566456 0.895370294 1.614398571 0.500000000 0.500000000 0.000000000 0.000000000 0.906293690 0.219148099 0.361394286 -0.345051003 -0.174789488 0.972863495 -0.151608825 -1.202620067 -0.384812117 0.074234203 0.920004845 -0.312914033
116599822 0.895370294 1.614398571 0.500000000 0.500000000 0.000000000 0.000000000 0.903549910 0.227329627 0.363206238 -0.485933004 -0.179795012 0.970571697 -0.160200834 -1.096900037 -0.388936073 0.079446785 0.917832732 -0.292663007
116633189 0.895370294 1.614398571 0.500000000 0.500000000 0.000000000 0.000000000 0.900708079 0.235379100 0.365132272 -0.628570027 -0.184117943 0.968108714 -0.169900149 -0.977440002 -0.393478692 0.085803032 0.915320873 -0.268651009
116666556 0.895370294 1.614398571 0.500000000 0.500000000 0.000000000 0.000000000 0.897370934 0.244450510 0.367381543 -0.767675858 -0.189635843 0.965374172 -0.179139286 -0.860211911 -0.398451358 0.091085605 0.912655354 -0.234849897
116699922 0.895370294 1.614398571 0.500000000 0.500000000 0.000000000 0.000000000 0.894600451 0.251534581 0.369351000 -0.894085850 -0.192345336 0.962796748 -0.189804271 -0.721608022 -0.403352290 0.098755941 0.909699917 -0.197785832
116733289 0.895370294 1.614398571 0.500000000 0.500000000 0.000000000 0.000000000 0.892122626 0.258294016 0.370676816 -1.014989889 -0.194358259 0.960069776 -0.201223329 -0.572467965 -0.407850444 0.107471719 0.906701565 -0.158811874
116766656 0.895370294 1.614398571 0.500000000 0.500000000 0.000000000 0.000000000 0.889825821 0.265303493 0.371246278 -1.124699665 -0.196401626 0.957064569 -0.213198781 -0.413917071 -0.411869109 0.116796315 0.903726876 -0.115845871
116800022 0.895370294 1.614398571 0.500000000 0.500000000 0.000000000 0.000000000 0.887886286 0.271852851 0.371152103 -1.221079820 -0.197760150 0.953931451 -0.225622952 -0.247891031 -0.415389895 0.126928419 0.900744319 -0.065089622
116833389 0.895370294 1.614398571 0.500000000 0.500000000 0.000000000 0.000000000 0.886252701 0.278674304 0.369995415 -1.306209813 -0.199458867 0.950525463 -0.238154292 -0.079899777 -0.418057561 0.137265950 0.897989869 -0.016037046
116866756 0.895370294 1.614398571 0.500000000 0.500000000 0.000000000 0.000000000 0.884828389 0.284771711 0.368759781 -1.386740032 -0.200513452 0.947171867 -0.250319481 0.086001733 -0.420562774 0.147548482 0.895185113 0.033563884
116900122 0.895370294 1.614398571 0.500000000 0.500000000 0.000000000 0.000000000 0.884085894 0.290494680 0.366066962 -1.449319995 -0.200909406 0.943503559 -0.263508081 0.264705041 -0.421933144 0.159417510 0.892501295 0.074378410
116933489 0.895370294 1.614398571 0.500000000 0.500000000 0.000000000 0.000000000 0.883315682 0.296223402 0.363325357 -1.507320317 -0.201678619 0.939789593 -0.275901079 0.437823191 -0.423177660 0.170432925 0.889872789 0.119425886
116966856 0.895370294 1.614398571 0.500000000 0.500000000 0.000000000 0.000000000 0.882688642 0.301478148 0.360515594 -1.560269613 -0.202196598 0.936115026 -0.287758678 0.607650739 -0.424237072 0.181106210 0.887256026 0.166602978
117000222 0.895370294 1.614398571 0.500000000 0.500000000 0.000000000 0.000000000 0.882629395 0.305938512 0.356885076 -1.600699994 -0.201995358 0.932395220 -0.299728334 0.780854067 -0.424456358 0.192459911 0.884757578 0.209509988
117033589 0.895370294 1.614398571 0.500000000 0.500000000 0.000000000 0.000000000 0.882268906 0.310727268 0.353624046 -1.642039587 -0.202121109 0.928478241 -0.311568826 0.955498659 -0.425145209 0.203412503 0.881972015 0.257723904
117066956 0.895370294 1.614398571 0.500000000 0.500000000 0.000000000 0.000000000 0.882702291 0.314551562 0.349133044 -1.663169818 -0.202008933 0.924780726 -0.322448403 1.122429847 -0.424298197 0.214097887 0.879848301 0.300298032
117100322 0.895370294 1.614398571 0.500000000 0.500000000 0.000000000 0.000000000 0.883357108 0.317567140 0.344719231 -1.678910042 -0.201758891 0.921488643 -0.331891537 1.275110008 -0.423052728 0.223628581 0.878075540 0.343702007
117133689 0.895370294 1.614398571 0.500000000 0.500000000 0.000000000 0.000000000 0.884088814 0.319805980 0.340750486 -1.694119541 -0.202315986 0.919216573 -0.337800175 1.386809513 -0.421254069 0.229706004 0.877371073 0.375480810
117167056 0.895370294 1.614398571 0.500000000 0.500000000 0.000000000 0.000000000 0.884483695 0.321708471 0.337923139 -1.716049465 -0.202617437 0.917256176 -0.342909753 1.491409464 -0.420279115 0.234828830 0.876481950 0.420315766
117200422 0.895370294 1.614398571 0.500000000 0.500000000 0.000000000 0.000000000 0.884902775 0.322954863 0.335629463 -1.741379648 -0.203986496 0.916513383 -0.344082296 1.549609703 -0.418731987 0.236015439 0.876903713 0.450596926
117233789 0.895370294 1.614398571 0.500000000 0.500000000 0.000000000 0.000000000 0.885035455 0.324370921 0.333909661 -1.769369892 -0.204560459 0.915299773 -0.346960127 1.631450039 -0.418171257 0.238767266 0.876426220 0.490787071
117267156 0.895370294 1.614398571 0.500000000 0.500000000 0.000000000 0.000000000 0.885604024 0.325437576 0.331354886 -1.785150371 -0.204747051 0.913945794 -0.350402474 1.723850537 -0.416874439 0.242473975 0.876026392 0.527691012
117300522 0.895370294 1.614398571 0.500000000 0.500000000 0.000000000 0.000000000 0.886242867 0.326754689 0.328336656 -1.796799888 -0.205441535 0.912547588 -0.353625149 1.817340125 -0.415171504 0.245943815 0.875867724 0.562498989
117333889 0.895370294 1.614398571 0.500000000 0.500000000 0.000000000 0.000000000 0.886775970 0.327846259 0.325799346 -1.813050086 -0.205870777 0.911272943 -0.356649578 1.912410256 -0.413818359 0.249195755 0.875588894 0.600236106
117367256 0.895370294 1.614398571 0.500000000 0.500000000 0.000000000 0.000000000 0.887117624 0.329219401 0.323476225 -1.831349895 -0.206678092 0.910019696 -0.359372139 2.007750000 -0.412682027 0.251949906 0.875336945 0.638104030
117400622 0.895370294 1.614398571 0.500000000 0.500000000 0.000000000 0.000000000 0.887848377 0.330020249 0.320643127 -1.845630342 -0.207278132 0.908989251 -0.361627430 2.099220335 -0.410805464 0.254608065 0.875450552 0.666138074
117433989 0.895370294 1.614398571 0.500000000 0.500000000 0.000000000 0.000000000 0.887996137 0.331394881 0.318810940 -1.872670467 -0.208243459 0.907926798 -0.363735795 2.190090423 -0.409997106 0.256605744 0.875246227 0.702759197
117467356 0.895370294 1.614398571 0.500000000 0.500000000 0.000000000 0.000000000 0.888365805 0.332617849 0.316498846 -1.895949766 -0.209126160 0.906810403 -0.366006881 2.283619750 -0.408744901 0.258959740 0.875138462 0.731931878
117500722 0.895370294 1.614398571 0.500000000 0.500000000 0.000000000 0.000000000 0.888630807 0.333868444 0.314431429 -1.922059942 -0.209918022 0.905662775 -0.368387461 2.378170005 -0.407761812 0.261355639 0.874884903 0.764852066
117534089 0.895370294 1.614398571 0.500000000 0.500000000 0.000000000 0.000000000 0.889083743 0.335001677 0.311936021 -1.948320211 -0.210814327 0.904559374 -0.370580286 2.469470371 -0.406309664 0.263716370 0.874852121 0.790669209
117567456 0.895370294 1.614398571 0.500000000 0.500000000 0.000000000 0.000000000 0.889611900 0.336156994 0.309175014 -1.970930070 -0.211867124 0.903451681 -0.372676045 2.559910357 -0.404602349 0.266033024 0.874941945 0.818755066
117600822 0.895370294 1.614398571 0.500000000 0.500000000 0.000000000 0.000000000 0.890232921 0.337125927 0.306319177 -1.989939737 -0.213094160 0.902589321 -0.374063313 2.640189695 -0.402586877 0.267728627 0.875354290 0.839579955
117634189 0.895370294 1.614398571 0.500000000 0.500000000 0.000000000 0.000000000 0.890779853 0.338213027 0.303517967 -2.008609892 -0.214444101 0.901706398 -0.375418872 2.717550348 -0.400655657 0.269327968 0.875749707 0.863752169
117667556 0.895370294 1.614398571 0.500000000 0.500000000 0.000000000 0.000000000 0.891682863 0.338960558 0.300012052 -2.019349552 -0.215751857 0.900898457 -0.376607239 2.790959527 -0.397935450 0.271085978 0.876447141 0.878236791
117700922 0.895370294 1.614398571 0.500000000 0.500000000 0.000000000 0.000000000 0.892590940 0.339592427 0.296577752 -2.028629925 -0.217110366 0.900244415 -0.377389789 2.859960103 -0.395151198 0.272464573 0.877279043 0.890401020
117734289 0.895370294 1.614398571 0.500000000 0.500000000 0.000000000 0.000000000 0.893313468 0.340178043 0.293717325 -2.046549781 -0.218112245 0.899547696 -0.378471762 2.930059442 -0.392960608 0.274030536 0.877775073 0.908579023
117767656 0.895370294 1.614398571 0.500000000 0.500000000 0.000000000 0.000000000 0.894059062 0.341044843 0.290425450 -2.063730574 -0.219784796 0.898918450 -0.378999174 2.996090372 -0.390324444 0.275016606 0.878642619 0.921732234
117801022 0.895370294 1.614398571 0.500000000 0.500000000 0.000000000 0.000000000 0.894695878 0.341843724 0.287510216 -2.084589987 -0.221302792 0.898352861 -0.379456341 3.060099724 -0.388000429 0.275871158 0.879403591 0.940754877
117834389 0.895370294 1.614398571 0.500000000 0.500000000 0.000000000 0.000000000 0.895100892 0.342992276 0.284869432 -2.114859867 -0.222904101 0.897587776 -0.380328596 3.119569625 -0.386145115 0.276933908 0.879886091 0.962240881
117867756 0.895370294 1.614398571 0.500000000 0.500000000 0.000000000 0.000000000 0.895619512 0.344039142 0.281962276 -2.146019905 -0.224558115 0.896871507 -0.381044775 3.175349805 -0.383978248 0.277954191 0.880512416 0.975602860
117901122 0.895370294 1.614398571 0.500000000 0.500000000 0.000000000 0.000000000 0.896125674 0.345063746 0.279087365 -2.178800127 -0.226470411 0.896369457 -0.381094307 3.222979642 -0.381667256 0.278303295 0.881406426 0.987959008
117934489 0.895370294 1.614398571 0.500000000 0.500000000 0.000000000 0.000000000 0.896730542 0.345877409 0.276121825 -2.212600223 -0.228303000 0.895986438 -0.380901694 3.265270491 -0.379146665 0.278526783 0.882423222 0.995873115
117967856 0.895370294 1.614398571 0.500000000 0.500000000 0.000000000 0.000000000 0.897392809 0.346747220 0.272860229 -2.249580556 -0.230132356 0.895451009 -0.381059974 3.308790805 -0.376464367 0.279166609 0.883368969 1.004110282
118001222 0.895370294 1.614398571 0.500000000 0.500000000 0.000000000 0.000000000 0.898247302 0.347551644 0.268997312 -2.285029540 -0.232199296 0.894964695 -0.380948186 3.347009332 -0.373142302 0.279724658 0.884600937 1.007559727
118034589 0.895370294 1.614398571 0.500000000 0.500000000 0.000000000 0.000000000 0.898977458 0.348634273 0.265129626 -2.324030196 -0.234548897 0.894406557 -0.380819798 3.382639862 -0.369900525 0.280162573 0.885823131 1.012720211
118067956 0.895370294 1.614398571 0.500000000 0.500000000 0.000000000 0.000000000 0.899829149 0.349560022 0.260989070 -2.366839794 -0.236777484 0.893825054 -0.380805999 3.417000042 -0.366393149 0.280863971 0.887057722 1.018570049
118101322 0.895370294 1.614398571 0.500000000 0.500000000 0.000000000 0.000000000 0.900720775 0.350775212 0.256239623 -2.409979793 -0.239671499 0.893256843 -0.380328447 3.444229792 -0.362297624 0.281156391 0.888645887 1.020239996
118134689 0.895370294 1.614398571 0.500000000 0.500000000 0.000000000 0.000000000 0.901671648 0.351717532 0.251561046 -2.460249609 -0.242150366 0.892669857 -0.380136281 3.472629462 -0.358261585 0.281842440 0.890063703 1.026149645
118168056 0.895370294 1.614398571 0.500000000 0.500000000 0.000000000 0.000000000 0.902861714 0.352698803 0.245854139 -2.511129946 -0.245084047 0.892056048 -0.379696906 3.496609495 -0.353234351 0.282558858 0.891844153 1.027259883
118201422 0.895370294 1.614398571 0.500000000 0.500000000 0.000000000 0.000000000 0.904151797 0.353978366 0.239183426 -2.559829446 -0.248878255 0.891490042 -0.378556430 3.514049258 -0.347230494 0.282744884 0.894139946 1.024559763
118234789 0.895370294 1.614398571 0.500000000 0.500000000 0.000000000 0.000000000 0.905611992 0.354896128 0.232197508 -2.611720012 -0.252238870 0.890854955 -0.377826661 3.534659949 -0.340943515 0.283595115 0.896287501 1.027600061
118268156 0.895370294 1.614398571 0.500000000 0.500000000 0.000000000 0.000000000 0.907086670 0.355869949 0.224833876 -2.667859685 -0.255530953 0.889964283 -0.377713472 3.557159612 -0.334511012 0.285166830 0.898210526 1.034899845
118301522 0.895370294 1.614398571 0.500000000 0.500000000 0.000000000 0.000000000 0.908913493 0.356698692 0.215968013 -2.714089861 -0.259275973 0.889078021 -0.377248019 3.571789182 -0.326576352 0.286890417 0.900578499 1.024729589
118334889 0.895370294 1.614398571 0.500000000 0.500000000 0.000000000 0.000000000 0.910725772 0.357463449 0.206877649 -2.766189621 -0.263006657 0.888159394 -0.376829237 3.590369491 -0.318443060 0.288777858 0.902884960 1.018269861
118368256 0.895370294 1.614398571 0.500000000 0.500000000 0.000000000 0.000000000 0.912493229 0.358314723 0.197400287 -2.822380908 -0.266878754 0.887106597 -0.376587033 3.610681214 -0.310051680 0.290951252 0.905105233 1.014450327
118401622 0.895370294 1.614398571 0.500000000 0.500000000 0.000000000 0.000000000 0.914450884 0.358656436 0.187470376 -2.879740218 -0.270305127 0.886050344 -0.376629531 3.632729477 -0.301188827 0.293734968 0.907196224 1.011659940
118434989 0.895370294 1.614398571 0.500000000 0.500000000 0.000000000 0.000000000 0.916402221 0.359225124 0.176534593 -2.932190745 -0.274458975 0.884992599 -0.376112521 3.647801227 -0.291340739 0.296218932 0.909601629 1.002099999
118468356 0.895370294 1.614398571 0.500000000 0.500000000 0.000000000 0.000000000 0.918325067 0.359806806 0.164978921 -2.985349402 -0.278841168 0.883868217 -0.375532418 3.663389974 -0.280938774 0.298857898 0.912007332 0.994082008
118501722 0.895370294 1.614398571 0.500000000 0.500000000 0.000000000 0.000000000 0.920230925 0.359854907 0.153881460 -3.048360163 -0.282430798 0.882776380 -0.375417978 3.681250006 -0.270938933 0.302010387 0.913992226 0.996606026
118535089 0.895370294 1.614398571 0.500000000 0.500000000 0.000000000 0.000000000 0.922166824 0.359757841 0.142065853 -3.109340040 -0.286194801 0.881713450 -0.375065446 3.696520789 -0.260194033 0.305214465 0.916047633 0.995432079
118568456 0.895370294 1.614398571 0.500000000 0.500000000 0.000000000 0.000000000 0.924022794 0.359547704 0.130028129 -3.171780120 -0.289925128 0.880624533 -0.374758452 3.711130354 -0.249249488 0.308586985 0.917959034 0.996045117
118601822 0.895370294 1.614398571 0.500000000 0.500000000 0.000000000 0.000000000 0.925834000 0.358971506 0.118198887 -3.244030006 -0.293225139 0.879605353 -0.374584615 3.727110873 -0.238433495 0.312144339 0.919627905 1.000350034
118635189 0.895370294 1.614398571 0.500000000 0.500000000 0.000000000 0.000000000 0.927430391 0.358781517 0.105587885 -3.313980519 -0.297252655 0.878470004 -0.374073982 3.736760129 -0.226966575 0.315541327 0.921368480 1.001029945
