https://www.youtube.com/watch?v=bvzcRV0_TXw
39820000 0.970840477 1.726528815 0.500000000 0.500000000 0.000000000 0.000000000 0.999886513 -0.002914078 -0.014781776 5.420600075 0.002646939 0.999833405 -0.018059662 -0.347153961 0.014831941 0.018018486 0.999727666 4.801479996
39860000 0.970840477 1.726528815 0.500000000 0.500000000 0.000000000 0.000000000 0.999879062 -0.003143060 -0.015229682 5.117679831 0.002856296 0.999818921 -0.018814616 -0.231768006 0.015286058 0.018768840 0.999706984 4.507299928
39900000 0.970840477 1.726528815 0.500000000 0.500000000 0.000000000 0.000000000 0.999872565 -0.003473999 -0.015579746 4.825499572 0.003166230 0.999800205 -0.019735767 -0.133977994 0.015645195 0.019683922 0.999683857 4.230390038
39940000 0.970840477 1.726528815 0.500000000 0.500000000 0.000000000 0.000000000 0.999869764 -0.003894262 -0.015661940 4.519959522 0.003574391 0.999785542 -0.020399809 -0.058574410 0.015738022 0.020341169 0.999669194 3.963259862
39980000 0.970840477 1.726528815 0.500000000 0.500000000 0.000000000 0.000000000 0.999858975 -0.004548410 -0.016165690 4.220049820 0.004201584 0.999761641 -0.021424104 0.042732087 0.016259285 0.021353159 0.999639750 3.663259944
40020000 0.970840477 1.726528815 0.500000000 0.500000000 0.000000000 0.000000000 0.999858022 -0.004415128 -0.016263157 3.920850099 0.004050082 0.999740660 -0.022411132 0.125365013 0.016357888 0.022342084 0.999616563 3.399110226
40060000 0.970840477 1.726528815 0.500000000 0.500000000 0.000000000 0.000000000 0.999856055 -0.004553019 -0.016345168 3.636519953 0.004166465 0.999712646 -0.023606075 0.175718978 0.016447948 0.023534575 0.999587715 3.130340296
40100000 0.970840477 1.726528815 0.500000000 0.500000000 0.000000000 0.000000000 0.999847412 -0.004860103 -0.016778922 3.360460031 0.004436529 0.999672830 -0.025189999 0.211395004 0.016895859 0.025111716 0.999541879 2.869190170
40140000 0.970840477 1.726528815 0.500000000 0.500000000 0.000000000 0.000000000 0.999849260 -0.004587201 -0.016744513 3.086779794 0.004132753 0.999624848 -0.027074551 0.217876990 0.016862430 0.027001271 0.999493182 2.622900074
40180000 0.970840477 1.726528815 0.500000000 0.500000000 0.000000000 0.000000000 0.999845684 -0.004698885 -0.016926911 2.823309867 0.004201376 0.999561608 -0.029308146 0.194832977 0.017057206 0.029232508 0.999427080 2.366770230
40220000 0.970840477 1.726528815 0.500000000 0.500000000 0.000000000 0.000000000 0.999848843 -0.004618630 -0.016761536 2.554089987 0.004086070 0.999490082 -0.031669084 0.144044991 0.016899256 0.031595808 0.999357879 2.113210305
40260000 0.970840477 1.726528815 0.500000000 0.500000000 0.000000000 0.000000000 0.999844730 -0.004620933 -0.017005971 2.296310046 0.004036425 0.999405265 -0.034246054 0.075121682 0.017154107 0.034172092 0.999268711 1.846719868
40300000 0.970840477 1.726528815 0.500000000 0.500000000 0.000000000 0.000000000 0.999844670 -0.004584142 -0.017019397 2.040330071 0.003946400 0.999295652 -0.037317738 -0.019216901 0.017178478 0.037244774 0.999158502 1.604140000
40340000 0.970840477 1.726528815 0.500000000 0.500000000 0.000000000 0.000000000 0.999846578 -0.004697611 -0.016874196 1.783639900 0.004017626 0.999187291 -0.040107593 -0.132825012 0.017048893 0.040033646 0.999052882 1.352200144
40380000 0.970840477 1.726528815 0.500000000 0.500000000 0.000000000 0.000000000 0.999842584 -0.004746005 -0.017096784 1.529230063 0.003997661 0.999043584 -0.043542389 -0.220294009 0.017287083 0.043467190 0.998905301 1.048650137
40420000 0.970840477 1.726528815 0.500000000 0.500000000 0.000000000 0.000000000 0.999845684 -0.004691380 -0.016930701 1.267600137 0.003893852 0.998895049 -0.046834726 -0.320906010 0.017131714 0.046761569 0.998759151 0.814402994
40460000 0.970840477 1.726528815 0.500000000 0.500000000 0.000000000 0.000000000 0.999843061 -0.004988296 -0.016998077 0.999345026 0.004124161 0.998715639 -0.050498344 -0.409766017 0.017228147 0.050420314 0.998579502 0.553500022
40500000 0.970840477 1.726528815 0.500000000 0.500000000 0.000000000 0.000000000 0.999843776 -0.005224820 -0.016887235 0.714733086 0.004303838 0.998525143 -0.054120656 -0.482173013 0.017145099 0.054039519 0.998391569 0.306314988
40540000 0.970840477 1.726528815 0.500000000 0.500000000 0.000000000 0.000000000 0.999842942 -0.005214552 -0.016937649 0.437011006 0.004221327 0.998298585 -0.058155451 -0.532587970 0.017212087 0.058074821 0.998163819 0.063175901
40580000 0.970840477 1.726528815 0.500000000 0.500000000 0.000000000 0.000000000 0.999842346 -0.005456160 -0.016896063 0.161925000 0.004391088 0.998038769 -0.062444311 -0.568207970 0.017203635 0.062360276 0.997905433 -0.177184995
40620000 0.970840477 1.726528815 0.500000000 0.500000000 0.000000000 0.000000000 0.999844491 -0.005500473 -0.016756510 -0.116577005 0.004369791 0.997758031 -0.066781737 -0.568800977 0.017086273 0.066698126 0.997626901 -0.372609997
40660000 0.970840477 1.726528815 0.500000000 0.500000000 0.000000000 0.000000000 0.999839664 -0.005886745 -0.016910093 -0.398905980 0.004667166 0.997445703 -0.071276456 -0.534295026 0.017286485 0.071186110 0.997313261 -0.610779048
40700000 0.970840477 1.726528815 0.500000000 0.500000000 0.000000000 0.000000000 0.999841213 -0.005768328 -0.016861249 -0.684659045 0.004480479 0.997140050 -0.075443022 -0.494170021 0.017248206 0.075355493 0.997007549 -0.789474967
40740000 0.970840477 1.726528815 0.500000000 0.500000000 0.000000000 0.000000000 0.999837935 -0.005755228 -0.017058844 -0.961799998 0.004374866 0.996795058 -0.079877950 -0.443470027 0.017463887 0.079790376 0.996658683 -0.974467004
40780000 0.970840477 1.726528815 0.500000000 0.500000000 0.000000000 0.000000000 0.999836147 -0.005736598 -0.017167881 -1.237379994 0.004278180 0.996472359 -0.083812453 -0.392379015 0.017588116 0.083725281 0.996333659 -1.135069910
40820000 0.970840477 1.726528815 0.500000000 0.500000000 0.000000000 0.000000000 0.999833047 -0.005712829 -0.017356355 -1.500659899 0.004163976 0.996111870 -0.087998666 -0.332611990 0.017791592 0.087911703 0.995969355 -1.296999849
40860000 0.970840477 1.726528815 0.500000000 0.500000000 0.000000000 0.000000000 0.999825656 -0.005796188 -0.017749473 -1.750819981 0.004143237 0.995770156 -0.091786034 -0.258056025 0.018206406 0.091696493 0.995620549 -1.476979982
40900000 0.970840477 1.726528815 0.500000000 0.500000000 0.000000000 0.000000000 0.999819696 -0.005857903 -0.018062361 -1.993989957 0.004109521 0.995434642 -0.095357329 -0.158117003 0.018538494 0.095265910 0.995279193 -1.629189784
40940000 0.970840477 1.726528815 0.500000000 0.500000000 0.000000000 0.000000000 0.999811232 -0.005687120 -0.018577365 -2.218300163 0.003824095 0.995097697 -0.098822735 -0.044906407 0.019048309 0.098733045 0.994931638 -1.762719946
40980000 0.970840477 1.726528815 0.500000000 0.500000000 0.000000000 0.000000000 0.999797881 -0.005480876 -0.019342024 -2.423160097 0.003483766 0.994797289 -0.101814404 0.074942116 0.019799426 0.101726443 0.994615376 -1.889820133
41020000 0.970840477 1.726528815 0.500000000 0.500000000 0.000000000 0.000000000 0.999783158 -0.005060567 -0.020201134 -2.610050045 0.002917249 0.994494200 -0.104750872 0.197204982 0.020620009 0.104669228 0.994293272 -2.004739838
41060000 0.970840477 1.726528815 0.500000000 0.500000000 0.000000000 0.000000000 0.999763966 -0.004574454 -0.021239158 -2.776619884 0.002265695 0.994204700 -0.107479878 0.310245989 0.021607731 0.107406385 0.993980348 -2.085839867
41100000 0.970840477 1.726528815 0.500000000 0.500000000 0.000000000 0.000000000 0.999736130 -0.004246021 -0.022574067 -2.923959931 0.001740020 0.993941903 -0.109893173 0.416981053 0.022903919 0.109824896 0.993687034 -2.186120045
41140000 0.970840477 1.726528815 0.500000000 0.500000000 0.000000000 0.000000000 0.999705553 -0.003964229 -0.023938555 -3.067079812 0.001254255 0.993687630 -0.112175554 0.525734019 0.024232134 0.112112507 0.993400037 -2.271900087
41180000 0.970840477 1.726528815 0.500000000 0.500000000 0.000000000 0.000000000 0.999664366 -0.003646604 -0.025649093 -3.203690213 0.000689782 0.993439555 -0.114356078 0.643013996 0.025897834 0.114300005 0.993108630 -2.363329799
41220000 0.970840477 1.726528815 0.500000000 0.500000000 0.000000000 0.000000000 0.999612033 -0.003146209 -0.027675606 -3.334210059 -0.000087755 0.993239522 -0.116082817 0.752569005 0.027853727 0.116040200 0.992853880 -2.442490011
41260000 0.970840477 1.726528815 0.500000000 0.500000000 0.000000000 0.000000000 0.999541759 -0.002633641 -0.030156074 -3.462540170 -0.000937649 0.993036389 -0.117804505 0.872967030 0.030256333 0.117778800 0.992578804 -2.548240006
41300000 0.970840477 1.726528815 0.500000000 0.500000000 0.000000000 0.000000000 0.999442995 -0.001968154 -0.033313867 -3.591669907 -0.002008815 0.992901087 -0.118925758 0.991522995 0.033311438 0.118926443 0.992344141 -2.653870128
41340000 0.970840477 1.726528815 0.500000000 0.500000000 0.000000000 0.000000000 0.999329448 -0.000732978 -0.036608361 -3.723420145 -0.003673184 0.992749333 -0.120146997 1.108600100 0.036430992 0.120200895 0.992080927 -2.793200231
41380000 0.970840477 1.726528815 0.500000000 0.500000000 0.000000000 0.000000000 0.999165297 0.000373448 -0.040848151 -3.853570156 -0.005310904 0.992658734 -0.120832033 1.221900000 0.040503152 0.120948114 0.991832197 -2.970630223
41420000 0.970840477 1.726528815 0.500000000 0.500000000 0.000000000 0.000000000 0.998963594 0.001419357 -0.045494363 -3.999100288 -0.006948897 0.992552698 -0.121617451 1.340539951 0.044982933 0.121807545 0.991533875 -3.143839971
41460000 0.970840477 1.726528815 0.500000000 0.500000000 0.000000000 0.000000000 0.998680651 0.003213330 -0.051250383 -4.161479739 -0.009451495 0.992491603 -0.121946931 1.452629954 0.050473720 0.122270435 0.991212547 -3.338460111
