https://www.youtube.com/watch?v=GTpRYOrHcto
12645967 0.932107437 1.659917389 0.500000000 0.500000000 0.000000000 0.000000000 0.427362263 -0.090988800 0.899490476 6.824873993 0.347237587 0.935132205 -0.070384100 -2.168801358 -0.834738374 0.342416227 0.431234896 0.829422396
12712700 0.932107437 1.659917389 0.500000000 0.500000000 0.000000000 0.000000000 0.407555223 -0.096591949 0.908058047 6.203194492 0.353650838 0.933487773 -0.059429005 -2.017641274 -0.841920733 0.345355928 0.414607584 0.627504527
12779433 0.932107437 1.659917389 0.500000000 0.500000000 0.000000000 0.000000000 0.385501981 -0.102426529 0.917004883 5.574145641 0.359813184 0.931830764 -0.047180429 -1.854981180 -0.849660933 0.348138332 0.396076918 0.505020405
12846167 0.932107437 1.659917389 0.500000000 0.500000000 0.000000000 0.000000000 0.363560736 -0.108404785 0.925241172 4.961435923 0.365065306 0.930344462 -0.034444526 -1.723708982 -0.857059062 0.350296319 0.377811611 0.389469606
12912900 0.932107437 1.659917389 0.500000000 0.500000000 0.000000000 0.000000000 0.342995882 -0.114361510 0.932349265 4.346719506 0.369902730 0.928806305 -0.022154167 -1.611469926 -0.863438308 0.352477312 0.360879421 0.311601112
12979633 0.932107437 1.659917389 0.500000000 0.500000000 0.000000000 0.000000000 0.326222241 -0.119517908 0.937706709 3.750517325 0.373863459 0.927407861 -0.011859387 -1.493349500 -0.868219137 0.354443252 0.347224534 0.245515832
13046367 0.932107437 1.659917389 0.500000000 0.500000000 0.000000000 0.000000000 0.307306349 -0.124684721 0.943406224 3.151535924 0.377138883 0.926156521 -0.000444546 -1.392448881 -0.873686314 0.355932117 0.331637323 0.246977425
13113100 0.932107437 1.659917389 0.500000000 0.500000000 0.000000000 0.000000000 0.289759636 -0.129432738 0.948307216 2.532230116 0.379169643 0.925268412 0.010431200 -1.282400036 -0.878788769 0.356546760 0.317182422 0.224028096
13179833 0.932107437 1.659917389 0.500000000 0.500000000 0.000000000 0.000000000 0.277260840 -0.133787572 0.951433718 1.924917389 0.380292952 0.924666643 0.019201338 -1.148239227 -0.882327855 0.356500059 0.307252407 0.171661580
13246567 0.932107437 1.659917389 0.500000000 0.500000000 0.000000000 0.000000000 0.268854916 -0.138385430 0.953187466 1.346549782 0.377876759 0.925439239 0.027773470 -1.023609949 -0.885960579 0.352720380 0.301101506 0.239839957
13313300 0.932107437 1.659917389 0.500000000 0.500000000 0.000000000 0.000000000 0.263676524 -0.143307209 0.953906417 0.833655731 0.373601675 0.926891208 0.035978630 -0.900024955 -0.889323473 0.346894383 0.297939301 0.328036860
13380033 0.932107437 1.659917389 0.500000000 0.500000000 0.000000000 0.000000000 0.259399891 -0.146976948 0.954520702 0.374980163 0.367387354 0.929063499 0.043216035 -0.824948128 -0.893162131 0.339468539 0.294996381 0.400065165
13446767 0.932107437 1.659917389 0.500000000 0.500000000 0.000000000 0.000000000 0.255003095 -0.148936391 0.955401063 -0.041505201 0.361330986 0.931164145 0.048716411 -0.753391959 -0.896890879 0.332793176 0.291265070 0.540727918
13513500 0.932107437 1.659917389 0.500000000 0.500000000 0.000000000 0.000000000 0.251004219 -0.150008768 0.956291795 -0.443748870 0.356443733 0.932825387 0.052769572 -0.645246949 -0.899969220 0.327618897 0.287612855 0.662252940
13580233 0.932107437 1.659917389 0.500000000 0.500000000 0.000000000 0.000000000 0.248258412 -0.150438726 0.956940591 -0.839525467 0.352151394 0.934294820 0.055520356 -0.487195947 -0.902417004 0.323204726 0.284923851 0.710997420
13646967 0.932107437 1.659917389 0.500000000 0.500000000 0.000000000 0.000000000 0.246266305 -0.150144130 0.957501292 -1.221528808 0.346379876 0.936316013 0.057734400 -0.295740909 -0.905192256 0.317441374 0.282590032 0.856188239
13713700 0.932107437 1.659917389 0.500000000 0.500000000 0.000000000 0.000000000 0.246158004 -0.149742186 0.957592487 -1.580749738 0.341306746 0.938101053 0.058958173 -0.067799413 -0.907147050 0.312319785 0.282029152 0.882514783
13780433 0.932107437 1.659917389 0.500000000 0.500000000 0.000000000 0.000000000 0.250571847 -0.149261415 0.956521869 -1.916808608 0.335936546 0.940054297 0.058689408 0.153920847 -0.907942533 0.306624889 0.285693586 0.798458363
13847167 0.932107437 1.659917389 0.500000000 0.500000000 0.000000000 0.000000000 0.255589843 -0.146996498 0.955544114 -2.204747123 0.329231471 0.942531347 0.056931719 0.394113806 -0.908998966 0.300044358 0.289297402 0.758032034
13913900 0.932107437 1.659917389 0.500000000 0.500000000 0.000000000 0.000000000 0.260885894 -0.143396050 0.954660356 -2.413000765 0.321431994 0.945382416 0.054162718 0.661730995 -0.910285890 0.292728037 0.292729020 0.626588155
13980633 0.932107437 1.659917389 0.500000000 0.500000000 0.000000000 0.000000000 0.265166104 -0.137989730 0.954276800 -2.568095710 0.312089264 0.948711514 0.050464548 0.929828608 -0.912296891 0.284438401 0.294631302 0.527723463
14047367 0.932107437 1.659917389 0.500000000 0.500000000 0.000000000 0.000000000 0.269273639 -0.132619411 0.953888237 -2.703177130 0.302199900 0.952082157 0.047060266 1.138869574 -0.914421022 0.275593102 0.296448231 0.413180815
14114100 0.932107437 1.659917389 0.500000000 0.500000000 0.000000000 0.000000000 0.276769340 -0.129558653 0.952162683 -2.766091264 0.294463426 0.954635322 0.044302069 1.289830060 -0.914707839 0.268115520 0.302364051 0.210099973
14180833 0.932107437 1.659917389 0.500000000 0.500000000 0.000000000 0.000000000 0.287148893 -0.128873602 0.949176788 -2.825688435 0.288705826 0.956472993 0.042523824 1.374589830 -0.913342118 0.261822313 0.311856747 -0.090969747
14247567 0.932107437 1.659917389 0.500000000 0.500000000 0.000000000 0.000000000 0.302919984 -0.131373197 0.943917453 -2.939638816 0.285210133 0.957555592 0.041742377 1.408249709 -0.909337223 0.256570309 0.327531755 -0.530074877
14314300 0.932107437 1.659917389 0.500000000 0.500000000 0.000000000 0.000000000 0.319531202 -0.134229690 0.938020051 -3.060278176 0.283634543 0.958077610 0.040481456 1.370449794 -0.904129803 0.253119916 0.344207883 -1.064289350
14381033 0.932107437 1.659917389 0.500000000 0.500000000 0.000000000 0.000000000 0.337402344 -0.137999952 0.931190968 -3.185063266 0.286542624 0.957311749 0.038046695 1.330730494 -0.896690488 0.253988683 0.362542033 -1.781331540
14447767 0.932107437 1.659917389 0.500000000 0.500000000 0.000000000 0.000000000 0.355606318 -0.139912039 0.924103856 -3.345057255 0.290202349 0.956391692 0.033127241 1.301049113 -0.888440132 0.256397039 0.380701780 -2.451537680
14514500 0.932107437 1.659917389 0.500000000 0.500000000 0.000000000 0.000000000 0.372656465 -0.139957666 0.917354643 -3.514832092 0.293829441 0.955492854 0.026414052 1.322090560 -0.880222619 0.259702325 0.397194266 -3.199081563
14581233 0.932107437 1.659917389 0.500000000 0.500000000 0.000000000 0.000000000 0.385252178 -0.138364464 0.912378967 -3.623017705 0.295976192 0.954989016 0.019850492 1.351698926 -0.874058425 0.262395173 0.408864260 -3.842867419
