https://www.youtube.com/watch?v=KIWkpEiNY_g
51266667 0.899280677 1.599268022 0.500000000 0.500000000 0.000000000 0.000000000 0.994520128 -0.051852342 0.090779915 -5.207929835 0.047788877 0.997780144 0.046378504 -1.207010041 -0.092983231 -0.041786086 0.994790435 3.562599735
51333333 0.899280677 1.599268022 0.500000000 0.500000000 0.000000000 0.000000000 0.994276643 -0.055273715 0.091426194 -5.146209937 0.051024709 0.997534633 0.048178405 -1.200590087 -0.093863785 -0.043237671 0.994645715 3.495029909
51400000 0.899280677 1.599268022 0.500000000 0.500000000 0.000000000 0.000000000 0.994461536 -0.056118362 0.088865235 -5.085640037 0.051844269 0.997417867 0.049696937 -1.176920118 -0.091424689 -0.044814542 0.994803071 3.402399761
51466667 0.899280677 1.599268022 0.500000000 0.500000000 0.000000000 0.000000000 0.994770229 -0.054262012 0.086531982 -5.017859940 0.049910679 0.997415602 0.051681690 -1.129349881 -0.089112699 -0.047092535 0.994907618 3.329759990
51533333 0.899280677 1.599268022 0.500000000 0.500000000 0.000000000 0.000000000 0.995379210 -0.050674971 0.081561290 -4.952329649 0.046329003 0.997448027 0.054323904 -1.060760184 -0.084106006 -0.050294235 0.995186746 3.233239905
51600000 0.899280677 1.599268022 0.500000000 0.500000000 0.000000000 0.000000000 0.996105671 -0.044054359 0.076372020 -4.861810170 0.039668128 0.997526526 0.058028411 -0.973257053 -0.078739516 -0.054772895 0.995389402 3.145430281
51666667 0.899280677 1.599268022 0.500000000 0.500000000 0.000000000 0.000000000 0.996571004 -0.038022660 0.073488504 -4.766430039 0.033570334 0.997579217 0.060899220 -0.895633980 -0.075626150 -0.058223359 0.995434940 3.056759738
51733333 0.899280677 1.599268022 0.500000000 0.500000000 0.000000000 0.000000000 0.996971726 -0.032613549 0.070595667 -4.665589700 0.028188467 0.997628272 0.062795572 -0.824998999 -0.072476223 -0.060615428 0.995526493 2.983309981
51800000 0.899280677 1.599268022 0.500000000 0.500000000 0.000000000 0.000000000 0.997195303 -0.026224453 0.070098698 -4.553639790 0.021658707 0.997642517 0.065117806 -0.755801072 -0.071641117 -0.063416928 0.995412409 2.932800114
51866667 0.899280677 1.599268022 0.500000000 0.500000000 0.000000000 0.000000000 0.997191727 -0.020566503 0.072012000 -4.433430476 0.015730852 0.997623205 0.067085266 -0.696834918 -0.073220558 -0.065764055 0.995145142 2.883120158
51933333 0.899280677 1.599268022 0.500000000 0.500000000 0.000000000 0.000000000 0.997046351 -0.017926462 0.074680381 -4.313319842 0.012753750 0.997523069 0.069174506 -0.669110949 -0.075735457 -0.068017729 0.994805396 2.835560302
52000000 0.899280677 1.599268022 0.500000000 0.500000000 0.000000000 0.000000000 0.996798754 -0.017020622 0.078118928 -4.188200316 0.011574327 0.997504473 0.069648512 -0.653657989 -0.079109438 -0.068521373 0.994508147 2.800789843
52066667 0.899280677 1.599268022 0.500000000 0.500000000 0.000000000 0.000000000 0.996473372 -0.015662523 0.082434572 -4.071259582 0.009943906 0.997544169 0.069330417 -0.635684035 -0.083318017 -0.068266191 0.994181991 2.766840024
52133333 0.899280677 1.599268022 0.500000000 0.500000000 0.000000000 0.000000000 0.996044517 -0.014257492 0.087704442 -3.959510184 0.008232115 0.997604609 0.068682805 -0.621220998 -0.088473596 -0.067689136 0.993775904 2.749669925
52200000 0.899280677 1.599268022 0.500000000 0.500000000 0.000000000 0.000000000 0.995295882 -0.015854888 0.095575944 -3.842820172 0.009383061 0.997655690 0.067786880 -0.624329920 -0.096426636 -0.066571198 0.993111372 2.730929960
52266667 0.899280677 1.599268022 0.500000000 0.500000000 0.000000000 0.000000000 0.994092703 -0.022007192 0.106279530 -3.727819888 0.015034525 0.997708440 0.065967984 -0.638769897 -0.107487760 -0.063980423 0.992145598 2.734130135
52333333 0.899280677 1.599268022 0.500000000 0.500000000 0.000000000 0.000000000 0.992635608 -0.029871942 0.117397726 -3.610710201 0.022393366 0.997665524 0.064513609 -0.658760023 -0.119050816 -0.061409574 0.990987241 2.730989626
52400000 0.899280677 1.599268022 0.500000000 0.500000000 0.000000000 0.000000000 0.990766108 -0.038077950 0.130125493 -3.495189949 0.030015290 0.997538626 0.063370332 -0.674489985 -0.132218212 -0.058879424 0.989470363 2.727630072
52466667 0.899280677 1.599268022 0.500000000 0.500000000 0.000000000 0.000000000 0.988287151 -0.047346152 0.145075336 -3.381679972 0.038679853 0.997327149 0.061987139 -0.691859042 -0.147622421 -0.055649608 0.987476945 2.727019998
52533333 0.899280677 1.599268022 0.500000000 0.500000000 0.000000000 0.000000000 0.985467494 -0.056499995 0.160192400 -3.275390188 0.047256395 0.997022152 0.060939822 -0.709312924 -0.163158476 -0.052484091 0.985202849 2.717709853
52600000 0.899280677 1.599268022 0.500000000 0.500000000 0.000000000 0.000000000 0.982332230 -0.065501474 0.175308257 -3.174130131 0.055737156 0.996637523 0.060058914 -0.721011109 -0.178652734 -0.049226627 0.982679963 2.701970050
52666667 0.899280677 1.599268022 0.500000000 0.500000000 0.000000000 0.000000000 0.978665590 -0.074280158 0.191562399 -3.077960050 0.063882411 0.996157944 0.059903491 -0.728597006 -0.195276037 -0.046388019 0.979650676 2.681649869
52733333 0.899280677 1.599268022 0.500000000 0.500000000 0.000000000 0.000000000 0.974784791 -0.081678979 0.207661197 -2.992150027 0.070427172 0.995648623 0.061023567 -0.718366992 -0.211741909 -0.044859860 0.976295531 2.656500204
52800000 0.899280677 1.599268022 0.500000000 0.500000000 0.000000000 0.000000000 0.970697463 -0.088480100 0.223422542 -2.912069911 0.075950518 0.995050311 0.064081132 -0.702557963 -0.227986589 -0.045234326 0.972612977 2.623689832
52866667 0.899280677 1.599268022 0.500000000 0.500000000 0.000000000 0.000000000 0.966200411 -0.095815316 0.239324436 -2.833950083 0.081886664 0.994352937 0.067503780 -0.684440883 -0.244440868 -0.045624681 0.968590200 2.570329694
52933333 0.899280677 1.599268022 0.500000000 0.500000000 0.000000000 0.000000000 0.962057889 -0.103428781 0.252481878 -2.781689939 0.088555977 0.993636072 0.069607325 -0.659178921 -0.258074522 -0.044607494 0.965094686 2.501930235
53000000 0.899280677 1.599268022 0.500000000 0.500000000 0.000000000 0.000000000 0.958683610 -0.109241918 0.262663037 -2.726039748 0.093508556 0.993032634 0.071710356 -0.622358957 -0.268666714 -0.044186283 0.962219179 2.437829880
53066667 0.899280677 1.599268022 0.500000000 0.500000000 0.000000000 0.000000000 0.955046117 -0.114404045 0.273493588 -2.681700338 0.097549327 0.992438436 0.074498579 -0.585885065 -0.279948473 -0.044470496 0.958984494 2.364880193
53133333 0.899280677 1.599268022 0.500000000 0.500000000 0.000000000 0.000000000 0.952342510 -0.119466439 0.280662656 -2.647869976 0.101707160 0.991824806 0.077066675 -0.548393150 -0.287575066 -0.044848494 0.956707478 2.266510178
53200000 0.899280677 1.599268022 0.500000000 0.500000000 0.000000000 0.000000000 0.949399054 -0.124301285 0.288427711 -2.611650046 0.105599493 0.991219163 0.079582326 -0.512404043 -0.295787275 -0.045097545 0.954188704 2.186009821
53266667 0.899280677 1.599268022 0.500000000 0.500000000 0.000000000 0.000000000 0.946207643 -0.129200354 0.296645135 -2.575740137 0.109557763 0.990593493 0.081985615 -0.479736061 -0.304447323 -0.045075648 0.951462030 2.102089875
53333333 0.899280677 1.599268022 0.500000000 0.500000000 0.000000000 0.000000000 0.942584038 -0.134313613 0.305769801 -2.538219942 0.113612406 0.989916146 0.084606051 -0.450497939 -0.314050198 -0.045009047 0.948338866 2.024059802
53400000 0.899280677 1.599268022 0.500000000 0.500000000 0.000000000 0.000000000 0.938857198 -0.138899848 0.315045983 -2.502219869 0.117080487 0.989281952 0.087254748 -0.428004004 -0.323788971 -0.045034021 0.945056975 1.952260023
53466667 0.899280677 1.599268022 0.500000000 0.500000000 0.000000000 0.000000000 0.935104430 -0.142894611 0.324285120 -2.467820128 0.120039925 0.988723755 0.089530550 -0.407635029 -0.333421856 -0.044793256 0.941713035 1.877230144
53533333 0.899280677 1.599268022 0.500000000 0.500000000 0.000000000 0.000000000 0.931272388 -0.147667333 0.333055496 -2.426399498 0.123955555 0.988061905 0.091480456 -0.398552907 -0.342588127 -0.043909110 0.938458979 1.811919778
53600000 0.899280677 1.599268022 0.500000000 0.500000000 0.000000000 0.000000000 0.926546991 -0.153822079 0.343291909 -2.374419833 0.129695043 0.987246990 0.092317387 -0.401956876 -0.353114396 -0.041013092 0.934680700 1.769749946
53666667 0.899280677 1.599268022 0.500000000 0.500000000 0.000000000 0.000000000 0.921407580 -0.161497876 0.353449315 -2.316629637 0.137700841 0.986224234 0.091652475 -0.415680834 -0.363381952 -0.035778977 0.930952907 1.723509711
53733333 0.899280677 1.599268022 0.500000000 0.500000000 0.000000000 0.000000000 0.915981054 -0.168305248 0.364214301 -2.253229989 0.145542026 0.985314786 0.089287855 -0.423230060 -0.373893321 -0.028777519 0.927025199 1.686329897
53800000 0.899280677 1.599268022 0.500000000 0.500000000 0.000000000 0.000000000 0.910518050 -0.175038368 0.374591202 -2.190720435 0.153225511 0.984309614 0.087501682 -0.429645090 -0.384029895 -0.022274964 0.923051953 1.648250138
53866667 0.899280677 1.599268022 0.500000000 0.500000000 0.000000000 0.000000000 0.905705273 -0.181946084 0.382875353 -2.119289938 0.160990819 0.983168423 0.086381629 -0.433585939 -0.392147750 -0.016596869 0.919752479 1.616959854
53933333 0.899280677 1.599268022 0.500000000 0.500000000 0.000000000 0.000000000 0.901069224 -0.187865138 0.390872151 -2.040250333 0.167283535 0.982115746 0.086399756 -0.440832040 -0.400113195 -0.012465715 0.916381001 1.573720245
54000000 0.899280677 1.599268022 0.500000000 0.500000000 0.000000000 0.000000000 0.897343636 -0.193055272 0.396867722 -1.948159940 0.173203945 0.981154263 0.085654557 -0.445478932 -0.405924529 -0.008122485 0.913870454 1.518749871
54066667 0.899280677 1.599268022 0.500000000 0.500000000 0.000000000 0.000000000 0.893440723 -0.196332306 0.404001772 -1.844850141 0.177448124 0.980531394 0.084085353 -0.437984088 -0.412645102 -0.003435992 0.910885513 1.482090299
54133333 0.899280677 1.599268022 0.500000000 0.500000000 0.000000000 0.000000000 0.890268743 -0.198185742 0.410053581 -1.742529982 0.180361956 0.980164111 0.082145199 -0.417764922 -0.418199807 0.000826787 0.908354640 1.426689969
54200000 0.899280677 1.599268022 0.500000000 0.500000000 0.000000000 0.000000000 0.888375521 -0.197267517 0.414577246 -1.635649704 0.180458292 0.980341792 0.079779707 -0.385272946 -0.422165334 0.003939599 0.906510234 1.368439869
54266667 0.899280677 1.599268022 0.500000000 0.500000000 0.000000000 0.000000000 0.886784852 -0.194828078 0.419111967 -1.527220181 0.178950623 0.980816245 0.077305943 -0.348284109 -0.426133156 0.006446537 0.904637575 1.313510141
54333333 0.899280677 1.599268022 0.500000000 0.500000000 0.000000000 0.000000000 0.885402739 -0.192302302 0.423180312 -1.417709594 0.177280262 0.981297910 0.075006828 -0.317990877 -0.429689974 0.008610349 0.902935326 1.260819778
54400000 0.899280677 1.599268022 0.500000000 0.500000000 0.000000000 0.000000000 0.884367228 -0.189101472 0.426773101 -1.313190025 0.175557956 0.981885552 0.071275108 -0.289231992 -0.432520598 0.011890033 0.901545703 1.205890242
54466667 0.899280677 1.599268022 0.500000000 0.500000000 0.000000000 0.000000000 0.883857608 -0.185222238 0.429521054 -1.207599770 0.173396528 0.982576847 0.066905290 -0.258603893 -0.434429795 0.015342753 0.900574982 1.156669918
54533333 0.899280677 1.599268022 0.500000000 0.500000000 0.000000000 0.000000000 0.883187950 -0.181879550 0.432317972 -1.096579852 0.171699166 0.983142614 0.062849320 -0.230912979 -0.436461210 0.018720873 0.899528265 1.122529930
54600000 0.899280677 1.599268022 0.500000000 0.500000000 0.000000000 0.000000000 0.881935656 -0.179598853 0.435813904 -0.985615054 0.170367584 0.983518898 0.060543321 -0.210569020 -0.439504743 0.020853251 0.897998214 1.081480194
54666667 0.899280677 1.599268022 0.500000000 0.500000000 0.000000000 0.000000000 0.880913377 -0.176911235 0.438969195 -0.881661910 0.168781996 0.983954787 0.057840806 -0.196559955 -0.442158520 0.023137387 0.896638393 1.037219927
54733333 0.899280677 1.599268022 0.500000000 0.500000000 0.000000000 0.000000000 0.880144298 -0.174392402 0.441512823 -0.778336187 0.167448640 0.984345436 0.055000477 -0.186088109 -0.444192767 0.025522267 0.895567775 1.000700225
54800000 0.899280677 1.599268022 0.500000000 0.500000000 0.000000000 0.000000000 0.879183054 -0.172515363 0.444157153 -0.684851003 0.166756898 0.984607518 0.052346520 -0.182402004 -0.446351081 0.028044105 0.894418359 0.960010972
54866667 0.899280677 1.599268022 0.500000000 0.500000000 0.000000000 0.000000000 0.879254639 -0.170609578 0.444751322 -0.593778089 0.166190252 0.984863102 0.049248949 -0.181995039 -0.446421504 0.030610941 0.894299090 0.922063069
54933333 0.899280677 1.599268022 0.500000000 0.500000000 0.000000000 0.000000000 0.879445314 -0.168085188 0.445335001 -0.510435020 0.165274948 0.985199034 0.045464870 -0.184383010 -0.446385592 0.033618871 0.894208908 0.881076863
55000000 0.899280677 1.599268022 0.500000000 0.500000000 0.000000000 0.000000000 0.879722714 -0.166552812 0.445362866 -0.434200962 0.165829480 0.985305369 0.040913641 -0.188758961 -0.445632696 0.037861660 0.894414842 0.834815890
55066667 0.899280677 1.599268022 0.500000000 0.500000000 0.000000000 0.000000000 0.878995061 -0.168998018 0.445878267 -0.357905999 0.170737520 0.984636128 0.036611166 -0.188084019 -0.445215046 0.043947104 0.894344568 0.786600040
55133333 0.899280677 1.599268022 0.500000000 0.500000000 0.000000000 0.000000000 0.877928615 -0.172979504 0.446452171 -0.285222023 0.176823109 0.983675301 0.033413656 -0.177185037 -0.444943875 0.049608208 0.894183457 0.746280063
55200000 0.899280677 1.599268022 0.500000000 0.500000000 0.000000000 0.000000000 0.876474023 -0.176767230 0.447824121 -0.214475975 0.182214797 0.982760668 0.031292081 -0.163811951 -0.445635378 0.054173544 0.893573821 0.696399865
55266667 0.899280677 1.599268022 0.500000000 0.500000000 0.000000000 0.000000000 0.874171853 -0.181630716 0.450370878 -0.146798032 0.188597128 0.981602192 0.029803872 -0.157595005 -0.447498351 0.058884926 0.892343998 0.636322064
55333333 0.899280677 1.599268022 0.500000000 0.500000000 0.000000000 0.000000000 0.871084869 -0.187031999 0.454125434 -0.086299789 0.195850268 0.980232894 0.028037895 -0.151346948 -0.450392693 0.064517289 0.890496373 0.571598934
55400000 0.899280677 1.599268022 0.500000000 0.500000000 0.000000000 0.000000000 0.867872655 -0.192202240 0.458099633 -0.023453402 0.203071296 0.978819788 0.025957981 -0.138777994 -0.453386158 0.070498683 0.888521731 0.498798954
55466667 0.899280677 1.599268022 0.500000000 0.500000000 0.000000000 0.000000000 0.863282204 -0.195731461 0.465223670 0.036331089 0.209149301 0.977608442 0.023201464 -0.122539000 -0.459347844 0.077271782 0.884889066 0.422244033
55533333 0.899280677 1.599268022 0.500000000 0.500000000 0.000000000 0.000000000 0.859150290 -0.198207855 0.471777976 0.086070491 0.214162618 0.976587415 0.020283751 -0.100054011 -0.464752853 0.083610401 0.881484032 0.328371992
55600000 0.899280677 1.599268022 0.500000000 0.500000000 0.000000000 0.000000000 0.855927527 -0.199828312 0.476924419 0.132455032 0.218119606 0.975767195 0.017384999 -0.071985418 -0.468841255 0.089146197 0.878772438 0.227801043
55666667 0.899280677 1.599268022 0.500000000 0.500000000 0.000000000 0.000000000 0.853295624 -0.200570330 0.481308997 0.176671040 0.221630588 0.975038707 0.013395585 -0.030009513 -0.471981645 0.095242329 0.876448750 0.119914030
55733333 0.899280677 1.599268022 0.500000000 0.500000000 0.000000000 0.000000000 0.852046490 -0.199887156 0.483799100 0.222540932 0.223770380 0.974604130 0.008573998 0.017840703 -0.473226428 0.100954577 0.875136971 0.013078404
55800000 0.899280677 1.599268022 0.500000000 0.500000000 0.000000000 0.000000000 0.851333976 -0.199133188 0.485362411 0.264462060 0.226130635 0.974092364 0.003010981 0.072384508 -0.473387420 0.107191890 0.874307990 -0.105910030
55866667 0.899280677 1.599268022 0.500000000 0.500000000 0.000000000 0.000000000 0.851636648 -0.197736174 0.485402584 0.310099079 0.227544218 0.973764420 -0.002547450 0.131314007 -0.472164035 0.112619981 0.874287128 -0.211683035
55933333 0.899280677 1.599268022 0.500000000 0.500000000 0.000000000 0.000000000 0.852120280 -0.194675177 0.485790908 0.349929063 0.227591664 0.973715007 -0.009010796 0.188439035 -0.471267700 0.118240148 0.874028742 -0.329497091
56000000 0.899280677 1.599268022 0.500000000 0.500000000 0.000000000 0.000000000 0.854359388 -0.192191049 0.482837737 0.392242845 0.227551237 0.973649204 -0.015085515 0.242378934 -0.467215300 0.122758880 0.875579715 -0.437748859
56066667 0.899280677 1.599268022 0.500000000 0.500000000 0.000000000 0.000000000 0.857160449 -0.191042468 0.478308529 0.436692155 0.228640780 0.973284423 -0.020997334 0.295128065 -0.461518854 0.127358824 0.877940953 -0.539248174
56133333 0.899280677 1.599268022 0.500000000 0.500000000 0.000000000 0.000000000 0.859506607 -0.190059856 0.474474043 0.480856958 0.229617938 0.972927451 -0.026226256 0.343278988 -0.456644267 0.131489426 0.879878700 -0.623900977
56200000 0.899280677 1.599268022 0.500000000 0.500000000 0.000000000 0.000000000 0.860591173 -0.187777042 0.473415554 0.519452821 0.229888350 0.972687840 -0.032088965 0.379331931 -0.454459965 0.136448309 0.880254388 -0.705099851
56266667 0.899280677 1.599268022 0.500000000 0.500000000 0.000000000 0.000000000 0.861634254 -0.187278971 0.471712649 0.558421894 0.232807502 0.971722126 -0.039455768 0.415848978 -0.450984359 0.143814743 0.880869031 -0.789247815
56333333 0.899280677 1.599268022 0.500000000 0.500000000 0.000000000 0.000000000 0.862793207 -0.189029276 0.468887925 0.605707026 0.237678647 0.970244467 -0.046200603 0.458946011 -0.446202636 0.151306197 0.882048547 -0.857281024
56400000 0.899280677 1.599268022 0.500000000 0.500000000 0.000000000 0.000000000 0.864547551 -0.191762492 0.464526266 0.656427901 0.242538914 0.968775094 -0.051475454 0.504652979 -0.440150410 0.157168686 0.884061992 -0.925573987
56466667 0.899280677 1.599268022 0.500000000 0.500000000 0.000000000 0.000000000 0.867272913 -0.193657488 0.458622396 0.711823046 0.245559186 0.967779577 -0.055708315 0.541452037 -0.433057070 0.160933241 0.886883378 -0.998504086
56533333 0.899280677 1.599268022 0.500000000 0.500000000 0.000000000 0.000000000 0.871175706 -0.195614874 0.450319469 0.771936019 0.248177379 0.966846764 -0.060127262 0.574676949 -0.423628151 0.164140567 0.890840590 -1.073239973
56600000 0.899280677 1.599268022 0.500000000 0.500000000 0.000000000 0.000000000 0.877141118 -0.196676105 0.438111782 0.858519032 0.249090612 0.966302335 -0.064912707 0.607612989 -0.410581648 0.166067168 0.896573663 -1.144649878
56666667 0.899280677 1.599268022 0.500000000 0.500000000 0.000000000 0.000000000 0.884653032 -0.194147334 0.423905581 0.967997109 0.246196434 0.966609597 -0.071086094 0.641006051 -0.395950049 0.167250514 0.902912498 -1.221280111
56733333 0.899280677 1.599268022 0.500000000 0.500000000 0.000000000 0.000000000 0.894666612 -0.189397156 0.404599041 1.097019978 0.240202367 0.967566490 -0.078217439 0.672684009 -0.376662284 0.167164177 0.911143064 -1.289999954
56800000 0.899280677 1.599268022 0.500000000 0.500000000 0.000000000 0.000000000 0.905221820 -0.182550788 0.383730084 1.248060112 0.231988192 0.968879223 -0.086339697 0.711546076 -0.356026739 0.167177364 0.919400215 -1.340200009
56866667 0.899280677 1.599268022 0.500000000 0.500000000 0.000000000 0.000000000 0.914021134 -0.171814978 0.367484510 1.412819756 0.221054763 0.970519483 -0.096055523 0.748614907 -0.340147078 0.169031039 0.925055861 -1.389959738
56933333 0.899280677 1.599268022 0.500000000 0.500000000 0.000000000 0.000000000 0.922044456 -0.158806205 0.353008121 1.575980218 0.208755374 0.971986413 -0.107998371 0.779062058 -0.325968295 0.173271567 0.929366350 -1.441370332
57000000 0.899280677 1.599268022 0.500000000 0.500000000 0.000000000 0.000000000 0.931682169 -0.143908858 0.333554506 1.742650128 0.195445776 0.972544849 -0.126322791 0.799638905 -0.306217730 0.182884499 0.934229076 -1.472669918
57066667 0.899280677 1.599268022 0.500000000 0.500000000 0.000000000 0.000000000 0.939908385 -0.130991384 0.315298915 1.910059755 0.183432207 0.972614110 -0.142738685 0.809530952 -0.287966609 0.191997305 0.938196242 -1.496409733
57133333 0.899280677 1.599268022 0.500000000 0.500000000 0.000000000 0.000000000 0.947646618 -0.117240272 0.297019362 2.066779999 0.170784906 0.972030759 -0.161210254 0.809175051 -0.269811630 0.203496799 0.941164553 -1.514059896
57200000 0.899280677 1.599268022 0.500000000 0.500000000 0.000000000 0.000000000 0.955048203 -0.105152756 0.277174443 2.218329701 0.159312487 0.970542848 -0.180737406 0.806404021 -0.250004619 0.216770321 0.943667412 -1.526389720
57266667 0.899280677 1.599268022 0.500000000 0.500000000 0.000000000 0.000000000 0.961608291 -0.094725139 0.257559091 2.362770230 0.149205655 0.968162537 -0.200994909 0.807509978 -0.230319813 0.231707633 0.945126653 -1.531070089
57333333 0.899280677 1.599268022 0.500000000 0.500000000 0.000000000 0.000000000 0.966567278 -0.087240964 0.241115466 2.493169935 0.141243473 0.965966821 -0.216698885 0.812919955 -0.214004532 0.243510038 0.945994139 -1.538700026
57400000 0.899280677 1.599268022 0.500000000 0.500000000 0.000000000 0.000000000 0.970162034 -0.083698794 0.227552474 2.606339995 0.137310073 0.963183105 -0.231137037 0.835330985 -0.199828833 0.255485624 0.945936382 -1.553940216
57466667 0.899280677 1.599268022 0.500000000 0.500000000 0.000000000 0.000000000 0.972494364 -0.083319604 0.217514470 2.703460011 0.136104345 0.961093366 -0.240364537 0.865804072 -0.189024612 0.263357818 0.945998073 -1.582489811
57533333 0.899280677 1.599268022 0.500000000 0.500000000 0.000000000 0.000000000 0.975757420 -0.083274350 0.202392921 2.807760181 0.134191707 0.958192468 -0.252704978 0.905679954 -0.172887519 0.273738205 0.946138084 -1.598289794
57600000 0.899280677 1.599268022 0.500000000 0.500000000 0.000000000 0.000000000 0.978827178 -0.082720600 0.187228784 2.911679952 0.131474003 0.955147922 -0.265343249 0.947236106 -0.156881824 0.284340918 0.945800364 -1.615589971
57666667 0.899280677 1.599268022 0.500000000 0.500000000 0.000000000 0.000000000 0.981359541 -0.082285404 0.173673838 3.005049984 0.128739953 0.952439368 -0.276197910 0.986012941 -0.142686754 0.293408215 0.945278883 -1.643270118
57733333 0.899280677 1.599268022 0.500000000 0.500000000 0.000000000 0.000000000 0.983845115 -0.080328010 0.159988075 3.101370136 0.124085419 0.950162172 -0.285997659 1.021800095 -0.129041016 0.301229566 0.944779992 -1.677220203
57800000 0.899280677 1.599268022 0.500000000 0.500000000 0.000000000 0.000000000 0.986116529 -0.075958997 0.147663087 3.193449983 0.117167056 0.948414326 -0.294588059 1.051079933 -0.117669187 0.307799429 0.944146991 -1.722670156
57866667 0.899280677 1.599268022 0.500000000 0.500000000 0.000000000 0.000000000 0.988318741 -0.071168952 0.134763017 3.282270038 0.109474160 0.946716666 -0.302890956 1.086650083 -0.106025934 0.314105868 0.943448961 -1.780049797
57933333 0.899280677 1.599268022 0.500000000 0.500000000 0.000000000 0.000000000 0.990702868 -0.065734372 0.119108483 3.377000158 0.100056946 0.945274949 -0.310554147 1.127850131 -0.092176169 0.319584489 0.943063736 -1.831959816
58000000 0.899280677 1.599268022 0.500000000 0.500000000 0.000000000 0.000000000 0.993189931 -0.058494575 0.100758076 3.481530117 0.087824099 0.944158614 -0.317571074 1.165599964 -0.076555416 0.324257344 0.942866087 -1.866410002
58066667 0.899280677 1.599268022 0.500000000 0.500000000 0.000000000 0.000000000 0.995718300 -0.047275726 0.079436220 3.597949960 0.070960805 0.941633344 -0.329076231 1.198589984 -0.059242480 0.333304048 0.940956295 -1.888280056
58133333 0.899280677 1.599268022 0.500000000 0.500000000 0.000000000 0.000000000 0.998070359 -0.029403847 0.054689948 3.722319974 0.046570573 0.937041819 -0.346098065 1.208620048 -0.041070160 0.347977161 0.936603010 -1.904910173
58200000 0.899280677 1.599268022 0.500000000 0.500000000 0.000000000 0.000000000 0.999376833 -0.011537487 0.033359852 3.827270021 0.022958545 0.930320144 -0.366029054 1.222439835 -0.026812285 0.366566867 0.930005252 -1.935759759
58266667 0.899280677 1.599268022 0.500000000 0.500000000 0.000000000 0.000000000 0.999942899 0.000209993 0.010682003 3.943399773 0.003927225 0.922588885 -0.385764539 1.259740074 -0.009936105 0.385784447 0.922535419 -1.941180066
58333333 0.899280677 1.599268022 0.500000000 0.500000000 0.000000000 0.000000000 0.999940097 0.008590657 -0.006780972 4.029940043 -0.010586794 0.916334391 -0.400273800 1.298129918 0.002775022 0.400321603 0.916370511 -1.949689915
58400000 0.899280677 1.599268022 0.500000000 0.500000000 0.000000000 0.000000000 0.999703765 0.014484910 -0.019560853 4.107299855 -0.021209912 0.912670314 -0.408145994 1.317790269 0.011940656 0.408439964 0.912707150 -1.954730292
58466667 0.899280677 1.599268022 0.500000000 0.500000000 0.000000000 0.000000000 0.999222577 0.022033522 -0.032691669 4.156939944 -0.033710621 0.907477736 -0.418745488 1.329669998 0.020440530 0.419522017 0.907515049 -1.961490271
58533333 0.899280677 1.599268022 0.500000000 0.500000000 0.000000000 0.000000000 0.998147011 0.030138513 -0.052860700 4.235119721 -0.050003253 0.901289940 -0.430321008 1.331500196 0.034673594 0.432166845 0.901126862 -1.941240015
58600000 0.899280677 1.599268022 0.500000000 0.500000000 0.000000000 0.000000000 0.996556222 0.036929928 -0.074242279 4.311180282 -0.065999091 0.895289540 -0.440568596 1.326550002 0.050198156 0.443951279 0.894643664 -1.914999923
58666667 0.899280677 1.599268022 0.500000000 0.500000000 0.000000000 0.000000000 0.994280219 0.042995326 -0.097766250 4.395330091 -0.082678996 0.889325261 -0.449738294 1.313409615 0.067609325 0.455249101 0.887793362 -1.878059711
58733333 0.899280677 1.599268022 0.500000000 0.500000000 0.000000000 0.000000000 0.991229832 0.048008673 -0.123120107 4.498199631 -0.099624179 0.883600652 -0.457520425 1.299170043 0.086824052 0.465773642 0.880634129 -1.826600044
58800000 0.899280677 1.599268022 0.500000000 0.500000000 0.000000000 0.000000000 0.987640202 0.055571824 -0.146555856 4.600669775 -0.118000969 0.879055798 -0.461884022 1.268050399 0.103163056 0.473468959 0.874748349 -1.784330276
58866667 0.899280677 1.599268022 0.500000000 0.500000000 0.000000000 0.000000000 0.982533693 0.064523727 -0.174540177 4.721180252 -0.139978483 0.874298036 -0.464767754 1.213010227 0.122611605 0.481081843 0.868059158 -1.725699965
58933333 0.899280677 1.599268022 0.500000000 0.500000000 0.000000000 0.000000000 0.977087319 0.074690029 -0.199303120 4.844599729 -0.161657959 0.869532585 -0.466668874 1.152340313 0.138445079 0.488195151 0.861683547 -1.674300019
59000000 0.899280677 1.599268022 0.500000000 0.500000000 0.000000000 0.000000000 0.970516503 0.085480824 -0.225367993 4.976819826 -0.184659794 0.864616275 -0.467267990 1.075829772 0.154914379 0.495107710 0.854909241 -1.608089879
59066667 0.899280677 1.599268022 0.500000000 0.500000000 0.000000000 0.000000000 0.962642074 0.099341825 -0.251895845 5.113070240 -0.210964486 0.858335376 -0.467711985 0.982563248 0.169747770 0.503380299 0.847227275 -1.535679960
59133333 0.899280677 1.599268022 0.500000000 0.500000000 0.000000000 0.000000000 0.951900125 0.118364796 -0.282623142 5.263749613 -0.244837835 0.848408818 -0.469315112 0.848754085 0.184229463 0.515937984 0.836580634 -1.457810010
59200000 0.899280677 1.599268022 0.500000000 0.500000000 0.000000000 0.000000000 0.942831039 0.131501496 -0.306230038 5.389919572 -0.270282954 0.839285135 -0.471749157 0.750108065 0.194978505 0.527548552 0.826846778 -1.396880379
59266667 0.899280677 1.599268022 0.500000000 0.500000000 0.000000000 0.000000000 0.932721436 0.144709513 -0.330287755 5.517670862 -0.296131074 0.830033302 -0.472600639 0.638750948 0.205760121 0.538613141 0.817042768 -1.327449918
59333333 0.899280677 1.599268022 0.500000000 0.500000000 0.000000000 0.000000000 0.923284173 0.157514989 -0.350335985 5.628280161 -0.319646418 0.820833504 -0.473348081 0.535400595 0.213008076 0.549018443 0.808211684 -1.275559805
59400000 0.899280677 1.599268022 0.500000000 0.500000000 0.000000000 0.000000000 0.915614188 0.162557736 -0.367730379 5.733610238 -0.334863186 0.814535677 -0.473706990 0.468215094 0.222524807 0.556872189 0.800235033 -1.219079745
59466667 0.899280677 1.599268022 0.500000000 0.500000000 0.000000000 0.000000000 0.908619046 0.167283505 -0.382658601 5.826690085 -0.348422676 0.808804154 -0.473748147 0.406019216 0.230245575 0.563783586 0.793180227 -1.170639802
59533333 0.899280677 1.599268022 0.500000000 0.500000000 0.000000000 0.000000000 0.901838422 0.171244055 -0.396690041 5.914380277 -0.360592812 0.804091215 -0.472662836 0.342996179 0.238034278 0.569309056 0.786909699 -1.117579847
59600000 0.899280677 1.599268022 0.500000000 0.500000000 0.000000000 0.000000000 0.893541753 0.175477415 -0.413268507 5.999390299 -0.374792248 0.798336148 -0.471370518 0.270500175 0.247212350 0.576079071 0.779114246 -1.050349558
59666667 0.899280677 1.599268022 0.500000000 0.500000000 0.000000000 0.000000000 0.885801077 0.177853853 -0.428630859 6.079569540 -0.386510581 0.793944240 -0.469320714 0.206535210 0.256838411 0.581395209 0.772019088 -0.978377280
