https://www.youtube.com/watch?v=j_5VI5pUDOk
73106367 0.976350833 1.738707095 0.500000000 0.500000000 0.000000000 0.000000000 0.996223450 0.023645632 -0.083544478 -4.328439914 -0.022733446 0.999671280 0.011853163 1.350059901 0.083797291 -0.009909146 0.996433556 -4.417359906
73139733 0.976350833 1.738707095 0.500000000 0.500000000 0.000000000 0.000000000 0.995963156 0.024000028 -0.086495116 -4.299660586 -0.023028919 0.999660254 0.012207866 1.328689993 0.086758718 -0.010166697 0.996177495 -4.356460188
73173100 0.976350833 1.738707095 0.500000000 0.500000000 0.000000000 0.000000000 0.995737195 0.024150124 -0.089017950 -4.273919992 -0.023115030 0.999652922 0.012640669 1.304840011 0.089292325 -0.010529132 0.995949805 -4.285279915
73206467 0.976350833 1.738707095 0.500000000 0.500000000 0.000000000 0.000000000 0.995581686 0.023955412 -0.090792328 -4.252850375 -0.022869147 0.999654114 0.012985920 1.277619941 0.091072008 -0.010852200 0.995785177 -4.211860394
73239833 0.976350833 1.738707095 0.500000000 0.500000000 0.000000000 0.000000000 0.995477617 0.023616651 -0.092013858 -4.236060140 -0.022507889 0.999661267 0.013069221 1.248780184 0.092291333 -0.010939081 0.995671988 -4.131330128
73273200 0.976350833 1.738707095 0.500000000 0.500000000 0.000000000 0.000000000 0.995439172 0.023057546 -0.092569746 -4.223559793 -0.021947831 0.999674737 0.012988213 1.216799962 0.092839114 -0.010897269 0.995621502 -4.042950032
73306567 0.976350833 1.738707095 0.500000000 0.500000000 0.000000000 0.000000000 0.995448530 0.022405328 -0.092629507 -4.212450289 -0.021295296 0.999689281 0.012954811 1.181539966 0.092890978 -0.010923276 0.995616376 -3.949980226
73339933 0.976350833 1.738707095 0.500000000 0.500000000 0.000000000 0.000000000 0.995502472 0.021742228 -0.092206724 -4.203019875 -0.020654097 0.999705493 0.012738986 1.145409950 0.092456542 -0.010777246 0.995658398 -3.851869791
73373300 0.976350833 1.738707095 0.500000000 0.500000000 0.000000000 0.000000000 0.995660603 0.020998258 -0.090659104 -4.198550704 -0.019963354 0.999724984 0.012307184 1.108270102 0.090892605 -0.010443917 0.995805919 -3.742729793
73406667 0.976350833 1.738707095 0.500000000 0.500000000 0.000000000 0.000000000 0.995836675 0.020086072 -0.088914633 -4.192669695 -0.019091994 0.999745488 0.012016603 1.069049999 0.089133367 -0.010269017 0.995966733 -3.633909904
73440033 0.976350833 1.738707095 0.500000000 0.500000000 0.000000000 0.000000000 0.996028185 0.019182308 -0.086947411 -4.186749493 -0.018231580 0.999765158 0.011715522 1.030200108 0.087151721 -0.010083802 0.996143997 -3.522720068
73473400 0.976350833 1.738707095 0.500000000 0.500000000 0.000000000 0.000000000 0.996253848 0.018147951 -0.084551580 -4.182200323 -0.017236644 0.999785364 0.011495736 0.991076024 0.084742062 -0.009995286 0.996352792 -3.408030176
73506767 0.976350833 1.738707095 0.500000000 0.500000000 0.000000000 0.000000000 0.996485114 0.017001867 -0.082026280 -4.176769980 -0.016114738 0.999804437 0.011465177 0.951839980 0.082205169 -0.010103045 0.996564209 -3.296290041
73540133 0.976350833 1.738707095 0.500000000 0.500000000 0.000000000 0.000000000 0.996726036 0.016068930 -0.079239935 -4.169299984 -0.015232293 0.999821782 0.011151480 0.916789010 0.079405010 -0.009907963 0.996793211 -3.185690136
73573500 0.976350833 1.738707095 0.500000000 0.500000000 0.000000000 0.000000000 0.997018993 0.014905136 -0.075703196 -4.161280088 -0.014110783 0.999839723 0.011017087 0.881596914 0.075855277 -0.009916014 0.997069538 -3.074310044
73606867 0.976350833 1.738707095 0.500000000 0.500000000 0.000000000 0.000000000 0.997309685 0.013593392 -0.072031759 -4.148250299 -0.012837477 0.999857664 0.010946781 0.847008989 0.072170310 -0.009992625 0.997342288 -2.969330149
73640233 0.976350833 1.738707095 0.500000000 0.500000000 0.000000000 0.000000000 0.997580230 0.012277661 -0.068431795 -4.129250065 -0.011537844 0.999870777 0.011195791 0.813971018 0.068560407 -0.010379144 0.997592986 -2.853110134
73673600 0.976350833 1.738707095 0.500000000 0.500000000 0.000000000 0.000000000 0.997885287 0.011178700 -0.064031340 -4.107679992 -0.010447148 0.999876380 0.011748377 0.782926933 0.064154752 -0.011054588 0.997878730 -2.731799835
73706967 0.976350833 1.738707095 0.500000000 0.500000000 0.000000000 0.000000000 0.998182893 0.009937074 -0.059432302 -4.081270100 -0.009204308 0.999878347 0.012590513 0.753540961 0.059550185 -0.012020601 0.998152912 -2.616060119
73740333 0.976350833 1.738707095 0.500000000 0.500000000 0.000000000 0.000000000 0.998462796 0.008394063 -0.054787192 -4.050950412 -0.007649126 0.999875605 0.013792492 0.723942957 0.054896150 -0.013352217 0.998402774 -2.503369811
73773700 0.976350833 1.738707095 0.500000000 0.500000000 0.000000000 0.000000000 0.998727620 0.006869804 -0.049958915 -4.015950065 -0.006125138 0.999868095 0.015043423 0.697276044 0.050055668 -0.014718277 0.998637974 -2.400140033
73807067 0.976350833 1.738707095 0.500000000 0.500000000 0.000000000 0.000000000 0.998967171 0.005783202 -0.045067683 -3.976730132 -0.005050604 0.999853551 0.016352450 0.671540073 0.045155652 -0.016107941 0.998850107 -2.297410101
73840433 0.976350833 1.738707095 0.500000000 0.500000000 0.000000000 0.000000000 0.999187708 0.004681241 -0.040024523 -3.932139672 -0.003978383 0.999836802 0.017622309 0.645761029 0.040100481 -0.017448762 0.999043286 -2.186880271
73873800 0.976350833 1.738707095 0.500000000 0.500000000 0.000000000 0.000000000 0.999384046 0.003519233 -0.034916829 -3.882830054 -0.002847813 0.999810457 0.019260269 0.618972027 0.034977991 -0.019148968 0.999204636 -2.072370149
73907167 0.976350833 1.738707095 0.500000000 0.500000000 0.000000000 0.000000000 0.999548435 0.002140770 -0.029973218 -3.828870134 -0.001512156 0.999778748 0.020979479 0.591677049 0.030011499 -0.020924680 0.999330521 -1.964370152
73940533 0.976350833 1.738707095 0.500000000 0.500000000 0.000000000 0.000000000 0.999691546 0.000754004 -0.024824182 -3.770269945 -0.000174337 0.999727488 0.023344781 0.564742058 0.024835018 -0.023333251 0.999419212 -1.862259919
73973900 0.976350833 1.738707095 0.500000000 0.500000000 0.000000000 0.000000000 0.999809027 -0.000526056 -0.019535631 -3.704620026 0.001038626 0.999655187 0.026236843 0.537908928 0.019515093 -0.026252124 0.999464869 -1.760590033
74007267 0.976350833 1.738707095 0.500000000 0.500000000 0.000000000 0.000000000 0.999897242 -0.001778617 -0.014223950 -3.632759985 0.002193938 0.999570131 0.029236607 0.512005986 0.014165834 -0.029264811 0.999471307 -1.660519938
74040633 0.976350833 1.738707095 0.500000000 0.500000000 0.000000000 0.000000000 0.999959350 -0.002281234 -0.008721394 -3.554599921 0.002562563 0.999472260 0.032383516 0.487984976 0.008642917 -0.032404549 0.999437451 -1.552779963
74074000 0.976350833 1.738707095 0.500000000 0.500000000 0.000000000 0.000000000 0.999992192 -0.002545401 -0.003018197 -3.472839914 0.002650892 0.999366939 0.035478894 0.466395053 0.002925978 -0.035486620 0.999365866 -1.449969992
74107367 0.976350833 1.738707095 0.500000000 0.500000000 0.000000000 0.000000000 0.999993920 -0.002591812 0.002340788 -3.384260185 0.002499961 0.999258399 0.038424693 0.444178000 -0.002438642 -0.038418606 0.999258757 -1.345539942
74140733 0.976350833 1.738707095 0.500000000 0.500000000 0.000000000 0.000000000 0.999968112 -0.002182222 0.007678306 -3.292979892 0.001865376 0.999156058 0.041033071 0.423882031 -0.007761369 -0.041017439 0.999128282 -1.242219976
74174100 0.976350833 1.738707095 0.500000000 0.500000000 0.000000000 0.000000000 0.999918044 -0.001775476 0.012677411 -3.196159911 0.001220811 0.999047160 0.043626666 0.401830991 -0.012742789 -0.043607615 0.998967469 -1.139659980
74207467 0.976350833 1.738707095 0.500000000 0.500000000 0.000000000 0.000000000 0.999849141 -0.001543883 0.017302264 -3.098419849 0.000741748 0.998928666 0.046270993 0.375254992 -0.017355163 -0.046251174 0.998779058 -1.054610078
74240833 0.976350833 1.738707095 0.500000000 0.500000000 0.000000000 0.000000000 0.999755800 -0.000568844 0.022090752 -2.997620098 -0.000498627 0.998833418 0.048286539 0.355638013 -0.022092447 -0.048285764 0.998589218 -0.960083000
74274200 0.976350833 1.738707095 0.500000000 0.500000000 0.000000000 0.000000000 0.999641359 0.000046285 0.026779532 -2.899960069 -0.001399791 0.998721778 0.050526038 0.331074000 -0.026742965 -0.050545402 0.998363674 -0.871288033
74307567 0.976350833 1.738707095 0.500000000 0.500000000 0.000000000 0.000000000 0.999503970 0.000944572 0.031477962 -2.798849995 -0.002603172 0.998607457 0.052691601 0.307268038 -0.031384353 -0.052747406 0.998114586 -0.779206968
74340933 0.976350833 1.738707095 0.500000000 0.500000000 0.000000000 0.000000000 0.999337614 0.001788214 0.036347780 -2.698910105 -0.003775615 0.998496652 0.054682471 0.284049018 -0.036195356 -0.054783486 0.997842014 -0.694527025
74374300 0.976350833 1.738707095 0.500000000 0.500000000 0.000000000 0.000000000 0.999155700 0.002919154 0.040979378 -2.601459873 -0.005228633 0.998396635 0.056363609 0.262015036 -0.040749140 -0.056530286 0.997568965 -0.625336011
74407667 0.976350833 1.738707095 0.500000000 0.500000000 0.000000000 0.000000000 0.999029636 0.003776573 0.043881420 -2.503990151 -0.006290869 0.998337090 0.057301547 0.241469991 -0.043592047 -0.057521995 0.997392058 -0.554054960
74441033 0.976350833 1.738707095 0.500000000 0.500000000 0.000000000 0.000000000 0.998873830 0.004561681 0.047225390 -2.410100026 -0.007309001 0.998280168 0.058166519 0.222338020 -0.046878833 -0.058446184 0.997189283 -0.465779029
74474400 0.976350833 1.738707095 0.500000000 0.500000000 0.000000000 0.000000000 0.998693705 0.004903414 0.050861128 -2.321450115 -0.007921504 0.998208225 0.059309062 0.205855997 -0.050479181 -0.059634481 0.996943116 -0.383585984
74507767 0.976350833 1.738707095 0.500000000 0.500000000 0.000000000 0.000000000 0.998505771 0.005020806 0.054414798 -2.234079968 -0.008309881 0.998140395 0.060387932 0.191099015 -0.054010410 -0.060749881 0.996690691 -0.304944977
75308567 0.976350833 1.738707095 0.500000000 0.500000000 0.000000000 0.000000000 0.974087536 -0.061780974 0.217569828 -0.163950001 0.049916744 0.996972561 0.059616078 -0.271411025 -0.220594287 -0.047210906 0.974222422 1.526480009
75442033 0.976350833 1.738707095 0.500000000 0.500000000 0.000000000 0.000000000 0.969974279 -0.066034555 0.234071076 0.211235960 0.054563433 0.996985793 0.055155810 -0.333492042 -0.237007737 -0.040727992 0.970653653 1.643439900
75575500 0.976350833 1.738707095 0.500000000 0.500000000 0.000000000 0.000000000 0.969303370 -0.064485945 0.237260535 0.600813983 0.053635068 0.997210145 0.051915031 -0.370777025 -0.239946410 -0.037595939 0.970057905 1.722470199
75608867 0.976350833 1.738707095 0.500000000 0.500000000 0.000000000 0.000000000 0.969650745 -0.063182972 0.236189261 0.700939050 0.052412368 0.997290909 0.051611662 -0.379348039 -0.238810375 -0.037666060 0.970335484 1.721580147
75642233 0.976350833 1.738707095 0.500000000 0.500000000 0.000000000 0.000000000 0.970176399 -0.061625134 0.234435722 0.803931986 0.050938141 0.997379422 0.051377226 -0.388035004 -0.236987486 -0.037903246 0.970773041 1.720269981
75675600 0.976350833 1.738707095 0.500000000 0.500000000 0.000000000 0.000000000 0.970772803 -0.059922405 0.232399464 0.908363003 0.049281485 0.997465014 0.051331338 -0.393910011 -0.234886229 -0.038378071 0.971264958 1.709890071
75742333 0.976350833 1.738707095 0.500000000 0.500000000 0.000000000 0.000000000 0.972391188 -0.055521581 0.226655602 1.122740097 0.044875819 0.997645676 0.051858477 -0.401538032 -0.229001254 -0.040255375 0.972593427 1.710620127
75809067 0.976350833 1.738707095 0.500000000 0.500000000 0.000000000 0.000000000 0.975126266 -0.048284404 0.216326967 1.329480028 0.037850752 0.997923255 0.052119549 -0.408350949 -0.218394265 -0.042635005 0.974928796 1.674350013
75842433 0.976350833 1.738707095 0.500000000 0.500000000 0.000000000 0.000000000 0.976698041 -0.044337947 0.209988326 1.431030050 0.034124192 0.998062968 0.052017309 -0.411613003 -0.211887926 -0.043639518 0.976319134 1.652819887
75875800 0.976350833 1.738707095 0.500000000 0.500000000 0.000000000 0.000000000 0.978336513 -0.039971597 0.203125417 1.529869920 0.030041665 0.998208761 0.051737212 -0.415007952 -0.204829603 -0.044514179 0.977784932 1.633270047
75909167 0.976350833 1.738707095 0.500000000 0.500000000 0.000000000 0.000000000 0.979980588 -0.035380878 0.195923939 1.625299966 0.025747228 0.998340964 0.051501554 -0.418981008 -0.197421059 -0.045426022 0.979265749 1.609459983
75942533 0.976350833 1.738707095 0.500000000 0.500000000 0.000000000 0.000000000 0.981659412 -0.030569587 0.188176185 1.715559936 0.021282047 0.998462677 0.051180027 -0.423168034 -0.189451456 -0.046236575 0.980800867 1.587849907
75975900 0.976350833 1.738707095 0.500000000 0.500000000 0.000000000 0.000000000 0.983332276 -0.025141288 0.180070877 1.799200028 0.016301267 0.998595834 0.050404716 -0.432284015 -0.181085259 -0.046629202 0.982361376 1.558429968
76009267 0.976350833 1.738707095 0.500000000 0.500000000 0.000000000 0.000000000 0.985045135 -0.019153439 0.171228468 1.878969980 0.010922166 0.998744667 0.048885390 -0.442324992 -0.171949834 -0.046284132 0.984017789 1.519689901
76042633 0.976350833 1.738707095 0.500000000 0.500000000 0.000000000 0.000000000 0.986858606 -0.013444986 0.161025718 1.953029976 0.005887507 0.998862505 0.047318898 -0.449924015 -0.161478743 -0.045749024 0.985815227 1.493270039
76076000 0.976350833 1.738707095 0.500000000 0.500000000 0.000000000 0.000000000 0.988594353 -0.009212976 0.150320724 2.021780018 0.002281369 0.998928726 0.046219558 -0.454874027 -0.150585517 -0.045349456 0.987556279 1.476739995
76109367 0.976350833 1.738707095 0.500000000 0.500000000 0.000000000 0.000000000 0.990131855 -0.005718909 0.140022427 2.089370170 -0.000658710 0.998966038 0.045458518 -0.458073017 -0.140137613 -0.045102157 0.989104271 1.462319968
76142733 0.976350833 1.738707095 0.500000000 0.500000000 0.000000000 0.000000000 0.991481483 -0.002824058 0.130217224 2.154550247 -0.003103389 0.998968840 0.045294326 -0.461531947 -0.130210876 -0.045312602 0.990450382 1.434750024
76176100 0.976350833 1.738707095 0.500000000 0.500000000 0.000000000 0.000000000 0.992702901 -0.000505278 0.120584838 2.217700247 -0.005009059 0.998955309 0.045422439 -0.465207013 -0.120481811 -0.045695003 0.991663277 1.407479962
76209467 0.976350833 1.738707095 0.500000000 0.500000000 0.000000000 0.000000000 0.993767440 0.001481606 0.111463562 2.279449867 -0.006638930 0.998923421 0.045912225 -0.467098009 -0.111275539 -0.046366069 0.992707372 1.383790079
76242833 0.976350833 1.738707095 0.500000000 0.500000000 0.000000000 0.000000000 0.994732380 0.002947006 0.102463953 2.340670133 -0.007782523 0.998872817 0.046824723 -0.468143951 -0.102210470 -0.047375493 0.993634045 1.347760073
76276200 0.976350833 1.738707095 0.500000000 0.500000000 0.000000000 0.000000000 0.995601296 0.004247013 0.093594730 2.401079694 -0.008762333 0.998814404 0.047885284 -0.466866990 -0.093280390 -0.048494764 0.994458139 1.308240113
76309567 0.976350833 1.738707095 0.500000000 0.500000000 0.000000000 0.000000000 0.996359825 0.005296874 0.085082330 2.460739795 -0.009512905 0.998742461 0.049223687 -0.465717009 -0.084714599 -0.049853887 0.995157301 1.265730137
76342933 0.976350833 1.738707095 0.500000000 0.500000000 0.000000000 0.000000000 0.997034013 0.006280327 0.076705180 2.518699755 -0.010198798 0.998656750 0.050800484 -0.463643042 -0.076283105 -0.051432114 0.995758832 1.221120159
76376300 0.976350833 1.738707095 0.500000000 0.500000000 0.000000000 0.000000000 0.997617245 0.007197673 0.068615265 2.576480116 -0.010804655 0.998570740 0.052342981 -0.458395993 -0.068140440 -0.052959621 0.996269107 1.179239860
76409667 0.976350833 1.738707095 0.500000000 0.500000000 0.000000000 0.000000000 0.998119175 0.008172182 0.060756527 2.632999975 -0.011471905 0.998466253 0.054161746 -0.451348943 -0.060220726 -0.054756869 0.996682048 1.137519822
76443033 0.976350833 1.738707095 0.500000000 0.500000000 0.000000000 0.000000000 0.998549044 0.009058598 0.053082768 2.690310080 -0.012026807 0.998365819 0.055866729 -0.442900053 -0.052489948 -0.056424085 0.997026145 1.095060091
76476400 0.976350833 1.738707095 0.500000000 0.500000000 0.000000000 0.000000000 0.998923182 0.009860703 0.045334909 2.749980008 -0.012466204 0.998264551 0.057553612 -0.432428969 -0.044688713 -0.058056794 0.997312546 1.057070064
76509767 0.976350833 1.738707095 0.500000000 0.500000000 0.000000000 0.000000000 0.999237895 0.010518229 0.037589237 2.810699815 -0.012745183 0.998146653 0.059504665 -0.418226992 -0.036893688 -0.059938401 0.997520030 1.016759973
76543133 0.976350833 1.738707095 0.500000000 0.500000000 0.000000000 0.000000000 0.999492407 0.011251125 0.029804628 2.871860092 -0.013067281 0.998024106 0.061458677 -0.404557014 -0.029054258 -0.061816946 0.997664511 0.985852944
76576500 0.976350833 1.738707095 0.500000000 0.500000000 0.000000000 0.000000000 0.999675393 0.011889486 0.022534093 2.933130281 -0.013288261 0.997926533 0.062976278 -0.392470001 -0.021738613 -0.063255273 0.997760594 0.948454012
76609867 0.976350833 1.738707095 0.500000000 0.500000000 0.000000000 0.000000000 0.999817729 0.012135413 0.014741010 2.994570187 -0.013062347 0.997831881 0.064504690 -0.375584955 -0.013926259 -0.064685486 0.997808516 0.902244907
76643233 0.976350833 1.738707095 0.500000000 0.500000000 0.000000000 0.000000000 0.999896467 0.012864253 0.006444520 3.054689830 -0.013260459 0.997747123 0.065763481 -0.357440022 -0.005584003 -0.065842129 0.997814417 0.858244954
76676600 0.976350833 1.738707095 0.500000000 0.500000000 0.000000000 0.000000000 0.999905944 0.013580799 -0.001921210 3.113710044 -0.013421528 0.997661054 0.067024760 -0.339879034 0.002826967 -0.066992663 0.997749448 0.831654979
76709967 0.976350833 1.738707095 0.500000000 0.500000000 0.000000000 0.000000000 0.999837816 0.014548230 -0.010617837 3.171370154 -0.013791478 0.997578740 0.068164833 -0.322175003 0.011583807 -0.068007343 0.997617543 0.805581897
76743333 0.976350833 1.738707095 0.500000000 0.500000000 0.000000000 0.000000000 0.999682128 0.015435049 -0.019935038 3.229509979 -0.014021076 0.997502923 0.069219165 -0.307825009 0.020953659 -0.068917654 0.997402251 0.776919928
76776700 0.976350833 1.738707095 0.500000000 0.500000000 0.000000000 0.000000000 0.999434412 0.016580606 -0.029256769 3.288610049 -0.014491639 0.997426093 0.070222564 -0.297132004 0.030345798 -0.069758870 0.997102201 0.748792967
76810067 0.976350833 1.738707095 0.500000000 0.500000000 0.000000000 0.000000000 0.999109864 0.017713688 -0.038284458 3.348589960 -0.014951666 0.997345388 0.071264155 -0.288561986 0.039445177 -0.070628308 0.996722519 0.703553025
76843433 0.976350833 1.738707095 0.500000000 0.500000000 0.000000000 0.000000000 0.998624086 0.019283609 -0.048766077 3.407829988 -0.015761847 0.997309029 0.071598038 -0.282063984 0.050015517 -0.070730880 0.996240735 0.666664962
76876800 0.976350833 1.738707095 0.500000000 0.500000000 0.000000000 0.000000000 0.998027921 0.021138081 -0.059105195 3.466889983 -0.016836574 0.997237146 0.072350852 -0.278311049 0.060471252 -0.071213044 0.995626390 0.648667955
76910167 0.976350833 1.738707095 0.500000000 0.500000000 0.000000000 0.000000000 0.997317672 0.023197826 -0.069421038 3.526239862 -0.018131066 0.997185707 0.072745971 -0.274641970 0.070913211 -0.071292169 0.994931519 0.623990951
76943533 0.976350833 1.738707095 0.500000000 0.500000000 0.000000000 0.000000000 0.996442318 0.025520185 -0.080320932 3.583910201 -0.019666566 0.997149467 0.072843328 -0.271869989 0.081950955 -0.071004540 0.994103789 0.601769985
76976900 0.976350833 1.738707095 0.500000000 0.500000000 0.000000000 0.000000000 0.995380461 0.027917411 -0.091860481 3.644160020 -0.021216843 0.997096896 0.073127493 -0.272437953 0.093635328 -0.070840687 0.993083060 0.587609974
77010267 0.976350833 1.738707095 0.500000000 0.500000000 0.000000000 0.000000000 0.994153202 0.030889548 -0.103466168 3.702090135 -0.023373824 0.997052133 0.073080271 -0.274651005 0.105418578 -0.070234582 0.991944551 0.568796988
77043633 0.976350833 1.738707095 0.500000000 0.500000000 0.000000000 0.000000000 0.992725790 0.033816773 -0.115550369 3.763099856 -0.025486417 0.997019053 0.072824925 -0.278445033 0.117668629 -0.069350228 0.990628421 0.557180003
77077000 0.976350833 1.738707095 0.500000000 0.500000000 0.000000000 0.000000000 0.991120517 0.037031263 -0.127706036 3.827100117 -0.027873097 0.996959269 0.072769143 -0.283477984 0.130012438 -0.068563424 0.989138901 0.551265966
77110367 0.976350833 1.738707095 0.500000000 0.500000000 0.000000000 0.000000000 0.989316344 0.040310595 -0.140100747 3.894479786 -0.030335853 0.996898413 0.072617799 -0.291456977 0.142593473 -0.067591891 0.987470746 0.539174956
77143733 0.976350833 1.738707095 0.500000000 0.500000000 0.000000000 0.000000000 0.987278342 0.044028770 -0.152784199 3.965600173 -0.033250514 0.996821404 0.072398283 -0.302054011 0.155486166 -0.066397108 0.985604107 0.530262032
77177100 0.976350833 1.738707095 0.500000000 0.500000000 0.000000000 0.000000000 0.985004127 0.047943790 -0.165735707 4.041150444 -0.036378119 0.996731639 0.072129935 -0.312688044 0.168652192 -0.065019131 0.983528852 0.524070999
77210467 0.976350833 1.738707095 0.500000000 0.500000000 0.000000000 0.000000000 0.982459486 0.051998924 -0.179079443 4.121449855 -0.039678890 0.996636271 0.071706243 -0.321561043 0.182205707 -0.063342802 0.981217980 0.514047003
77243833 0.976350833 1.738707095 0.500000000 0.500000000 0.000000000 0.000000000 0.979610503 0.056874864 -0.192687601 4.205570077 -0.043758683 0.996468961 0.071657799 -0.330462981 0.196082741 -0.061764978 0.978640199 0.524141055
77277200 0.976350833 1.738707095 0.500000000 0.500000000 0.000000000 0.000000000 0.976475477 0.062554777 -0.206355363 4.293000064 -0.048696704 0.996246159 0.071569771 -0.341293893 0.210057765 -0.059837285 0.975856125 0.531308925
77310567 0.976350833 1.738707095 0.500000000 0.500000000 0.000000000 0.000000000 0.972962379 0.069168493 -0.220363215 4.382340153 -0.054577112 0.995936573 0.071636125 -0.353729104 0.224422738 -0.057672482 0.972783804 0.548062016
77343933 0.976350833 1.738707095 0.500000000 0.500000000 0.000000000 0.000000000 0.969096184 0.077175543 -0.234299973 4.470879694 -0.061917484 0.995495021 0.071804792 -0.369444960 0.238786027 -0.055078477 0.969508946 0.567058895
77377300 0.976350833 1.738707095 0.500000000 0.500000000 0.000000000 0.000000000 0.964835584 0.086586773 -0.248183519 4.559500177 -0.070723936 0.994883060 0.072151184 -0.393083920 0.253160924 -0.052061509 0.966022313 0.591554989
77410667 0.976350833 1.738707095 0.500000000 0.500000000 0.000000000 0.000000000 0.959631681 0.096038245 -0.264355063 4.645169700 -0.079711370 0.994226158 0.071835838 -0.418783898 0.269727707 -0.047863826 0.961746335 0.610287844
77444033 0.976350833 1.738707095 0.500000000 0.500000000 0.000000000 0.000000000 0.954074025 0.103499778 -0.281123877 4.730030284 -0.086760245 0.993668199 0.071387582 -0.438078065 0.286732435 -0.043718677 0.957012653 0.640389902
77477400 0.976350833 1.738707095 0.500000000 0.500000000 0.000000000 0.000000000 0.949185431 0.109941587 -0.294889390 4.813949354 -0.092956245 0.993131459 0.071056202 -0.454719868 0.300675988 -0.040033676 0.952885747 0.658500916
