https://www.youtube.com/watch?v=XxJMMI4mY5c
93580000 0.849689074 1.515369005 0.500000000 0.500000000 0.000000000 0.000000000 0.999115407 -0.013502759 0.039824866 4.038740203 0.009237952 0.994387925 0.105391487 -0.583292035 -0.041024439 -0.104930356 0.993633032 2.703309770
93620000 0.849689074 1.515369005 0.500000000 0.500000000 0.000000000 0.000000000 0.998860955 -0.015637301 0.045080364 4.045129546 0.010089207 0.992629290 0.120769374 -0.511161013 -0.046636596 -0.120176993 0.991656423 2.658509827
93660000 0.849689074 1.515369005 0.500000000 0.500000000 0.000000000 0.000000000 0.998549938 -0.017625468 0.050865792 4.051249721 0.010598084 0.990754306 0.135253921 -0.443078992 -0.052779414 -0.134518728 0.989504457 2.611120068
93700000 0.849689074 1.515369005 0.500000000 0.500000000 0.000000000 0.000000000 0.998218834 -0.019501220 0.056381699 4.056379873 0.010905153 0.988787830 0.148928583 -0.377712977 -0.058653828 -0.148048460 0.987239301 2.566030178
93740000 0.849689074 1.515369005 0.500000000 0.500000000 0.000000000 0.000000000 0.997851133 -0.021097688 0.062032081 4.059120232 0.010805739 0.986766577 0.161786765 -0.317052987 -0.064624511 -0.160768807 0.984874129 2.519759852
93780000 0.849689074 1.515369005 0.500000000 0.500000000 0.000000000 0.000000000 0.997445405 -0.023739897 0.067372791 4.058899848 0.011680778 0.984670639 0.174032390 -0.258666981 -0.070471518 -0.172800839 0.982432544 2.475950143
93820000 0.849689074 1.515369005 0.500000000 0.500000000 0.000000000 0.000000000 0.996975243 -0.025095660 0.073556408 4.059749756 0.011072583 0.982642770 0.185177326 -0.211690963 -0.076926813 -0.183802754 0.979948401 2.429220393
93860000 0.849689074 1.515369005 0.500000000 0.500000000 0.000000000 0.000000000 0.996435285 -0.026533438 0.080079235 4.059020129 0.010411477 0.980671465 0.195384413 -0.172046939 -0.083715640 -0.193854183 0.977451921 2.384859881
93900000 0.849689074 1.515369005 0.500000000 0.500000000 0.000000000 0.000000000 0.995906055 -0.028806116 0.085681885 4.056460275 0.010714643 0.978801250 0.204531774 -0.134322079 -0.089757308 -0.202776387 0.975102723 2.342449810
93940000 0.849689074 1.515369005 0.500000000 0.500000000 0.000000000 0.000000000 0.995317221 -0.030432187 0.091746986 4.051710061 0.010258284 0.977042973 0.212795138 -0.103651943 -0.096116573 -0.210857511 0.972779930 2.300430441
93980000 0.849689074 1.515369005 0.500000000 0.500000000 0.000000000 0.000000000 0.994619012 -0.032522190 0.098362960 4.046079903 0.010153264 0.975478649 0.219859719 -0.074952159 -0.103101291 -0.217677951 0.970559835 2.256329905
94020000 0.849689074 1.515369005 0.500000000 0.500000000 0.000000000 0.000000000 0.993883014 -0.034565784 0.104889527 4.037560127 0.010084841 0.974195242 0.225481585 -0.052142466 -0.109976828 -0.223044530 0.968584657 2.210930102
94060000 0.849689074 1.515369005 0.500000000 0.500000000 0.000000000 0.000000000 0.993122041 -0.036886998 0.111121140 4.027869655 0.010451800 0.973216772 0.229651555 -0.031537584 -0.116616122 -0.226910606 0.966908634 2.168690069
94100000 0.849689074 1.515369005 0.500000000 0.500000000 0.000000000 0.000000000 0.992287457 -0.038857900 0.117709838 4.016799808 0.010443648 0.972426832 0.232974127 -0.016612049 -0.123517089 -0.229947999 0.965332806 2.123859918
94140000 0.849689074 1.515369005 0.500000000 0.500000000 0.000000000 0.000000000 0.991445959 -0.041355141 0.123792648 4.002359558 0.011160335 0.971862197 0.235285506 -0.005096624 -0.130039662 -0.231891289 0.964010417 2.085049880
94180000 0.849689074 1.515369005 0.500000000 0.500000000 0.000000000 0.000000000 0.990525901 -0.043113537 0.130382821 3.985450019 0.011074331 0.971425176 0.237087429 -0.000053372 -0.136878833 -0.233397335 0.962699234 2.043359947
94220000 0.849689074 1.515369005 0.500000000 0.500000000 0.000000000 0.000000000 0.989570677 -0.045202922 0.136771902 3.965949790 0.011357300 0.971015394 0.238746807 0.006896892 -0.143599674 -0.234703466 0.961401761 2.004769870
94260000 0.849689074 1.515369005 0.500000000 0.500000000 0.000000000 0.000000000 0.988543928 -0.047411323 0.143293664 3.944639956 0.011691352 0.970583677 0.240480006 0.012505483 -0.150479957 -0.236049742 0.960018933 1.962640102
94300000 0.849689074 1.515369005 0.500000000 0.500000000 0.000000000 0.000000000 0.987441480 -0.048689477 0.150295243 3.919670010 0.011065731 0.970303774 0.241636455 0.015314685 -0.157597199 -0.236938715 0.958656967 1.918779860
94340000 0.849689074 1.515369005 0.500000000 0.500000000 0.000000000 0.000000000 0.986356020 -0.051028565 0.156518221 3.892070377 0.011696080 0.970066607 0.242557272 0.022361811 -0.164210439 -0.237417176 0.957427859 1.875430357
94380000 0.849689074 1.515369005 0.500000000 0.500000000 0.000000000 0.000000000 0.985110343 -0.052701835 0.163646162 3.864189996 0.011508893 0.969936728 0.243084803 0.024820001 -0.171537459 -0.237581983 0.956101298 1.827149942
94420000 0.849689074 1.515369005 0.500000000 0.500000000 0.000000000 0.000000000 0.983873963 -0.054619059 0.170319572 3.832739915 0.011670204 0.969808280 0.243589208 0.029431741 -0.178481951 -0.237673417 0.954806566 1.778580098
94460000 0.849689074 1.515369005 0.500000000 0.500000000 0.000000000 0.000000000 0.982589722 -0.057030030 0.176819101 3.801429817 0.012374895 0.969698250 0.243992135 0.032425762 -0.185376063 -0.237556055 0.953521252 1.728029955
94500000 0.849689074 1.515369005 0.500000000 0.500000000 0.000000000 0.000000000 0.981187701 -0.059469752 0.183668345 3.768829964 0.012980059 0.969541013 0.244585022 0.034866886 -0.192619383 -0.237599805 0.952073634 1.674650127
94540000 0.849689074 1.515369005 0.500000000 0.500000000 0.000000000 0.000000000 0.979742646 -0.062124141 0.190381005 3.732520039 0.013869248 0.969432533 0.244965702 0.038034400 -0.199779823 -0.237362891 0.950655997 1.620229740
94580000 0.849689074 1.515369005 0.500000000 0.500000000 0.000000000 0.000000000 0.978332102 -0.064149886 0.196853191 3.693070201 0.014159016 0.969292700 0.245501921 0.039865650 -0.206557274 -0.237395152 0.949198484 1.565480236
94620000 0.849689074 1.515369005 0.500000000 0.500000000 0.000000000 0.000000000 0.976883531 -0.065713257 0.203421444 3.650379562 0.013952991 0.969151914 0.246068791 0.040028334 -0.213316262 -0.237542227 0.947665453 1.509220077
94660000 0.849689074 1.515369005 0.500000000 0.500000000 0.000000000 0.000000000 0.975239813 -0.068201058 0.210370973 3.607770138 0.014517471 0.968950570 0.246828049 0.045112866 -0.220673010 -0.237662494 0.945949256 1.449100105
94700000 0.849689074 1.515369005 0.500000000 0.500000000 0.000000000 0.000000000 0.973487496 -0.070330791 0.217659429 3.564689807 0.014742753 0.968870878 0.247127026 0.046755013 -0.228264526 -0.237366170 0.944220603 1.388949842
94740000 0.849689074 1.515369005 0.500000000 0.500000000 0.000000000 0.000000000 0.971609354 -0.073192656 0.224984616 3.521980026 0.015605403 0.968699038 0.247747287 0.048973301 -0.236075640 -0.237202629 0.942339242 1.325770182
94780000 0.849689074 1.515369005 0.500000000 0.500000000 0.000000000 0.000000000 0.969654918 -0.075548925 0.232511669 3.477389838 0.015962521 0.968590081 0.248149961 0.046767794 -0.243955970 -0.236908346 0.940404058 1.264809663
94820000 0.849689074 1.515369005 0.500000000 0.500000000 0.000000000 0.000000000 0.967544675 -0.078226440 0.240287125 3.431809777 0.016635610 0.968533933 0.248324901 0.040245044 -0.252151817 -0.236268103 0.938401222 1.202839985
94860000 0.849689074 1.515369005 0.500000000 0.500000000 0.000000000 0.000000000 0.965169847 -0.080459684 0.248944432 3.385080009 0.016551886 0.968408227 0.248820126 0.030526643 -0.261099845 -0.236033171 0.936010182 1.142039698
94900000 0.849689074 1.515369005 0.500000000 0.500000000 0.000000000 0.000000000 0.962422669 -0.082963467 0.258572519 3.338310072 0.016580135 0.968364298 0.248989373 0.017409397 -0.271049440 -0.235345870 0.933351278 1.075970164
94940000 0.849689074 1.515369005 0.500000000 0.500000000 0.000000000 0.000000000 0.959521890 -0.086066291 0.268161058 3.289730299 0.017061833 0.968176425 0.249686286 0.009291925 -0.281116784 -0.235004142 0.930454910 1.010889909
94980000 0.849689074 1.515369005 0.500000000 0.500000000 0.000000000 0.000000000 0.956278622 -0.088261656 0.278820753 3.239360028 0.016558141 0.968183756 0.249691859 -0.002404591 -0.291987956 -0.234158233 0.927314878 0.941825882
95020000 0.849689074 1.515369005 0.500000000 0.500000000 0.000000000 0.000000000 0.952776134 -0.092793167 0.289148986 3.186650324 0.018233988 0.967933357 0.250544608 -0.006558557 -0.303125739 -0.233440578 0.923915744 0.873296074
95060000 0.849689074 1.515369005 0.500000000 0.500000000 0.000000000 0.000000000 0.948944211 -0.095806502 0.300542742 3.131239607 0.018328011 0.967897713 0.250675172 -0.014921665 -0.314910978 -0.232368410 0.920236886 0.804132894
95100000 0.849689074 1.515369005 0.500000000 0.500000000 0.000000000 0.000000000 0.944909275 -0.099830426 0.311737567 3.071139888 0.019395202 0.967760265 0.251125336 -0.020814540 -0.326757163 -0.231244445 0.916381836 0.738314963
95140000 0.849689074 1.515369005 0.500000000 0.500000000 0.000000000 0.000000000 0.940464675 -0.103043981 0.323895186 3.007139615 0.019397959 0.967656136 0.251525849 -0.031220619 -0.339337379 -0.230268255 0.912045300 0.672598997
95180000 0.849689074 1.515369005 0.500000000 0.500000000 0.000000000 0.000000000 0.935912013 -0.106590390 0.335718751 2.938989759 0.019800629 0.967527509 0.251989037 -0.037729412 -0.351676762 -0.229192123 0.907631159 0.609988895
95220000 0.849689074 1.515369005 0.500000000 0.500000000 0.000000000 0.000000000 0.931257844 -0.111083671 0.347014666 2.866879774 0.021038387 0.967197537 0.253152609 -0.038798142 -0.363752842 -0.228449732 0.903047383 0.551195184
95260000 0.849689074 1.515369005 0.500000000 0.500000000 0.000000000 0.000000000 0.926349521 -0.114448622 0.358856887 2.790140441 0.021167785 0.967033088 0.253769457 -0.042778712 -0.376070052 -0.227483019 0.898233235 0.492190000
95300000 0.849689074 1.515369005 0.500000000 0.500000000 0.000000000 0.000000000 0.921598911 -0.119530588 0.369280100 2.709799733 0.023214828 0.966672540 0.254961252 -0.041397544 -0.387448609 -0.226399228 0.893659234 0.438978949
95340000 0.849689074 1.515369005 0.500000000 0.500000000 0.000000000 0.000000000 0.916648567 -0.122675665 0.380402356 2.627209556 0.023372002 0.966556907 0.255384952 -0.048919022 -0.399010032 -0.225207478 0.888860226 0.389876088
95380000 0.849689074 1.515369005 0.500000000 0.500000000 0.000000000 0.000000000 0.911562681 -0.126247793 0.391298860 2.540879501 0.023861345 0.966332376 0.256188154 -0.054287490 -0.410467952 -0.224194616 0.883884966 0.345168975
95420000 0.849689074 1.515369005 0.500000000 0.500000000 0.000000000 0.000000000 0.906665623 -0.129204810 0.401576459 2.451950266 0.024047039 0.966222763 0.256583929 -0.061553848 -0.421164215 -0.222979113 0.879148006 0.308661132
95460000 0.849689074 1.515369005 0.500000000 0.500000000 0.000000000 0.000000000 0.901613533 -0.133310914 0.411486506 2.360299844 0.025287360 0.965938926 0.257531524 -0.063684854 -0.431802630 -0.221788496 0.874274731 0.278595990
95500000 0.849689074 1.515369005 0.500000000 0.500000000 0.000000000 0.000000000 0.896449506 -0.136156350 0.421710312 2.265379583 0.025217138 0.965760469 0.258206725 -0.066273397 -0.442427635 -0.220834941 0.869188964 0.253894988
95540000 0.849689074 1.515369005 0.500000000 0.500000000 0.000000000 0.000000000 0.891412914 -0.139607936 0.431152850 2.167000348 0.025956154 0.965534627 0.258977175 -0.062998020 -0.452448279 -0.219664559 0.864313722 0.237804992
95580000 0.849689074 1.515369005 0.500000000 0.500000000 0.000000000 0.000000000 0.886367500 -0.141082019 0.440963358 2.065490326 0.024888482 0.965583026 0.258901626 -0.064920986 -0.462313086 -0.218507111 0.859372675 0.228254051
95620000 0.849689074 1.515369005 0.500000000 0.500000000 0.000000000 0.000000000 0.881186366 -0.144293189 0.450211138 1.959640007 0.025304880 0.965315700 0.259856194 -0.058284405 -0.472091347 -0.217589170 0.854274333 0.225801967
95660000 0.849689074 1.515369005 0.500000000 0.500000000 0.000000000 0.000000000 0.875909925 -0.146229476 0.459781229 1.847670062 0.024855085 0.965375125 0.259678930 -0.053639878 -0.481834054 -0.216027468 0.849216223 0.230656045
95700000 0.849689074 1.515369005 0.500000000 0.500000000 0.000000000 0.000000000 0.870486856 -0.148330063 0.469308913 1.732830179 0.024459537 0.965367079 0.259746283 -0.050164500 -0.491583586 -0.214626640 0.843967438 0.240768966
95740000 0.849689074 1.515369005 0.500000000 0.500000000 0.000000000 0.000000000 0.864625692 -0.151126459 0.479148269 1.616119746 0.024557114 0.965259731 0.260135561 -0.042152720 -0.501815915 -0.213153347 0.838299572 0.255761847
95780000 0.849689074 1.515369005 0.500000000 0.500000000 0.000000000 0.000000000 0.858511686 -0.153739214 0.489205629 1.500000309 0.024702244 0.965291202 0.260005295 -0.037125137 -0.512198865 -0.211133167 0.832511485 0.274464170
95820000 0.849689074 1.515369005 0.500000000 0.500000000 0.000000000 0.000000000 0.852135062 -0.157039076 0.499204218 1.384390374 0.025423698 0.965210021 0.260236979 -0.028429431 -0.522704303 -0.209065467 0.826481819 0.296713084
95860000 0.849689074 1.515369005 0.500000000 0.500000000 0.000000000 0.000000000 0.844961822 -0.159967721 0.510342836 1.271759927 0.025430672 0.965158939 0.260425568 -0.023643803 -0.534221649 -0.207071304 0.819590569 0.321653964
95900000 0.849689074 1.515369005 0.500000000 0.500000000 0.000000000 0.000000000 0.836874843 -0.163627416 0.522366047 1.162139655 0.026105858 0.965122521 0.260493696 -0.019203912 -0.546771169 -0.204363778 0.811958432 0.348741889
95940000 0.849689074 1.515369005 0.500000000 0.500000000 0.000000000 0.000000000 0.828632653 -0.167159170 0.534252346 1.053969826 0.026430167 0.964993715 0.260937750 -0.016228057 -0.559168279 -0.202101141 0.804043412 0.380361967
95980000 0.849689074 1.515369005 0.500000000 0.500000000 0.000000000 0.000000000 0.818960249 -0.170754805 0.547856510 0.950171883 0.026731387 0.965018451 0.260815650 -0.012832833 -0.573227227 -0.198952675 0.794876277 0.414605923
96020000 0.849689074 1.515369005 0.500000000 0.500000000 0.000000000 0.000000000 0.807666540 -0.175079674 0.563047230 0.848855318 0.027140163 0.964926660 0.261112988 -0.012421236 -0.589014828 -0.195611089 0.784090638 0.448088149
96060000 0.849689074 1.515369005 0.500000000 0.500000000 0.000000000 0.000000000 0.796205699 -0.180136174 0.577587903 0.747398346 0.028377466 0.964717209 0.261754602 -0.012102629 -0.604360402 -0.192020088 0.773225188 0.485646282
96100000 0.849689074 1.515369005 0.500000000 0.500000000 0.000000000 0.000000000 0.783969164 -0.184510276 0.592746317 0.646701955 0.028911486 0.964626372 0.262030721 -0.015326496 -0.620126069 -0.188286811 0.761571825 0.525812951
96140000 0.849689074 1.515369005 0.500000000 0.500000000 0.000000000 0.000000000 0.770507812 -0.188755453 0.608842790 0.545689271 0.029205523 0.964601755 0.262088895 -0.022745754 -0.636761487 -0.184160054 0.748745918 0.568309357
96180000 0.849689074 1.515369005 0.500000000 0.500000000 0.000000000 0.000000000 0.756533265 -0.192613482 0.624945641 0.444463842 0.029302247 0.964664817 0.261845469 -0.034535102 -0.653298020 -0.179782420 0.735445082 0.612829709
96220000 0.849689074 1.515369005 0.500000000 0.500000000 0.000000000 0.000000000 0.741922736 -0.196762607 0.640963912 0.344922802 0.029667050 0.964667976 0.261792868 -0.049818089 -0.669828415 -0.175214469 0.721546412 0.657799637
96260000 0.849689074 1.515369005 0.500000000 0.500000000 0.000000000 0.000000000 0.727503479 -0.201006413 0.655998826 0.247110850 0.030456059 0.964640856 0.261802167 -0.064602672 -0.685427189 -0.170482755 0.707901478 0.704219506
96300000 0.849689074 1.515369005 0.500000000 0.500000000 0.000000000 0.000000000 0.712424755 -0.205749124 0.670908332 0.153502968 0.031667255 0.964504659 0.262160063 -0.080464445 -0.701033473 -0.165523440 0.693652511 0.756071813
96340000 0.849689074 1.515369005 0.500000000 0.500000000 0.000000000 0.000000000 0.696281552 -0.211147353 0.686008871 0.066061365 0.033400267 0.964248478 0.262886316 -0.097902826 -0.716990769 -0.160129920 0.678440809 0.810447391
96380000 0.849689074 1.515369005 0.500000000 0.500000000 0.000000000 0.000000000 0.679946363 -0.216255873 0.700647295 -0.019455559 0.035282351 0.964063227 0.263319820 -0.118558067 -0.732412755 -0.154322922 0.663141251 0.865964272
96420000 0.849689074 1.515369005 0.500000000 0.500000000 0.000000000 0.000000000 0.665106177 -0.221106395 0.713264346 -0.106854968 0.037289962 0.963801861 0.263998955 -0.135259067 -0.745817304 -0.148989797 0.649275661 0.925567207
96460000 0.849689074 1.515369005 0.500000000 0.500000000 0.000000000 0.000000000 0.649840474 -0.222163886 0.726877153 -0.192296005 0.036762774 0.964396477 0.261893064 -0.144958982 -0.759180963 -0.143466651 0.634871185 0.993593818
96500000 0.849689074 1.515369005 0.500000000 0.500000000 0.000000000 0.000000000 0.632975817 -0.224451616 0.740920186 -0.275272834 0.037437335 0.964804113 0.260290980 -0.153698922 -0.773265600 -0.137019783 0.619100571 1.059419564
96540000 0.849689074 1.515369005 0.500000000 0.500000000 0.000000000 0.000000000 0.617328048 -0.228176385 0.752888381 -0.361324728 0.039617300 0.964816868 0.259920835 -0.158658804 -0.785707176 -0.130628899 0.604648232 1.125099068
96580000 0.849689074 1.515369005 0.500000000 0.500000000 0.000000000 0.000000000 0.602311134 -0.230453715 0.764272451 -0.447109904 0.041448936 0.965158463 0.258362323 -0.161966968 -0.797184587 -0.123936236 0.590877771 1.197589937
96620000 0.849689074 1.515369005 0.500000000 0.500000000 0.000000000 0.000000000 0.586164832 -0.233632028 0.775775254 -0.528419250 0.043862142 0.965266883 0.257557690 -0.164524121 -0.809003890 -0.116944134 0.576053023 1.271080394
96660000 0.849689074 1.515369005 0.500000000 0.500000000 0.000000000 0.000000000 0.570468187 -0.236559689 0.786514699 -0.612519809 0.046525098 0.965393066 0.256615609 -0.169140911 -0.820000827 -0.109798349 0.561732054 1.341669866
96700000 0.849689074 1.515369005 0.500000000 0.500000000 0.000000000 0.000000000 0.555207908 -0.239235938 0.796561301 -0.696267768 0.049659878 0.965564489 0.255380332 -0.172307847 -0.830227435 -0.102231964 0.547969460 1.417949439
96740000 0.849689074 1.515369005 0.500000000 0.500000000 0.000000000 0.000000000 0.538953185 -0.241450280 0.806989074 -0.774447984 0.052791446 0.965836048 0.253720045 -0.178626065 -0.840679884 -0.094141141 0.533286929 1.492810239
96780000 0.849689074 1.515369005 0.500000000 0.500000000 0.000000000 0.000000000 0.522131622 -0.244988397 0.816920996 -0.850515621 0.057573304 0.965794444 0.252836823 -0.187447280 -0.850919843 -0.084981374 0.518376589 1.566691095
96820000 0.849689074 1.515369005 0.500000000 0.500000000 0.000000000 0.000000000 0.504489660 -0.248545870 0.826870322 -0.917910438 0.063739643 0.965779305 0.251411080 -0.197999725 -0.861061454 -0.074129783 0.503067970 1.645168981
96860000 0.849689074 1.515369005 0.500000000 0.500000000 0.000000000 0.000000000 0.484867275 -0.251418859 0.837670922 -0.979180287 0.069571704 0.965841889 0.249618173 -0.211285168 -0.871816397 -0.062753551 0.485796750 1.725580563
96900000 0.849689074 1.515369005 0.500000000 0.500000000 0.000000000 0.000000000 0.464407563 -0.255630255 0.847926319 -1.032380160 0.077202998 0.965476930 0.248785168 -0.229923142 -0.882250249 -0.050075315 0.468110204 1.807030147
96940000 0.849689074 1.515369005 0.500000000 0.500000000 0.000000000 0.000000000 0.443201900 -0.259211510 0.858126760 -1.082670113 0.084654711 0.965104580 0.247803837 -0.247742067 -0.892415643 -0.037182659 0.449679613 1.893949981
96980000 0.849689074 1.515369005 0.500000000 0.500000000 0.000000000 0.000000000 0.419244826 -0.261842549 0.869294047 -1.124450033 0.092361033 0.964839399 0.246077955 -0.266201936 -0.903162837 -0.022877984 0.428687930 1.982259837
97020000 0.849689074 1.515369005 0.500000000 0.500000000 0.000000000 0.000000000 0.395035923 -0.265068293 0.879593909 -1.168449921 0.100246869 0.964189291 0.245539337 -0.283459935 -0.913179696 -0.008820318 0.407461703 2.064429910
97060000 0.849689074 1.515369005 0.500000000 0.500000000 0.000000000 0.000000000 0.371344864 -0.267830789 0.889027536 -1.213370221 0.108124025 0.963452399 0.245089084 -0.302798094 -0.922178090 0.005112626 0.386732042 2.146030349
97260000 0.849689074 1.515369005 0.500000000 0.500000000 0.000000000 0.000000000 0.259647548 -0.279480517 0.924378097 -1.466881393 0.141394764 0.957892895 0.249897420 -0.430242623 -0.955296695 0.065816760 0.288231611 2.465892490
97300000 0.849689074 1.515369005 0.500000000 0.500000000 0.000000000 0.000000000 0.240982771 -0.282167524 0.928605258 -1.518648551 0.146075040 0.956448972 0.252720058 -0.459364278 -0.959472954 0.074745111 0.271705389 2.520107280
97340000 0.849689074 1.515369005 0.500000000 0.500000000 0.000000000 0.000000000 0.223188102 -0.283256084 0.932713270 -1.581191526 0.150438577 0.955394268 0.254145861 -0.476743745 -0.963097215 0.083593503 0.255845249 2.566622684
97380000 0.849689074 1.515369005 0.500000000 0.500000000 0.000000000 0.000000000 0.206870079 -0.283835560 0.936291277 -1.644568816 0.154227138 0.954488397 0.255275995 -0.492925423 -0.966135561 0.091592729 0.241230249 2.613997913
97420000 0.849689074 1.515369005 0.500000000 0.500000000 0.000000000 0.000000000 0.191303015 -0.283599019 0.939667165 -1.717219177 0.157220453 0.953841090 0.255868912 -0.505010731 -0.968857348 0.098786481 0.227060258 2.656789176
97460000 0.849689074 1.515369005 0.500000000 0.500000000 0.000000000 0.000000000 0.176213861 -0.283270597 0.942712486 -1.790280719 0.159730718 0.953234196 0.256574988 -0.513684259 -0.971305907 0.105367973 0.213220060 2.704620763
97500000 0.849689074 1.515369005 0.500000000 0.500000000 0.000000000 0.000000000 0.161327839 -0.282624930 0.945565939 -1.865417228 0.161324680 0.952781737 0.257257164 -0.517298860 -0.973625302 0.111040726 0.199304640 2.748705865
97540000 0.849689074 1.515369005 0.500000000 0.500000000 0.000000000 0.000000000 0.147314608 -0.282332510 0.947939217 -1.945563943 0.162788510 0.952245891 0.258317173 -0.519057596 -0.975602567 0.116259269 0.186240077 2.789015692
97580000 0.849689074 1.515369005 0.500000000 0.500000000 0.000000000 0.000000000 0.133882999 -0.281924695 0.950049400 -2.030230131 0.164222419 0.951737046 0.259282917 -0.516852055 -0.977295399 0.121305823 0.173719764 2.826199963
97620000 0.849689074 1.515369005 0.500000000 0.500000000 0.000000000 0.000000000 0.119708538 -0.283102572 0.951590657 -2.112744368 0.165785357 0.950724363 0.261989474 -0.521680667 -0.978870273 0.126396984 0.160743952 2.860415561
97660000 0.849689074 1.515369005 0.500000000 0.500000000 0.000000000 0.000000000 0.106540859 -0.284219950 0.952820837 -2.196578817 0.167199880 0.949750781 0.264608473 -0.527442437 -0.980149329 0.131120056 0.148708880 2.892268391
97700000 0.849689074 1.515369005 0.500000000 0.500000000 0.000000000 0.000000000 0.093621194 -0.285763144 0.953716397 -2.281730975 0.168833166 0.948606491 0.267658651 -0.531444354 -0.981188536 0.135960340 0.137055933 2.921391335
97740000 0.849689074 1.515369005 0.500000000 0.500000000 0.000000000 0.000000000 0.078726232 -0.286972076 0.954697788 -2.360666908 0.170156702 0.947485507 0.270772606 -0.535873821 -0.982266486 0.141131639 0.123422265 2.954055882
97780000 0.849689074 1.515369005 0.500000000 0.500000000 0.000000000 0.000000000 0.064682186 -0.288675576 0.955239534 -2.441169865 0.171033293 0.946286619 0.274388790 -0.542434934 -0.983139753 0.145629719 0.110581040 2.984110085
97820000 0.849689074 1.515369005 0.500000000 0.500000000 0.000000000 0.000000000 0.050539255 -0.288598329 0.956115007 -2.522337907 0.172001407 0.945549667 0.276317358 -0.539792268 -0.983798981 0.150488466 0.097426713 3.014767492
97860000 0.849689074 1.515369005 0.500000000 0.500000000 0.000000000 0.000000000 0.035266161 -0.288164049 0.956931949 -2.599122504 0.172686368 0.944881082 0.278171152 -0.537838901 -0.984345794 0.155438870 0.083084285 3.042922846
97900000 0.849689074 1.515369005 0.500000000 0.500000000 0.000000000 0.000000000 0.020851135 -0.287990868 0.957405329 -2.678885798 0.172990084 0.944209754 0.280253977 -0.536202633 -0.984702110 0.159778327 0.069507539 3.068675598
97940000 0.849689074 1.515369005 0.500000000 0.500000000 0.000000000 0.000000000 0.005887032 -0.286754966 0.957985401 -2.755637595 0.173318133 0.943795979 0.281442493 -0.529592205 -0.984847784 0.164379567 0.055256069 3.096086790
97980000 0.849689074 1.515369005 0.500000000 0.500000000 0.000000000 0.000000000 -0.009868026 -0.286656111 0.957982540 -2.830008959 0.173273310 0.943046391 0.283971637 -0.529419680 -0.984824181 0.168795139 0.040363848 3.121499042
98020000 0.849689074 1.515369005 0.500000000 0.500000000 0.000000000 0.000000000 -0.024541616 -0.287000090 0.957617104 -2.907555342 0.173344970 0.942172706 0.286813915 -0.533260615 -0.984556258 0.173036546 0.026627541 3.141475177
98060000 0.849689074 1.515369005 0.500000000 0.500000000 0.000000000 0.000000000 -0.038302660 -0.285921186 0.957487583 -2.989221499 0.172951579 0.941832602 0.288165033 -0.534121514 -0.984185576 0.176636368 0.013375759 3.158062111
98100000 0.849689074 1.515369005 0.500000000 0.500000000 0.000000000 0.000000000 -0.052123070 -0.285167158 0.957059443 -3.072289402 0.172764748 0.941336930 0.289891511 -0.536191783 -0.983582914 0.180456191 0.000201523 3.171499315
98140000 0.849689074 1.515369005 0.500000000 0.500000000 0.000000000 0.000000000 -0.064719439 -0.285302132 0.956248581 -3.160271130 0.172436044 0.940646648 0.292317629 -0.544930471 -0.982890904 0.183810964 -0.011681557 3.176161771
98180000 0.849689074 1.515369005 0.500000000 0.500000000 0.000000000 0.000000000 -0.075207472 -0.284385413 0.955756068 -3.255812977 0.172147959 0.940376401 0.293355376 -0.549394858 -0.982196450 0.186593771 -0.021767020 3.175262881
98220000 0.849689074 1.515369005 0.500000000 0.500000000 0.000000000 0.000000000 -0.084988952 -0.283588678 0.955171585 -3.353455069 0.172052443 0.940063596 0.294411868 -0.553808636 -0.981413960 0.189361706 -0.031102896 3.170735687
98260000 0.849689074 1.515369005 0.500000000 0.500000000 0.000000000 0.000000000 -0.093775034 -0.284619898 0.954043090 -3.455091297 0.171957046 0.939233780 0.297103882 -0.565629324 -0.980631173 0.191915229 -0.039134264 3.161291054
98300000 0.849689074 1.515369005 0.500000000 0.500000000 0.000000000 0.000000000 -0.099737287 -0.283343464 0.953819036 -3.566016690 0.172020197 0.939253747 0.297004282 -0.563999725 -0.980032325 0.193698138 -0.044937968 3.144465640
98340000 0.849689074 1.515369005 0.500000000 0.500000000 0.000000000 0.000000000 -0.104942322 -0.281334847 0.953853726 -3.681126862 0.172545448 0.939452112 0.296070457 -0.557505407 -0.979394913 0.195653647 -0.050045252 3.124158125
98380000 0.849689074 1.515369005 0.500000000 0.500000000 0.000000000 0.000000000 -0.109269738 -0.281235099 0.953397810 -3.799562003 0.173081771 0.939105511 0.296856225 -0.555835590 -0.978827536 0.197453097 -0.053939223 3.095601848
98420000 0.849689074 1.515369005 0.500000000 0.500000000 0.000000000 0.000000000 -0.112932205 -0.280226707 0.953266859 -3.917703662 0.173626646 0.939077973 0.296624869 -0.548963416 -0.978314161 0.199011385 -0.057397246 3.065105459
98460000 0.849689074 1.515369005 0.500000000 0.500000000 0.000000000 0.000000000 -0.116042376 -0.279549211 0.953092515 -4.037966076 0.174509943 0.938910484 0.296636641 -0.545902039 -0.977793157 0.200746775 -0.060169220 3.029747135
98500000 0.849689074 1.515369005 0.500000000 0.500000000 0.000000000 0.000000000 -0.117673397 -0.279560059 0.952890694 -4.161846269 0.175404608 0.938618243 0.297033787 -0.545464520 -0.977439344 0.202094063 -0.061414361 2.983974254
98540000 0.849689074 1.515369005 0.500000000 0.500000000 0.000000000 0.000000000 -0.118303061 -0.279431015 0.952849329 -4.288946680 0.176298380 0.938432336 0.297091812 -0.547233456 -0.977201283 0.203132883 -0.061756134 2.936477516
98580000 0.849689074 1.515369005 0.500000000 0.500000000 0.000000000 0.000000000 -0.119621992 -0.281433463 0.952095389 -4.417309530 0.177205354 0.937530041 0.299392223 -0.559502788 -0.976876974 0.204530299 -0.062277675 2.885229157
98620000 0.849689074 1.515369005 0.500000000 0.500000000 0.000000000 0.000000000 -0.120256662 -0.281153321 0.952097535 -4.548663208 0.178204894 0.937366247 0.299311668 -0.559784736 -0.976616621 0.205662996 -0.062621593 2.834206525
98660000 0.849689074 1.515369005 0.500000000 0.500000000 0.000000000 0.000000000 -0.120925903 -0.281212032 0.951996446 -4.678572068 0.179292813 0.937073588 0.299578369 -0.565418244 -0.976335764 0.206912816 -0.062897205 2.781861566
98700000 0.849689074 1.515369005 0.500000000 0.500000000 0.000000000 0.000000000 -0.121950030 -0.281748176 0.951707184 -4.807961579 0.179899558 0.936707199 0.300359488 -0.573334084 -0.976096690 0.207840443 -0.063545108 2.726980860
98740000 0.849689074 1.515369005 0.500000000 0.500000000 0.000000000 0.000000000 -0.123134136 -0.280823201 0.951828122 -4.938262323 0.181475103 0.936581910 0.299801767 -0.577032456 -0.975656271 0.209648848 -0.064362884 2.669731295
98780000 0.849689074 1.515369005 0.500000000 0.500000000 0.000000000 0.000000000 -0.125564933 -0.280220151 0.951687396 -5.065054199 0.182373762 0.936412752 0.299784809 -0.585074144 -0.975177944 0.211205557 -0.066475749 2.614386912
98820000 0.849689074 1.515369005 0.500000000 0.500000000 0.000000000 0.000000000 -0.128907084 -0.279793620 0.951367676 -5.187930057 0.183753893 0.936017215 0.300177217 -0.595932531 -0.974484146 0.213512048 -0.069246173 2.564464733
98860000 0.849689074 1.515369005 0.500000000 0.500000000 0.000000000 0.000000000 -0.133614063 -0.279291302 0.950864613 -5.306599354 0.184559867 0.935670614 0.300762564 -0.611240974 -0.973696411 0.215677589 -0.073472738 2.518679417
98900000 0.849689074 1.515369005 0.500000000 0.500000000 0.000000000 0.000000000 -0.138987780 -0.278429627 0.950345933 -5.423539498 0.185725555 0.935303986 0.301184863 -0.623505400 -0.972721159 0.218364969 -0.078284264 2.479675464
98940000 0.849689074 1.515369005 0.500000000 0.500000000 0.000000000 0.000000000 -0.146124482 -0.278090149 0.949376583 -5.534423226 0.186248720 0.934781432 0.302481800 -0.645321126 -0.971576810 0.221019655 -0.084800720 2.447986450
98980000 0.849689074 1.515369005 0.500000000 0.500000000 0.000000000 0.000000000 -0.154762983 -0.276857167 0.948366642 -5.643044550 0.187033951 0.934362352 0.303290814 -0.664297680 -0.970086336 0.224314779 -0.092823029 2.427111783
99020000 0.849689074 1.515369005 0.500000000 0.500000000 0.000000000 0.000000000 -0.164697170 -0.275852859 0.946984529 -5.747497987 0.187631205 0.933801830 0.304645121 -0.689631680 -0.968333125 0.227858111 -0.102035880 2.410738881
99060000 0.849689074 1.515369005 0.500000000 0.500000000 0.000000000 0.000000000 -0.175880432 -0.274852306 0.945263028 -5.849069492 0.188048750 0.933168173 0.306324780 -0.724246846 -0.966283441 0.231632069 -0.112440348 2.401809571
99100000 0.849689074 1.515369005 0.500000000 0.500000000 0.000000000 0.000000000 -0.187235117 -0.273721069 0.943407834 -5.953541440 0.188529789 0.932525814 0.307980597 -0.759861937 -0.964052975 0.235525608 -0.122996926 2.391836923
99140000 0.849689074 1.515369005 0.500000000 0.500000000 0.000000000 0.000000000 -0.198846102 -0.271904886 0.941555917 -6.058627619 0.189229786 0.932009816 0.309111357 -0.797253853 -0.961588204 0.239636123 -0.133874059 2.385449194
