https://www.youtube.com/watch?v=O8-Gxzh9K40
141508033 0.843027819 1.507477513 0.500000000 0.500000000 0.000000000 0.000000000 0.663681388 0.033352911 -0.747271538 -0.452209858 -0.013164489 0.999371529 0.032912977 0.140677965 0.747899652 -0.012006289 0.663703322 6.050520859
141574767 0.843027819 1.507477513 0.500000000 0.500000000 0.000000000 0.000000000 0.645583332 0.033731513 -0.762944996 -0.566718066 -0.014869714 0.999389887 0.031602949 0.129150864 0.763545573 -0.009057587 0.645691037 5.819684873
141641500 0.843027819 1.507477513 0.500000000 0.500000000 0.000000000 0.000000000 0.627706409 0.033406533 -0.777733266 -0.673655458 -0.015541716 0.999417424 0.030385027 0.111567931 0.778295219 -0.006985581 0.627859950 5.574712036
141708233 0.843027819 1.507477513 0.500000000 0.500000000 0.000000000 0.000000000 0.610988975 0.032947529 -0.790952742 -0.759769157 -0.015764438 0.999441803 0.029454634 0.105417102 0.791481674 -0.005527508 0.611167312 5.343906441
141774967 0.843027819 1.507477513 0.500000000 0.500000000 0.000000000 0.000000000 0.594325304 0.031183202 -0.803620338 -0.821120813 -0.014495250 0.999501050 0.028063949 0.092989833 0.804094434 -0.005030456 0.594480753 5.116002840
141841700 0.843027819 1.507477513 0.500000000 0.500000000 0.000000000 0.000000000 0.578625321 0.027705848 -0.815122902 -0.876186575 -0.011686428 0.999601901 0.025680497 0.077480083 0.815509856 -0.005333518 0.578718781 4.883690818
141908433 0.843027819 1.507477513 0.500000000 0.500000000 0.000000000 0.000000000 0.562931895 0.025349408 -0.826114893 -0.912154728 -0.009225678 0.999660015 0.024388101 0.077862256 0.826452255 -0.006107383 0.562974334 4.661273675
141975167 0.843027819 1.507477513 0.500000000 0.500000000 0.000000000 0.000000000 0.547868192 0.023759667 -0.836227536 -0.947778304 -0.006909949 0.999691010 0.023876991 0.082471961 0.836536527 -0.007303164 0.547863126 4.428863398
142041900 0.843027819 1.507477513 0.500000000 0.500000000 0.000000000 0.000000000 0.534256816 0.022899795 -0.845012128 -0.962682158 -0.005420847 0.999705255 0.023664661 0.095560889 0.845305026 -0.008062329 0.534223497 4.202381445
142108633 0.843027819 1.507477513 0.500000000 0.500000000 0.000000000 0.000000000 0.522332311 0.019900545 -0.852510273 -0.956721976 -0.002805646 0.999762356 0.021618918 0.096418678 0.852737844 -0.008900428 0.522264004 3.968322890
142175367 0.843027819 1.507477513 0.500000000 0.500000000 0.000000000 0.000000000 0.510355949 0.014657641 -0.859838963 -0.945095051 0.001300065 0.999840438 0.017815912 0.091371080 0.859962940 -0.010210311 0.510255456 3.732284080
142242100 0.843027819 1.507477513 0.500000000 0.500000000 0.000000000 0.000000000 0.497215033 0.010184723 -0.867567718 -0.934423143 0.005923242 0.999867976 0.015132545 0.081989600 0.867607296 -0.012662944 0.497089028 3.503320920
142308833 0.843027819 1.507477513 0.500000000 0.500000000 0.000000000 0.000000000 0.483188212 0.007195887 -0.875486732 -0.924817548 0.009342359 0.999866903 0.013374321 0.070611398 0.875466466 -0.014641427 0.483056664 3.272498962
142375567 0.843027819 1.507477513 0.500000000 0.500000000 0.000000000 0.000000000 0.469224930 0.005587698 -0.883061051 -0.908272210 0.011349651 0.999859214 0.012357529 0.065556695 0.883005738 -0.015820896 0.469095469 3.043849980
142442300 0.843027819 1.507477513 0.500000000 0.500000000 0.000000000 0.000000000 0.454978764 0.004250043 -0.890491843 -0.887388648 0.013119201 0.999848068 0.011474947 0.058398778 0.890405297 -0.016903400 0.454853892 2.813117863
142509033 0.843027819 1.507477513 0.500000000 0.500000000 0.000000000 0.000000000 0.441299975 0.002297476 -0.897356808 -0.860701264 0.014265154 0.999852419 0.009575178 0.046155105 0.897246301 -0.017026458 0.441202104 2.579520431
142575767 0.843027819 1.507477513 0.500000000 0.500000000 0.000000000 0.000000000 0.427632630 0.002133434 -0.903949797 -0.828997630 0.013416777 0.999872088 0.008706906 0.050983689 0.903852761 -0.015851453 0.427549303 2.345658793
142642500 0.843027819 1.507477513 0.500000000 0.500000000 0.000000000 0.000000000 0.414405763 0.001356633 -0.910091400 -0.790130141 0.013146362 0.999885619 0.007476622 0.044813307 0.909997463 -0.015062744 0.414340496 2.112360671
142709233 0.843027819 1.507477513 0.500000000 0.500000000 0.000000000 0.000000000 0.402605832 0.000233699 -0.915372849 -0.747903245 0.013270106 0.999893367 0.006091817 0.035618974 0.915276647 -0.014599703 0.402559817 1.883557846
142775967 0.843027819 1.507477513 0.500000000 0.500000000 0.000000000 0.000000000 0.392290294 -0.000813152 -0.919841647 -0.699314701 0.013749262 0.999893069 0.004979822 0.036968723 0.919739246 -0.014600672 0.392259538 1.666111747
142842700 0.843027819 1.507477513 0.500000000 0.500000000 0.000000000 0.000000000 0.382876337 -0.001928759 -0.923796892 -0.643604065 0.015047568 0.999878168 0.004148985 0.037241274 0.923676372 -0.015489456 0.382858694 1.453858269
142909433 0.843027819 1.507477513 0.500000000 0.500000000 0.000000000 0.000000000 0.375382900 -0.004178397 -0.926859796 -0.579360349 0.017081475 0.999851167 0.002410619 0.037620273 0.926711857 -0.016737051 0.375398397 1.246998664
142976167 0.843027819 1.507477513 0.500000000 0.500000000 0.000000000 0.000000000 0.367752731 -0.006660305 -0.929899573 -0.515286777 0.020220799 0.999795198 0.000835908 0.035531897 0.929703593 -0.019110724 0.367812097 1.045929726
143042900 0.843027819 1.507477513 0.500000000 0.500000000 0.000000000 0.000000000 0.360034108 -0.008093284 -0.932904840 -0.447780719 0.022959961 0.999736369 0.000187839 0.030596230 0.932657361 -0.021487061 0.360125005 0.848067214
143109633 0.843027819 1.507477513 0.500000000 0.500000000 0.000000000 0.000000000 0.352538228 -0.008032504 -0.935762763 -0.372968853 0.024974514 0.999687731 0.000827638 0.026297692 0.935463905 -0.023662001 0.352628767 0.664557772
143176367 0.843027819 1.507477513 0.500000000 0.500000000 0.000000000 0.000000000 0.345612705 -0.006832483 -0.938351929 -0.296034742 0.026346039 0.999649942 0.002424913 0.021022189 0.938006938 -0.025559952 0.345671773 0.479569647
143243100 0.843027819 1.507477513 0.500000000 0.500000000 0.000000000 0.000000000 0.339442909 -0.006192588 -0.940606117 -0.212830947 0.027397197 0.999619186 0.003305902 0.013809398 0.940227389 -0.026892141 0.339483321 0.299024915
143309833 0.843027819 1.507477513 0.500000000 0.500000000 0.000000000 0.000000000 0.334292769 -0.006478510 -0.942447424 -0.120899089 0.027669348 0.999612808 0.002943056 0.004396403 0.942063451 -0.027060734 0.334342599 0.112690094
143376567 0.843027819 1.507477513 0.500000000 0.500000000 0.000000000 0.000000000 0.329359949 -0.006978368 -0.944178581 -0.022351596 0.027267898 0.999625921 0.002123745 -0.005043070 0.943810582 -0.026445244 0.329427063 -0.071911404
143443300 0.843027819 1.507477513 0.500000000 0.500000000 0.000000000 0.000000000 0.324018240 -0.007317778 -0.946022809 0.079447320 0.025753804 0.999667704 0.001088095 -0.015539002 0.945700467 -0.024716239 0.324099004 -0.262646096
143510033 0.843027819 1.507477513 0.500000000 0.500000000 0.000000000 0.000000000 0.318469763 -0.006677138 -0.947909594 0.188606012 0.023488458 0.999723732 0.000849316 -0.019128303 0.947642088 -0.022535414 0.318538606 -0.452905092
143576767 0.843027819 1.507477513 0.500000000 0.500000000 0.000000000 0.000000000 0.312304020 -0.005024005 -0.949969769 0.302930523 0.021584723 0.999765396 0.001808677 -0.019791719 0.949737787 -0.021069668 0.312339187 -0.636741966
143643500 0.843027819 1.507477513 0.500000000 0.500000000 0.000000000 0.000000000 0.307046592 -0.003874910 -0.951687455 0.416864676 0.019325297 0.999810934 0.002164164 -0.014238523 0.951499104 -0.019056123 0.307063401 -0.826062303
143710233 0.843027819 1.507477513 0.500000000 0.500000000 0.000000000 0.000000000 0.302014232 -0.003786582 -0.953295708 0.533610816 0.018168084 0.999833345 0.001784404 -0.006358354 0.953130126 -0.017858475 0.302032709 -1.012119662
143776967 0.843027819 1.507477513 0.500000000 0.500000000 0.000000000 0.000000000 0.295566082 -0.002918187 -0.955317318 0.650350310 0.017439049 0.999845207 0.002341260 -0.005196479 0.955162585 -0.017351834 0.295571208 -1.195598814
143843700 0.843027819 1.507477513 0.500000000 0.500000000 0.000000000 0.000000000 0.287052691 -0.000079463 -0.957915068 0.768970458 0.016416337 0.999853551 0.004836449 -0.010646112 0.957774401 -0.017113768 0.287011981 -1.375520782
143910433 0.843027819 1.507477513 0.500000000 0.500000000 0.000000000 0.000000000 0.278344274 0.004470189 -0.960471809 0.891891413 0.014045761 0.999863267 0.008724000 -0.016191031 0.960379541 -0.015918825 0.278243423 -1.553552545
143977167 0.843027819 1.507477513 0.500000000 0.500000000 0.000000000 0.000000000 0.268953979 0.009922534 -0.963101447 1.020199079 0.010146882 0.999862254 0.013134857 -0.025908784 0.963099062 -0.013305149 0.268816233 -1.735378186
144043900 0.843027819 1.507477513 0.500000000 0.500000000 0.000000000 0.000000000 0.259047687 0.014913307 -0.965749443 1.149080102 0.005293963 0.999843836 0.016859826 -0.043732504 0.965850055 -0.009480139 0.258928239 -1.923840089
144110633 0.843027819 1.507477513 0.500000000 0.500000000 0.000000000 0.000000000 0.249768555 0.020886412 -0.968080759 1.279581239 -0.001497054 0.999774456 0.021183973 -0.055905391 0.968304873 -0.003841832 0.249743521 -2.118551953
144177367 0.843027819 1.507477513 0.500000000 0.500000000 0.000000000 0.000000000 0.240798891 0.025451971 -0.970241070 1.417169544 -0.008154014 0.999673903 0.024200365 -0.067900910 0.970540643 0.002083942 0.240927875 -2.313289344
144244100 0.843027819 1.507477513 0.500000000 0.500000000 0.000000000 0.000000000 0.232542038 0.028200690 -0.972177923 1.556901551 -0.014403999 0.999569774 0.025549881 -0.078872263 0.972480237 0.008061807 0.232848167 -2.512382589
144310833 0.843027819 1.507477513 0.500000000 0.500000000 0.000000000 0.000000000 0.225865901 0.029311970 -0.973717749 1.697401340 -0.019607443 0.999481499 0.025539355 -0.077712245 0.973961532 0.013323626 0.226323485 -2.708332256
144377567 0.843027819 1.507477513 0.500000000 0.500000000 0.000000000 0.000000000 0.220736861 0.027180670 -0.974953949 1.841477628 -0.022410465 0.999489069 0.022790778 -0.067415978 0.975075305 0.016818438 0.221233189 -2.903066563
144444300 0.843027819 1.507477513 0.500000000 0.500000000 0.000000000 0.000000000 0.217057407 0.022431523 -0.975901783 1.992022666 -0.023169946 0.999572694 0.017822212 -0.045150212 0.975884497 0.018743118 0.217484355 -3.085953651
144511033 0.843027819 1.507477513 0.500000000 0.500000000 0.000000000 0.000000000 0.214758158 0.015923750 -0.976537704 2.138431060 -0.021772400 0.999696672 0.011513244 -0.023239867 0.976424813 0.018788995 0.215039670 -3.269101311
144577767 0.843027819 1.507477513 0.500000000 0.500000000 0.000000000 0.000000000 0.212205589 0.010497415 -0.977169454 2.282973478 -0.019171599 0.999794602 0.006577089 -0.003872014 0.977037728 0.017338183 0.212363243 -3.448375261
