https://www.youtube.com/watch?v=33Bf-aG0--g
47313933 0.800857454 1.426184498 0.500000000 0.500000000 0.000000000 0.000000000 0.991772890 -0.033283029 -0.123607256 4.606920061 0.027084421 0.998305976 -0.051494140 1.415110125 0.125111744 0.047722656 0.990994215 -4.693389510
47380667 0.800857454 1.426184498 0.500000000 0.500000000 0.000000000 0.000000000 0.990352571 -0.024317959 -0.136419833 4.301099572 0.017451784 0.998530626 -0.051303454 1.255820051 0.137466967 0.048427738 0.989321768 -4.211939491
47447400 0.800857454 1.426184498 0.500000000 0.500000000 0.000000000 0.000000000 0.989690423 -0.019511132 -0.141888052 3.844620177 0.012003520 0.998491585 -0.053576935 1.068049988 0.142719358 0.051321421 0.988431752 -3.768040262
47514133 0.800857454 1.426184498 0.500000000 0.500000000 0.000000000 0.000000000 0.990579545 -0.025203217 -0.134599343 3.224819894 0.019458719 0.998849690 -0.043825023 0.859300957 0.135549054 0.040793039 0.989930511 -3.376770236
47580867 0.800857454 1.426184498 0.500000000 0.500000000 0.000000000 0.000000000 0.992309511 -0.051150866 -0.112718098 2.512550180 0.044833586 0.997316003 -0.057885867 0.726537001 0.115376480 0.052387144 0.991939425 -3.012349986
47647600 0.800857454 1.426184498 0.500000000 0.500000000 0.000000000 0.000000000 0.992298365 -0.069505885 -0.102532595 1.819130008 0.062491953 0.995580256 -0.070104830 0.636959033 0.106952131 0.063157447 0.992256224 -2.641979956
47714333 0.800857454 1.426184498 0.500000000 0.500000000 0.000000000 0.000000000 0.992450833 -0.084485926 -0.088901326 1.196290014 0.079132311 0.994926810 -0.062118147 0.488982009 0.093698427 0.054614235 0.994101524 -2.262910058
47781067 0.800857454 1.426184498 0.500000000 0.500000000 0.000000000 0.000000000 0.993552625 -0.087001637 -0.072690196 0.672030917 0.082113788 0.994319141 -0.067725979 0.373382971 0.078169532 0.061320458 0.995052397 -1.909569869
47847800 0.800857454 1.426184498 0.500000000 0.500000000 0.000000000 0.000000000 0.995562255 -0.078694612 -0.051603362 0.231002009 0.074578971 0.994211376 -0.077341400 0.332181986 0.057390995 0.073149659 0.995668352 -1.564440091
47914533 0.800857454 1.426184498 0.500000000 0.500000000 0.000000000 0.000000000 0.995646298 -0.076383278 -0.053423483 -0.084956184 0.072523043 0.994850278 -0.070804581 0.230272985 0.058556650 0.066621885 0.996058583 -1.208090019
47981267 0.800857454 1.426184498 0.500000000 0.500000000 0.000000000 0.000000000 0.996016085 -0.066470377 -0.059444200 -0.363133977 0.062842049 0.996160269 -0.060955599 0.101859003 0.063267693 0.056977160 0.996368825 -0.874541000
48048000 0.800857454 1.426184498 0.500000000 0.500000000 0.000000000 0.000000000 0.995287478 -0.072758034 -0.064102061 -0.610038914 0.069241151 0.996056139 -0.055477802 -0.076326699 0.067885704 0.050777864 0.996400118 -0.493639002
48114733 0.800857454 1.426184498 0.500000000 0.500000000 0.000000000 0.000000000 0.995473564 -0.066624731 -0.067775942 -0.806333019 0.063459396 0.996837497 -0.047832396 -0.254747979 0.070748426 0.043314863 0.996553302 -0.018424504
48181467 0.800857454 1.426184498 0.500000000 0.500000000 0.000000000 0.000000000 0.995454013 -0.075147539 -0.058516435 -0.995762020 0.072453856 0.996269822 -0.046871401 -0.451874015 0.061820425 0.042418584 0.997185469 0.609949964
48248200 0.800857454 1.426184498 0.500000000 0.500000000 0.000000000 0.000000000 0.995982289 -0.075193904 -0.048632246 -1.210209828 0.072976954 0.996278644 -0.045860872 -0.572490993 0.051899727 0.042127579 0.997763336 1.316629931
48314933 0.800857454 1.426184498 0.500000000 0.500000000 0.000000000 0.000000000 0.996690273 -0.067296423 -0.045604050 -1.455670113 0.065306865 0.996903598 -0.043797173 -0.655503977 0.048410237 0.040673956 0.997999012 2.014849883
48381667 0.800857454 1.426184498 0.500000000 0.500000000 0.000000000 0.000000000 0.996460736 -0.061432123 -0.057376757 -1.766890117 0.059177086 0.997437358 -0.040208869 -0.706767905 0.059699833 0.036671177 0.997542560 2.617980042
48448400 0.800857454 1.426184498 0.500000000 0.500000000 0.000000000 0.000000000 0.995283544 -0.063936740 -0.072957024 -2.143699904 0.061309576 0.997406542 -0.037700430 -0.762300031 0.075178251 0.033049650 0.996622264 3.123789908
48515133 0.800857454 1.426184498 0.500000000 0.500000000 0.000000000 0.000000000 0.995441616 -0.046298288 -0.083381295 -2.615789736 0.044144653 0.998646855 -0.027490767 -0.784911998 0.084541246 0.023684619 0.996138453 3.603660027
48581867 0.800857454 1.426184498 0.500000000 0.500000000 0.000000000 0.000000000 0.995359361 -0.044793610 -0.085165881 -3.170069891 0.043262910 0.998868763 -0.019735556 -0.891629975 0.085953571 0.015959445 0.996171296 4.073949771
48648600 0.800857454 1.426184498 0.500000000 0.500000000 0.000000000 0.000000000 0.994530916 -0.055601984 -0.088412151 -3.849420285 0.055565335 0.998450935 -0.002877577 -1.050840070 0.088435188 -0.002050809 0.996079803 4.550909981
48715333 0.800857454 1.426184498 0.500000000 0.500000000 0.000000000 0.000000000 0.995295346 -0.073668189 -0.062930174 -4.406799824 0.073741712 0.997276723 -0.001156717 -1.333139987 0.062844016 -0.003489304 0.998017251 5.127140261
