https://www.youtube.com/watch?v=vJUHtF8Tag4
185652133 0.757234080 1.372948691 0.500000000 0.500000000 0.000000000 0.000000000 0.999713063 -0.020629503 -0.012171994 -3.113939644 0.020682238 0.999777198 0.004222692 -0.733627080 0.012082170 -0.004473224 0.999917030 4.185330114
186786600 0.757234080 1.372948691 0.500000000 0.500000000 0.000000000 0.000000000 0.996737659 -0.049138561 -0.064026788 -2.886519974 0.051026501 0.998299301 0.028192025 -0.660714960 0.062532589 -0.031367116 0.997549891 3.470259991
186853333 0.757234080 1.372948691 0.500000000 0.500000000 0.000000000 0.000000000 0.996541321 -0.046094827 -0.069142081 -2.879319759 0.048714817 0.998138368 0.036697101 -0.617270976 0.067321815 -0.039938424 0.996931612 3.399079804
186920067 0.757234080 1.372948691 0.500000000 0.500000000 0.000000000 0.000000000 0.996217072 -0.042994708 -0.075518280 -2.876049810 0.046698496 0.997755885 0.047983218 -0.562756000 0.073285788 -0.051328290 0.995989263 3.320159859
188454933 0.757234080 1.372948691 0.500000000 0.500000000 0.000000000 0.000000000 0.992863595 -0.000023940 -0.119255677 -1.604130172 0.008656777 0.997376323 0.071871758 -0.250190025 0.118941069 -0.072391227 0.990258813 1.848979868
188521667 0.757234080 1.372948691 0.500000000 0.500000000 0.000000000 0.000000000 0.992842078 0.006129106 -0.119277067 -1.521389960 0.002695634 0.997278035 0.073683530 -0.241065013 0.119404010 -0.073477641 0.990123093 1.789779991
188588400 0.757234080 1.372948691 0.500000000 0.500000000 0.000000000 0.000000000 0.992800534 0.007255741 -0.119559422 -1.433870062 0.001394833 0.997395575 0.072111703 -0.231648992 0.119771257 -0.071759306 0.990204751 1.725849924
188655133 0.757234080 1.372948691 0.500000000 0.500000000 0.000000000 0.000000000 0.992707491 0.006632418 -0.120365217 -1.347459867 0.001496818 0.997730136 0.067322269 -0.231903012 0.120538518 -0.067011490 0.990444303 1.665820068
188721867 0.757234080 1.372948691 0.500000000 0.500000000 0.000000000 0.000000000 0.992581487 0.007668921 -0.121339172 -1.272879970 -0.000643573 0.998326123 0.057831928 -0.231312008 0.121579573 -0.057324812 0.990924954 1.616909917
188788600 0.757234080 1.372948691 0.500000000 0.500000000 0.000000000 0.000000000 0.992445052 0.006672489 -0.122508407 -1.199980099 -0.000844628 0.998867929 0.047561578 -0.240074983 0.122687072 -0.047098778 0.991327167 1.555870085
188855333 0.757234080 1.372948691 0.500000000 0.500000000 0.000000000 0.000000000 0.992460251 0.003366541 -0.122520678 -1.134590009 0.001349255 0.999262035 0.038386520 -0.239472992 0.122559495 -0.038262408 0.991723359 1.504890032
188922067 0.757234080 1.372948691 0.500000000 0.500000000 0.000000000 0.000000000 0.992603660 0.001432454 -0.121391721 -1.066269985 0.002481851 0.999481976 0.032087874 -0.229791983 0.121374808 -0.032151815 0.992085874 1.446580014
188988800 0.757234080 1.372948691 0.500000000 0.500000000 0.000000000 0.000000000 0.992787480 -0.002183921 -0.119867794 -1.003820014 0.005623594 0.999581814 0.028364774 -0.210692997 0.119755723 -0.028834280 0.992384553 1.395449920
189055533 0.757234080 1.372948691 0.500000000 0.500000000 0.000000000 0.000000000 0.992871881 -0.007904229 -0.118924245 -0.937362052 0.011232127 0.999563098 0.027339127 -0.192984002 0.118656188 -0.028480023 0.992526889 1.336870092
189122267 0.757234080 1.372948691 0.500000000 0.500000000 0.000000000 0.000000000 0.992871284 -0.011097604 -0.118673503 -0.881901009 0.014469430 0.999514639 0.027588829 -0.165924003 0.118309736 -0.029109295 0.992549956 1.274219907
189189000 0.757234080 1.372948691 0.500000000 0.500000000 0.000000000 0.000000000 0.992822409 -0.011399399 -0.119053699 -0.830730969 0.014917812 0.999476612 0.028703919 -0.141182983 0.118664183 -0.030273912 0.992472827 1.212350025
189255733 0.757234080 1.372948691 0.500000000 0.500000000 0.000000000 0.000000000 0.992851198 -0.010427387 -0.118902087 -0.789448972 0.014226861 0.999413431 0.031150701 -0.120920988 0.118507519 -0.032619614 0.992417216 1.157010045
189322467 0.757234080 1.372948691 0.500000000 0.500000000 0.000000000 0.000000000 0.992904723 -0.009546449 -0.118528888 -0.746419071 0.013720734 0.999312162 0.034451481 -0.099410491 0.118118465 -0.035833340 0.992352784 1.097740153
189389200 0.757234080 1.372948691 0.500000000 0.500000000 0.000000000 0.000000000 0.992852867 -0.010605070 -0.118872777 -0.700145982 0.015275375 0.999143898 0.038446195 -0.079742000 0.118363291 -0.039987244 0.992164850 1.023519913
189455933 0.757234080 1.372948691 0.500000000 0.500000000 0.000000000 0.000000000 0.992666304 -0.010792548 -0.120403819 -0.657370968 0.016019410 0.998966813 0.042528007 -0.063531497 0.119820438 -0.044144917 0.991813660 0.956534061
189522667 0.757234080 1.372948691 0.500000000 0.500000000 0.000000000 0.000000000 0.992382228 -0.009832934 -0.122803994 -0.617865033 0.015520005 0.998846531 0.045439769 -0.054024000 0.122215532 -0.046999540 0.991390109 0.883247952
189589400 0.757234080 1.372948691 0.500000000 0.500000000 0.000000000 0.000000000 0.992181063 -0.007981877 -0.124551475 -0.583997005 0.013954445 0.998790145 0.047154088 -0.047725896 0.124024406 -0.048523437 0.991092026 0.814245962
189656133 0.757234080 1.372948691 0.500000000 0.500000000 0.000000000 0.000000000 0.992099285 -0.006710619 -0.125275776 -0.549358010 0.012863033 0.998746812 0.048366871 -0.046364099 0.124794208 -0.049596164 0.990942299 0.740418983
189722867 0.757234080 1.372948691 0.500000000 0.500000000 0.000000000 0.000000000 0.992040455 -0.007445750 -0.125699416 -0.507933023 0.013742757 0.998689294 0.049303189 -0.045095702 0.125167564 -0.050638214 0.990842521 0.659735996
189789600 0.757234080 1.372948691 0.500000000 0.500000000 0.000000000 0.000000000 0.992003918 -0.006772762 -0.126025200 -0.466003022 0.013229642 0.998638034 0.050468598 -0.039239705 0.125511736 -0.051732313 0.990742445 0.576111034
189856333 0.757234080 1.372948691 0.500000000 0.500000000 0.000000000 0.000000000 0.991904080 -0.005212074 -0.126882270 -0.421411003 0.011892680 0.998578787 0.051951546 -0.032754100 0.126431182 -0.053039920 0.990556359 0.489809989
189923067 0.757234080 1.372948691 0.500000000 0.500000000 0.000000000 0.000000000 0.991850793 -0.005414269 -0.127289951 -0.377762017 0.012325031 0.998488188 0.053566769 -0.030021098 0.126807481 -0.054699093 0.990418017 0.400590980
189989800 0.757234080 1.372948691 0.500000000 0.500000000 0.000000000 0.000000000 0.991930485 -0.007208898 -0.126577660 -0.337083017 0.014391318 0.998331487 0.055920724 -0.024909798 0.125963345 -0.057291094 0.990379214 0.307349026
190056533 0.757234080 1.372948691 0.500000000 0.500000000 0.000000000 0.000000000 0.992188036 -0.007780438 -0.124508701 -0.293632009 0.015258253 0.998128474 0.059218198 -0.015337901 0.123814933 -0.060655370 0.990449786 0.215995994
190123267 0.757234080 1.372948691 0.500000000 0.500000000 0.000000000 0.000000000 0.992586493 -0.006144641 -0.121385112 -0.248546018 0.013581268 0.998073816 0.060532831 -0.005501209 0.120779350 -0.061732635 0.990758002 0.123621010
190190000 0.757234080 1.372948691 0.500000000 0.500000000 0.000000000 0.000000000 0.993031740 -0.005289954 -0.117728315 -0.205669990 0.012417910 0.998127460 0.059894919 0.003029159 0.117191024 -0.060939498 0.991237938 0.035277197
190256733 0.757234080 1.372948691 0.500000000 0.500000000 0.000000000 0.000000000 0.993549645 -0.005581382 -0.113260716 -0.164815006 0.012294228 0.998202443 0.058657382 0.012496100 0.112729743 -0.059671473 0.991832316 -0.058659000
190323467 0.757234080 1.372948691 0.500000000 0.500000000 0.000000000 0.000000000 0.994157135 -0.005279836 -0.107813269 -0.121896987 0.011666127 0.998208046 0.058690324 0.026206998 0.107310206 -0.059605166 0.992437303 -0.152551012
190390200 0.757234080 1.372948691 0.500000000 0.500000000 0.000000000 0.000000000 0.994640648 -0.006182149 -0.103207141 -0.075749801 0.012524055 0.998064458 0.060913965 0.039814401 0.102630794 -0.061880082 0.992792904 -0.239138005
190456933 0.757234080 1.372948691 0.500000000 0.500000000 0.000000000 0.000000000 0.994935870 -0.008860718 -0.100120656 -0.025482800 0.015338854 0.997824311 0.064120024 0.056023103 0.099334680 -0.065331042 0.992907107 -0.320829026
190523667 0.757234080 1.372948691 0.500000000 0.500000000 0.000000000 0.000000000 0.995168746 -0.011052636 -0.097555093 0.022857296 0.017414231 0.997759163 0.064601757 0.068335203 0.096622474 -0.065988503 0.993131220 -0.395240985
190590400 0.757234080 1.372948691 0.500000000 0.500000000 0.000000000 0.000000000 0.995388091 -0.012157103 -0.095156468 0.066774197 0.018019328 0.997975647 0.060991444 0.085408409 0.094222359 -0.062424816 0.993592083 -0.463657987
190657133 0.757234080 1.372948691 0.500000000 0.500000000 0.000000000 0.000000000 0.995521784 -0.014717927 -0.093379617 0.114249998 0.020137658 0.998150110 0.057365600 0.098532096 0.092362568 -0.058989149 0.993976593 -0.542235040
190723867 0.757234080 1.372948691 0.500000000 0.500000000 0.000000000 0.000000000 0.995608091 -0.018381907 -0.091796994 0.165699015 0.023511058 0.998203456 0.055109862 0.113479008 0.090619057 -0.057026070 0.994251609 -0.621440008
190790600 0.757234080 1.372948691 0.500000000 0.500000000 0.000000000 0.000000000 0.995686948 -0.019456448 -0.090713441 0.220791994 0.024498044 0.998196840 0.054799087 0.128764997 0.089483678 -0.056785040 0.994368196 -0.695700023
190857333 0.757234080 1.372948691 0.500000000 0.500000000 0.000000000 0.000000000 0.995704353 -0.021339450 -0.090096660 0.278446979 0.026459914 0.998078585 0.056026503 0.137541982 0.088727973 -0.058169782 0.994355857 -0.773446922
190924067 0.757234080 1.372948691 0.500000000 0.500000000 0.000000000 0.000000000 0.995537937 -0.025709903 -0.090792090 0.345177995 0.031062705 0.997830629 0.058044404 0.147889005 0.089102805 -0.060605653 0.994176865 -0.851421943
190990800 0.757234080 1.372948691 0.500000000 0.500000000 0.000000000 0.000000000 0.995230198 -0.029176207 -0.093089163 0.414653015 0.034871854 0.997579634 0.060156669 0.157556997 0.091108710 -0.063115925 0.993838787 -0.920202937
191057533 0.757234080 1.372948691 0.500000000 0.500000000 0.000000000 0.000000000 0.994825959 -0.030897886 -0.096781462 0.487614019 0.037056819 0.997356772 0.062500328 0.159976012 0.094594523 -0.065763354 0.993341386 -0.989593076
191124267 0.757234080 1.372948691 0.500000000 0.500000000 0.000000000 0.000000000 0.994415104 -0.031317722 -0.100785941 0.563523996 0.037876721 0.997241318 0.063836828 0.163432021 0.098508671 -0.067297742 0.992857993 -1.057369805
191191000 0.757234080 1.372948691 0.500000000 0.500000000 0.000000000 0.000000000 0.993993342 -0.031097550 -0.104929253 0.647497951 0.038013194 0.997189283 0.064564571 0.165747018 0.102626517 -0.068165451 0.992381632 -1.130239903
191257733 0.757234080 1.372948691 0.500000000 0.500000000 0.000000000 0.000000000 0.993592799 -0.029711634 -0.109044068 0.736407006 0.036915801 0.997224689 0.064653598 0.167692017 0.106820472 -0.068264805 0.991932094 -1.196709949
191324467 0.757234080 1.372948691 0.500000000 0.500000000 0.000000000 0.000000000 0.993088603 -0.028306441 -0.113902330 0.830318955 0.035860810 0.997251749 0.064830273 0.170381999 0.111754179 -0.068466842 0.991374433 -1.265460012
191391200 0.757234080 1.372948691 0.500000000 0.500000000 0.000000000 0.000000000 0.992552996 -0.026650354 -0.118862733 0.927467025 0.034645841 0.997236729 0.065715402 0.174262986 0.116782948 -0.069344118 0.990733624 -1.337810036
191457933 0.757234080 1.372948691 0.500000000 0.500000000 0.000000000 0.000000000 0.991959453 -0.021898845 -0.124647073 1.032740061 0.030552862 0.997221112 0.067945480 0.177447014 0.122812770 -0.071207494 0.989871979 -1.405549987
191524667 0.757234080 1.372948691 0.500000000 0.500000000 0.000000000 0.000000000 0.991276443 -0.014272103 -0.131024107 1.141749910 0.023800438 0.997160435 0.071446724 0.177111989 0.129632369 -0.073941879 0.988801301 -1.470980041
191591400 0.757234080 1.372948691 0.500000000 0.500000000 0.000000000 0.000000000 0.990433395 -0.006379011 -0.137844309 1.250900156 0.016894417 0.997021556 0.075250007 0.173659983 0.136953726 -0.076858915 0.987591207 -1.534159914
191658133 0.757234080 1.372948691 0.500000000 0.500000000 0.000000000 0.000000000 0.989464819 0.000364132 -0.144773126 1.360730102 0.011164131 0.996827185 0.078809485 0.170153999 0.144342482 -0.079595476 0.986321330 -1.592919861
191724867 0.757234080 1.372948691 0.500000000 0.500000000 0.000000000 0.000000000 0.988616347 0.006650402 -0.150311127 1.467840006 0.005762184 0.996616244 0.081993133 0.163665981 0.150347784 -0.081925869 0.985232830 -1.649350073
191791600 0.757234080 1.372948691 0.500000000 0.500000000 0.000000000 0.000000000 0.987859190 0.013113042 -0.154797614 1.577999948 0.000048228 0.996405303 0.084714182 0.160791003 0.155352026 -0.083693154 0.984307468 -1.706609769
191858333 0.757234080 1.372948691 0.500000000 0.500000000 0.000000000 0.000000000 0.987106502 0.019063577 -0.158925548 1.685359943 -0.005417728 0.996292651 0.085857973 0.159367000 0.159973130 -0.083889946 0.983550251 -1.757859870
191925067 0.757234080 1.372948691 0.500000000 0.500000000 0.000000000 0.000000000 0.986408472 0.025122341 -0.162379712 1.789749880 -0.011220853 0.996234715 0.085967645 0.157844993 0.163928032 -0.082977176 0.982976317 -1.812089966
191991800 0.757234080 1.372948691 0.500000000 0.500000000 0.000000000 0.000000000 0.985855043 0.030209875 -0.164854914 1.886959972 -0.016387062 0.996282518 0.084573150 0.160274005 0.166797012 -0.080675378 0.982685208 -1.859869907
192058533 0.757234080 1.372948691 0.500000000 0.500000000 0.000000000 0.000000000 0.985462964 0.033530541 -0.166548759 1.978010182 -0.019910337 0.996368468 0.082785830 0.166181003 0.168719769 -0.078266323 0.982551813 -1.910819956
192125267 0.757234080 1.372948691 0.500000000 0.500000000 0.000000000 0.000000000 0.985110164 0.034713585 -0.168383405 2.067229986 -0.021184094 0.996448934 0.081490494 0.174467984 0.170614287 -0.076710068 0.982347369 -1.960890155
192192000 0.757234080 1.372948691 0.500000000 0.500000000 0.000000000 0.000000000 0.984714806 0.034815934 -0.170659408 2.152460152 -0.021305628 0.996537626 0.080367215 0.181292017 0.172866568 -0.075502776 0.982047081 -2.009539993
192258733 0.757234080 1.372948691 0.500000000 0.500000000 0.000000000 0.000000000 0.984404624 0.034145761 -0.172573447 2.228859814 -0.020681081 0.996641994 0.079227477 0.189155012 0.174699217 -0.074422896 0.981805205 -2.056880182
192325467 0.757234080 1.372948691 0.500000000 0.500000000 0.000000000 0.000000000 0.984203041 0.032719590 -0.173993528 2.301919801 -0.019444704 0.996805847 0.077459991 0.196142004 0.175972223 -0.072853103 0.981695592 -2.104749801
192392200 0.757234080 1.372948691 0.500000000 0.500000000 0.000000000 0.000000000 0.984140873 0.031156462 -0.174630925 2.369659791 -0.018214542 0.996999919 0.075228989 0.203756000 0.176450893 -0.070855096 0.981755912 -2.155960120
192458933 0.757234080 1.372948691 0.500000000 0.500000000 0.000000000 0.000000000 0.984106243 0.030131891 -0.175005808 2.433769977 -0.017468885 0.997145712 0.073452748 0.208612998 0.176719561 -0.069228150 0.981823623 -2.207869891
192525667 0.757234080 1.372948691 0.500000000 0.500000000 0.000000000 0.000000000 0.984088600 0.030110875 -0.175108463 2.496090005 -0.017523935 0.997178853 0.072988078 0.207551967 0.176812202 -0.068758145 0.981840014 -2.264170172
192592400 0.757234080 1.372948691 0.500000000 0.500000000 0.000000000 0.000000000 0.984089732 0.030706182 -0.174998716 2.554230041 -0.018151101 0.997174203 0.072898306 0.200105979 0.176742628 -0.068562053 0.981866241 -2.315570069
192659133 0.757234080 1.372948691 0.500000000 0.500000000 0.000000000 0.000000000 0.984057546 0.030937016 -0.175138995 2.608520210 -0.018566616 0.997243702 0.071835108 0.196796003 0.176878616 -0.067438148 0.981919587 -2.367060224
192725867 0.757234080 1.372948691 0.500000000 0.500000000 0.000000000 0.000000000 0.984003305 0.031429030 -0.175355956 2.661359986 -0.019366346 0.997353256 0.070081994 0.194173032 0.177094445 -0.065564916 0.982007563 -2.420580030
192792600 0.757234080 1.372948691 0.500000000 0.500000000 0.000000000 0.000000000 0.983818889 0.033244651 -0.176054597 2.714419994 -0.021453442 0.997423172 0.068459883 0.189595000 0.177876860 -0.063575149 0.981996953 -2.471920063
192859333 0.757234080 1.372948691 0.500000000 0.500000000 0.000000000 0.000000000 0.983521700 0.033886593 -0.177585796 2.766359904 -0.022323608 0.997522593 0.066710792 0.187752988 0.179406449 -0.061647158 0.981841624 -2.524660127
192926067 0.757234080 1.372948691 0.500000000 0.500000000 0.000000000 0.000000000 0.983045161 0.034939654 -0.180003732 2.820159742 -0.023586132 0.997617364 0.064832896 0.187226037 0.181840092 -0.059488069 0.981527030 -2.578429708
192992800 0.757234080 1.372948691 0.500000000 0.500000000 0.000000000 0.000000000 0.982411563 0.038124371 -0.182795018 2.874989742 -0.026875336 0.997611821 0.063626885 0.180659034 0.184784204 -0.057595111 0.981090009 -2.632400016
193059533 0.757234080 1.372948691 0.500000000 0.500000000 0.000000000 0.000000000 0.981766045 0.040533371 -0.185721532 2.929680380 -0.029417284 0.997628570 0.062224165 0.178248944 0.187803254 -0.055626154 0.980630279 -2.692710308
193126267 0.757234080 1.372948691 0.500000000 0.500000000 0.000000000 0.000000000 0.981108725 0.041325785 -0.188991725 2.987020055 -0.030142367 0.997641265 0.061671287 0.176437028 0.191094548 -0.054809570 0.980040193 -2.751499704
193193000 0.757234080 1.372948691 0.500000000 0.500000000 0.000000000 0.000000000 0.980444729 0.041498102 -0.192369729 3.047390321 -0.030076476 0.997627914 0.061919034 0.176103000 0.194482923 -0.054922387 0.979367137 -2.817390218
193259733 0.757234080 1.372948691 0.500000000 0.500000000 0.000000000 0.000000000 0.979607940 0.042852402 -0.196295515 3.109820032 -0.030905170 0.997501373 0.063528635 0.168831950 0.198527411 -0.056166612 0.978484631 -2.877820037
193326467 0.757234080 1.372948691 0.500000000 0.500000000 0.000000000 0.000000000 0.978932202 0.043663766 -0.199462146 3.169889491 -0.030848842 0.997281969 0.066910699 0.157630028 0.201841563 -0.059347857 0.977618396 -2.949429805
193393200 0.757234080 1.372948691 0.500000000 0.500000000 0.000000000 0.000000000 0.978394687 0.045949847 -0.201574773 3.227739809 -0.031812072 0.996837199 0.072825350 0.137643009 0.204283565 -0.064839430 0.976762056 -3.024630152
193459933 0.757234080 1.372948691 0.500000000 0.500000000 0.000000000 0.000000000 0.977903068 0.049724050 -0.203059211 3.289659684 -0.034148879 0.996249735 0.079500318 0.114671024 0.206250772 -0.070809364 0.975933731 -3.099450094
193526667 0.757234080 1.372948691 0.500000000 0.500000000 0.000000000 0.000000000 0.977106810 0.051442668 -0.206436351 3.362999818 -0.034887530 0.995934427 0.083050713 0.107701982 0.209869429 -0.073947355 0.974929035 -3.162569896
193593400 0.757234080 1.372948691 0.500000000 0.500000000 0.000000000 0.000000000 0.975927114 0.050411932 -0.212190717 3.439070058 -0.033382803 0.995983005 0.083086833 0.119831976 0.215526909 -0.074003175 0.973689735 -3.214810007
193660133 0.757234080 1.372948691 0.500000000 0.500000000 0.000000000 0.000000000 0.974887073 0.053981006 -0.216058552 3.503010226 -0.037063345 0.995975494 0.081603795 0.127820944 0.219594061 -0.071546644 0.972964346 -3.270870358
193726867 0.757234080 1.372948691 0.500000000 0.500000000 0.000000000 0.000000000 0.974504709 0.061064117 -0.215897560 3.550769881 -0.044668533 0.995791435 0.080026008 0.123542014 0.219875664 -0.068341888 0.973131061 -3.338869976
193793600 0.757234080 1.372948691 0.500000000 0.500000000 0.000000000 0.000000000 0.974548519 0.066677764 -0.214031115 3.597039962 -0.050649416 0.995545447 0.079523206 0.121951999 0.218380138 -0.066658676 0.973584473 -3.418000285
193860333 0.757234080 1.372948691 0.500000000 0.500000000 0.000000000 0.000000000 0.974277973 0.067968056 -0.214855075 3.652289883 -0.051917814 0.995482802 0.079489082 0.133205008 0.219287246 -0.066289648 0.973405719 -3.487219926
193927067 0.757234080 1.372948691 0.500000000 0.500000000 0.000000000 0.000000000 0.973705351 0.067275077 -0.217650861 3.707060062 -0.051052265 0.995540619 0.079325229 0.151236003 0.222016901 -0.066127837 0.972797811 -3.543779885
193993800 0.757234080 1.372948691 0.500000000 0.500000000 0.000000000 0.000000000 0.973135948 0.065587714 -0.220691368 3.754070043 -0.049194604 0.995661616 0.078979701 0.174742955 0.224914029 -0.066001162 0.972140729 -3.598110433
194060533 0.757234080 1.372948691 0.500000000 0.500000000 0.000000000 0.000000000 0.972822368 0.062561512 -0.222940862 3.794389740 -0.046105713 0.995865285 0.078272574 0.201880013 0.226915926 -0.065866448 0.971684456 -3.650669734
194127267 0.757234080 1.372948691 0.500000000 0.500000000 0.000000000 0.000000000 0.972710311 0.060593273 -0.223971203 3.831039864 -0.044365879 0.996059537 0.076792739 0.229072984 0.227741763 -0.064760409 0.971565664 -3.706880359
194194000 0.757234080 1.372948691 0.500000000 0.500000000 0.000000000 0.000000000 0.972563565 0.059556201 -0.224884719 3.865769926 -0.043918706 0.996297121 0.073913179 0.260913965 0.228453994 -0.062008627 0.971577942 -3.762600001
194260733 0.757234080 1.372948691 0.500000000 0.500000000 0.000000000 0.000000000 0.972540081 0.055982273 -0.225902274 3.896620125 -0.040879365 0.996638834 0.070992194 0.295991052 0.229117289 -0.059808020 0.971559703 -3.822839856
194327467 0.757234080 1.372948691 0.500000000 0.500000000 0.000000000 0.000000000 0.972576201 0.052127276 -0.226667732 3.924280038 -0.037284095 0.996900141 0.069282293 0.328589991 0.229576588 -0.058931202 0.971504867 -3.882239920
194394200 0.757234080 1.372948691 0.500000000 0.500000000 0.000000000 0.000000000 0.972368419 0.051974110 -0.227592304 3.953159725 -0.037006125 0.996891856 0.069549650 0.342320031 0.230499700 -0.059205566 0.971269548 -3.937639760
194460933 0.757234080 1.372948691 0.500000000 0.500000000 0.000000000 0.000000000 0.972067535 0.053583052 -0.228502780 3.979729970 -0.038300682 0.996754825 0.070801392 0.343288960 0.231555015 -0.060071927 0.970965326 -3.994460374
194527667 0.757234080 1.372948691 0.500000000 0.500000000 0.000000000 0.000000000 0.971802235 0.053793058 -0.229579419 4.006279751 -0.038321503 0.996716499 0.071328297 0.346386033 0.232662559 -0.060519174 0.970672727 -4.051129734
194594400 0.757234080 1.372948691 0.500000000 0.500000000 0.000000000 0.000000000 0.971339762 0.054090217 -0.231458992 4.038459431 -0.038728304 0.996766090 0.070409656 0.357659054 0.234518945 -0.059427682 0.970293343 -4.105849794
194661133 0.757234080 1.372948691 0.500000000 0.500000000 0.000000000 0.000000000 0.970646501 0.054075494 -0.234352723 4.072939843 -0.038892195 0.996862710 0.068935759 0.371230951 0.237345234 -0.057797767 0.969704449 -4.158770401
194727867 0.757234080 1.372948691 0.500000000 0.500000000 0.000000000 0.000000000 0.969883919 0.051515959 -0.238057479 4.109520265 -0.036296301 0.997032881 0.067882434 0.389785990 0.240848169 -0.057197481 0.968876004 -4.211380463
194794600 0.757234080 1.372948691 0.500000000 0.500000000 0.000000000 0.000000000 0.969117522 0.049093761 -0.241662934 4.146410084 -0.033689290 0.997152328 0.067470290 0.406500002 0.244287118 -0.057245187 0.968011737 -4.263879604
194861333 0.757234080 1.372948691 0.500000000 0.500000000 0.000000000 0.000000000 0.968289137 0.048245151 -0.245129660 4.183839677 -0.032393832 0.997139275 0.068292610 0.412287980 0.247723207 -0.058186304 0.967082024 -4.316060364
