https://www.youtube.com/watch?v=xElofsQ4Txs
3482756 0.993645574 1.767085110 0.500000000 0.500000000 0.000000000 0.000000000 0.940022290 0.051688537 -0.337174177 5.036650337 -0.055624232 0.998449743 -0.002015626 -0.598680022 0.336547315 0.020649776 0.941440165 2.780340202
3551722 0.993645574 1.767085110 0.500000000 0.500000000 0.000000000 0.000000000 0.936170638 0.052559268 -0.347594589 4.940040044 -0.056863513 0.998379588 -0.002186013 -0.592593040 0.346916467 0.021811947 0.937642336 2.779369941
3620689 0.993645574 1.767085110 0.500000000 0.500000000 0.000000000 0.000000000 0.932299674 0.053906295 -0.357647091 4.849470669 -0.058254857 0.998300791 -0.001387645 -0.593289949 0.356964558 0.022128383 0.933855772 2.773659982
3689656 0.993645574 1.767085110 0.500000000 0.500000000 0.000000000 0.000000000 0.928889871 0.054508302 -0.366322726 4.753969295 -0.059334483 0.998236299 -0.001919160 -0.581854971 0.365572065 0.023518268 0.930485845 2.762579968
3758622 0.993645574 1.767085110 0.500000000 0.500000000 0.000000000 0.000000000 0.925760806 0.055251855 -0.374051064 4.657199601 -0.060574893 0.998160601 -0.002479978 -0.568819991 0.373226017 0.024953961 0.927404821 2.747610265
3827589 0.993645574 1.767085110 0.500000000 0.500000000 0.000000000 0.000000000 0.922672391 0.055738818 -0.381535053 4.566600680 -0.061587986 0.998096764 -0.003126320 -0.553728054 0.380634665 0.026382528 0.924349129 2.723870635
3896556 0.993645574 1.767085110 0.500000000 0.500000000 0.000000000 0.000000000 0.919685662 0.056475248 -0.388572663 4.479549137 -0.062583908 0.998034954 -0.003070854 -0.543586966 0.387635678 0.027142633 0.921412945 2.690179599
3965522 0.993645574 1.767085110 0.500000000 0.500000000 0.000000000 0.000000000 0.917053103 0.057480399 -0.394600600 4.390890084 -0.063638121 0.997969866 -0.002523649 -0.535022006 0.393654436 0.027425954 0.918849289 2.654310012
4034478 0.993645574 1.767085110 0.500000000 0.500000000 0.000000000 0.000000000 0.914745808 0.058413390 -0.399784803 4.302999679 -0.064795502 0.997895539 -0.002453705 -0.520715980 0.398800135 0.028148782 0.916605711 2.612839717
4103444 0.993645574 1.767085110 0.500000000 0.500000000 0.000000000 0.000000000 0.912642300 0.058940034 -0.404487580 4.215500653 -0.065482140 0.997851014 -0.002344697 -0.505689089 0.403480142 0.028626565 0.914540529 2.561670371
4172411 0.993645574 1.767085110 0.500000000 0.500000000 0.000000000 0.000000000 0.910467744 0.059375256 -0.409295976 4.137660465 -0.066085503 0.997811437 -0.002256090 -0.490543038 0.408266246 0.029102614 0.912398934 2.510920377
4241378 0.993645574 1.767085110 0.500000000 0.500000000 0.000000000 0.000000000 0.908343852 0.059664190 -0.413946480 4.063580319 -0.066489816 0.997784913 -0.002086221 -0.475679038 0.412905067 0.029418226 0.910298824 2.459069721
4310344 0.993645574 1.767085110 0.500000000 0.500000000 0.000000000 0.000000000 0.906248033 0.060015831 -0.418464541 3.993170165 -0.066831581 0.997762918 -0.001635537 -0.462371998 0.417430222 0.029448863 0.908231616 2.406829932
4379311 0.993645574 1.767085110 0.500000000 0.500000000 0.000000000 0.000000000 0.904771447 0.060454138 -0.421585053 3.916400116 -0.067110278 0.997745097 -0.000952699 -0.450798988 0.420576841 0.029154669 0.906788349 2.361520102
4448278 0.993645574 1.767085110 0.500000000 0.500000000 0.000000000 0.000000000 0.903346777 0.060651176 -0.424601167 3.844210376 -0.067165472 0.997741759 -0.000375647 -0.438507030 0.423619539 0.028857861 0.905380487 2.313820038
4517244 0.993645574 1.767085110 0.500000000 0.500000000 0.000000000 0.000000000 0.901582539 0.060667157 -0.428331912 3.768239272 -0.067131996 0.997744083 0.000012296 -0.426837956 0.427366376 0.028743714 0.903621376 2.292259496
4586211 0.993645574 1.767085110 0.500000000 0.500000000 0.000000000 0.000000000 0.899873853 0.060606364 -0.431918681 3.691469461 -0.067095622 0.997746527 0.000213473 -0.412756996 0.430958271 0.028787781 0.901912391 2.268229212
4655178 0.993645574 1.767085110 0.500000000 0.500000000 0.000000000 0.000000000 0.898185253 0.060669262 -0.435410708 3.616600014 -0.067005485 0.997752309 0.000802821 -0.402095028 0.434480757 0.028453823 0.900231600 2.250180149
4724133 0.993645574 1.767085110 0.500000000 0.500000000 0.000000000 0.000000000 0.896474123 0.060347509 -0.438967228 3.538209390 -0.066549249 0.997782350 0.001262062 -0.390153988 0.438069940 0.028081551 0.898502111 2.228539913
4793100 0.993645574 1.767085110 0.500000000 0.500000000 0.000000000 0.000000000 0.895515084 0.059954364 -0.440974236 3.450660094 -0.065941758 0.997821927 0.001750535 -0.376482004 0.440118730 0.027510982 0.897518039 2.205240095
4862067 0.993645574 1.767085110 0.500000000 0.500000000 0.000000000 0.000000000 0.895864844 0.059381995 -0.440340638 3.343589603 -0.065025523 0.997880995 0.002275706 -0.361554990 0.439542711 0.026594665 0.897827864 2.183809906
4931033 0.993645574 1.767085110 0.500000000 0.500000000 0.000000000 0.000000000 0.896387339 0.058697183 -0.439368039 3.238909668 -0.064043559 0.997943580 0.002659833 -0.343055038 0.438620657 0.025754469 0.898303151 2.156229915
5000000 0.993645574 1.767085110 0.500000000 0.500000000 0.000000000 0.000000000 0.896950424 0.057855789 -0.438329309 3.137900048 -0.062677689 0.998027802 0.003474335 -0.326750985 0.437665850 0.024357170 0.898807704 2.110100042
5068967 0.993645574 1.767085110 0.500000000 0.500000000 0.000000000 0.000000000 0.897898316 0.057258572 -0.436463296 3.034160345 -0.061335515 0.998105884 0.004758829 -0.312402034 0.435909033 0.022497736 0.899709582 2.053230354
5137933 0.993645574 1.767085110 0.500000000 0.500000000 0.000000000 0.000000000 0.899487674 0.056425940 -0.433287561 2.920320256 -0.059750650 0.998195589 0.005952510 -0.295053990 0.432841599 0.020534996 0.901236117 1.981090159
5206900 0.993645574 1.767085110 0.500000000 0.500000000 0.000000000 0.000000000 0.900859952 0.055471644 -0.430551201 2.820280257 -0.057987541 0.998290718 0.007288726 -0.278407015 0.430219561 0.018400474 0.902536750 1.910400047
5275867 0.993645574 1.767085110 0.500000000 0.500000000 0.000000000 0.000000000 0.902472138 0.054985791 -0.427224308 2.720590054 -0.056430735 0.998363316 0.009289328 -0.265404980 0.427035838 0.015725218 0.904097974 1.826639857
5344822 0.993645574 1.767085110 0.500000000 0.500000000 0.000000000 0.000000000 0.904207587 0.054548688 -0.423595458 2.621449950 -0.055021904 0.998423219 0.011122520 -0.250945993 0.423534244 0.013249957 0.905783236 1.739050072
5413789 0.993645574 1.767085110 0.500000000 0.500000000 0.000000000 0.000000000 0.905966401 0.054188035 -0.419867218 2.522539967 -0.053551346 0.998476326 0.013313140 -0.241675971 0.419948876 0.010423212 0.907487869 1.652029833
5482756 0.993645574 1.767085110 0.500000000 0.500000000 0.000000000 0.000000000 0.907632291 0.054432131 -0.416222125 2.424530350 -0.052650601 0.998488545 0.015766768 -0.234653030 0.416451246 0.007603912 0.909126282 1.562600337
5551722 0.993645574 1.767085110 0.500000000 0.500000000 0.000000000 0.000000000 0.909242511 0.054432437 -0.412692815 2.328760446 -0.051633686 0.998504937 0.017939538 -0.226589025 0.413052291 0.004997442 0.910693645 1.471500193
5620689 0.993645574 1.767085110 0.500000000 0.500000000 0.000000000 0.000000000 0.910784662 0.054482497 -0.409271419 2.234710381 -0.050757214 0.998511374 0.019968430 -0.218950041 0.409750104 0.002586521 0.912194192 1.384980055
5689656 0.993645574 1.767085110 0.500000000 0.500000000 0.000000000 0.000000000 0.911680579 0.053427417 -0.407411098 2.158259708 -0.049324047 0.998570859 0.020576948 -0.201482959 0.407928228 0.001335584 0.913012922 1.285479955
5758622 0.993645574 1.767085110 0.500000000 0.500000000 0.000000000 0.000000000 0.912538111 0.052508008 -0.405606925 2.081259593 -0.048056658 0.998620510 0.021158509 -0.185125979 0.406158388 0.000184185 0.913802624 1.188349891
5827589 0.993645574 1.767085110 0.500000000 0.500000000 0.000000000 0.000000000 0.913355887 0.051568735 -0.403883368 2.004960273 -0.046905834 0.998669267 0.021437857 -0.168167009 0.404451400 -0.000635912 0.914559305 1.094550082
5896556 0.993645574 1.767085110 0.500000000 0.500000000 0.000000000 0.000000000 0.914015710 0.050881788 -0.402475238 1.931009936 -0.045900688 0.998703301 0.022018401 -0.154869991 0.403073668 -0.001651272 0.915166020 1.000369917
5965522 0.993645574 1.767085110 0.500000000 0.500000000 0.000000000 0.000000000 0.914825320 0.049745820 -0.400774360 1.853680207 -0.044740938 0.998759806 0.021842673 -0.136320009 0.401363909 -0.002051224 0.915916443 0.912312062
6034489 0.993645574 1.767085110 0.500000000 0.500000000 0.000000000 0.000000000 0.915507853 0.048331611 -0.399386406 1.779270162 -0.043442845 0.998829067 0.021289531 -0.116237005 0.399947703 -0.002140264 0.916535497 0.822819053
6103456 0.993645574 1.767085110 0.500000000 0.500000000 0.000000000 0.000000000 0.916116595 0.047007229 -0.398146451 1.705269776 -0.042139035 0.998891592 0.020974327 -0.099331590 0.398691058 -0.002437412 0.917082012 0.740627866
6172422 0.993645574 1.767085110 0.500000000 0.500000000 0.000000000 0.000000000 0.917210042 0.045058023 -0.395847827 1.619240023 -0.040543843 0.998982191 0.019767549 -0.076539194 0.396335632 -0.002081803 0.918103337 0.663898975
6241378 0.993645574 1.767085110 0.500000000 0.500000000 0.000000000 0.000000000 0.917784512 0.043874644 -0.394647419 1.544829958 -0.039313897 0.999033868 0.019639233 -0.063508511 0.395127833 -0.002509452 0.918622732 0.588550980
6310344 0.993645574 1.767085110 0.500000000 0.500000000 0.000000000 0.000000000 0.919582427 0.044082489 -0.390416443 1.440450187 -0.039120492 0.999020934 0.020656966 -0.057010721 0.390944839 -0.003722513 0.920406640 0.541882062
6379311 0.993645574 1.767085110 0.500000000 0.500000000 0.000000000 0.000000000 0.921200156 0.044116355 -0.386579931 1.339340021 -0.038803034 0.999014676 0.021541540 -0.051279302 0.387149334 -0.004843598 0.922004282 0.497213984
6448278 0.993645574 1.767085110 0.500000000 0.500000000 0.000000000 0.000000000 0.922680557 0.044521920 -0.382986099 1.239589993 -0.038674049 0.998988092 0.022959251 -0.050063699 0.383620709 -0.006372429 0.923468709 0.461335944
6517244 0.993645574 1.767085110 0.500000000 0.500000000 0.000000000 0.000000000 0.923969388 0.044958990 -0.379814774 1.141960036 -0.038718376 0.998960495 0.024058202 -0.046668701 0.380501598 -0.007523226 0.924749613 0.426124004
6586211 0.993645574 1.767085110 0.500000000 0.500000000 0.000000000 0.000000000 0.925184131 0.045091596 -0.376830190 1.047689960 -0.038667690 0.998949289 0.024598561 -0.039749992 0.377543420 -0.008187041 0.925955653 0.389368961
6655178 0.993645574 1.767085110 0.500000000 0.500000000 0.000000000 0.000000000 0.926828027 0.044601813 -0.372827619 0.952893942 -0.037997916 0.998963892 0.025046606 -0.034118105 0.373558432 -0.009047220 0.927562475 0.358262933
6724144 0.993645574 1.767085110 0.500000000 0.500000000 0.000000000 0.000000000 0.928637207 0.043824267 -0.368391663 0.860762006 -0.037216727 0.998993814 0.025025910 -0.024624601 0.369117707 -0.009529663 0.929333806 0.326469963
6793111 0.993645574 1.767085110 0.500000000 0.500000000 0.000000000 0.000000000 0.931081235 0.043513514 -0.362207353 0.761922865 -0.036736608 0.998997569 0.025579605 -0.019501190 0.362957299 -0.010510411 0.931746423 0.295473934
6862067 0.993645574 1.767085110 0.500000000 0.500000000 0.000000000 0.000000000 0.933850288 0.043568984 -0.355000645 0.662129024 -0.036499493 0.998979867 0.026590027 -0.017798602 0.355797023 -0.011873763 0.934487820 0.272648038
6931033 0.993645574 1.767085110 0.500000000 0.500000000 0.000000000 0.000000000 0.936971307 0.042337362 -0.346831769 0.560801006 -0.035608064 0.999033928 0.025755204 -0.002669515 0.347587079 -0.011781868 0.937573612 0.239188952
7000000 0.993645574 1.767085110 0.500000000 0.500000000 0.000000000 0.000000000 0.940698981 0.040742740 -0.336786717 0.449926922 -0.034464322 0.999103069 0.024602022 0.013804110 0.337487012 -0.011535957 0.941259444 0.205563993
7068967 0.993645574 1.767085110 0.500000000 0.500000000 0.000000000 0.000000000 0.944246769 0.039667036 -0.326840371 0.349066036 -0.033744004 0.999147713 0.023774792 0.028606698 0.327504903 -0.011420373 0.944780469 0.166267016
7137933 0.993645574 1.767085110 0.500000000 0.500000000 0.000000000 0.000000000 0.947953939 0.038683392 -0.316049159 0.247011036 -0.032973126 0.999182343 0.023397516 0.039136099 0.316695809 -0.011758651 0.948454320 0.127360012
7206900 0.993645574 1.767085110 0.500000000 0.500000000 0.000000000 0.000000000 0.951677263 0.037239328 -0.304833919 0.148978999 -0.032117650 0.999246299 0.021800824 0.059452297 0.305416018 -0.010956809 0.952156007 0.101730003
7275867 0.993645574 1.767085110 0.500000000 0.500000000 0.000000000 0.000000000 0.954706073 0.037408523 -0.295189708 0.074139198 -0.032097973 0.999224246 0.022817103 0.059260100 0.295814246 -0.012308640 0.955166221 0.058493500
7344833 0.993645574 1.767085110 0.500000000 0.500000000 0.000000000 0.000000000 0.957671762 0.037527155 -0.285405844 0.008032320 -0.032068852 0.999202847 0.023775989 0.058668804 0.286070555 -0.013616951 0.958111763 0.011730700
7413800 0.993645574 1.767085110 0.500000000 0.500000000 0.000000000 0.000000000 0.960708201 0.037428960 -0.275025219 -0.062253701 -0.032099746 0.999199986 0.023854274 0.065254500 0.275698036 -0.014088757 0.961141050 -0.032750500
7482767 0.993645574 1.767085110 0.500000000 0.500000000 0.000000000 0.000000000 0.963491619 0.037601676 -0.265084922 -0.128902007 -0.032174531 0.999174833 0.024787374 0.063677200 0.265798211 -0.015353441 0.963906407 -0.078959002
7551722 0.993645574 1.767085110 0.500000000 0.500000000 0.000000000 0.000000000 0.966301501 0.037133932 -0.254720300 -0.199510988 -0.031995058 0.999192834 0.024289729 0.072532303 0.255416662 -0.015321406 0.966709673 -0.120736002
7620689 0.993645574 1.767085110 0.500000000 0.500000000 0.000000000 0.000000000 0.968946457 0.036897536 -0.244502127 -0.269302997 -0.031834852 0.999189675 0.024627054 0.073669905 0.245212674 -0.016078604 0.969335973 -0.160697992
7689656 0.993645574 1.767085110 0.500000000 0.500000000 0.000000000 0.000000000 0.971587956 0.036460564 -0.233853504 -0.344078968 -0.031638481 0.999202967 0.024339765 0.079005596 0.234554544 -0.016249456 0.971967161 -0.197715984
7758622 0.993645574 1.767085110 0.500000000 0.500000000 0.000000000 0.000000000 0.974141002 0.035826366 -0.223082438 -0.420130989 -0.031332988 0.999229133 0.023650456 0.086685596 0.223757789 -0.016049039 0.974512637 -0.231346991
7827589 0.993645574 1.767085110 0.500000000 0.500000000 0.000000000 0.000000000 0.976434708 0.035388924 -0.212891683 -0.494599988 -0.031027593 0.999235272 0.023793515 0.086388999 0.213570908 -0.016627293 0.976786017 -0.268350003
7896556 0.993645574 1.767085110 0.500000000 0.500000000 0.000000000 0.000000000 0.978559375 0.034617689 -0.203034773 -0.579070971 -0.030572396 0.999267280 0.023027664 0.092770308 0.203683153 -0.016326675 0.978900731 -0.298796988
7965522 0.993645574 1.767085110 0.500000000 0.500000000 0.000000000 0.000000000 0.980281115 0.033980548 -0.194664374 -0.663201934 -0.030188506 0.999292850 0.022414461 0.097267997 0.195288375 -0.016095847 0.980613768 -0.332002976
8034489 0.993645574 1.767085110 0.500000000 0.500000000 0.000000000 0.000000000 0.981872976 0.033613265 -0.186535731 -0.758320980 -0.029908163 0.999296188 0.022642251 0.094218007 0.187165514 -0.016652875 0.982187212 -0.358707002
8103456 0.993645574 1.767085110 0.500000000 0.500000000 0.000000000 0.000000000 0.983229816 0.032876790 -0.179383114 -0.858043074 -0.029418709 0.999327123 0.021904632 0.098154595 0.179982558 -0.016260073 0.983535409 -0.387149028
8172422 0.993645574 1.767085110 0.500000000 0.500000000 0.000000000 0.000000000 0.984573007 0.031871758 -0.172046974 -0.973287946 -0.028753368 0.999374509 0.020587597 0.105429003 0.172595516 -0.015323061 0.984873593 -0.411282963
8241378 0.993645574 1.767085110 0.500000000 0.500000000 0.000000000 0.000000000 0.986174583 0.030581268 -0.162863374 -1.120620028 -0.027943874 0.999439001 0.018460713 0.118877000 0.163336575 -0.013654452 0.986475885 -0.422798976
8310344 0.993645574 1.767085110 0.500000000 0.500000000 0.000000000 0.000000000 0.987232506 0.029357871 -0.156557053 -1.253550054 -0.027072465 0.999493778 0.016710812 0.127590995 0.156968385 -0.012259075 0.987527549 -0.442317007
8379311 0.993645574 1.767085110 0.500000000 0.500000000 0.000000000 0.000000000 0.988161266 0.028212128 -0.150802627 -1.395020131 -0.026240842 0.999542415 0.015046401 0.135215015 0.151158109 -0.010911085 0.988449395 -0.456540021
8448278 0.993645574 1.767085110 0.500000000 0.500000000 0.000000000 0.000000000 0.989011467 0.026747266 -0.145398945 -1.546939819 -0.025108052 0.999598920 0.013097648 0.142758985 0.145690948 -0.009303037 0.989286423 -0.465530981
8517244 0.993645574 1.767085110 0.500000000 0.500000000 0.000000000 0.000000000 0.989561975 0.026098669 -0.141724914 -1.695949981 -0.024638146 0.999623775 0.012050646 0.143157006 0.141986102 -0.008433023 0.989832759 -0.479002026
8586211 0.993645574 1.767085110 0.500000000 0.500000000 0.000000000 0.000000000 0.989837408 0.025345340 -0.139926791 -1.841539959 -0.024054568 0.999651134 0.010908466 0.143507000 0.140154451 -0.007431732 0.990101755 -0.492125029
8655178 0.993645574 1.767085110 0.500000000 0.500000000 0.000000000 0.000000000 0.989934027 0.024839971 -0.139332518 -1.988769907 -0.023586798 0.999665201 0.010638428 0.137302002 0.139550135 -0.007244932 0.990188479 -0.509040009
8724144 0.993645574 1.767085110 0.500000000 0.500000000 0.000000000 0.000000000 0.989827037 0.024131417 -0.140214473 -2.134339945 -0.023009077 0.999688983 0.009620297 0.137562011 0.140403003 -0.006296228 0.990074456 -0.522057015
8793111 0.993645574 1.767085110 0.500000000 0.500000000 0.000000000 0.000000000 0.989537418 0.023405738 -0.142365202 -2.266529803 -0.022465978 0.999713957 0.008205082 0.141312999 0.142516509 -0.004920866 0.989780188 -0.544450890
8862067 0.993645574 1.767085110 0.500000000 0.500000000 0.000000000 0.000000000 0.989191890 0.022449924 -0.144898072 -2.394810066 -0.021609949 0.999739349 0.007368520 0.141119019 0.145025715 -0.004157640 0.989419162 -0.567919011
8931033 0.993645574 1.767085110 0.500000000 0.500000000 0.000000000 0.000000000 0.988841295 0.022252683 -0.147301406 -2.524460063 -0.021319818 0.999741435 0.007909040 0.131795012 0.147439301 -0.004680344 0.989060044 -0.593498994
9000000 0.993645574 1.767085110 0.500000000 0.500000000 0.000000000 0.000000000 0.988544881 0.022037735 -0.149309471 -2.657999774 -0.020988250 0.999742746 0.008601183 0.121729006 0.149460599 -0.005368912 0.988753080 -0.618493904
9068967 0.993645574 1.767085110 0.500000000 0.500000000 0.000000000 0.000000000 0.988138914 0.022783922 -0.151863143 -2.786470023 -0.021421948 0.999714315 0.010598710 0.104462996 0.152061239 -0.007219791 0.988344669 -0.649876012
9137933 0.993645574 1.767085110 0.500000000 0.500000000 0.000000000 0.000000000 0.987854362 0.022872899 -0.153690100 -2.921430241 -0.021338113 0.999704659 0.011628591 0.095454803 0.153910697 -0.008207901 0.988050699 -0.681582006
9206900 0.993645574 1.767085110 0.500000000 0.500000000 0.000000000 0.000000000 0.987812877 0.022951886 -0.153944761 -3.071090245 -0.021227002 0.999692261 0.012839137 0.086916913 0.154192060 -0.009414880 0.987996042 -0.708524024
9275867 0.993645574 1.767085110 0.500000000 0.500000000 0.000000000 0.000000000 0.987243652 0.023183275 -0.157519907 -3.185229966 -0.021209583 0.999674201 0.014199448 0.078838100 0.157797784 -0.010677381 0.987413704 -0.757483059
9344833 0.993645574 1.767085110 0.500000000 0.500000000 0.000000000 0.000000000 0.986550272 0.023362748 -0.161779791 -3.288189799 -0.021137793 0.999657035 0.015460758 0.071110497 0.162085503 -0.011833145 0.986705780 -0.827136961
9413800 0.993645574 1.767085110 0.500000000 0.500000000 0.000000000 0.000000000 0.985833764 0.022393549 -0.166223481 -3.386349833 -0.020042283 0.999674141 0.015809374 0.069228291 0.166523352 -0.012253915 0.985961378 -0.900532066
9482767 0.993645574 1.767085110 0.500000000 0.500000000 0.000000000 0.000000000 0.985182583 0.021831743 -0.170113891 -3.490700337 -0.019314673 0.999678314 0.016437493 0.067842314 0.170418024 -0.012908242 0.985287309 -0.969820972
9551722 0.993645574 1.767085110 0.500000000 0.500000000 0.000000000 0.000000000 0.984461904 0.020714857 -0.174372211 -3.589769987 -0.018162027 0.999703407 0.016223274 0.072387882 0.174656555 -0.012804240 0.984546125 -1.040420085
9620689 0.993645574 1.767085110 0.500000000 0.500000000 0.000000000 0.000000000 0.983826876 0.019334793 -0.178075269 -3.690589739 -0.016801555 0.999735236 0.015722856 0.079140991 0.178332105 -0.012476624 0.983891249 -1.099729928
9689656 0.993645574 1.767085110 0.500000000 0.500000000 0.000000000 0.000000000 0.983461082 0.018005859 -0.180222288 -3.798759794 -0.015379858 0.999754369 0.015957754 0.079006195 0.180465356 -0.012922035 0.983496428 -1.153679876
9758622 0.993645574 1.767085110 0.500000000 0.500000000 0.000000000 0.000000000 0.983228147 0.016192837 -0.181659669 -3.906660216 -0.013710008 0.999794781 0.014914964 0.088528006 0.181863904 -0.012174257 0.983248353 -1.207870004
9827589 0.993645574 1.767085110 0.500000000 0.500000000 0.000000000 0.000000000 0.983039081 0.014670556 -0.182808548 -4.010469849 -0.012307951 0.999825537 0.014051862 0.096702400 0.182982802 -0.011563530 0.983048081 -1.256899899
9896556 0.993645574 1.767085110 0.500000000 0.500000000 0.000000000 0.000000000 0.982929468 0.013104299 -0.183515623 -4.111560134 -0.010892829 0.999855459 0.013053504 0.105343987 0.183660164 -0.010831668 0.982930124 -1.305870109
9965522 0.993645574 1.767085110 0.500000000 0.500000000 0.000000000 0.000000000 0.983342469 0.012155797 -0.181355581 -4.245969724 -0.009953991 0.999865353 0.013046092 0.108782012 0.181489751 -0.011023567 0.983331084 -1.300390084
10034489 0.993645574 1.767085110 0.500000000 0.500000000 0.000000000 0.000000000 0.983894229 0.011840614 -0.178359076 -4.383110295 -0.009588120 0.999863088 0.013485710 0.109352010 0.178494349 -0.011558386 0.983873069 -1.290799988
10103456 0.993645574 1.767085110 0.500000000 0.500000000 0.000000000 0.000000000 0.984590113 0.011917925 -0.174471512 -4.524580390 -0.009569814 0.999852061 0.014293559 0.107206018 0.174616054 -0.012403639 0.984558463 -1.273850043
10172422 0.993645574 1.767085110 0.500000000 0.500000000 0.000000000 0.000000000 0.985275030 0.011462334 -0.170592457 -4.657199799 -0.009140643 0.999854684 0.014388802 0.108350999 0.170732588 -0.012617604 0.985236585 -1.264729835
10241378 0.993645574 1.767085110 0.500000000 0.500000000 0.000000000 0.000000000 0.986083031 0.011168376 -0.165878236 -4.792650482 -0.008861812 0.999853551 0.014638813 0.108356009 0.166017443 -0.012965105 0.986037612 -1.250870079
10310344 0.993645574 1.767085110 0.500000000 0.500000000 0.000000000 0.000000000 0.987172067 0.011368564 -0.159254760 -4.947159692 -0.009014121 0.999839246 0.015498751 0.105319011 0.159405351 -0.013864393 0.987115860 -1.211859866
10379311 0.993645574 1.767085110 0.500000000 0.500000000 0.000000000 0.000000000 0.988225818 0.012687764 -0.152475491 -5.094699876 -0.010229777 0.999804974 0.016894266 0.102146006 0.152660087 -0.015135560 0.988162875 -1.174179970
10448278 0.993645574 1.767085110 0.500000000 0.500000000 0.000000000 0.000000000 0.989348531 0.012510953 -0.145027265 -5.246349276 -0.010177685 0.999806762 0.016819296 0.104541004 0.145209655 -0.015164104 0.989284694 -1.140969822
10517244 0.993645574 1.767085110 0.500000000 0.500000000 0.000000000 0.000000000 0.990609288 0.012895900 -0.136113733 -5.399740321 -0.010543793 0.999782622 0.017987277 0.100758979 0.136316121 -0.016383208 0.990529895 -1.104040135
10586211 0.993645574 1.767085110 0.500000000 0.500000000 0.000000000 0.000000000 0.991710365 0.013004637 -0.127833471 -5.543249846 -0.010799582 0.999780953 0.017927457 0.104507974 0.128038600 -0.016398296 0.991633594 -1.065459757
10655178 0.993645574 1.767085110 0.500000000 0.500000000 0.000000000 0.000000000 0.992787540 0.013317687 -0.119145177 -5.684030158 -0.011221644 0.999770582 0.018246027 0.105701012 0.119360842 -0.016777424 0.992709160 -1.023120137
10724144 0.993645574 1.767085110 0.500000000 0.500000000 0.000000000 0.000000000 0.993783116 0.013551525 -0.110505685 -5.816900209 -0.011522609 0.999753475 0.018978326 0.102102012 0.110735625 -0.017587027 0.993694305 -0.981609016
10793111 0.993645574 1.767085110 0.500000000 0.500000000 0.000000000 0.000000000 0.994738877 0.013757479 -0.101515003 -5.945530118 -0.011845891 0.999741435 0.019409500 0.100880006 0.101755776 -0.018104851 0.994644642 -0.938956020
10862067 0.993645574 1.767085110 0.500000000 0.500000000 0.000000000 0.000000000 0.995661795 0.014108987 -0.091970354 -6.072929860 -0.012327173 0.999725699 0.019913165 0.099094191 0.092226088 -0.018693043 0.995562613 -0.890783066
10931033 0.993645574 1.767085110 0.500000000 0.500000000 0.000000000 0.000000000 0.996515691 0.014635998 -0.082110941 -6.195959331 -0.012997369 0.999706268 0.020455457 0.097277500 0.082386211 -0.019316960 0.996413231 -0.842729956
11000000 0.993645574 1.767085110 0.500000000 0.500000000 0.000000000 0.000000000 0.997307479 0.015105791 -0.071760736 -6.315509928 -0.013644231 0.999690235 0.020813856 0.096881898 0.072052918 -0.019778695 0.997204661 -0.792389930
11068956 0.993645574 1.767085110 0.500000000 0.500000000 0.000000000 0.000000000 0.997875392 0.015035459 -0.063392587 -6.407740436 -0.013759053 0.999694705 0.020523628 0.099796800 0.063681819 -0.019607803 0.997777581 -0.752195048
11137922 0.993645574 1.767085110 0.500000000 0.500000000 0.000000000 0.000000000 0.998445213 0.015585125 -0.053519119 -6.504820231 -0.014460049 0.999667585 0.021345235 0.095226694 0.053833995 -0.020538159 0.998338640 -0.712374968
11206889 0.993645574 1.767085110 0.500000000 0.500000000 0.000000000 0.000000000 0.998883069 0.015558796 -0.044614896 -6.587520055 -0.014628667 0.999670386 0.021099195 0.098290200 0.044928469 -0.020422973 0.998781443 -0.674541061
