https://www.youtube.com/watch?v=3BlJKo-63fA
1968633 0.982077536 1.748510132 0.500000000 0.500000000 0.000000000 0.000000000 0.991188586 0.039859138 0.126318738 4.960569521 -0.034544937 0.998434722 -0.043985553 -0.505409965 -0.127874240 0.039234310 0.991014063 4.794370608
2035367 0.982077536 1.748510132 0.500000000 0.500000000 0.000000000 0.000000000 0.989764333 0.039402723 0.137163922 4.877169708 -0.033815324 0.998509943 -0.042830519 -0.468656956 -0.138647184 0.037753880 0.989621937 4.615220004
2102100 0.982077536 1.748510132 0.500000000 0.500000000 0.000000000 0.000000000 0.988113284 0.036602929 0.149306118 4.783100173 -0.030727960 0.998667181 -0.041468117 -0.434229019 -0.150624990 0.036387328 0.987921119 4.417320268
2168833 0.982077536 1.748510132 0.500000000 0.500000000 0.000000000 0.000000000 0.986354113 0.033973012 0.161094427 4.689979986 -0.027362239 0.998696864 -0.043079637 -0.413315995 -0.162348032 0.038083874 0.985998333 4.232449855
2235567 0.982077536 1.748510132 0.500000000 0.500000000 0.000000000 0.000000000 0.984459937 0.032443531 0.172586441 4.597380233 -0.024922337 0.998650253 -0.045569640 -0.395216036 -0.173831940 0.040560227 0.983939707 4.070180009
2302300 0.982077536 1.748510132 0.500000000 0.500000000 0.000000000 0.000000000 0.982375741 0.031865876 0.184180602 4.518990370 -0.023587022 0.998617887 -0.046967607 -0.382710002 -0.185422704 0.041795570 0.981769621 3.932559949
2369033 0.982077536 1.748510132 0.500000000 0.500000000 0.000000000 0.000000000 0.980343282 0.030854899 0.194871664 4.438289939 -0.021922771 0.998614967 -0.047827993 -0.375111988 -0.196077496 0.042615723 0.979661942 3.766930093
2435767 0.982077536 1.748510132 0.500000000 0.500000000 0.000000000 0.000000000 0.978299379 0.030393967 0.204955116 4.374560326 -0.020495260 0.998526454 -0.050248474 -0.373173016 -0.206180349 0.044957444 0.977480710 3.637800068
2502500 0.982077536 1.748510132 0.500000000 0.500000000 0.000000000 0.000000000 0.976089776 0.030821461 0.215171456 4.312940160 -0.019803803 0.998388886 -0.053173952 -0.386802996 -0.216463685 0.047641344 0.975127578 3.485379996
2569233 0.982077536 1.748510132 0.500000000 0.500000000 0.000000000 0.000000000 0.973864853 0.031945959 0.224870488 4.244909841 -0.019552272 0.998175383 -0.057127982 -0.403281009 -0.226285204 0.051238202 0.972712517 3.321259936
2635967 0.982077536 1.748510132 0.500000000 0.500000000 0.000000000 0.000000000 0.971901476 0.034536481 0.232840657 4.162479922 -0.021007365 0.997956991 -0.060336739 -0.415062076 -0.234448791 0.053750001 0.970641434 3.148230503
2702700 0.982077536 1.748510132 0.500000000 0.500000000 0.000000000 0.000000000 0.970440924 0.036196504 0.238608912 4.070990087 -0.023085324 0.998077631 -0.057516631 -0.411273995 -0.240232125 0.050308134 0.969410956 3.017469744
2769433 0.982077536 1.748510132 0.500000000 0.500000000 0.000000000 0.000000000 0.969867766 0.034970850 0.241109103 3.986200295 -0.022592796 0.998290002 -0.053913493 -0.417727003 -0.242582202 0.046841640 0.968999386 2.859710051
2836167 0.982077536 1.748510132 0.500000000 0.500000000 0.000000000 0.000000000 0.969753683 0.031449076 0.242051035 3.899749657 -0.019165082 0.998413861 -0.052938357 -0.416976979 -0.243331969 0.046698242 0.968818247 2.719669922
2902900 0.982077536 1.748510132 0.500000000 0.500000000 0.000000000 0.000000000 0.969549775 0.027114781 0.243388817 3.821760065 -0.015085341 0.998576880 -0.051153593 -0.408342047 -0.244429454 0.045924351 0.968578994 2.594190153
2969633 0.982077536 1.748510132 0.500000000 0.500000000 0.000000000 0.000000000 0.968781292 0.021818634 0.246954799 3.749169871 -0.009546091 0.998664021 -0.050784189 -0.387784934 -0.247732908 0.046841320 0.967695355 2.443530140
3036367 0.982077536 1.748510132 0.500000000 0.500000000 0.000000000 0.000000000 0.967214584 0.015987581 0.253456861 3.682480341 -0.003265541 0.998716950 -0.050535563 -0.342694014 -0.253939599 0.048051056 0.966025770 2.284260044
3103100 0.982077536 1.748510132 0.500000000 0.500000000 0.000000000 0.000000000 0.964722931 0.009662733 0.263089985 3.607300395 0.002850597 0.998884261 -0.047139768 -0.275566047 -0.263251930 0.046226781 0.963618994 2.142740230
3169833 0.982077536 1.748510132 0.500000000 0.500000000 0.000000000 0.000000000 0.961971343 0.002374121 0.273139924 3.532419715 0.009086962 0.999130607 -0.040687751 -0.213713987 -0.272999078 0.041622464 0.961113453 1.971329885
3236567 0.982077536 1.748510132 0.500000000 0.500000000 0.000000000 0.000000000 0.958988130 -0.003687838 0.283422232 3.448130031 0.014025245 0.999307930 -0.034453027 -0.158332988 -0.283098996 0.037015110 0.958376110 1.804109879
3303300 0.982077536 1.748510132 0.500000000 0.500000000 0.000000000 0.000000000 0.955974638 -0.008060582 0.293338448 3.348589626 0.017123245 0.999451697 -0.028340034 -0.106870985 -0.292949170 0.032115262 0.955588460 1.638669793
3370033 0.982077536 1.748510132 0.500000000 0.500000000 0.000000000 0.000000000 0.953434169 -0.010851447 0.301405996 3.245580067 0.018471064 0.999577522 -0.022441769 -0.070522712 -0.301035136 0.026964037 0.953231752 1.481699877
3436767 0.982077536 1.748510132 0.500000000 0.500000000 0.000000000 0.000000000 0.951634705 -0.012946418 0.306958854 3.141059809 0.019403024 0.999649823 -0.017991684 -0.053096906 -0.306618452 0.023077443 0.951552689 1.339259923
3503500 0.982077536 1.748510132 0.500000000 0.500000000 0.000000000 0.000000000 0.950570822 -0.014816892 0.310154170 3.039800125 0.020379482 0.999684215 -0.014702147 -0.037711115 -0.309838384 0.020296210 0.950572610 1.225200091
3570233 0.982077536 1.748510132 0.500000000 0.500000000 0.000000000 0.000000000 0.949367762 -0.016441284 0.313736260 2.949839778 0.021891875 0.999664307 -0.013857726 -0.035718575 -0.313403070 0.020024359 0.949409008 1.131649801
3636967 0.982077536 1.748510132 0.500000000 0.500000000 0.000000000 0.000000000 0.947177291 -0.016132651 0.320304334 2.867129673 0.022868400 0.999589145 -0.017278576 -0.037198982 -0.319894016 0.023690728 0.947157085 1.042269786
3703700 0.982077536 1.748510132 0.500000000 0.500000000 0.000000000 0.000000000 0.943414152 -0.014242866 0.331310809 2.776949802 0.023180474 0.999465764 -0.023040373 -0.042231882 -0.330805659 0.029416557 0.943240285 0.954456891
3770433 0.982077536 1.748510132 0.500000000 0.500000000 0.000000000 0.000000000 0.938420057 -0.011972206 0.345289081 2.681980271 0.022515157 0.999394178 -0.026539287 -0.054288809 -0.344762176 0.032679234 0.938121080 0.870856920
3837167 0.982077536 1.748510132 0.500000000 0.500000000 0.000000000 0.000000000 0.932804286 -0.010526338 0.360229492 2.571879907 0.022206578 0.999352753 -0.028301017 -0.064840482 -0.359698415 0.034398779 0.932434320 0.775150070
3903900 0.982077536 1.748510132 0.500000000 0.500000000 0.000000000 0.000000000 0.926790357 -0.009816650 0.375450671 2.446039526 0.021920305 0.999368131 -0.027979901 -0.074023389 -0.374938786 0.034161501 0.926419914 0.694492972
3970633 0.982077536 1.748510132 0.500000000 0.500000000 0.000000000 0.000000000 0.920262158 -0.008775258 0.391204029 2.297200152 0.021654099 0.999358594 -0.028521743 -0.092518298 -0.390702814 0.034718651 0.919861913 0.595965925
4037367 0.982077536 1.748510132 0.500000000 0.500000000 0.000000000 0.000000000 0.913523912 -0.008234171 0.406701893 2.128510300 0.022204610 0.999313891 -0.029643161 -0.105682023 -0.406178743 0.036110386 0.913079917 0.500639991
4104100 0.982077536 1.748510132 0.500000000 0.500000000 0.000000000 0.000000000 0.907074332 -0.009160530 0.420870841 1.954920194 0.022902966 0.999356389 -0.027609561 -0.110978000 -0.420347035 0.034683112 0.906700313 0.438593957
4170833 0.982077536 1.748510132 0.500000000 0.500000000 0.000000000 0.000000000 0.899990082 -0.010082562 0.435793847 1.776530110 0.024091821 0.999354959 -0.026632652 -0.106555009 -0.435244232 0.034468185 0.899652421 0.386744952
4237567 0.982077536 1.748510132 0.500000000 0.500000000 0.000000000 0.000000000 0.890292168 -0.011752021 0.455237925 1.602969685 0.027358323 0.999241590 -0.027708117 -0.094689181 -0.454567075 0.037122872 0.889938533 0.351631970
4304300 0.982077536 1.748510132 0.500000000 0.500000000 0.000000000 0.000000000 0.878629923 -0.014563357 0.477281034 1.413589701 0.033808377 0.998923659 -0.031757720 -0.078465085 -0.476304829 0.044039391 0.878176570 0.311903950
4371033 0.982077536 1.748510132 0.500000000 0.500000000 0.000000000 0.000000000 0.867383718 -0.017040007 0.497348100 1.222210039 0.038790498 0.998687863 -0.033434540 -0.057035313 -0.496125787 0.048292950 0.866906583 0.313758006
4437767 0.982077536 1.748510132 0.500000000 0.500000000 0.000000000 0.000000000 0.856510997 -0.019935071 0.515743732 1.025880080 0.044743687 0.998359799 -0.035717547 -0.048217617 -0.514185786 0.053668737 0.855998158 0.283365077
4504500 0.982077536 1.748510132 0.500000000 0.500000000 0.000000000 0.000000000 0.847377598 -0.022643086 0.530507863 0.814393043 0.050631162 0.997983634 -0.038277078 -0.041427010 -0.528571427 0.059295360 0.846815467 0.257102109
4571233 0.982077536 1.748510132 0.500000000 0.500000000 0.000000000 0.000000000 0.840173244 -0.025599036 0.541713357 0.618145860 0.056241747 0.997612178 -0.040085554 -0.033173678 -0.539393663 0.064145736 0.839606762 0.242015893
4637967 0.982077536 1.748510132 0.500000000 0.500000000 0.000000000 0.000000000 0.831603467 -0.028845645 0.554620266 0.431075012 0.061222695 0.997325242 -0.039927348 -0.023910503 -0.551985025 0.067159064 0.831145108 0.255531005
4704700 0.982077536 1.748510132 0.500000000 0.500000000 0.000000000 0.000000000 0.823291659 -0.032238282 0.566702425 0.260170023 0.065967493 0.997054756 -0.039116062 -0.023108205 -0.563772380 0.069587857 0.822993577 0.264628012
4771433 0.982077536 1.748510132 0.500000000 0.500000000 0.000000000 0.000000000 0.815372527 -0.034625895 0.577900290 0.094841393 0.070403442 0.996731758 -0.039612897 -0.028088701 -0.574639916 0.072985433 0.815145433 0.274841994
4838167 0.982077536 1.748510132 0.500000000 0.500000000 0.000000000 0.000000000 0.808304548 -0.036102042 0.587656736 -0.051092912 0.073518783 0.996495187 -0.039904363 -0.040805802 -0.584156513 0.075458683 0.808125734 0.274200015
4904900 0.982077536 1.748510132 0.500000000 0.500000000 0.000000000 0.000000000 0.801675677 -0.035787962 0.596686959 -0.195637993 0.075959027 0.996213138 -0.042303704 -0.047932098 -0.592913389 0.079237610 0.801358223 0.259596966
4971633 0.982077536 1.748510132 0.500000000 0.500000000 0.000000000 0.000000000 0.795814514 -0.033176295 0.604631186 -0.337764085 0.076413624 0.996018052 -0.045923725 -0.051801394 -0.600700021 0.082748801 0.795180798 0.255118099
5038367 0.982077536 1.748510132 0.500000000 0.500000000 0.000000000 0.000000000 0.791424096 -0.029631538 0.610548794 -0.482173978 0.076216236 0.995813370 -0.050465878 -0.050977399 -0.606497228 0.086473644 0.790369093 0.208461948
5105100 0.982077536 1.748510132 0.500000000 0.500000000 0.000000000 0.000000000 0.787791371 -0.024721721 0.615445971 -0.621251091 0.074615158 0.995665908 -0.055515237 -0.040969587 -0.611406207 0.089656003 0.786221683 0.195068081
5171833 0.982077536 1.748510132 0.500000000 0.500000000 0.000000000 0.000000000 0.783967912 -0.020219676 0.620471776 -0.761996794 0.071418807 0.995770991 -0.057788052 -0.041442219 -0.616679370 0.089617349 0.782096565 0.156872966
5238567 0.982077536 1.748510132 0.500000000 0.500000000 0.000000000 0.000000000 0.779796004 -0.017351516 0.625793397 -0.896488264 0.068278931 0.996009886 -0.057465270 -0.044485175 -0.622299373 0.087539673 0.777869284 0.120262122
5305300 0.982077536 1.748510132 0.500000000 0.500000000 0.000000000 0.000000000 0.774309754 -0.016356647 0.632595599 -1.042210339 0.067154445 0.996144891 -0.056441717 -0.048642072 -0.629233658 0.086184956 0.772423089 0.068391149
5372033 0.982077536 1.748510132 0.500000000 0.500000000 0.000000000 0.000000000 0.768191814 -0.017382925 0.639983773 -1.194260067 0.066982716 0.996327341 -0.053339630 -0.051843283 -0.636706114 0.083842918 0.766534865 -0.006881661
5438767 0.982077536 1.748510132 0.500000000 0.500000000 0.000000000 0.000000000 0.762561321 -0.018222259 0.646658897 -1.350119312 0.067531012 0.996384144 -0.051557496 -0.047332472 -0.643381238 0.082985312 0.761034548 -0.103668899
5505500 0.982077536 1.748510132 0.500000000 0.500000000 0.000000000 0.000000000 0.757217228 -0.019743606 0.652864575 -1.507489827 0.069526173 0.996300638 -0.050509457 -0.046382727 -0.649452090 0.083637819 0.755788684 -0.204997994
5572233 0.982077536 1.748510132 0.500000000 0.500000000 0.000000000 0.000000000 0.752423882 -0.023238134 0.658269465 -1.662430755 0.073903367 0.996045530 -0.049311794 -0.037939644 -0.654520452 0.085751675 0.751165748 -0.317506031
5638967 0.982077536 1.748510132 0.500000000 0.500000000 0.000000000 0.000000000 0.746870756 -0.027530007 0.664398849 -1.804259405 0.080029763 0.995601594 -0.048710100 -0.035237079 -0.660135567 0.089551859 0.745788932 -0.415271795
5705700 0.982077536 1.748510132 0.500000000 0.500000000 0.000000000 0.000000000 0.739756823 -0.030495107 0.672182679 -1.944649418 0.084766634 0.995237410 -0.048136894 -0.023047287 -0.667513371 0.092588291 0.738818645 -0.454884988
5772433 0.982077536 1.748510132 0.500000000 0.500000000 0.000000000 0.000000000 0.732331872 -0.033758000 0.680110574 -2.080829958 0.087631568 0.995137572 -0.044965532 -0.015871401 -0.675285697 0.092528850 0.731729209 -0.501818956
5839167 0.982077536 1.748510132 0.500000000 0.500000000 0.000000000 0.000000000 0.726819277 -0.036942467 0.685834646 -2.195180205 0.089056745 0.995191693 -0.040772729 -0.007351390 -0.681030750 0.090712585 0.726614475 -0.547102038
5905900 0.982077536 1.748510132 0.500000000 0.500000000 0.000000000 0.000000000 0.722368956 -0.039432727 0.690382242 -2.307608814 0.089097671 0.995358527 -0.036373541 -0.005547965 -0.685743570 0.087786615 0.722529411 -0.580107701
5972633 0.982077536 1.748510132 0.500000000 0.500000000 0.000000000 0.000000000 0.718008518 -0.040691301 0.694844127 -2.407420901 0.087568313 0.995638549 -0.032181300 -0.000391724 -0.690504074 0.083952740 0.718440175 -0.567506155
6039367 0.982077536 1.748510132 0.500000000 0.500000000 0.000000000 0.000000000 0.712525725 -0.039443444 0.700536132 -2.510418995 0.086174682 0.995779335 -0.031582505 0.000497716 -0.696333647 0.082871862 0.712917447 -0.573665758
6106100 0.982077536 1.748510132 0.500000000 0.500000000 0.000000000 0.000000000 0.704700053 -0.035771884 0.708603084 -2.609370385 0.083682083 0.995947838 -0.032943472 0.012441521 -0.704553187 0.082512632 0.704837918 -0.512372067
6172833 0.982077536 1.748510132 0.500000000 0.500000000 0.000000000 0.000000000 0.694262266 -0.031472106 0.719033599 -2.708209715 0.081172839 0.996093094 -0.034777351 0.013699072 -0.715129852 0.082510613 0.694104552 -0.445713085
6239567 0.982077536 1.748510132 0.500000000 0.500000000 0.000000000 0.000000000 0.682183504 -0.028581509 0.730621934 -2.809359110 0.079911768 0.996164441 -0.035644401 0.009521523 -0.726800799 0.082701340 0.681850970 -0.368367079
6306300 0.982077536 1.748510132 0.500000000 0.500000000 0.000000000 0.000000000 0.668823540 -0.027310332 0.742919445 -2.910290372 0.079989076 0.996167243 -0.035391361 0.006094937 -0.739105463 0.083096005 0.668444633 -0.265881025
6373033 0.982077536 1.748510132 0.500000000 0.500000000 0.000000000 0.000000000 0.653403163 -0.026915561 0.756531715 -3.020141071 0.080647856 0.996155322 -0.034213401 -0.003266414 -0.752702236 0.083367780 0.653061748 -0.151770129
6439767 0.982077536 1.748510132 0.500000000 0.500000000 0.000000000 0.000000000 0.636854708 -0.026067741 0.770543039 -3.129940062 0.081033528 0.996155798 -0.033274002 -0.001474771 -0.766713560 0.083630525 0.636518836 0.013961127
6506500 0.982077536 1.748510132 0.500000000 0.500000000 0.000000000 0.000000000 0.622199178 -0.025816528 0.782433391 -3.252361334 0.081621841 0.996148288 -0.032038480 -0.012477929 -0.778592587 0.083797947 0.621909857 0.145700105
6573233 0.982077536 1.748510132 0.500000000 0.500000000 0.000000000 0.000000000 0.608732581 -0.026237631 0.792941689 -3.372950892 0.085267298 0.995827675 -0.032507874 -0.025970111 -0.788780332 0.087400571 0.608429968 0.281792954
6639967 0.982077536 1.748510132 0.500000000 0.500000000 0.000000000 0.000000000 0.596179724 -0.027799416 0.802370131 -3.492353232 0.088612035 0.995572805 -0.031347640 -0.042300020 -0.797946393 0.089788422 0.596003652 0.423825280
6706700 0.982077536 1.748510132 0.500000000 0.500000000 0.000000000 0.000000000 0.585841537 -0.029835235 0.809876323 -3.607050285 0.091587663 0.995357454 -0.029583709 -0.057711652 -0.805233836 0.091506034 0.585854292 0.549658063
6773433 0.982077536 1.748510132 0.500000000 0.500000000 0.000000000 0.000000000 0.577536404 -0.030513614 0.815794230 -3.718218465 0.093358606 0.995213926 -0.028868049 -0.066153779 -0.811008930 0.092833795 0.577620983 0.673818698
