https://www.youtube.com/watch?v=h4Vu0_BySZE
20920900 0.958507181 1.704595491 0.500000000 0.500000000 0.000000000 0.000000000 0.996991158 -0.043499619 0.064159259 6.681200234 0.042445175 0.998941839 0.017707849 0.074283579 -0.064861655 -0.014931316 0.997782528 -2.036699927
20987633 0.958507181 1.704595491 0.500000000 0.500000000 0.000000000 0.000000000 0.994753301 -0.056146722 0.085518785 6.319930133 0.054998700 0.998362601 0.015723480 0.147176010 -0.086261578 -0.010937560 0.996212482 -1.998489983
21054367 0.958507181 1.704595491 0.500000000 0.500000000 0.000000000 0.000000000 0.992873192 -0.062202077 0.101655170 5.977330369 0.060971688 0.998024225 0.015169214 0.188513031 -0.102397874 -0.008863024 0.994704068 -1.944250056
21121100 0.958507181 1.704595491 0.500000000 0.500000000 0.000000000 0.000000000 0.991251707 -0.064562790 0.115115829 5.644729790 0.063069321 0.997871518 0.016572861 0.214682019 -0.115940802 -0.009167605 0.993213832 -1.837110075
21187833 0.958507181 1.704595491 0.500000000 0.500000000 0.000000000 0.000000000 0.989054203 -0.065592393 0.132172108 5.301750305 0.063490525 0.997780859 0.020059181 0.214206033 -0.133194536 -0.011447949 0.991023779 -1.728299891
21254567 0.958507181 1.704595491 0.500000000 0.500000000 0.000000000 0.000000000 0.986775041 -0.066767976 0.147705927 4.953989784 0.063801959 0.997656047 0.024733510 0.191347958 -0.149011120 -0.014982473 0.988722026 -1.595260043
21321300 0.958507181 1.704595491 0.500000000 0.500000000 0.000000000 0.000000000 0.984277904 -0.070293576 0.162036508 4.613750194 0.066282392 0.997348726 0.030035945 0.158630032 -0.163718253 -0.018823544 0.986327529 -1.434410046
21388033 0.958507181 1.704595491 0.500000000 0.500000000 0.000000000 0.000000000 0.981323302 -0.076141499 0.176655173 4.278519927 0.070836134 0.996832490 0.036156114 0.108070949 -0.178848594 -0.022967264 0.983608484 -1.245639956
21454767 0.958507181 1.704595491 0.500000000 0.500000000 0.000000000 0.000000000 0.978145301 -0.083810799 0.190282688 3.956910018 0.077934183 0.996227443 0.038172953 0.057713568 -0.192764148 -0.022509161 0.980986893 -1.074319975
21521500 0.958507181 1.704595491 0.500000000 0.500000000 0.000000000 0.000000000 0.974629939 -0.093542181 0.203338102 3.660980117 0.087776683 0.995444953 0.037210505 0.020411242 -0.205892637 -0.018418141 0.978401244 -0.868622049
21588233 0.958507181 1.704595491 0.500000000 0.500000000 0.000000000 0.000000000 0.970344484 -0.104987264 0.217736676 3.387200328 0.099238276 0.994367957 0.037203923 -0.004600969 -0.220416322 -0.014492808 0.975298226 -0.654157081
21654967 0.958507181 1.704595491 0.500000000 0.500000000 0.000000000 0.000000000 0.965899289 -0.116477273 0.231239095 3.131699818 0.110539518 0.993125141 0.038516209 -0.028712639 -0.234135613 -0.011641698 0.972134233 -0.474889982
21721700 0.958507181 1.704595491 0.500000000 0.500000000 0.000000000 0.000000000 0.961531758 -0.126199841 0.243988216 2.888190070 0.120040469 0.991962314 0.040013254 -0.040061102 -0.247076780 -0.009185532 0.968952358 -0.294806043
21788433 0.958507181 1.704595491 0.500000000 0.500000000 0.000000000 0.000000000 0.957868159 -0.133360893 0.254368633 2.670029886 0.127194613 0.991045892 0.040614635 -0.055727047 -0.257507414 -0.006549133 0.966254115 -0.156790036
21855167 0.958507181 1.704595491 0.500000000 0.500000000 0.000000000 0.000000000 0.955181718 -0.137467593 0.262165219 2.435080239 0.131745964 0.990501523 0.039366536 -0.075738286 -0.265086681 -0.003063004 0.964219749 -0.024637656
21921900 0.958507181 1.704595491 0.500000000 0.500000000 0.000000000 0.000000000 0.953461289 -0.139760375 0.267167687 2.213299731 0.134390026 0.990185082 0.038376510 -0.091712687 -0.269908965 -0.000685813 0.962885559 0.101087088
21988633 0.958507181 1.704595491 0.500000000 0.500000000 0.000000000 0.000000000 0.952327967 -0.140398890 0.270849675 1.977669927 0.134993255 0.990095019 0.038583670 -0.110888997 -0.273584038 -0.000181392 0.961848080 0.195644929
22055367 0.958507181 1.704595491 0.500000000 0.500000000 0.000000000 0.000000000 0.952015340 -0.139715388 0.272298634 1.748680157 0.134072885 0.990191281 0.039315335 -0.138690995 -0.275120676 -0.000920974 0.961409271 0.275936034
22122100 0.958507181 1.704595491 0.500000000 0.500000000 0.000000000 0.000000000 0.952225268 -0.138741612 0.272061944 1.518589844 0.133190483 0.990328312 0.038860295 -0.153340992 -0.274822176 -0.000767674 0.961494744 0.332362993
22188833 0.958507181 1.704595491 0.500000000 0.500000000 0.000000000 0.000000000 0.953074694 -0.137130007 0.269896328 1.286070011 0.131245151 0.990549803 0.039821472 -0.159949988 -0.272806466 -0.002530254 0.962065578 0.368515993
22255567 0.958507181 1.704595491 0.500000000 0.500000000 0.000000000 0.000000000 0.954689026 -0.134812921 0.265319169 1.034530002 0.127978414 0.990845919 0.042964220 -0.169643995 -0.268682539 -0.007062312 0.963202834 0.384690941
22322300 0.958507181 1.704595491 0.500000000 0.500000000 0.000000000 0.000000000 0.956506610 -0.132198751 0.260035723 0.789467996 0.124499679 0.991155803 0.045935191 -0.182357017 -0.263808459 -0.011562945 0.964505792 0.386571032
22389033 0.958507181 1.704595491 0.500000000 0.500000000 0.000000000 0.000000000 0.958482921 -0.129734725 0.253928006 0.531095060 0.121454827 0.991431475 0.048087321 -0.192135016 -0.257990837 -0.015250100 0.966027021 0.379414001
22455767 0.958507181 1.704595491 0.500000000 0.500000000 0.000000000 0.000000000 0.960878015 -0.126935363 0.246172234 0.252499006 0.118652225 0.991762519 0.048256516 -0.206058975 -0.250269860 -0.017159715 0.968024015 0.346072989
22522500 0.958507181 1.704595491 0.500000000 0.500000000 0.000000000 0.000000000 0.963655293 -0.124901004 0.236152828 -0.042043600 0.117252283 0.992026150 0.046217017 -0.218401999 -0.240042329 -0.016847797 0.970616162 0.315683964
22589233 0.958507181 1.704595491 0.500000000 0.500000000 0.000000000 0.000000000 0.966562092 -0.123862177 0.224534884 -0.349483022 0.117168367 0.992182970 0.042948488 -0.226800019 -0.228099361 -0.015204001 0.973519146 0.284285033
22655967 0.958507181 1.704595491 0.500000000 0.500000000 0.000000000 0.000000000 0.969530582 -0.123159759 0.211759672 -0.653953042 0.117835097 0.992319822 0.037632931 -0.207767996 -0.214768186 -0.011533551 0.976596951 0.237662000
22722700 0.958507181 1.704595491 0.500000000 0.500000000 0.000000000 0.000000000 0.972611129 -0.122269683 0.197680891 -0.949571038 0.117847405 0.992448509 0.034027912 -0.167733005 -0.200348705 -0.009799751 0.979675651 0.191384019
22789433 0.958507181 1.704595491 0.500000000 0.500000000 0.000000000 0.000000000 0.975611448 -0.121369585 0.182898164 -1.225400004 0.117437348 0.992557466 0.032220468 -0.109457002 -0.185447514 -0.009955604 0.982603729 0.166865989
22856167 0.958507181 1.704595491 0.500000000 0.500000000 0.000000000 0.000000000 0.978456616 -0.120134100 0.167900071 -1.489519929 0.115903363 0.992650270 0.034810778 -0.066582887 -0.170848027 -0.014600652 0.985189199 0.118684008
22922900 0.958507181 1.704595491 0.500000000 0.500000000 0.000000000 0.000000000 0.981196046 -0.117499880 0.153127939 -1.738430203 0.113018580 0.992878199 0.037678849 -0.035920803 -0.156464636 -0.019664049 0.987487793 0.073016982
22989633 0.958507181 1.704595491 0.500000000 0.500000000 0.000000000 0.000000000 0.983710289 -0.114270248 0.138767347 -1.971919970 0.109830238 0.993174374 0.039268170 -0.014987493 -0.142307356 -0.023387652 0.989546180 0.017217799
23056367 0.958507181 1.704595491 0.500000000 0.500000000 0.000000000 0.000000000 0.985995054 -0.109462351 0.125824213 -2.190539956 0.105310038 0.993666053 0.039212242 0.005311541 -0.129319519 -0.025412532 0.991277277 -0.030862508
23123100 0.958507181 1.704595491 0.500000000 0.500000000 0.000000000 0.000000000 0.987811923 -0.104790285 0.115094118 -2.395139997 0.101009563 0.994151056 0.038220208 0.023416321 -0.118426047 -0.026128778 0.992619038 -0.053254483
23189833 0.958507181 1.704595491 0.500000000 0.500000000 0.000000000 0.000000000 0.989049017 -0.102143183 0.106530681 -2.591720046 0.098660246 0.994415045 0.037481204 0.033628298 -0.109764159 -0.026560402 0.993602693 -0.052023996
23256567 0.958507181 1.704595491 0.500000000 0.500000000 0.000000000 0.000000000 0.989898443 -0.101020455 0.099478073 -2.787109965 0.097640097 0.994484723 0.038295008 0.034107887 -0.102798007 -0.028195115 0.994302571 -0.021336895
23323300 0.958507181 1.704595491 0.500000000 0.500000000 0.000000000 0.000000000 0.990560710 -0.101895012 0.091688976 -2.983989895 0.098628588 0.994340479 0.039489254 0.020718210 -0.095193818 -0.030073350 0.995004416 -0.015702113
23390033 0.958507181 1.704595491 0.500000000 0.500000000 0.000000000 0.000000000 0.991220832 -0.102757677 0.083199471 -3.183270147 0.099681050 0.994201541 0.040335767 0.008274245 -0.086861849 -0.031688251 0.995716274 0.009821041
23456767 0.958507181 1.704595491 0.500000000 0.500000000 0.000000000 0.000000000 0.991890073 -0.102449469 0.075221121 -3.383250107 0.099653341 0.994216323 0.040038940 -0.008340344 -0.078888029 -0.032218184 0.996362746 0.029472269
23523500 0.958507181 1.704595491 0.500000000 0.500000000 0.000000000 0.000000000 0.992641449 -0.101254821 0.066410922 -3.586509855 0.098836198 0.994348824 0.038754158 -0.015834467 -0.069959663 -0.031905182 0.997039497 0.037723086
23590233 0.958507181 1.704595491 0.500000000 0.500000000 0.000000000 0.000000000 0.993585587 -0.099050023 0.054560035 -3.776350145 0.097112305 0.994581878 0.037096318 -0.015423135 -0.057938814 -0.031559918 0.997821152 0.014668516
23656967 0.958507181 1.704595491 0.500000000 0.500000000 0.000000000 0.000000000 0.994605303 -0.095466264 0.040577568 -3.962800380 0.093994536 0.994894087 0.036753133 -0.004826280 -0.043879069 -0.032740794 0.998500228 0.000635612
23723700 0.958507181 1.704595491 0.500000000 0.500000000 0.000000000 0.000000000 0.995600462 -0.090063587 0.025850957 -4.119850129 0.089087546 0.995347142 0.036707763 0.015580094 -0.029036706 -0.034243267 0.998991609 -0.020581511
23790433 0.958507181 1.704595491 0.500000000 0.500000000 0.000000000 0.000000000 0.996358871 -0.084327683 0.012565052 -4.256100018 0.083807334 0.995780587 0.037380803 0.037015909 -0.015664268 -0.036191653 0.999222100 -0.028034320
23857167 0.958507181 1.704595491 0.500000000 0.500000000 0.000000000 0.000000000 0.996770918 -0.080296777 -0.000423259 -4.382460237 0.080248170 0.995954335 0.040437389 0.050018086 -0.002825445 -0.040340777 0.999181986 -0.031721599
23923900 0.958507181 1.704595491 0.500000000 0.500000000 0.000000000 0.000000000 0.996933043 -0.077256396 -0.012490353 -4.491650197 0.077743128 0.995964587 0.044839051 0.058150714 0.008975845 -0.045672569 0.998916149 -0.032877198
23990633 0.958507181 1.704595491 0.500000000 0.500000000 0.000000000 0.000000000 0.996996582 -0.073992953 -0.022864971 -4.602129751 0.075061694 0.995920360 0.050083477 0.068998451 0.019065864 -0.051649343 0.998483241 -0.015841897
24057367 0.958507181 1.704595491 0.500000000 0.500000000 0.000000000 0.000000000 0.996954739 -0.070873708 -0.032530282 -4.706460390 0.072573021 0.995876968 0.054426849 0.071882473 0.028538728 -0.056621924 0.997987747 -0.017380115
24124100 0.958507181 1.704595491 0.500000000 0.500000000 0.000000000 0.000000000 0.996795356 -0.067946129 -0.042217657 -4.804670053 0.070298560 0.995896757 0.056989353 0.063689339 0.038172223 -0.059774566 0.997481763 -0.044974919
24190833 0.958507181 1.704595491 0.500000000 0.500000000 0.000000000 0.000000000 0.996536195 -0.064884976 -0.052015044 -4.893939963 0.067888066 0.995993257 0.058212318 0.057790905 0.048029527 -0.061541878 0.996948242 -0.082403683
