https://www.youtube.com/watch?v=1xmpU-WB0dQ
66699967 0.757308862 1.348632375 0.500000000 0.500000000 0.000000000 0.000000000 0.948282421 -0.030480595 0.315960884 4.068829222 0.024018692 0.999415517 0.024326649 0.117376006 -0.316517711 -0.015479558 0.948460221 5.112209111
66766700 0.757308862 1.348632375 0.500000000 0.500000000 0.000000000 0.000000000 0.951909900 -0.032389153 0.304661155 3.943780044 0.024150949 0.999234617 0.030771334 0.215002018 -0.305424631 -0.021933679 0.951963603 5.071530115
66833433 0.757308862 1.348632375 0.500000000 0.500000000 0.000000000 0.000000000 0.958332479 -0.032881811 0.283756375 3.768809928 0.022704557 0.998978019 0.039081752 0.313861967 -0.284751475 -0.031010754 0.958099663 5.086929917
66900167 0.757308862 1.348632375 0.500000000 0.500000000 0.000000000 0.000000000 0.963628709 -0.031352498 0.265399396 3.567110384 0.019672716 0.998722076 0.046553403 0.393431019 -0.266519785 -0.039639071 0.963014007 5.066419896
66966900 0.757308862 1.348632375 0.500000000 0.500000000 0.000000000 0.000000000 0.969625831 -0.028025419 0.242982283 3.359320240 0.016416911 0.998630762 0.049669430 0.442155035 -0.244041607 -0.044171743 0.968758285 5.071140067
67033633 0.757308862 1.348632375 0.500000000 0.500000000 0.000000000 0.000000000 0.976624072 -0.024859346 0.213512197 3.098390030 0.014742952 0.998697639 0.048843328 0.447252979 -0.214448348 -0.044553768 0.975718617 5.096589685
67100367 0.757308862 1.348632375 0.500000000 0.500000000 0.000000000 0.000000000 0.980927825 -0.019445844 0.193397254 2.883360011 0.010018490 0.998718679 0.049605187 0.452513040 -0.194114059 -0.046721559 0.979865730 5.105080382
67167100 0.757308862 1.348632375 0.500000000 0.500000000 0.000000000 0.000000000 0.984511077 -0.011667605 0.174933821 2.664610004 0.002858083 0.998718619 0.050526738 0.457460983 -0.175299197 -0.049244158 0.983282864 5.116960141
67233833 0.757308862 1.348632375 0.500000000 0.500000000 0.000000000 0.000000000 0.986953616 -0.004760732 0.160934314 2.492219720 -0.003484595 0.998696983 0.050913062 0.468026943 -0.160967007 -0.050809626 0.985651076 5.096420007
67300567 0.757308862 1.348632375 0.500000000 0.500000000 0.000000000 0.000000000 0.989583433 0.002236054 0.143943280 2.286609851 -0.009781098 0.998613179 0.051730473 0.477544016 -0.143627971 -0.052599538 0.988232911 5.077169899
67367300 0.757308862 1.348632375 0.500000000 0.500000000 0.000000000 0.000000000 0.991843700 0.009800340 0.127082735 2.087699883 -0.016696408 0.998438239 0.053313278 0.483918049 -0.126361787 -0.055000260 0.990458310 5.062820025
67434033 0.757308862 1.348632375 0.500000000 0.500000000 0.000000000 0.000000000 0.993207514 0.013873326 0.115526199 1.901239813 -0.020125458 0.998384833 0.053129397 0.487931013 -0.114602521 -0.055093534 0.991882563 5.018740099
67500767 0.757308862 1.348632375 0.500000000 0.500000000 0.000000000 0.000000000 0.994130433 0.013721376 0.107314751 1.701530061 -0.019915797 0.998183191 0.056864984 0.522126945 -0.106339514 -0.058668472 0.992597580 4.937590185
67567500 0.757308862 1.348632375 0.500000000 0.500000000 0.000000000 0.000000000 0.994706631 0.015350315 0.101602383 1.524969875 -0.020866398 0.998352349 0.053452663 0.512196969 -0.100614466 -0.055289797 0.993387997 4.861819672
67634233 0.757308862 1.348632375 0.500000000 0.500000000 0.000000000 0.000000000 0.995718479 0.010447137 0.091845073 1.330800034 -0.015331624 0.998495936 0.052638151 0.531346020 -0.091157012 -0.053820916 0.994381070 4.780830036
67700967 0.757308862 1.348632375 0.500000000 0.500000000 0.000000000 0.000000000 0.996222377 0.004212694 0.086736314 1.133409897 -0.009236842 0.998296738 0.057604883 0.565616017 -0.086345904 -0.058188442 0.994564474 4.686379599
67767700 0.757308862 1.348632375 0.500000000 0.500000000 0.000000000 0.000000000 0.996580958 -0.000906016 0.082617268 0.933849969 -0.004128628 0.998144567 0.060748182 0.598837024 -0.082519025 -0.060881577 0.994728148 4.567120279
67834433 0.757308862 1.348632375 0.500000000 0.500000000 0.000000000 0.000000000 0.996764183 -0.004992346 0.080225885 0.767364958 -0.000041950 0.998036981 0.062627651 0.627419054 -0.080381051 -0.062428363 0.994807303 4.446519800
67901167 0.757308862 1.348632375 0.500000000 0.500000000 0.000000000 0.000000000 0.997315943 -0.011109696 0.072370216 0.556348954 0.006375679 0.997844040 0.065319404 0.636491976 -0.072939873 -0.064682677 0.995236635 4.326750214
67967900 0.757308862 1.348632375 0.500000000 0.500000000 0.000000000 0.000000000 0.997478604 -0.018616660 0.068482757 0.395054001 0.014395257 0.997995436 0.061626896 0.626666013 -0.069492772 -0.060485683 0.995747089 4.210760085
68034633 0.757308862 1.348632375 0.500000000 0.500000000 0.000000000 0.000000000 0.997705460 -0.021837804 0.064085141 0.220151993 0.018076643 0.998112321 0.058694087 0.622568984 -0.065245926 -0.057400972 0.996216893 4.077410344
68101367 0.757308862 1.348632375 0.500000000 0.500000000 0.000000000 0.000000000 0.998127639 -0.025293121 0.055690665 0.050777312 0.022277156 0.998285592 0.054125994 0.587361974 -0.056964200 -0.052784026 0.996979892 3.953549879
68168100 0.757308862 1.348632375 0.500000000 0.500000000 0.000000000 0.000000000 0.998146057 -0.026041403 0.055012066 -0.071446489 0.023454241 0.998611867 0.047162317 0.547768025 -0.056163874 -0.045784615 0.997371256 3.827140410
68234833 0.757308862 1.348632375 0.500000000 0.500000000 0.000000000 0.000000000 0.998461246 -0.025348049 0.049321041 -0.195832998 0.023062211 0.998657823 0.046375770 0.532465028 -0.050430380 -0.045166958 0.997705758 3.693140403
68301567 0.757308862 1.348632375 0.500000000 0.500000000 0.000000000 0.000000000 0.998600483 -0.019089231 0.049321629 -0.293940001 0.016961565 0.998922348 0.043202747 0.515070080 -0.050093181 -0.042305712 0.997848153 3.554330109
68368300 0.757308862 1.348632375 0.500000000 0.500000000 0.000000000 0.000000000 0.998712778 -0.014994797 0.048455883 -0.387982014 0.013163173 0.999194801 0.037900396 0.481328972 -0.048985172 -0.037213780 0.998106003 3.411259945
68435033 0.757308862 1.348632375 0.500000000 0.500000000 0.000000000 0.000000000 0.999071479 -0.011514151 0.041515902 -0.475661976 0.010183618 0.999432147 0.032119047 0.441136968 -0.041862153 -0.031666439 0.998621464 3.262280092
68501767 0.757308862 1.348632375 0.500000000 0.500000000 0.000000000 0.000000000 0.999083936 -0.011497750 0.041220523 -0.573150979 0.010216708 0.999462366 0.031154843 0.414213020 -0.041556574 -0.030705163 0.998664200 3.112589781
68568500 0.757308862 1.348632375 0.500000000 0.500000000 0.000000000 0.000000000 0.999220133 -0.010165347 0.038154960 -0.650008974 0.009053087 0.999532282 0.029211590 0.409119995 -0.038434058 -0.028843390 0.998844802 2.941600176
68635233 0.757308862 1.348632375 0.500000000 0.500000000 0.000000000 0.000000000 0.999262810 -0.015164601 0.035269044 -0.749216049 0.014313851 0.999603450 0.024250414 0.367850984 -0.035622805 -0.023727700 0.999083579 2.771779836
68701967 0.757308862 1.348632375 0.500000000 0.500000000 0.000000000 0.000000000 0.999207079 -0.011909632 0.037991636 -0.809475035 0.011357171 0.999827087 0.014724473 0.332415979 -0.038160428 -0.014281319 0.999169588 2.594480029
68768700 0.757308862 1.348632375 0.500000000 0.500000000 0.000000000 0.000000000 0.998778820 -0.015252436 0.046991751 -0.843710999 0.014791720 0.999839187 0.010136411 0.313071005 -0.047138803 -0.009428944 0.998843849 2.427309969
68835433 0.757308862 1.348632375 0.500000000 0.500000000 0.000000000 0.000000000 0.998949051 -0.013731711 0.043728888 -0.893980949 0.013252985 0.999849260 0.011218767 0.306268999 -0.043876350 -0.010627438 0.998980463 2.253560012
68902167 0.757308862 1.348632375 0.500000000 0.500000000 0.000000000 0.000000000 0.999443650 -0.010562138 0.031635970 -0.959123015 0.010101772 0.999841273 0.014676637 0.300758973 -0.031785965 -0.014348893 0.999391675 2.078399740
68968900 0.757308862 1.348632375 0.500000000 0.500000000 0.000000000 0.000000000 0.999619603 -0.007902092 0.026424058 -1.026559977 0.007531776 0.999872446 0.014084632 0.300388032 -0.026531987 -0.013880253 0.999551594 1.912380073
69035633 0.757308862 1.348632375 0.500000000 0.500000000 0.000000000 0.000000000 0.999657512 -0.006757670 0.025282443 -1.063909980 0.006543386 0.999942064 0.008548776 0.267112997 -0.025338747 -0.008380415 0.999643803 1.766349983
69102367 0.757308862 1.348632375 0.500000000 0.500000000 0.000000000 0.000000000 0.999834776 -0.004445505 0.017624984 -1.101649946 0.004468001 0.999989271 -0.001237210 0.240118996 -0.017619295 0.001315754 0.999843895 1.609220039
69169100 0.757308862 1.348632375 0.500000000 0.500000000 0.000000000 0.000000000 0.999915063 -0.002205440 0.012847101 -1.146330029 0.002318700 0.999958515 -0.008807766 0.194582990 -0.012827143 0.008836807 0.999878705 1.469600062
69235833 0.757308862 1.348632375 0.500000000 0.500000000 0.000000000 0.000000000 0.999989927 0.001484160 0.004231118 -1.166189928 -0.001411251 0.999851346 -0.017183041 0.170747003 -0.004255991 0.017176898 0.999843419 1.317539978
69302567 0.757308862 1.348632375 0.500000000 0.500000000 0.000000000 0.000000000 0.999903321 0.004922623 -0.013003519 -1.206659985 -0.005195968 0.999764502 -0.021071348 0.144334005 0.012896730 0.021136876 0.999693394 1.154870065
69369300 0.757308862 1.348632375 0.500000000 0.500000000 0.000000000 0.000000000 0.999603808 0.007582059 -0.027107097 -1.235410083 -0.008386306 0.999524295 -0.029679760 0.117008012 0.026869167 0.029895328 0.999191821 0.987319966
69436033 0.757308862 1.348632375 0.500000000 0.500000000 0.000000000 0.000000000 0.999150157 0.009746782 -0.040049691 -1.254699923 -0.011163956 0.999313831 -0.035315499 0.088646391 0.039677996 0.035732597 0.998573422 0.820184032
69502767 0.757308862 1.348632375 0.500000000 0.500000000 0.000000000 0.000000000 0.998244226 0.012269402 -0.057947572 -1.256069982 -0.014741875 0.998990476 -0.042434458 0.066268599 0.057368431 0.043214206 0.997417390 0.635317030
69569500 0.757308862 1.348632375 0.500000000 0.500000000 0.000000000 0.000000000 0.996963978 0.012480722 -0.076857373 -1.255359934 -0.016589483 0.998453736 -0.053055316 0.038790594 0.076076359 0.054169260 0.995629489 0.446087988
69636233 0.757308862 1.348632375 0.500000000 0.500000000 0.000000000 0.000000000 0.995898545 0.013218451 -0.089505941 -1.242909934 -0.018781461 0.997924268 -0.061598375 0.016067491 0.088505924 0.063026786 0.994079649 0.263648004
69702967 0.757308862 1.348632375 0.500000000 0.500000000 0.000000000 0.000000000 0.994847655 0.014044038 -0.100403585 -1.200700027 -0.020776972 0.997581363 -0.066330872 0.002134093 0.099229194 0.068075202 0.992733300 0.088124804
69769700 0.757308862 1.348632375 0.500000000 0.500000000 0.000000000 0.000000000 0.993120253 0.015970070 -0.116004802 -1.154719937 -0.023658771 0.997591197 -0.065207735 -0.001361777 0.114683993 0.067503646 0.991105855 -0.094016890
69836433 0.757308862 1.348632375 0.500000000 0.500000000 0.000000000 0.000000000 0.989707410 0.016245209 -0.142180592 -1.100649925 -0.024859536 0.997947097 -0.059022158 -0.000750635 0.140929878 0.061949208 0.988079488 -0.286238976
69903167 0.757308862 1.348632375 0.500000000 0.500000000 0.000000000 0.000000000 0.987338781 0.020756438 -0.157262012 -1.061230065 -0.030416753 0.997778356 -0.059272517 -0.000051754 0.155682340 0.063305452 0.985776544 -0.449649019
69969900 0.757308862 1.348632375 0.500000000 0.500000000 0.000000000 0.000000000 0.985262632 0.026069652 -0.169049874 -1.005599926 -0.036515746 0.997591019 -0.058981106 0.003207439 0.167105004 0.064284869 0.983841121 -0.593380968
70036633 0.757308862 1.348632375 0.500000000 0.500000000 0.000000000 0.000000000 0.981518745 0.027645081 -0.189358592 -0.935930932 -0.039759465 0.997377336 -0.060478244 0.000504668 0.187190056 0.066889331 0.980043709 -0.734438981
70103367 0.757308862 1.348632375 0.500000000 0.500000000 0.000000000 0.000000000 0.977162361 0.029726164 -0.210404485 -0.871744919 -0.043634590 0.997136056 -0.061771706 0.005811710 0.207965672 0.069541901 0.975660920 -0.878144058
70170100 0.757308862 1.348632375 0.500000000 0.500000000 0.000000000 0.000000000 0.972725213 0.031018985 -0.229876950 -0.805738914 -0.047321886 0.996713459 -0.065748818 0.004258801 0.227081999 0.074833758 0.970996201 -1.011879975
70236833 0.757308862 1.348632375 0.500000000 0.500000000 0.000000000 0.000000000 0.967482448 0.031852111 -0.250924647 -0.718864983 -0.051156066 0.996178806 -0.070787005 0.004976420 0.247711107 0.081321500 0.965414941 -1.142879935
70303567 0.757308862 1.348632375 0.500000000 0.500000000 0.000000000 0.000000000 0.960653722 0.034085568 -0.275649279 -0.626672994 -0.056006845 0.995827496 -0.072047427 0.007317074 0.272043377 0.084650889 0.958554387 -1.277109781
70370300 0.757308862 1.348632375 0.500000000 0.500000000 0.000000000 0.000000000 0.951082647 0.035816479 -0.306853443 -0.505291055 -0.062142257 0.995134711 -0.076454110 0.017012497 0.302622229 0.091782741 0.948681056 -1.414120021
70437033 0.757308862 1.348632375 0.500000000 0.500000000 0.000000000 0.000000000 0.941367567 0.038982734 -0.335122913 -0.382269983 -0.067852765 0.994882047 -0.074871466 0.012786768 0.330489069 0.093220606 0.939194739 -1.532999749
70503767 0.757308862 1.348632375 0.500000000 0.500000000 0.000000000 0.000000000 0.928926706 0.041827347 -0.367893368 -0.238560029 -0.073800236 0.994578063 -0.073266968 0.007232258 0.362834126 0.095210269 0.926976979 -1.642549878
70570500 0.757308862 1.348632375 0.500000000 0.500000000 0.000000000 0.000000000 0.915683329 0.050793074 -0.398677945 -0.090295880 -0.085500754 0.993893445 -0.069752328 0.010538406 0.392700493 0.097958304 0.914434552 -1.740640128
70637233 0.757308862 1.348632375 0.500000000 0.500000000 0.000000000 0.000000000 0.899416327 0.057836309 -0.433249801 0.062105356 -0.095410421 0.993282557 -0.065472461 0.000298357 0.426552802 0.100223519 0.898892760 -1.814890458
70703967 0.757308862 1.348632375 0.500000000 0.500000000 0.000000000 0.000000000 0.883855224 0.068308771 -0.462745965 0.208266944 -0.107875526 0.992379069 -0.059553511 -0.005856532 0.455151379 0.102555655 0.884488285 -1.872149862
70770700 0.757308862 1.348632375 0.500000000 0.500000000 0.000000000 0.000000000 0.870576203 0.075996980 -0.486129045 0.341595970 -0.116866618 0.991664231 -0.054260902 -0.021665738 0.477953136 0.104050525 0.872200787 -1.907989756
70837433 0.757308862 1.348632375 0.500000000 0.500000000 0.000000000 0.000000000 0.855262756 0.081279665 -0.511780500 0.480244047 -0.124448195 0.990935385 -0.050593980 -0.035447312 0.503029108 0.106961302 0.857625186 -1.943509963
70904167 0.757308862 1.348632375 0.500000000 0.500000000 0.000000000 0.000000000 0.846972525 0.085220568 -0.524761677 0.577975956 -0.130140394 0.990272641 -0.049229436 -0.046844652 0.515461802 0.109988697 0.849824429 -1.986259958
70970900 0.757308862 1.348632375 0.500000000 0.500000000 0.000000000 0.000000000 0.832125068 0.083346650 -0.548289061 0.710434602 -0.132566467 0.989875555 -0.050719641 -0.068507233 0.538510680 0.114889897 0.834749222 -2.015659441
71037633 0.757308862 1.348632375 0.500000000 0.500000000 0.000000000 0.000000000 0.822101235 0.079222456 -0.563802302 0.816203864 -0.133257747 0.989539444 -0.055263273 -0.077987487 0.553526461 0.120563097 0.824058592 -2.057309278
71104367 0.757308862 1.348632375 0.500000000 0.500000000 0.000000000 0.000000000 0.812961459 0.077240340 -0.577172339 0.917598219 -0.131396413 0.989933610 -0.052596834 -0.102520877 0.567299664 0.118597522 0.814926922 -2.089200311
71171100 0.757308862 1.348632375 0.500000000 0.500000000 0.000000000 0.000000000 0.803439677 0.075929731 -0.590524554 1.016849981 -0.128667533 0.990540147 -0.047695115 -0.126212059 0.581316829 0.114301503 0.805608988 -2.125809818
71237833 0.757308862 1.348632375 0.500000000 0.500000000 0.000000000 0.000000000 0.787796974 0.074824467 -0.611373484 1.141890435 -0.126178145 0.991148114 -0.041285194 -0.153039872 0.602872550 0.109666280 0.790264726 -2.150040628
71304567 0.757308862 1.348632375 0.500000000 0.500000000 0.000000000 0.000000000 0.773961544 0.072760321 -0.629038453 1.258349885 -0.124364205 0.991495967 -0.038330801 -0.167342027 0.620900154 0.107896440 0.776428580 -2.182810073
71371300 0.757308862 1.348632375 0.500000000 0.500000000 0.000000000 0.000000000 0.758539140 0.068310060 -0.648036957 1.391429690 -0.123200513 0.991587996 -0.039684385 -0.182073100 0.639874816 0.109940678 0.760574162 -2.198399538
71438033 0.757308862 1.348632375 0.500000000 0.500000000 0.000000000 0.000000000 0.743155479 0.070052266 -0.665441453 1.528219494 -0.127695531 0.991074562 -0.038276203 -0.194984206 0.656820714 0.113419123 0.745467782 -2.216129064
71504767 0.757308862 1.348632375 0.500000000 0.500000000 0.000000000 0.000000000 0.726142645 0.071197167 -0.683848083 1.678070653 -0.131732881 0.990603924 -0.036746047 -0.209828775 0.674806416 0.116768084 0.728698790 -2.219080917
71571500 0.757308862 1.348632375 0.500000000 0.500000000 0.000000000 0.000000000 0.706114292 0.073258661 -0.704298139 1.835680061 -0.133978724 0.990489900 -0.031296875 -0.226411955 0.695307374 0.116460115 0.709214151 -2.213299982
71638233 0.757308862 1.348632375 0.500000000 0.500000000 0.000000000 0.000000000 0.686128497 0.075089410 -0.723594666 1.990420052 -0.137956336 0.990040362 -0.028074067 -0.238792943 0.714279890 0.119086877 0.689653993 -2.203220147
71704967 0.757308862 1.348632375 0.500000000 0.500000000 0.000000000 0.000000000 0.670716763 0.075609609 -0.737849474 2.138659323 -0.140329599 0.989759743 -0.026138175 -0.250939162 0.728317380 0.121073484 0.674458742 -2.189049157
71771700 0.757308862 1.348632375 0.500000000 0.500000000 0.000000000 0.000000000 0.652977288 0.075885206 -0.753566027 2.294059196 -0.142412990 0.989522159 -0.023756813 -0.255507156 0.743867517 0.122830302 0.656942546 -2.162059355
71838433 0.757308862 1.348632375 0.500000000 0.500000000 0.000000000 0.000000000 0.637708068 0.072441496 -0.766864181 2.434730272 -0.143964678 0.989234090 -0.026270404 -0.247714038 0.756705046 0.127154216 0.641271532 -2.131109914
71905167 0.757308862 1.348632375 0.500000000 0.500000000 0.000000000 0.000000000 0.629545450 0.076721907 -0.773166180 2.557439139 -0.153805628 0.987726033 -0.027222306 -0.246761148 0.761587858 0.136055037 0.633618712 -2.116709249
71971900 0.757308862 1.348632375 0.500000000 0.500000000 0.000000000 0.000000000 0.620037377 0.078103393 -0.780674756 2.681958931 -0.161296055 0.986467600 -0.029414386 -0.248530196 0.767813027 0.144157842 0.624244571 -2.088469299
72038633 0.757308862 1.348632375 0.500000000 0.500000000 0.000000000 0.000000000 0.615515709 0.080282435 -0.784025133 2.783270526 -0.165387854 0.985805154 -0.028897051 -0.258734866 0.770576060 0.147454783 0.620056331 -2.070260510
72105367 0.757308862 1.348632375 0.500000000 0.500000000 0.000000000 0.000000000 0.616950750 0.081879526 -0.782731235 2.870891732 -0.165691167 0.985794842 -0.027476784 -0.275657629 0.769362628 0.146643370 0.621753573 -2.062181346
72172100 0.757308862 1.348632375 0.500000000 0.500000000 0.000000000 0.000000000 0.622588515 0.080881625 -0.778358221 2.954199401 -0.166011810 0.985656142 -0.030365914 -0.271453161 0.764737487 0.148122162 0.627085447 -2.071939293
72238833 0.757308862 1.348632375 0.500000000 0.500000000 0.000000000 0.000000000 0.628829598 0.080250159 -0.773390532 3.041608982 -0.169299230 0.984926760 -0.035454005 -0.261252215 0.758887887 0.153228998 0.632937431 -2.084509517
72305567 0.757308862 1.348632375 0.500000000 0.500000000 0.000000000 0.000000000 0.640664577 0.077467173 -0.763902724 3.119358912 -0.168163508 0.984899580 -0.041155726 -0.245269189 0.749179304 0.154827625 0.644017458 -2.102739457
72372300 0.757308862 1.348632375 0.500000000 0.500000000 0.000000000 0.000000000 0.651584923 0.075496115 -0.754809380 3.202089488 -0.165632933 0.985185504 -0.044443280 -0.231857195 0.740271926 0.153979897 0.654436707 -2.121339700
72439033 0.757308862 1.348632375 0.500000000 0.500000000 0.000000000 0.000000000 0.658733606 0.072142869 -0.748909354 3.313029370 -0.158869401 0.986285806 -0.044730477 -0.231588263 0.735411644 0.148444295 0.661160827 -2.120139230
72505767 0.757308862 1.348632375 0.500000000 0.500000000 0.000000000 0.000000000 0.661284447 0.063942879 -0.747405350 3.442081935 -0.154767960 0.986553252 -0.052531946 -0.192435666 0.733996093 0.150412887 0.662288547 -2.103180622
72572500 0.757308862 1.348632375 0.500000000 0.500000000 0.000000000 0.000000000 0.664047360 0.063599542 -0.744980812 3.575410574 -0.152113572 0.987029493 -0.051324844 -0.195093867 0.732053757 0.147403792 0.665108681 -2.079390168
72639233 0.757308862 1.348632375 0.500000000 0.500000000 0.000000000 0.000000000 0.669425368 0.067053542 -0.739847124 3.697260768 -0.153050974 0.987001300 -0.049029425 -0.195425900 0.726942480 0.146055833 0.670986295 -2.067910528
72705967 0.757308862 1.348632375 0.500000000 0.500000000 0.000000000 0.000000000 0.670619190 0.066412970 -0.738822818 3.844329624 -0.151968017 0.987159967 -0.049203210 -0.176502047 0.726068616 0.145274073 0.672101021 -2.034599596
72772700 0.757308862 1.348632375 0.500000000 0.500000000 0.000000000 0.000000000 0.677593708 0.071233645 -0.731978655 3.967360923 -0.154894337 0.986795485 -0.047354408 -0.173651795 0.718940020 0.145466357 0.679680109 -2.022950599
72839433 0.757308862 1.348632375 0.500000000 0.500000000 0.000000000 0.000000000 0.682253063 0.076059893 -0.727149129 4.099100950 -0.156769469 0.986659706 -0.043885417 -0.168687847 0.714110851 0.143935710 0.685075521 -1.999060400
72906167 0.757308862 1.348632375 0.500000000 0.500000000 0.000000000 0.000000000 0.686763525 0.080293909 -0.722432077 4.227967676 -0.156192303 0.986964881 -0.038785413 -0.167572577 0.709900796 0.139474839 0.690352798 -1.966649020
72972900 0.757308862 1.348632375 0.500000000 0.500000000 0.000000000 0.000000000 0.688942671 0.080115587 -0.720374405 4.357889192 -0.152781233 0.987593830 -0.036280897 -0.144028165 0.708530605 0.135055184 0.692635655 -1.921229401
73039633 0.757308862 1.348632375 0.500000000 0.500000000 0.000000000 0.000000000 0.692280531 0.074943960 -0.717726469 4.479391158 -0.145681724 0.988628685 -0.037285659 -0.093785506 0.706770658 0.130371734 0.695326328 -1.878290505
73106367 0.757308862 1.348632375 0.500000000 0.500000000 0.000000000 0.000000000 0.699829340 0.068542123 -0.711013794 4.588678512 -0.134122759 0.990290523 -0.036548365 -0.033504165 0.701605082 0.120940790 0.702227354 -1.866289177
73173100 0.757308862 1.348632375 0.500000000 0.500000000 0.000000000 0.000000000 0.712187409 0.059772730 -0.699440360 4.677812232 -0.122662216 0.991635799 -0.040154602 0.053268961 0.691190004 0.114392444 0.713562369 -1.885831030
73239833 0.757308862 1.348632375 0.500000000 0.500000000 0.000000000 0.000000000 0.726983786 0.050854467 -0.684768856 4.764339876 -0.114292078 0.992304027 -0.047644373 0.162057922 0.677075922 0.112900347 0.727201223 -1.938150223
73306567 0.757308862 1.348632375 0.500000000 0.500000000 0.000000000 0.000000000 0.747529030 0.045449257 -0.662671983 4.820007460 -0.105903238 0.993049383 -0.051356211 0.246843528 0.655731857 0.108569428 0.747146487 -2.031058864
73373300 0.757308862 1.348632375 0.500000000 0.500000000 0.000000000 0.000000000 0.767669141 0.040986970 -0.639534235 4.881789715 -0.098838553 0.993584394 -0.054963872 0.339519938 0.633178473 0.105404720 0.766795158 -2.144469970
