https://www.youtube.com/watch?v=9AK6Myn8prQ
3862067 1.044431394 1.857402100 0.500000000 0.500000000 0.000000000 0.000000000 0.996068656 0.015741019 0.087174505 4.802389642 -0.016109908 0.999863982 0.003529681 -0.297405996 -0.087107092 -0.004920179 0.996186793 3.177560165
3931033 1.044431394 1.857402100 0.500000000 0.500000000 0.000000000 0.000000000 0.995105445 0.018810526 0.097012140 4.603810268 -0.019277602 0.999806643 0.003879491 -0.303516022 -0.096920408 -0.005730663 0.995275617 3.011749853
4000000 1.044431394 1.857402100 0.500000000 0.500000000 0.000000000 0.000000000 0.994000137 0.023638485 0.106794029 4.410610099 -0.024412943 0.999684274 0.005950223 -0.329007005 -0.106619656 -0.008521681 0.994263351 2.936480159
4068967 1.044431394 1.857402100 0.500000000 0.500000000 0.000000000 0.000000000 0.992233992 0.018307449 0.123030707 4.151879646 -0.019790815 0.999745309 0.010845521 -0.316540989 -0.122800812 -0.013196176 0.992343605 2.788620054
4137933 1.044431394 1.857402100 0.500000000 0.500000000 0.000000000 0.000000000 0.991080701 0.020213244 0.131721258 3.976620101 -0.022352925 0.999640822 0.014785524 -0.335902982 -0.131375074 -0.017597999 0.991176546 2.739360224
4206900 1.044431394 1.857402100 0.500000000 0.500000000 0.000000000 0.000000000 0.989978313 0.021389322 0.139590204 3.810189831 -0.024232386 0.999531448 0.018699303 -0.349225956 -0.139124840 -0.021894507 0.990032792 2.703360129
4275867 1.044431394 1.857402100 0.500000000 0.500000000 0.000000000 0.000000000 0.988816857 0.021246675 0.147613525 3.641069668 -0.024839688 0.999437332 0.022539807 -0.347829038 -0.147051573 -0.025954416 0.988788247 2.663229840
4344822 1.044431394 1.857402100 0.500000000 0.500000000 0.000000000 0.000000000 0.987650216 0.020740485 0.155296028 3.477600211 -0.025147328 0.999333322 0.026466276 -0.343506995 -0.154643565 -0.030044705 0.987513363 2.627179827
4413789 1.044431394 1.857402100 0.500000000 0.500000000 0.000000000 0.000000000 0.986427069 0.020530462 0.162911564 3.312830034 -0.025883727 0.999190211 0.030805489 -0.344153014 -0.162147194 -0.034604125 0.986159623 2.581939777
4482756 1.044431394 1.857402100 0.500000000 0.500000000 0.000000000 0.000000000 0.985294044 0.019900462 0.169704288 3.148779856 -0.026197894 0.999045610 0.034949940 -0.341156017 -0.168846816 -0.038881864 0.984875083 2.555870063
4551722 1.044431394 1.857402100 0.500000000 0.500000000 0.000000000 0.000000000 0.984028399 0.019195559 0.176973641 2.984080048 -0.026481593 0.998892128 0.038900405 -0.331451999 -0.176030874 -0.042965643 0.983446538 2.502070041
4620689 1.044431394 1.857402100 0.500000000 0.500000000 0.000000000 0.000000000 0.982651949 0.018605258 0.184523687 2.814819917 -0.026927479 0.998725057 0.042698048 -0.319354995 -0.183494017 -0.046926081 0.981900156 2.444279753
4689656 1.044431394 1.857402100 0.500000000 0.500000000 0.000000000 0.000000000 0.981186688 0.016617134 0.192345023 2.640090085 -0.025976002 0.998592675 0.046237562 -0.292333961 -0.191305995 -0.050364029 0.980237484 2.379839937
4758622 1.044431394 1.857402100 0.500000000 0.500000000 0.000000000 0.000000000 0.979538441 0.013253564 0.200820342 2.455739917 -0.023738774 0.998472393 0.049893968 -0.262789047 -0.199852303 -0.053640291 0.978356659 2.307070004
4827589 1.044431394 1.857402100 0.500000000 0.500000000 0.000000000 0.000000000 0.977788448 0.009418484 0.209382534 2.272100029 -0.021052683 0.998350978 0.053405143 -0.233421042 -0.208534271 -0.056626998 0.976374328 2.223769662
4896556 1.044431394 1.857402100 0.500000000 0.500000000 0.000000000 0.000000000 0.976023853 0.005461436 0.217595041 2.090919770 -0.018207945 0.998229921 0.056617133 -0.203205060 -0.216900676 -0.059221633 0.974395633 2.151189752
4965522 1.044431394 1.857402100 0.500000000 0.500000000 0.000000000 0.000000000 0.974255800 0.001379726 0.225441054 1.917049935 -0.015248351 0.998094618 0.059788071 -0.177741994 -0.224929020 -0.061686479 0.972420514 2.061290078
5034478 1.044431394 1.857402100 0.500000000 0.500000000 0.000000000 0.000000000 0.972543299 -0.002660959 0.232706875 1.752220122 -0.012283303 0.997953892 0.062746592 -0.154681967 -0.232397705 -0.063882180 0.970520675 1.948210011
5103444 1.044431394 1.857402100 0.500000000 0.500000000 0.000000000 0.000000000 0.969876528 -0.005832525 0.243527099 1.532349794 -0.010318786 0.997832298 0.064994127 -0.134813990 -0.243378296 -0.065549180 0.967713952 1.826200052
5172411 1.044431394 1.857402100 0.500000000 0.500000000 0.000000000 0.000000000 0.968057454 -0.009306960 0.250555754 1.378479950 -0.007907106 0.997680545 0.067609377 -0.123534994 -0.250603855 -0.067430936 0.965738475 1.693020029
5241378 1.044431394 1.857402100 0.500000000 0.500000000 0.000000000 0.000000000 0.966040969 -0.012819769 0.258070767 1.217569971 -0.005391821 0.997550845 0.069737054 -0.110918992 -0.258332729 -0.068760328 0.963605881 1.548520139
5310344 1.044431394 1.857402100 0.500000000 0.500000000 0.000000000 0.000000000 0.963682592 -0.015591139 0.266594887 1.047920108 -0.003556291 0.997456491 0.071189016 -0.101715987 -0.267026722 -0.069551706 0.961176038 1.385190164
5379311 1.044431394 1.857402100 0.500000000 0.500000000 0.000000000 0.000000000 0.961061120 -0.019180056 0.275669456 0.868260969 -0.001083304 0.997319162 0.073166467 -0.097227117 -0.276333749 -0.070616089 0.958463907 1.231670045
5448278 1.044431394 1.857402100 0.500000000 0.500000000 0.000000000 0.000000000 0.958134532 -0.023626175 0.285341829 0.677787930 0.002205888 0.997169197 0.075158067 -0.088554890 -0.286309808 -0.071382098 0.955474377 1.083940033
5517244 1.044431394 1.857402100 0.500000000 0.500000000 0.000000000 0.000000000 0.954802275 -0.028248318 0.295896202 0.472158999 0.005732986 0.997038901 0.076684959 -0.077078408 -0.297186226 -0.071522601 0.952136993 0.930010066
5586211 1.044431394 1.857402100 0.500000000 0.500000000 0.000000000 0.000000000 0.950924754 -0.032736816 0.307685703 0.245253027 0.009273359 0.996955991 0.077413142 -0.056821916 -0.309283346 -0.070760801 0.948333681 0.773471035
5655178 1.044431394 1.857402100 0.500000000 0.500000000 0.000000000 0.000000000 0.946332812 -0.037358381 0.321027309 -0.008624493 0.012999563 0.996892869 0.077689312 -0.027299395 -0.322932154 -0.069346733 0.943878114 0.616399056
5724144 1.044431394 1.857402100 0.500000000 0.500000000 0.000000000 0.000000000 0.941254377 -0.042183854 0.335053265 -0.267973964 0.016901985 0.996808648 0.078017883 0.001455204 -0.337275088 -0.067771606 0.938963473 0.460346929
5793111 1.044431394 1.857402100 0.500000000 0.500000000 0.000000000 0.000000000 0.936234891 -0.047522068 0.348146290 -0.515859987 0.021192474 0.996645212 0.079051562 0.024690197 -0.350735039 -0.066632755 0.934101164 0.341341994
5862067 1.044431394 1.857402100 0.500000000 0.500000000 0.000000000 0.000000000 0.931311965 -0.049567290 0.360834032 -0.749765035 0.021660218 0.996480346 0.080980241 0.029435982 -0.363577992 -0.067602143 0.929107666 0.192412029
5931033 1.044431394 1.857402100 0.500000000 0.500000000 0.000000000 0.000000000 0.926438868 -0.051709842 0.372876704 -0.983342895 0.022072952 0.996278346 0.083320126 0.024349621 -0.375797451 -0.068960503 0.924132347 0.019967608
6000000 1.044431394 1.857402100 0.500000000 0.500000000 0.000000000 0.000000000 0.921760023 -0.054956026 0.383846551 -1.214499786 0.023124104 0.995934665 0.087060094 -0.004438189 -0.387070566 -0.071372405 0.919283569 -0.158717992
6068967 1.044431394 1.857402100 0.500000000 0.500000000 0.000000000 0.000000000 0.917493999 -0.057966553 0.393503100 -1.422470054 0.023555612 0.995505750 0.091724582 -0.048890697 -0.397051543 -0.074887551 0.914735973 -0.330097934
6137933 1.044431394 1.857402100 0.500000000 0.500000000 0.000000000 0.000000000 0.912181795 -0.059840493 0.405392855 -1.672509807 0.022248676 0.995053351 0.096818715 -0.109112962 -0.409181207 -0.079296798 0.909000874 -0.524315900
6206900 1.044431394 1.857402100 0.500000000 0.500000000 0.000000000 0.000000000 0.908497453 -0.061491236 0.413341612 -1.831120174 0.021614676 0.994705200 0.100470841 -0.134441006 -0.417331129 -0.082343265 0.905016184 -0.642892947
6275867 1.044431394 1.857402100 0.500000000 0.500000000 0.000000000 0.000000000 0.904814720 -0.063470304 0.421048671 -1.988720346 0.021463934 0.994369745 0.103769697 -0.150514059 -0.425264329 -0.084854998 0.901082695 -0.769074180
6344833 1.044431394 1.857402100 0.500000000 0.500000000 0.000000000 0.000000000 0.900964737 -0.064428806 0.429082274 -2.154990219 0.020482484 0.994126856 0.106265023 -0.156551058 -0.433408737 -0.086952373 0.896992922 -0.901523176
6413800 1.044431394 1.857402100 0.500000000 0.500000000 0.000000000 0.000000000 0.897231996 -0.066838846 0.436471671 -2.351850593 0.021864533 0.993989646 0.107268386 -0.147543108 -0.441018015 -0.086701401 0.893300712 -1.097800406
6482767 1.044431394 1.857402100 0.500000000 0.500000000 0.000000000 0.000000000 0.893276572 -0.068268135 0.444293350 -2.559690432 0.022463184 0.993944645 0.107561678 -0.130224062 -0.448946029 -0.086102098 0.889400959 -1.307580209
6551722 1.044431394 1.857402100 0.500000000 0.500000000 0.000000000 0.000000000 0.889416039 -0.069906279 0.451721549 -2.763190567 0.023372952 0.993898809 0.107791007 -0.108140076 -0.456500769 -0.085312992 0.885623455 -1.505590144
6620689 1.044431394 1.857402100 0.500000000 0.500000000 0.000000000 0.000000000 0.885682583 -0.071058318 0.458821207 -2.957449359 0.024174426 0.993936241 0.107267343 -0.075441019 -0.463661283 -0.083913051 0.882029831 -1.695529877
6689656 1.044431394 1.857402100 0.500000000 0.500000000 0.000000000 0.000000000 0.881870270 -0.072334468 0.465910554 -3.159070277 0.024780940 0.993906677 0.107402958 -0.059377092 -0.470840573 -0.083169796 0.878289282 -1.888210255
6758622 1.044431394 1.857402100 0.500000000 0.500000000 0.000000000 0.000000000 0.878411889 -0.073400125 0.472234190 -3.349730669 0.025487382 0.993923903 0.107077673 -0.037386976 -0.477224350 -0.082022294 0.874945343 -2.076910374
6827589 1.044431394 1.857402100 0.500000000 0.500000000 0.000000000 0.000000000 0.874971390 -0.074316055 0.478437424 -3.544860585 0.025512636 0.993854046 0.107718393 -0.041087359 -0.483502150 -0.082044318 0.871489823 -2.264000200
6896556 1.044431394 1.857402100 0.500000000 0.500000000 0.000000000 0.000000000 0.871822298 -0.076078527 0.483878106 -3.727760627 0.026405893 0.993727744 0.108663976 -0.049175451 -0.489110082 -0.081958458 0.868362963 -2.441520359
6965522 1.044431394 1.857402100 0.500000000 0.500000000 0.000000000 0.000000000 0.868940651 -0.078082502 0.488718212 -3.903000934 0.027583603 0.993581831 0.109701015 -0.060725996 -0.494147241 -0.081843086 0.865517437 -2.615900741
7034489 1.044431394 1.857402100 0.500000000 0.500000000 0.000000000 0.000000000 0.866087258 -0.079920463 0.493462652 -4.081418995 0.028683707 0.993456006 0.110555142 -0.074140258 -0.499069065 -0.081596047 0.862712026 -2.788789471
7103456 1.044431394 1.857402100 0.500000000 0.500000000 0.000000000 0.000000000 0.861373305 -0.082196504 0.501277924 -4.331229072 0.029740332 0.993289053 0.111768998 -0.099722516 -0.507100940 -0.081366636 0.858037233 -2.963458985
7172422 1.044431394 1.857402100 0.500000000 0.500000000 0.000000000 0.000000000 0.858306050 -0.084191620 0.506184399 -4.521800560 0.031183366 0.993183076 0.112316489 -0.111833024 -0.512189925 -0.080617413 0.855080426 -3.124490464
7241378 1.044431394 1.857402100 0.500000000 0.500000000 0.000000000 0.000000000 0.854998350 -0.086632036 0.511344016 -4.726049969 0.033166036 0.993065178 0.112789735 -0.120262989 -0.517569125 -0.079475790 0.851942360 -3.278580052
7310344 1.044431394 1.857402100 0.500000000 0.500000000 0.000000000 0.000000000 0.851354361 -0.088801593 0.517020345 -4.942710049 0.035370849 0.993042588 0.112317905 -0.113996968 -0.523397207 -0.077334896 0.848572135 -3.413180018
7379311 1.044431394 1.857402100 0.500000000 0.500000000 0.000000000 0.000000000 0.847654939 -0.091692939 0.522564411 -5.172330266 0.038688172 0.993012786 0.111484900 -0.088136347 -0.529135466 -0.074283659 0.845279574 -3.512610079
7448278 1.044431394 1.857402100 0.500000000 0.500000000 0.000000000 0.000000000 0.843683004 -0.093736582 0.528594732 -5.412779896 0.040724270 0.992976010 0.111086585 -0.080472357 -0.535294771 -0.072195224 0.841574311 -3.630880131
7517244 1.044431394 1.857402100 0.500000000 0.500000000 0.000000000 0.000000000 0.839042902 -0.095308363 0.535651982 -5.684438755 0.042549204 0.993016183 0.110038042 -0.052933534 -0.542398632 -0.069535032 0.837238491 -3.709228934
7586211 1.044431394 1.857402100 0.500000000 0.500000000 0.000000000 0.000000000 0.834861755 -0.096247584 0.541979730 -5.932818814 0.043366238 0.993035138 0.109547228 -0.040961711 -0.548748553 -0.067953140 0.833220959 -3.811759099
