https://www.youtube.com/watch?v=fbSHWq9NpWs
73673600 0.966827298 1.719391673 0.500000000 0.500000000 0.000000000 0.000000000 0.934366941 0.073593661 -0.348629177 -4.854979153 -0.037264861 0.993255317 0.109796390 0.717898913 0.354358077 -0.089598492 0.930807352 -3.423599372
73740333 0.966827298 1.719391673 0.500000000 0.500000000 0.000000000 0.000000000 0.921026587 0.096961476 -0.377238095 -4.517270249 -0.054352604 0.991037726 0.122024529 0.772319090 0.385688841 -0.091883965 0.918042183 -3.607419967
73807067 0.966827298 1.719391673 0.500000000 0.500000000 0.000000000 0.000000000 0.906421065 0.119566724 -0.405098230 -4.120590090 -0.070814371 0.988539517 0.133322626 0.823424834 0.416396588 -0.092159629 0.904500067 -3.738259569
73873800 0.966827298 1.719391673 0.500000000 0.500000000 0.000000000 0.000000000 0.890696228 0.141798630 -0.431918263 -3.696469786 -0.087111391 0.985739291 0.143977925 0.881819973 0.446174681 -0.090615593 0.890346527 -3.848499811
73940533 0.966827298 1.719391673 0.500000000 0.500000000 0.000000000 0.000000000 0.873693347 0.162707016 -0.458460957 -3.245860109 -0.102013357 0.982733667 0.154362753 0.947325232 0.475660890 -0.088096604 0.875206172 -3.788950179
74007267 0.966827298 1.719391673 0.500000000 0.500000000 0.000000000 0.000000000 0.855521202 0.184463277 -0.483794272 -2.815970207 -0.117513672 0.979176939 0.165538937 0.996640449 0.504256010 -0.084769674 0.859383583 -3.760650496
74074000 0.966827298 1.719391673 0.500000000 0.500000000 0.000000000 0.000000000 0.840098083 0.198519111 -0.504802227 -2.438859865 -0.128115922 0.976911366 0.170969188 1.031979917 0.527087688 -0.078957662 0.846134841 -3.682249851
74140733 0.966827298 1.719391673 0.500000000 0.500000000 0.000000000 0.000000000 0.825942814 0.210372210 -0.523031533 -2.117289867 -0.137564898 0.974928975 0.174898103 1.057530059 0.546712339 -0.072505057 0.834175467 -3.663080255
74207467 0.966827298 1.719391673 0.500000000 0.500000000 0.000000000 0.000000000 0.812900662 0.219822973 -0.539323807 -1.820669541 -0.144789606 0.973238289 0.178446621 1.067659625 0.564117193 -0.066970833 0.822974145 -3.601168941
74274200 0.966827298 1.719391673 0.500000000 0.500000000 0.000000000 0.000000000 0.801063359 0.228265375 -0.553346753 -1.541870073 -0.151716948 0.971673667 0.181196734 1.067110247 0.579033375 -0.061198067 0.813003898 -3.553270916
74340933 0.966827298 1.719391673 0.500000000 0.500000000 0.000000000 0.000000000 0.792562068 0.232779354 -0.563612759 -1.303680314 -0.156042516 0.970918298 0.181572169 1.068090258 0.589488208 -0.055959716 0.805836439 -3.511060675
74407667 0.966827298 1.719391673 0.500000000 0.500000000 0.000000000 0.000000000 0.784413457 0.235862359 -0.573641241 -1.063449552 -0.159023389 0.970437050 0.181558490 1.062349722 0.599505484 -0.051194459 0.798731506 -3.405468634
74474400 0.966827298 1.719391673 0.500000000 0.500000000 0.000000000 0.000000000 0.778344870 0.236914858 -0.581421435 -0.849608255 -0.161563858 0.970463991 0.179155722 1.035200267 0.606693208 -0.045508310 0.793632507 -3.313990840
74541133 0.966827298 1.719391673 0.500000000 0.500000000 0.000000000 0.000000000 0.773933411 0.236187443 -0.587573111 -0.652913434 -0.163033351 0.970881820 0.175523818 0.989090471 0.611920536 -0.040049627 0.789904356 -3.190078566
74607867 0.966827298 1.719391673 0.500000000 0.500000000 0.000000000 0.000000000 0.770436168 0.233909249 -0.593054950 -0.489740601 -0.163361430 0.971633077 0.171003312 0.907198616 0.616231143 -0.034864731 0.786793113 -3.037669065
74674600 0.966827298 1.719391673 0.500000000 0.500000000 0.000000000 0.000000000 0.766882122 0.231318116 -0.598651469 -0.321047846 -0.163532078 0.972427726 0.166257486 0.812707815 0.620603621 -0.029601127 0.783565402 -2.824659622
74741333 0.966827298 1.719391673 0.500000000 0.500000000 0.000000000 0.000000000 0.763474464 0.229447201 -0.603706241 -0.172295088 -0.164346352 0.973014176 0.161968201 0.710930349 0.624577880 -0.024441794 0.780580223 -2.582871210
74808067 0.966827298 1.719391673 0.500000000 0.500000000 0.000000000 0.000000000 0.759917021 0.229196981 -0.608272135 -0.042384628 -0.166425660 0.973186195 0.158780336 0.615654120 0.628354013 -0.019427843 0.777684987 -2.344890487
74874800 0.966827298 1.719391673 0.500000000 0.500000000 0.000000000 0.000000000 0.753812909 0.231144756 -0.615092456 0.073508538 -0.171045393 0.972840905 0.155961797 0.522382348 0.634436786 -0.012357414 0.772876203 -2.119540790
74941533 0.966827298 1.719391673 0.500000000 0.500000000 0.000000000 0.000000000 0.748345196 0.231535017 -0.621587396 0.147621018 -0.172950715 0.972794950 0.154136389 0.432952919 0.640365005 -0.007843211 0.768030584 -1.849769628
75008267 0.966827298 1.719391673 0.500000000 0.500000000 0.000000000 0.000000000 0.745301962 0.231894344 -0.625099838 0.184818939 -0.173769772 0.972723067 0.153668255 0.339825921 0.643683851 -0.005905740 0.765268624 -1.599029824
75075000 0.966827298 1.719391673 0.500000000 0.500000000 0.000000000 0.000000000 0.743406832 0.232760191 -0.627031624 0.220196839 -0.175027251 0.972524345 0.153498590 0.253083952 0.645531952 -0.004364207 0.763720632 -1.311139650
75141733 0.966827298 1.719391673 0.500000000 0.500000000 0.000000000 0.000000000 0.742629528 0.234405115 -0.627340019 0.236544974 -0.176296577 0.972130060 0.154540107 0.169246969 0.646081030 -0.004168123 0.763257325 -1.019309776
75208467 0.966827298 1.719391673 0.500000000 0.500000000 0.000000000 0.000000000 0.742031097 0.237346441 -0.626941979 0.248806879 -0.177180558 0.971405327 0.158046648 0.082561563 0.646526635 -0.006193519 0.762866139 -0.655393864
75275200 0.966827298 1.719391673 0.500000000 0.500000000 0.000000000 0.000000000 0.741081595 0.241756856 -0.626379848 0.245593010 -0.178831667 0.970297694 0.162915960 0.000129452 0.647161007 -0.008717492 0.762303591 -0.311893037
75341933 0.966827298 1.719391673 0.500000000 0.500000000 0.000000000 0.000000000 0.739689946 0.246990949 -0.625982225 0.232179879 -0.181005001 0.968952119 0.168430895 -0.070573190 0.648147762 -0.011280552 0.761430740 -0.023264873
75408667 0.966827298 1.719391673 0.500000000 0.500000000 0.000000000 0.000000000 0.737363815 0.252992153 -0.626330435 0.209219044 -0.183601379 0.967370689 0.174598247 -0.116725029 0.650065720 -0.013747372 0.759753823 0.247426090
75475400 0.966827298 1.719391673 0.500000000 0.500000000 0.000000000 0.000000000 0.733401000 0.260284275 -0.627992570 0.184355930 -0.186688974 0.965394139 0.182102442 -0.159169911 0.653658807 -0.016314693 0.756613255 0.537331781
75542133 0.966827298 1.719391673 0.500000000 0.500000000 0.000000000 0.000000000 0.727918386 0.268888712 -0.630741060 0.165880077 -0.190345064 0.962986469 0.190855831 -0.205541171 0.658713996 -0.018869191 0.752157092 0.813279397
75608867 0.966827298 1.719391673 0.500000000 0.500000000 0.000000000 0.000000000 0.720987201 0.278459966 -0.634537518 0.156588979 -0.195157290 0.960237384 0.199644312 -0.247090124 0.664899528 -0.020106494 0.746662378 1.102320331
75675600 0.966827298 1.719391673 0.500000000 0.500000000 0.000000000 0.000000000 0.712665200 0.288467526 -0.639448225 0.153691967 -0.199963942 0.957257867 0.208977610 -0.299561644 0.672400177 -0.021064252 0.739887595 1.347439092
75742333 0.966827298 1.719391673 0.500000000 0.500000000 0.000000000 0.000000000 0.702762604 0.298252016 -0.645887554 0.156267932 -0.204619139 0.954255104 0.218009859 -0.350827175 0.681363285 -0.021048322 0.731642842 1.585380369
75809067 0.966827298 1.719391673 0.500000000 0.500000000 0.000000000 0.000000000 0.691554546 0.307632655 -0.653539479 0.165878844 -0.209063366 0.951293826 0.226566643 -0.399824536 0.691407382 -0.020051830 0.722186387 1.850288812
75875800 0.966827298 1.719391673 0.500000000 0.500000000 0.000000000 0.000000000 0.681030393 0.316359758 -0.660389304 0.170851066 -0.212543964 0.948432863 0.235159904 -0.454564984 0.700730085 -0.019789279 0.713151932 2.096149921
75942533 0.966827298 1.719391673 0.500000000 0.500000000 0.000000000 0.000000000 0.670241833 0.324723959 -0.667330980 0.172383976 -0.215842664 0.945616663 0.243354008 -0.508811398 0.710062146 -0.019067690 0.703881085 2.335021167
76009267 0.966827298 1.719391673 0.500000000 0.500000000 0.000000000 0.000000000 0.661034882 0.330616117 -0.673592091 0.145683964 -0.218235552 0.943601608 0.248976588 -0.570787384 0.717918158 -0.017580599 0.695905685 2.526140828
76076000 0.966827298 1.719391673 0.500000000 0.500000000 0.000000000 0.000000000 0.656866193 0.333694339 -0.676147223 0.122802058 -0.218790770 0.942509711 0.252598703 -0.644976272 0.721566081 -0.017988846 0.692111969 2.756400625
76142733 0.966827298 1.719391673 0.500000000 0.500000000 0.000000000 0.000000000 0.656876922 0.334255725 -0.675859571 0.116636140 -0.217852339 0.942274570 0.254281431 -0.728698384 0.721840262 -0.019794129 0.691776752 2.955131083
76209467 0.966827298 1.719391673 0.500000000 0.500000000 0.000000000 0.000000000 0.658950210 0.333885550 -0.674021602 0.140783129 -0.216575563 0.942354381 0.255074918 -0.805540061 0.720333099 -0.022105061 0.693276048 3.190410089
76276200 0.966827298 1.719391673 0.500000000 0.500000000 0.000000000 0.000000000 0.667985022 0.330013484 -0.666999102 0.229660100 -0.212699443 0.943570018 0.253839791 -0.884050814 0.713130832 -0.027691044 0.700484276 3.451992044
76342933 0.966827298 1.719391673 0.500000000 0.500000000 0.000000000 0.000000000 0.684550285 0.323501289 -0.653252006 0.397750155 -0.206233025 0.945470333 0.252098829 -0.970350484 0.699184656 -0.037852287 0.713938594 3.713111257
76409667 0.966827298 1.719391673 0.500000000 0.500000000 0.000000000 0.000000000 0.708294392 0.312961698 -0.632751226 0.649952068 -0.197241664 0.948392391 0.248289257 -1.041730096 0.677801490 -0.051057003 0.733470082 3.927650268
76476400 0.966827298 1.719391673 0.500000000 0.500000000 0.000000000 0.000000000 0.734652281 0.301220119 -0.607908010 0.952893563 -0.186728701 0.951200545 0.245662168 -1.103709595 0.652240872 -0.066962317 0.755048156 4.079449359
76543133 0.966827298 1.719391673 0.500000000 0.500000000 0.000000000 0.000000000 0.760037243 0.288839191 -0.582164466 1.296680223 -0.177013159 0.953942478 0.242198601 -1.119260321 0.625307858 -0.081029251 0.776160121 4.270070873
76609867 0.966827298 1.719391673 0.500000000 0.500000000 0.000000000 0.000000000 0.785235763 0.274856150 -0.554850101 1.648399501 -0.165920302 0.956710994 0.239111960 -1.119609656 0.596552610 -0.095698319 0.796847939 4.452878922
