https://www.youtube.com/watch?v=B1OZFkeczIU
112779333 0.887921768 1.579067570 0.500000000 0.500000000 0.000000000 0.000000000 0.999299228 -0.003695568 -0.037248060 5.014990260 0.003699178 0.999993145 0.000028000 -0.539944968 0.037247702 -0.000165768 0.999306023 2.711639905
112846067 0.887921768 1.579067570 0.500000000 0.500000000 0.000000000 0.000000000 0.999098778 -0.004195064 -0.042237170 4.736799960 0.004208724 0.999991119 0.000234503 -0.505895060 0.042235814 -0.000412056 0.999107599 2.555370099
112912800 0.887921768 1.579067570 0.500000000 0.500000000 0.000000000 0.000000000 0.998985350 -0.003141099 -0.044927195 4.470290458 0.003186853 0.999994457 0.000946812 -0.476880983 0.044923976 -0.001089027 0.998989820 2.391099937
112979533 0.887921768 1.579067570 0.500000000 0.500000000 0.000000000 0.000000000 0.998927116 -0.001923014 -0.046269830 4.205269488 0.002002274 0.999996603 0.001666695 -0.459937013 0.046266470 -0.001757552 0.998927593 2.211620043
113046267 0.887921768 1.579067570 0.500000000 0.500000000 0.000000000 0.000000000 0.998775184 -0.000456967 -0.049476381 3.938070017 0.000532441 0.999998689 0.001512278 -0.446650999 0.049475629 -0.001536769 0.998774171 1.999959960
113113000 0.887921768 1.579067570 0.500000000 0.500000000 0.000000000 0.000000000 0.998620689 0.001253062 -0.052489258 3.674220019 -0.001181766 0.999998331 0.001389309 -0.433939017 0.052490912 -0.001325362 0.998620510 1.797079952
113179733 0.887921768 1.579067570 0.500000000 0.500000000 0.000000000 0.000000000 0.998417616 0.002432533 -0.056181099 3.405519895 -0.002326621 0.999995410 0.001950517 -0.410128034 0.056185585 -0.001816719 0.998418689 1.598119877
113246467 0.887921768 1.579067570 0.500000000 0.500000000 0.000000000 0.000000000 0.998123765 0.004043817 -0.061094627 3.138519729 -0.003938390 0.999990523 0.001845946 -0.374743994 0.061101511 -0.001601868 0.998130262 1.400269866
113313200 0.887921768 1.579067570 0.500000000 0.500000000 0.000000000 0.000000000 0.997842431 0.004344965 -0.065510079 2.861259906 -0.004206375 0.999988616 0.002253329 -0.328575986 0.065519124 -0.001972907 0.997849345 1.235640028
113379933 0.887921768 1.579067570 0.500000000 0.500000000 0.000000000 0.000000000 0.997445881 0.005327730 -0.071227215 2.597700042 -0.005093516 0.999980986 0.003469506 -0.276017001 0.071244352 -0.003097848 0.997454107 1.058950094
113446667 0.887921768 1.579067570 0.500000000 0.500000000 0.000000000 0.000000000 0.997272074 0.007500838 -0.073431484 2.328880325 -0.007200299 0.999964595 0.004356649 -0.248886008 0.073461570 -0.003816036 0.997290730 0.890446017
113513400 0.887921768 1.579067570 0.500000000 0.500000000 0.000000000 0.000000000 0.997223079 0.007844835 -0.074057706 2.056579862 -0.007593294 0.999964416 0.003677495 -0.221158001 0.074083917 -0.003104941 0.997247159 0.711160977
113580133 0.887921768 1.579067570 0.500000000 0.500000000 0.000000000 0.000000000 0.997359157 0.008515391 -0.072126500 1.788100033 -0.008316755 0.999960780 0.003053882 -0.197400994 0.072149672 -0.002445960 0.997390807 0.566061016
113646867 0.887921768 1.579067570 0.500000000 0.500000000 0.000000000 0.000000000 0.997659624 0.009025005 -0.067778111 1.512519946 -0.008895689 0.999957979 0.002209515 -0.161865986 0.067795202 -0.001601411 0.997697949 0.398936954
113713600 0.887921768 1.579067570 0.500000000 0.500000000 0.000000000 0.000000000 0.997960627 0.010267206 -0.063000932 1.216920045 -0.010184360 0.999946773 0.001636002 -0.130841001 0.063014373 -0.000991042 0.998012125 0.252931993
113780333 0.887921768 1.579067570 0.500000000 0.500000000 0.000000000 0.000000000 0.998256087 0.010496590 -0.058091763 0.896779028 -0.010479981 0.999944925 0.000590561 -0.102026006 0.058094759 0.000019270 0.998311102 0.114225000
113847067 0.887921768 1.579067570 0.500000000 0.500000000 0.000000000 0.000000000 0.998392940 0.010267111 -0.055732422 0.574407985 -0.010297819 0.999946952 -0.000263819 -0.066084493 0.055726759 0.000837318 0.998445690 -0.019551197
113913800 0.887921768 1.579067570 0.500000000 0.500000000 0.000000000 0.000000000 0.998543024 0.009091510 -0.053190451 0.229261011 -0.009180818 0.999956846 -0.001434915 -0.027241402 0.053175110 0.001921156 0.998583376 -0.142800011
113980533 0.887921768 1.579067570 0.500000000 0.500000000 0.000000000 0.000000000 0.998692930 0.008785985 -0.050351396 -0.133983997 -0.008943997 0.999955773 -0.002913723 0.014433001 0.050323568 0.003360258 0.998727322 -0.260782007
114047267 0.887921768 1.579067570 0.500000000 0.500000000 0.000000000 0.000000000 0.998703241 0.008561701 -0.050184418 -0.519855013 -0.008781865 0.999952734 -0.004168252 0.045410598 0.050146360 0.004603559 0.998731256 -0.368392989
114114000 0.887921768 1.579067570 0.500000000 0.500000000 0.000000000 0.000000000 0.998565197 0.009286078 -0.052737739 -0.870884954 -0.009512452 0.999946594 -0.004043058 0.076278502 0.052697379 0.004538922 0.998600185 -0.469985968
114180733 0.887921768 1.579067570 0.500000000 0.500000000 0.000000000 0.000000000 0.998346388 0.008625625 -0.056834109 -1.232470079 -0.008897362 0.999950171 -0.004529940 0.098691300 0.056792200 0.005028122 0.998373389 -0.565852052
114247467 0.887921768 1.579067570 0.500000000 0.500000000 0.000000000 0.000000000 0.997810364 0.007247680 -0.065741621 -1.573979918 -0.007549497 0.999962091 -0.004343693 0.122139011 0.065707646 0.004830498 0.997827232 -0.690848041
114314200 0.887921768 1.579067570 0.500000000 0.500000000 0.000000000 0.000000000 0.997049212 0.008080998 -0.076338165 -1.898309817 -0.008419263 0.999956131 -0.004110352 0.159305019 0.076301597 0.004740933 0.997073531 -0.824747091
114380933 0.887921768 1.579067570 0.500000000 0.500000000 0.000000000 0.000000000 0.995815456 0.008483288 -0.090992689 -2.232069925 -0.008810327 0.999956071 -0.003193060 0.182668984 0.090961605 0.003981373 0.995846450 -0.988444990
114447667 0.887921768 1.579067570 0.500000000 0.500000000 0.000000000 0.000000000 0.993875623 0.008753050 -0.110157043 -2.535729558 -0.009014789 0.999957621 -0.001878233 0.211179997 0.110135928 0.002859772 0.993912399 -1.174349938
114514400 0.887921768 1.579067570 0.500000000 0.500000000 0.000000000 0.000000000 0.990883946 0.008761306 -0.134432852 -2.837769817 -0.009006654 0.999958694 -0.001217000 0.235530992 0.134416640 0.002416696 0.990921974 -1.391770102
114581133 0.887921768 1.579067570 0.500000000 0.500000000 0.000000000 0.000000000 0.986539364 0.008553335 -0.163300037 -3.129209812 -0.008636243 0.999962687 0.000202218 0.266069008 0.163295686 0.001210803 0.986576438 -1.639109993
114647867 0.887921768 1.579067570 0.500000000 0.500000000 0.000000000 0.000000000 0.981023848 0.010467927 -0.193604305 -3.409100148 -0.010397424 0.999944985 0.001380289 0.327358974 0.193608090 0.000658888 0.981078744 -1.919689988
114714600 0.887921768 1.579067570 0.500000000 0.500000000 0.000000000 0.000000000 0.973922372 0.011216152 -0.226603985 -3.727269695 -0.010647674 0.999936342 0.003730866 0.388914975 0.226631403 -0.001220767 0.973979831 -2.222299928
114781333 0.887921768 1.579067570 0.500000000 0.500000000 0.000000000 0.000000000 0.965150476 0.012161005 -0.261412650 -4.038509404 -0.010687787 0.999917984 0.007056600 0.443399001 0.261477023 -0.004016756 0.965201318 -2.579299599
114848067 0.887921768 1.579067570 0.500000000 0.500000000 0.000000000 0.000000000 0.955635846 0.013847112 -0.294224918 -4.370129849 -0.010898856 0.999872625 0.011657777 0.513592976 0.294348896 -0.007933873 0.955665052 -2.867669970
