https://www.youtube.com/watch?v=sx7anpWhO2s
1502000 0.812788344 1.463469346 0.500000000 0.500000000 0.000000000 0.000000000 0.999979913 -0.002391745 -0.005865125 -3.342269640 0.002302336 0.999881744 -0.015203708 -1.184189986 0.005900795 0.015189900 0.999867201 6.377299448
1568000 0.812788344 1.463469346 0.500000000 0.500000000 0.000000000 0.000000000 0.999985158 0.002179812 -0.004995483 -3.300240199 -0.002252770 0.999890208 -0.014646027 -1.131680016 0.004963009 0.014657063 0.999880254 6.315889412
1635000 0.812788344 1.463469346 0.500000000 0.500000000 0.000000000 0.000000000 0.999973238 0.006151788 -0.003952972 -3.256969766 -0.006205949 0.999884963 -0.013838369 -1.081119958 0.003867386 0.013862532 0.999896407 6.256909414
1735000 0.812788344 1.463469346 0.500000000 0.500000000 0.000000000 0.000000000 0.999934375 0.011395133 -0.001157766 -3.191099896 -0.011409144 0.999851465 -0.012917060 -1.009719955 0.001010402 0.012929423 0.999915898 6.166189723
1802000 0.812788344 1.463469346 0.500000000 0.500000000 0.000000000 0.000000000 0.999895751 0.014424689 0.000623683 -3.151629887 -0.014416013 0.999821723 -0.012196683 -0.965352074 -0.000799505 0.012186420 0.999925435 6.102230390
1902000 0.812788344 1.463469346 0.500000000 0.500000000 0.000000000 0.000000000 0.999844968 0.017325908 0.003138325 -3.090810075 -0.017286323 0.999775767 -0.012229277 -0.917960992 -0.003349505 0.012173131 0.999920309 5.992140515
1969000 0.812788344 1.463469346 0.500000000 0.500000000 0.000000000 0.000000000 0.999805868 0.019145446 0.004660107 -3.050800108 -0.019083755 0.999734104 -0.012941252 -0.895695887 -0.004906633 0.012849808 0.999905407 5.911820076
2069000 0.812788344 1.463469346 0.500000000 0.500000000 0.000000000 0.000000000 0.999722183 0.022554455 0.006847584 -2.987190055 -0.022443844 0.999622881 -0.015821727 -0.877713986 -0.007201851 0.015663644 0.999851406 5.782740552
2135000 0.812788344 1.463469346 0.500000000 0.500000000 0.000000000 0.000000000 0.999678373 0.024216862 0.007525816 -2.945949844 -0.024080990 0.999554217 -0.017648965 -0.867070031 -0.007949864 0.017462060 0.999815941 5.691219844
2236000 0.812788344 1.463469346 0.500000000 0.500000000 0.000000000 0.000000000 0.999694288 0.023861580 0.006478377 -2.888399936 -0.023736309 0.999542058 -0.018770091 -0.850854076 -0.006923294 0.018610582 0.999802828 5.555820234
2302000 0.812788344 1.463469346 0.500000000 0.500000000 0.000000000 0.000000000 0.999760866 0.021295218 0.004978004 -2.848360197 -0.021194236 0.999584675 -0.019526923 -0.847117994 -0.005391767 0.019416748 0.999796927 5.465629563
2402000 0.812788344 1.463469346 0.500000000 0.500000000 0.000000000 0.000000000 0.999876678 0.015502150 0.002500942 -2.783149798 -0.015442372 0.999630451 -0.022372611 -0.858183078 -0.002846841 0.022331230 0.999746561 5.326830033
2469000 0.812788344 1.463469346 0.500000000 0.500000000 0.000000000 0.000000000 0.999943316 0.010635322 0.000490232 -2.737649782 -0.010620592 0.999658704 -0.023869053 -0.862191098 -0.000743919 0.023862492 0.999714971 5.241429724
2536000 0.812788344 1.463469346 0.500000000 0.500000000 0.000000000 0.000000000 0.999976277 0.006612390 -0.001929718 -2.688230170 -0.006658575 0.999665320 -0.024998572 -0.859196052 0.001763772 0.025010828 0.999685645 5.162260339
2603000 0.812788344 1.463469346 0.500000000 0.500000000 0.000000000 0.000000000 0.999986887 0.002305027 -0.004577269 -2.634120106 -0.002423517 0.999657631 -0.026052132 -0.855692030 0.004515651 0.026062883 0.999650121 5.085060586
2669000 0.812788344 1.463469346 0.500000000 0.500000000 0.000000000 0.000000000 0.999966323 -0.002193148 -0.007905466 -2.578569837 0.001978795 0.999632895 -0.027021173 -0.853259970 0.007961826 0.027004622 0.999603629 5.004049807
2769000 0.812788344 1.463469346 0.500000000 0.500000000 0.000000000 0.000000000 0.999873102 -0.007749307 -0.013917302 -2.490919967 0.007352340 0.999570966 -0.028351424 -0.842329988 0.014131035 0.028245503 0.999501109 4.877840374
2836000 0.812788344 1.463469346 0.500000000 0.500000000 0.000000000 0.000000000 0.999762893 -0.011694388 -0.018368712 -2.429999995 0.011187270 0.999559999 -0.027472017 -0.826056080 0.018681897 0.027260007 0.999453783 4.795999861
2903000 0.812788344 1.463469346 0.500000000 0.500000000 0.000000000 0.000000000 0.999606192 -0.014995386 -0.023720017 -2.371990033 0.014394970 0.999576688 -0.025284057 -0.802633043 0.024089118 0.024932651 0.999398887 4.716539736
2970000 0.812788344 1.463469346 0.500000000 0.500000000 0.000000000 0.000000000 0.999384880 -0.018661723 -0.029692205 -2.314820179 0.018004946 0.999590635 -0.022235243 -0.774968072 0.030094998 0.021686958 0.999311745 4.639479875
3070000 0.812788344 1.463469346 0.500000000 0.500000000 0.000000000 0.000000000 0.999012113 -0.022396402 -0.038382545 -2.225779868 0.021680413 0.999584973 -0.018969845 -0.735427034 0.038791470 0.018118955 0.999083042 4.526309905
3136000 0.812788344 1.463469346 0.500000000 0.500000000 0.000000000 0.000000000 0.998762846 -0.022683766 -0.044251628 -2.165729978 0.021896269 0.999594569 -0.018200211 -0.714737984 0.044646539 0.017208748 0.998854637 4.450660890
3203000 0.812788344 1.463469346 0.500000000 0.500000000 0.000000000 0.000000000 0.998475492 -0.021504486 -0.050835431 -2.109910020 0.020516722 0.999591947 -0.019873299 -0.704417976 0.051242054 0.018800024 0.998509288 4.367800111
3303000 0.812788344 1.463469346 0.500000000 0.500000000 0.000000000 0.000000000 0.997941136 -0.018360293 -0.061452724 -2.036390293 0.016956052 0.999584854 -0.023294777 -0.693934983 0.061854914 0.022204820 0.997838140 4.241560305
3370000 0.812788344 1.463469346 0.500000000 0.500000000 0.000000000 0.000000000 0.997515082 -0.015273988 -0.068778090 -1.993390017 0.013424112 0.999537706 -0.027278678 -0.695401979 0.069162957 0.026287610 0.997258961 4.151279899
3437000 0.812788344 1.463469346 0.500000000 0.500000000 0.000000000 0.000000000 0.997018993 -0.010961000 -0.076373801 -1.956150016 0.008582221 0.999469876 -0.031405441 -0.694664060 0.076677546 0.030656364 0.996584535 4.061800033
3504000 0.812788344 1.463469346 0.500000000 0.500000000 0.000000000 0.000000000 0.996475458 -0.006297396 -0.083648287 -1.922120150 0.003420594 0.999399185 -0.034490526 -0.689785045 0.083815224 0.034082837 0.995898247 3.972829826
3604000 0.812788344 1.463469346 0.500000000 0.500000000 0.000000000 0.000000000 0.995577097 0.000107573 -0.093947977 -1.877449964 -0.003776570 0.999236882 -0.038876567 -0.685684964 0.093872100 0.039059419 0.994817793 3.837349965
3670000 0.812788344 1.463469346 0.500000000 0.500000000 0.000000000 0.000000000 0.995028198 0.004454064 -0.099493749 -1.846609801 -0.008524571 0.999142170 -0.040524635 -0.673184002 0.099227898 0.041171294 0.994212627 3.748889796
3737000 0.812788344 1.463469346 0.500000000 0.500000000 0.000000000 0.000000000 0.994517326 0.008191526 -0.104250535 -1.814910103 -0.012590993 0.999054492 -0.041613020 -0.656494020 0.103811085 0.042697489 0.993680120 3.659929963
3837000 0.812788344 1.463469346 0.500000000 0.500000000 0.000000000 0.000000000 0.993880212 0.012023330 -0.109807119 -1.758299995 -0.016998498 0.998865426 -0.044485085 -0.635864940 0.109147668 0.046079405 0.992956936 3.531039717
3904000 0.812788344 1.463469346 0.500000000 0.500000000 0.000000000 0.000000000 0.993565083 0.012149247 -0.112609036 -1.712509952 -0.017456243 0.998776793 -0.046262052 -0.623400027 0.111909248 0.047930088 0.992561877 3.457000226
4004000 0.812788344 1.463469346 0.500000000 0.500000000 0.000000000 0.000000000 0.993028581 0.008827930 -0.117542751 -1.640880025 -0.014566017 0.998738825 -0.048047844 -0.608329977 0.116970353 0.049425010 0.991904795 3.353130140
4071000 0.812788344 1.463469346 0.500000000 0.500000000 0.000000000 0.000000000 0.992669582 0.004646918 -0.120770410 -1.586620018 -0.010530271 0.998785913 -0.048122760 -0.600537019 0.120400161 0.049041744 0.991513371 3.292360272
4171000 0.812788344 1.463469346 0.500000000 0.500000000 0.000000000 0.000000000 0.991914213 -0.002484237 -0.126885593 -1.505429952 -0.003538761 0.998878241 -0.047220428 -0.589548036 0.126860559 0.047287632 0.990792751 3.205020070
4238000 0.812788344 1.463469346 0.500000000 0.500000000 0.000000000 0.000000000 0.991293311 -0.007365402 -0.131465942 -1.450839954 0.001077144 0.998854458 -0.047838986 -0.590445949 0.131667703 0.047280863 0.990165710 3.141499960
4304000 0.812788344 1.463469346 0.500000000 0.500000000 0.000000000 0.000000000 0.990521073 -0.010889907 -0.136928692 -1.395320035 0.004306363 0.998824358 -0.048284691 -0.585457979 0.137293532 0.047237340 0.989403427 3.072339969
4371000 0.812788344 1.463469346 0.500000000 0.500000000 0.000000000 0.000000000 0.989653468 -0.014325190 -0.142761335 -1.334960032 0.007524716 0.998816013 -0.048061792 -0.576004947 0.143280789 0.046490278 0.988589525 3.000869697
4438000 0.812788344 1.463469346 0.500000000 0.500000000 0.000000000 0.000000000 0.988661289 -0.017337615 -0.149158299 -1.272429999 0.010380104 0.998826921 -0.047297832 -0.564971075 0.149803340 0.045213256 0.987681508 2.928360280
4505000 0.812788344 1.463469346 0.500000000 0.500000000 0.000000000 0.000000000 0.987652600 -0.019670615 -0.155420259 -1.205550037 0.012490766 0.998814940 -0.047038719 -0.555361933 0.156161353 0.044516593 0.986727893 2.854520335
4605000 0.812788344 1.463469346 0.500000000 0.500000000 0.000000000 0.000000000 0.986117482 -0.020556539 -0.164771765 -1.102139907 0.013226372 0.998878539 -0.045461234 -0.525773019 0.165521502 0.042650785 0.985283494 2.752099867
4671000 0.812788344 1.463469346 0.500000000 0.500000000 0.000000000 0.000000000 0.985029697 -0.019504428 -0.171277955 -1.028740174 0.012117100 0.998954952 -0.044070736 -0.499711031 0.171958521 0.041335590 0.984236598 2.686500183
4738000 0.812788344 1.463469346 0.500000000 0.500000000 0.000000000 0.000000000 0.984167337 -0.018542519 -0.176269174 -0.953432957 0.011105382 0.999009669 -0.043085236 -0.471655007 0.176893532 0.040445548 0.983398616 2.614069855
4805000 0.812788344 1.463469346 0.500000000 0.500000000 0.000000000 0.000000000 0.983481944 -0.018066820 -0.180102319 -0.878419963 0.010770821 0.999084353 -0.041406251 -0.440385062 0.180685490 0.038782448 0.982775986 2.542869996
4872000 0.812788344 1.463469346 0.500000000 0.500000000 0.000000000 0.000000000 0.982761800 -0.017381847 -0.184057295 -0.792836955 0.010179956 0.999147773 -0.040001445 -0.409512026 0.184595734 0.037438199 0.982101202 2.464279750
4972000 0.812788344 1.463469346 0.500000000 0.500000000 0.000000000 0.000000000 0.982130110 -0.017343607 -0.187402382 -0.652979018 0.010650329 0.999270916 -0.036664151 -0.357482022 0.187901631 0.034013070 0.981598735 2.333290186
5038000 0.812788344 1.463469346 0.500000000 0.500000000 0.000000000 0.000000000 0.982467175 -0.017245684 -0.185636148 -0.550813994 0.011211233 0.999375582 -0.033507735 -0.321592999 0.186098084 0.030839041 0.982047081 2.244610162
5105000 0.812788344 1.463469346 0.500000000 0.500000000 0.000000000 0.000000000 0.983662724 -0.016269552 -0.179284483 -0.450291996 0.010907076 0.999464333 -0.030855712 -0.291379011 0.179690450 0.028396145 0.983313262 2.148760176
5172000 0.812788344 1.463469346 0.500000000 0.500000000 0.000000000 0.000000000 0.985238552 -0.014619690 -0.170561671 -0.354018941 0.009632087 0.999502480 -0.030033227 -0.253787976 0.170915902 0.027947031 0.984889209 2.054310061
5272000 0.812788344 1.463469346 0.500000000 0.500000000 0.000000000 0.000000000 0.987309933 -0.013189697 -0.158256590 -0.226250003 0.008819452 0.999560952 -0.028285567 -0.202942003 0.158560187 0.026530888 0.986992836 1.909480137
5338000 0.812788344 1.463469346 0.500000000 0.500000000 0.000000000 0.000000000 0.988246739 -0.013613364 -0.152259931 -0.149072999 0.009449204 0.999562144 -0.028039252 -0.167077011 0.152574971 0.026270961 0.987942636 1.805419897
5405000 0.812788344 1.463469346 0.500000000 0.500000000 0.000000000 0.000000000 0.988967359 -0.012543795 -0.147601768 -0.080545112 0.008589343 0.999587715 -0.027398350 -0.130267998 0.147884592 0.025828270 0.988667309 1.703120008
5471000 0.812788344 1.463469346 0.500000000 0.500000000 0.000000000 0.000000000 0.989468038 -0.010554938 -0.144366294 -0.015345055 0.006611366 0.999592483 -0.027768977 -0.093917589 0.144600570 0.026522059 0.989134610 1.600699907
5572000 0.812788344 1.463469346 0.500000000 0.500000000 0.000000000 0.000000000 0.989934862 -0.008418536 -0.141273260 0.067374429 0.004327172 0.999562979 -0.029242881 -0.045310699 0.141457707 0.028337233 0.989538610 1.448459926
5638000 0.812788344 1.463469346 0.500000000 0.500000000 0.000000000 0.000000000 0.990009546 -0.006354053 -0.140857339 0.115251008 0.002157864 0.999549866 -0.029923106 -0.018964200 0.140984058 0.029320208 0.989577591 1.351079952
5705000 0.812788344 1.463469346 0.500000000 0.500000000 0.000000000 0.000000000 0.989892125 -0.004085622 -0.141763672 0.161196003 -0.000333527 0.999515116 -0.031134913 0.001372767 0.141822144 0.030867485 0.989410758 1.255369991
5805000 0.812788344 1.463469346 0.500000000 0.500000000 0.000000000 0.000000000 0.989426315 -0.000739934 -0.145034611 0.225662003 -0.004186336 0.999424636 -0.033658009 0.020976394 0.144976079 0.033909280 0.988853931 1.118049897
5872000 0.812788344 1.463469346 0.500000000 0.500000000 0.000000000 0.000000000 0.988846540 0.001324213 -0.148932070 0.270273995 -0.006816124 0.999315143 -0.036370903 0.025085611 0.148781896 0.036980383 0.988178313 1.022619876
5939000 0.812788344 1.463469346 0.500000000 0.500000000 0.000000000 0.000000000 0.988087058 0.004118945 -0.153840601 0.318946984 -0.010293139 0.999172151 -0.039358787 0.026717407 0.153551131 0.040473416 0.987311482 0.931797041
6005000 0.812788344 1.463469346 0.500000000 0.500000000 0.000000000 0.000000000 0.986971259 0.006758455 -0.160754740 0.376820040 -0.013713365 0.999015331 -0.042194095 0.027887199 0.160311282 0.043848846 0.986092091 0.843431040
6072000 0.812788344 1.463469346 0.500000000 0.500000000 0.000000000 0.000000000 0.985510945 0.009423129 -0.169349775 0.443946939 -0.017212253 0.998857319 -0.044585269 0.033341205 0.168736115 0.046854164 0.984547019 0.754165977
6139000 0.812788344 1.463469346 0.500000000 0.500000000 0.000000000 0.000000000 0.983873785 0.011477387 -0.178495511 0.519958023 -0.020347754 0.998642743 -0.047944177 0.039729103 0.177702978 0.050803002 0.982771993 0.663359050
6206000 0.812788344 1.463469346 0.500000000 0.500000000 0.000000000 0.000000000 0.981921673 0.012898089 -0.188847780 0.611163990 -0.022937784 0.998431385 -0.051074214 0.044968090 0.187892795 0.054482624 0.980677307 0.566586105
6272000 0.812788344 1.463469346 0.500000000 0.500000000 0.000000000 0.000000000 0.979928792 0.013948251 -0.198859319 0.709725049 -0.025188517 0.998217404 -0.054106392 0.050865597 0.197750136 0.058029383 0.978533328 0.468985966
6339000 0.812788344 1.463469346 0.500000000 0.500000000 0.000000000 0.000000000 0.977914751 0.015868533 -0.208400816 0.817650943 -0.028563619 0.997905016 -0.058049120 0.060572691 0.207043052 0.062719777 0.976319313 0.364365985
6406000 0.812788344 1.463469346 0.500000000 0.500000000 0.000000000 0.000000000 0.976111412 0.019391706 -0.216403440 0.923573939 -0.033609524 0.997496724 -0.062214751 0.066786411 0.214655265 0.068001740 0.974319696 0.262035994
6472000 0.812788344 1.463469346 0.500000000 0.500000000 0.000000000 0.000000000 0.974460781 0.023155347 -0.223360792 1.027899979 -0.039251182 0.996920168 -0.067893334 0.073075700 0.221100792 0.074926563 0.972368479 0.155948011
6539000 0.812788344 1.463469346 0.500000000 0.500000000 0.000000000 0.000000000 0.973004162 0.026909541 -0.229213446 1.126520061 -0.044592757 0.996384144 -0.072319925 0.080044014 0.226438552 0.080588847 0.970685840 0.051101314
6606000 0.812788344 1.463469346 0.500000000 0.500000000 0.000000000 0.000000000 0.971826911 0.032274768 -0.233475521 1.213649991 -0.050825126 0.995971382 -0.073877066 0.084333409 0.230150566 0.083662137 0.969552159 -0.047560599
6673000 0.812788344 1.463469346 0.500000000 0.500000000 0.000000000 0.000000000 0.970702171 0.039179135 -0.237070069 1.292299878 -0.058364276 0.995515049 -0.074454390 0.085084797 0.233089760 0.086109467 0.968635261 -0.150871988
6739000 0.812788344 1.463469346 0.500000000 0.500000000 0.000000000 0.000000000 0.969737709 0.046591550 -0.239662230 1.362009909 -0.066039756 0.995086670 -0.073764741 0.094031321 0.235047877 0.087359682 0.968050003 -0.252869017
6806000 0.812788344 1.463469346 0.500000000 0.500000000 0.000000000 0.000000000 0.968756795 0.054241844 -0.242008328 1.419289971 -0.073185764 0.994859993 -0.069981694 0.104436964 0.236968458 0.085506812 0.967747092 -0.350870971
6873000 0.812788344 1.463469346 0.500000000 0.500000000 0.000000000 0.000000000 0.967787266 0.061772220 -0.244073853 1.472460128 -0.079964615 0.994654179 -0.065335765 0.111092040 0.238733128 0.082748383 0.967553198 -0.452667023
6973000 0.812788344 1.463469346 0.500000000 0.500000000 0.000000000 0.000000000 0.966587782 0.071427040 -0.246183410 1.534990006 -0.088239916 0.994412780 -0.057939149 0.120218979 0.240669504 0.077726476 0.967489958 -0.604361037
7073000 0.812788344 1.463469346 0.500000000 0.500000000 0.000000000 0.000000000 0.965710521 0.078628421 -0.247428328 1.591589999 -0.094246313 0.994194925 -0.051904622 0.119797995 0.241910815 0.073444046 0.967514932 -0.758667002
7140000 0.812788344 1.463469346 0.500000000 0.500000000 0.000000000 0.000000000 0.965196431 0.081444167 -0.248520985 1.624899996 -0.096647821 0.994082987 -0.049580805 0.113504000 0.243012413 0.071874231 0.967356741 -0.866981945
7207000 0.812788344 1.463469346 0.500000000 0.500000000 0.000000000 0.000000000 0.964807510 0.083098218 -0.249481708 1.658259939 -0.098229051 0.993966520 -0.048802290 0.109641000 0.243921071 0.071591169 0.967149019 -0.977668954
7273000 0.812788344 1.463469346 0.500000000 0.500000000 0.000000000 0.000000000 0.964654922 0.083534673 -0.249925733 1.689700147 -0.098606437 0.993949652 -0.048382077 0.105396008 0.244372010 0.071316287 0.967055500 -1.082030125
7340000 0.812788344 1.463469346 0.500000000 0.500000000 0.000000000 0.000000000 0.964652300 0.082124956 -0.250402629 1.717090105 -0.097024940 0.994136810 -0.047730718 0.106973033 0.245014593 0.070338830 0.966964483 -1.178850000
7407000 0.812788344 1.463469346 0.500000000 0.500000000 0.000000000 0.000000000 0.964606464 0.079479635 -0.251430452 1.742769823 -0.094209611 0.994438469 -0.047080968 0.107363946 0.246290132 0.069101788 0.966729581 -1.273040088
7473000 0.812788344 1.463469346 0.500000000 0.500000000 0.000000000 0.000000000 0.964532435 0.076884061 -0.252519399 1.764800035 -0.091241300 0.994782925 -0.045629207 0.103216060 0.247693822 0.067051023 0.966515362 -1.358909917
7540000 0.812788344 1.463469346 0.500000000 0.500000000 0.000000000 0.000000000 0.964421749 0.074558422 -0.253636926 1.790299844 -0.088268578 0.995164096 -0.043094128 0.098533864 0.249197334 0.063949101 0.966339052 -1.439470002
7607000 0.812788344 1.463469346 0.500000000 0.500000000 0.000000000 0.000000000 0.964381635 0.072770253 -0.254307956 1.815519947 -0.085448638 0.995572984 -0.039153326 0.090042534 0.250332922 0.059489008 0.966330409 -1.510660085
7674000 0.812788344 1.463469346 0.500000000 0.500000000 0.000000000 0.000000000 0.964413464 0.070196785 -0.254909873 1.842200062 -0.081893243 0.996006787 -0.035551675 0.088897576 0.251396358 0.055161916 0.966311038 -1.577859923
7740000 0.812788344 1.463469346 0.500000000 0.500000000 0.000000000 0.000000000 0.964470446 0.067239366 -0.255490839 1.867859761 -0.077793382 0.996474326 -0.031418420 0.083249307 0.252477527 0.050177641 0.966300845 -1.642050028
7807000 0.812788344 1.463469346 0.500000000 0.500000000 0.000000000 0.000000000 0.964679003 0.064712428 -0.255355984 1.894559913 -0.074353822 0.996831000 -0.028275114 0.077099202 0.252716988 0.046263102 0.966433585 -1.709930036
7874000 0.812788344 1.463469346 0.500000000 0.500000000 0.000000000 0.000000000 0.965306103 0.063845292 -0.253195494 1.916130127 -0.072929978 0.996980965 -0.026648257 0.068599635 0.250729710 0.044189248 0.967048049 -1.778190059
7941000 0.812788344 1.463469346 0.500000000 0.500000000 0.000000000 0.000000000 0.965993941 0.062874153 -0.250803709 1.934409811 -0.072058797 0.997018516 -0.027597919 0.066666879 0.248320729 0.044732042 0.967644453 -1.845709879
8007000 0.812788344 1.463469346 0.500000000 0.500000000 0.000000000 0.000000000 0.966635346 0.061289929 -0.248715922 1.950779930 -0.070734195 0.997067571 -0.029205872 0.066699081 0.246196553 0.045824155 0.968136013 -1.913959931
8074000 0.812788344 1.463469346 0.500000000 0.500000000 0.000000000 0.000000000 0.967276335 0.060203906 -0.246479303 1.966230193 -0.070064977 0.997047246 -0.031426802 0.066647416 0.243859500 0.047667965 0.968638420 -1.982660337
8174000 0.812788344 1.463469346 0.500000000 0.500000000 0.000000000 0.000000000 0.968449712 0.061480176 -0.241506383 1.979789989 -0.072100572 0.996769726 -0.035378736 0.059670352 0.238551155 0.051675286 0.969754100 -2.085469893
8241000 0.812788344 1.463469346 0.500000000 0.500000000 0.000000000 0.000000000 0.969148099 0.062244695 -0.238490283 1.989760144 -0.073248833 0.996606529 -0.037550829 0.058038043 0.235343635 0.053861439 0.970418632 -2.148860111
8308000 0.812788344 1.463469346 0.500000000 0.500000000 0.000000000 0.000000000 0.969833612 0.062003542 -0.235750660 1.997630021 -0.073292494 0.996531188 -0.039419077 0.058974566 0.232488766 0.055508681 0.971013784 -2.207200002
8408000 0.812788344 1.463469346 0.500000000 0.500000000 0.000000000 0.000000000 0.970612168 0.062383492 -0.232422575 2.005269934 -0.073501311 0.996513486 -0.039476708 0.052681300 0.229149535 0.055399939 0.971813440 -2.290030093
8474000 0.812788344 1.463469346 0.500000000 0.500000000 0.000000000 0.000000000 0.971102059 0.063298598 -0.230117470 2.006249843 -0.074065760 0.996511936 -0.038448263 0.047211034 0.226881087 0.054381009 0.972403049 -2.347670063
8541000 0.812788344 1.463469346 0.500000000 0.500000000 0.000000000 0.000000000 0.971484065 0.064977355 -0.228027925 2.006290170 -0.075236447 0.996494532 -0.036580779 0.041436541 0.224851653 0.052693650 0.972967207 -2.402390328
8608000 0.812788344 1.463469346 0.500000000 0.500000000 0.000000000 0.000000000 0.971826971 0.067122824 -0.225935534 2.002810013 -0.076687314 0.996481597 -0.033815525 0.035479941 0.222870812 0.050189242 0.973555148 -2.453909920
8708000 0.812788344 1.463469346 0.500000000 0.500000000 0.000000000 0.000000000 0.972170055 0.071188457 -0.223198563 1.993679957 -0.079705380 0.996385634 -0.029373040 0.027516086 0.220300823 0.046345718 0.974330366 -2.529620036
8775000 0.812788344 1.463469346 0.500000000 0.500000000 0.000000000 0.000000000 0.972359896 0.073663220 -0.221562549 1.986010047 -0.081669942 0.996288657 -0.027183056 0.024827534 0.218737856 0.044526704 0.974767208 -2.580090051
8875000 0.812788344 1.463469346 0.500000000 0.500000000 0.000000000 0.000000000 0.972308159 0.075908795 -0.221031070 1.979770042 -0.083638564 0.996161819 -0.025810868 0.028401774 0.218223453 0.043582842 0.974925160 -2.656560012
8942000 0.812788344 1.463469346 0.500000000 0.500000000 0.000000000 0.000000000 0.972205341 0.077379741 -0.220973283 1.976720007 -0.084943421 0.996074140 -0.024919286 0.031074539 0.218177527 0.042996883 0.974961460 -2.704360111
9008000 0.812788344 1.463469346 0.500000000 0.500000000 0.000000000 0.000000000 0.972042203 0.078828961 -0.221178308 1.974059909 -0.086381033 0.995956779 -0.024666876 0.035429172 0.218339577 0.043082871 0.974921346 -2.748299953
9075000 0.812788344 1.463469346 0.500000000 0.500000000 0.000000000 0.000000000 0.971852779 0.080180593 -0.221524894 1.971600125 -0.088085346 0.995773017 -0.026021060 0.046456381 0.218502134 0.044801738 0.974807501 -2.790049997
9142000 0.812788344 1.463469346 0.500000000 0.500000000 0.000000000 0.000000000 0.971527278 0.081732541 -0.222383842 1.970260006 -0.089835882 0.995602548 -0.026552647 0.061036872 0.219235703 0.045774676 0.974597514 -2.827579749
9209000 0.812788344 1.463469346 0.500000000 0.500000000 0.000000000 0.000000000 0.971121728 0.083620094 -0.223450795 1.965730016 -0.091962762 0.995391548 -0.027175155 0.079196154 0.220148638 0.046939526 0.974336326 -2.860160386
9309000 0.812788344 1.463469346 0.500000000 0.500000000 0.000000000 0.000000000 0.970349729 0.087337218 -0.225374416 1.952769941 -0.096062474 0.994980812 -0.028021570 0.122824035 0.221795902 0.048840743 0.973869205 -2.903260316
9375000 0.812788344 1.463469346 0.500000000 0.500000000 0.000000000 0.000000000 0.969739676 0.089595556 -0.227106914 1.940700011 -0.098414689 0.994757473 -0.027787732 0.154415987 0.223426625 0.049297526 0.973473310 -2.927040054
9442000 0.812788344 1.463469346 0.500000000 0.500000000 0.000000000 0.000000000 0.969121635 0.090597123 -0.229336902 1.924720001 -0.099788800 0.994592309 -0.028779862 0.195914050 0.225489363 0.050776429 0.972921550 -2.949260105
9509000 0.812788344 1.463469346 0.500000000 0.500000000 0.000000000 0.000000000 0.968523264 0.090687528 -0.231815517 1.900750005 -0.100353315 0.994492710 -0.030224187 0.242183987 0.227797866 0.052536294 0.972290099 -2.968909912
9576000 0.812788344 1.463469346 0.500000000 0.500000000 0.000000000 0.000000000 0.967639327 0.090610079 -0.235507801 1.875210078 -0.100706406 0.994427621 -0.031176534 0.289029016 0.231370553 0.053884786 0.971372247 -2.992589745
9642000 0.812788344 1.463469346 0.500000000 0.500000000 0.000000000 0.000000000 0.966699421 0.090819135 -0.239257410 1.842300066 -0.101145431 0.994381845 -0.031214625 0.338073986 0.235078350 0.054374956 0.970454276 -3.019929823
9709000 0.812788344 1.463469346 0.500000000 0.500000000 0.000000000 0.000000000 0.965778947 0.091467738 -0.242702872 1.800229918 -0.101759046 0.994351089 -0.030183811 0.390316964 0.238571018 0.053848114 0.969630957 -3.045279541
9776000 0.812788344 1.463469346 0.500000000 0.500000000 0.000000000 0.000000000 0.964831591 0.092014462 -0.246238321 1.755070005 -0.102163970 0.994352400 -0.028737282 0.442467029 0.242203414 0.052883320 0.968783200 -3.070400014
9843000 0.812788344 1.463469346 0.500000000 0.500000000 0.000000000 0.000000000 0.963847756 0.091847442 -0.250123054 1.708529871 -0.101990901 0.994394839 -0.027870595 0.492520036 0.246161222 0.052373275 0.967812836 -3.099179766
9909000 0.812788344 1.463469346 0.500000000 0.500000000 0.000000000 0.000000000 0.962830544 0.092560232 -0.253751844 1.661720102 -0.102660820 0.994354606 -0.026826540 0.537648020 0.249836236 0.051879779 0.966897309 -3.129169908
10009000 0.812788344 1.463469346 0.500000000 0.500000000 0.000000000 0.000000000 0.961421311 0.096123479 -0.257738709 1.586059966 -0.106144570 0.994030833 -0.025219101 0.599322859 0.253776073 0.051603761 0.965885460 -3.172630059
10076000 0.812788344 1.463469346 0.500000000 0.500000000 0.000000000 0.000000000 0.960464239 0.100098066 -0.259786129 1.536669921 -0.110118397 0.993622124 -0.024270508 0.639714104 0.255699813 0.051918175 0.965361118 -3.200840015
10143000 0.812788344 1.463469346 0.500000000 0.500000000 0.000000000 0.000000000 0.959756970 0.103379764 -0.261111498 1.483920063 -0.113567360 0.993235767 -0.024191180 0.681843051 0.256844401 0.052871384 0.965005517 -3.229980272
10210000 0.812788344 1.463469346 0.500000000 0.500000000 0.000000000 0.000000000 0.959218979 0.104675516 -0.262567997 1.428500101 -0.115094140 0.993050575 -0.024574228 0.720199931 0.258170962 0.053792112 0.964600503 -3.260720011
10310000 0.812788344 1.463469346 0.500000000 0.500000000 0.000000000 0.000000000 0.958459854 0.102729082 -0.266085446 1.352399991 -0.113969937 0.993114233 -0.027111232 0.776564052 0.261468112 0.056310765 0.963568151 -3.313550250
10376000 0.812788344 1.463469346 0.500000000 0.500000000 0.000000000 0.000000000 0.958069086 0.100560874 -0.268311471 1.302279680 -0.112548992 0.993204057 -0.029638071 0.808048918 0.263507634 0.058593530 0.962876141 -3.350159680
10443000 0.812788344 1.463469346 0.500000000 0.500000000 0.000000000 0.000000000 0.957728505 0.098254599 -0.270373970 1.251089972 -0.111502461 0.993180871 -0.034043562 0.842764947 0.265185326 0.062751859 0.962153256 -3.390809710
10543000 0.812788344 1.463469346 0.500000000 0.500000000 0.000000000 0.000000000 0.957001746 0.096446753 -0.273579270 1.176049915 -0.111742482 0.992897153 -0.040851176 0.890590942 0.267696112 0.069665089 0.960981548 -3.460630054
10610000 0.812788344 1.463469346 0.500000000 0.500000000 0.000000000 0.000000000 0.956365228 0.095811211 -0.276017487 1.129759879 -0.112596847 0.992594600 -0.045584112 0.925021929 0.269605994 0.074673787 0.960071027 -3.512749772
10677000 0.812788344 1.463469346 0.500000000 0.500000000 0.000000000 0.000000000 0.955656767 0.094737299 -0.278828084 1.085610277 -0.113121189 0.992293894 -0.050560884 0.963050065 0.271889389 0.079860188 0.959009171 -3.569570478
10777000 0.812788344 1.463469346 0.500000000 0.500000000 0.000000000 0.000000000 0.954371870 0.091917098 -0.284122437 1.026779847 -0.112786889 0.991927743 -0.057952173 1.020070008 0.276502162 0.087353207 0.957035005 -3.662209982
10844000 0.812788344 1.463469346 0.500000000 0.500000000 0.000000000 0.000000000 0.953675270 0.088740565 -0.287451833 0.989938935 -0.111244939 0.991800904 -0.062892489 1.058379905 0.279513866 0.091956593 0.955727935 -3.728079541
10911000 0.812788344 1.463469346 0.500000000 0.500000000 0.000000000 0.000000000 0.953292906 0.084770411 -0.289907753 0.949429984 -0.108744591 0.991769731 -0.067582548 1.095379797 0.281792700 0.095951885 0.954665422 -3.793639745
11011000 0.812788344 1.463469346 0.500000000 0.500000000 0.000000000 0.000000000 0.952957988 0.080401264 -0.292244226 0.886320939 -0.106135644 0.991648436 -0.073270917 1.142739943 0.283912450 0.100841656 0.953532696 -3.899689437
11077000 0.812788344 1.463469346 0.500000000 0.500000000 0.000000000 0.000000000 0.952860475 0.078777581 -0.293003440 0.839332046 -0.105904952 0.991321862 -0.077878661 1.175240030 0.284325659 0.105237998 0.952934384 -3.972940291
11144000 0.812788344 1.463469346 0.500000000 0.500000000 0.000000000 0.000000000 0.952951968 0.078585945 -0.292757303 0.786460009 -0.106888331 0.990888596 -0.081943423 1.204160071 0.283650249 0.109380484 0.952669144 -4.045959920
11211000 0.812788344 1.463469346 0.500000000 0.500000000 0.000000000 0.000000000 0.953119457 0.078695253 -0.292182088 0.732139996 -0.107761309 0.990559459 -0.084731698 1.231239984 0.282755733 0.112245351 0.952601790 -4.113659606
11278000 0.812788344 1.463469346 0.500000000 0.500000000 0.000000000 0.000000000 0.953379512 0.079560980 -0.291097343 0.673628118 -0.108950436 0.990306020 -0.086161643 1.254110175 0.281420350 0.113859907 0.952805638 -4.176920196
11344000 0.812788344 1.463469346 0.500000000 0.500000000 0.000000000 0.000000000 0.953723967 0.081057981 -0.289551675 0.612082924 -0.110529825 0.990066409 -0.086900428 1.273270016 0.279631436 0.114883125 0.953209400 -4.237840270
11444000 0.812788344 1.463469346 0.500000000 0.500000000 0.000000000 0.000000000 0.954534233 0.081572428 -0.286723316 0.510331888 -0.111000225 0.989925563 -0.087899595 1.300959794 0.276664555 0.115729555 0.953972399 -4.320669631
11511000 0.812788344 1.463469346 0.500000000 0.500000000 0.000000000 0.000000000 0.955161631 0.080915645 -0.284813911 0.437574060 -0.110126376 0.990008712 -0.088062070 1.313210038 0.274842650 0.115479030 0.954529285 -4.369040291
11578000 0.812788344 1.463469346 0.500000000 0.500000000 0.000000000 0.000000000 0.955763936 0.080061816 -0.283029079 0.363141769 -0.109165154 0.990069389 -0.088575229 1.322610015 0.273126960 0.115553916 0.955012560 -4.418839889
11645000 0.812788344 1.463469346 0.500000000 0.500000000 0.000000000 0.000000000 0.956376553 0.078906924 -0.281278491 0.286440098 -0.108025879 0.990107119 -0.089545056 1.329619888 0.271430075 0.116024166 0.955439210 -4.466720108
11711000 0.812788344 1.463469346 0.500000000 0.500000000 0.000000000 0.000000000 0.956891119 0.077363417 -0.279954135 0.211084809 -0.106666103 0.990124285 -0.090973675 1.335700017 0.270151377 0.116913512 0.955693185 -4.512789887
11778000 0.812788344 1.463469346 0.500000000 0.500000000 0.000000000 0.000000000 0.957287908 0.076591261 -0.278807372 0.135097998 -0.106148429 0.990039647 -0.092487544 1.342549887 0.268946618 0.118132189 0.955883086 -4.558229925
