https://www.youtube.com/watch?v=pU7yHZbUIRk
58400000 0.831639297 1.480271572 0.500000000 0.500000000 0.000000000 0.000000000 0.990921736 -0.027093869 0.131681427 1.330900016 0.020811915 0.998589277 0.048850246 -0.587409028 -0.132819191 -0.045666233 0.990087688 3.874329987
58466667 0.831639297 1.480271572 0.500000000 0.500000000 0.000000000 0.000000000 0.986683607 -0.041051470 0.157385662 1.184340024 0.031730667 0.997615755 0.061285593 -0.468816999 -0.159526274 -0.055475540 0.985633731 3.538959945
58533333 0.831639297 1.480271572 0.500000000 0.500000000 0.000000000 0.000000000 0.983479321 -0.052560110 0.173221871 1.030509934 0.041676711 0.996956766 0.065880634 -0.394332949 -0.176157400 -0.057572916 0.982676923 3.236779998
58600000 0.831639297 1.480271572 0.500000000 0.500000000 0.000000000 0.000000000 0.982407331 -0.049479190 0.180076852 0.892834071 0.039653730 0.997542560 0.057761386 -0.380226994 -0.182492301 -0.049604498 0.981955171 2.940100019
58666667 0.831639297 1.480271572 0.500000000 0.500000000 0.000000000 0.000000000 0.978269637 -0.047901936 0.201727301 0.836714032 0.040246621 0.998311579 0.041883305 -0.378930005 -0.203392982 -0.032854319 0.978545785 2.601999900
58733333 0.831639297 1.480271572 0.500000000 0.500000000 0.000000000 0.000000000 0.972234726 -0.051675327 0.228230894 0.739544002 0.045656711 0.998458028 0.031575978 -0.363197021 -0.229510665 -0.020278998 0.973094881 2.280869944
58800000 0.831639297 1.480271572 0.500000000 0.500000000 0.000000000 0.000000000 0.967862487 -0.052706648 0.245894536 0.635492013 0.047576685 0.998509049 0.026760951 -0.353028005 -0.246938393 -0.014202066 0.968927085 1.982259868
58866667 0.831639297 1.480271572 0.500000000 0.500000000 0.000000000 0.000000000 0.960080445 -0.052175339 0.274815023 0.540523016 0.049138639 0.998631060 0.017927941 -0.330309034 -0.275374234 -0.003708237 0.961329997 1.659660135
58933333 0.831639297 1.480271572 0.500000000 0.500000000 0.000000000 0.000000000 0.948256254 -0.057601880 0.312237024 0.462454923 0.055444028 0.998336911 0.015792282 -0.322068955 -0.312627435 0.002336564 0.949872911 1.361899905
59000000 0.831639297 1.480271572 0.500000000 0.500000000 0.000000000 0.000000000 0.935300946 -0.066289760 0.347588658 0.294024037 0.065076269 0.997764885 0.015177973 -0.285014031 -0.347817898 0.008423792 0.937524319 1.068780082
59066667 0.831639297 1.480271572 0.500000000 0.500000000 0.000000000 0.000000000 0.923643172 -0.076796882 0.375480503 0.102888953 0.076297812 0.996953130 0.016221723 -0.248460008 -0.375582248 0.013665248 0.926688313 0.785853946
59133333 0.831639297 1.480271572 0.500000000 0.500000000 0.000000000 0.000000000 0.909906328 -0.084343262 0.406148821 -0.113154036 0.085147224 0.996237874 0.016126987 -0.189478025 -0.405981034 0.019908365 0.913664699 0.487726072
59200000 0.831639297 1.480271572 0.500000000 0.500000000 0.000000000 0.000000000 0.891915858 -0.094568186 0.442202508 -0.348642001 0.094680317 0.995267332 0.021876287 -0.114068008 -0.442178488 0.022356041 0.896648467 0.220268995
59266667 0.831639297 1.480271572 0.500000000 0.500000000 0.000000000 0.000000000 0.869947612 -0.112928398 0.480039924 -0.630184029 0.111314423 0.993271947 0.031936713 -0.079075509 -0.480416745 0.025652111 0.876665115 0.026044299
59333333 0.831639297 1.480271572 0.500000000 0.500000000 0.000000000 0.000000000 0.849700928 -0.133197457 0.510163367 -0.904848933 0.132471621 0.990459681 0.037959315 -0.040693815 -0.510352314 0.035328127 0.859239399 -0.195579017
59400000 0.831639297 1.480271572 0.500000000 0.500000000 0.000000000 0.000000000 0.829275727 -0.148245513 0.538818121 -1.156709981 0.149777263 0.987857938 0.041273378 0.005715640 -0.538394332 0.046475701 0.841410398 -0.380173981
59466667 0.831639297 1.480271572 0.500000000 0.500000000 0.000000000 0.000000000 0.805623591 -0.158150792 0.570927918 -1.367129706 0.166203797 0.985342681 0.038419958 0.025361856 -0.568635762 0.063938439 0.820100605 -0.493168852
59533333 0.831639297 1.480271572 0.500000000 0.500000000 0.000000000 0.000000000 0.780068636 -0.162368223 0.604259372 -1.634769870 0.184453413 0.982500374 0.025883794 0.068160481 -0.597887754 0.091266595 0.796367109 -0.624188022
59600000 0.831639297 1.480271572 0.500000000 0.500000000 0.000000000 0.000000000 0.760056078 -0.164159968 0.628781855 -1.867990748 0.199599251 0.979770005 0.014523886 0.126351144 -0.618445814 0.114465334 0.777446330 -0.797260416
59666667 0.831639297 1.480271572 0.500000000 0.500000000 0.000000000 0.000000000 0.744721472 -0.168178886 0.645837069 -2.071159614 0.212556362 0.977104127 0.009341419 0.136294842 -0.632621050 0.130320102 0.763417959 -0.965248760
59733333 0.831639297 1.480271572 0.500000000 0.500000000 0.000000000 0.000000000 0.731490493 -0.167922825 0.660850286 -2.249029011 0.226636440 0.973973572 -0.003374361 0.225576692 -0.643084049 0.152241200 0.750509858 -1.177519528
59800000 0.831639297 1.480271572 0.500000000 0.500000000 0.000000000 0.000000000 0.714458287 -0.167526409 0.679326296 -2.430769818 0.235738918 0.971781135 -0.008282654 0.273760982 -0.658768892 0.166061282 0.733789563 -1.369799872
59866667 0.831639297 1.480271572 0.500000000 0.500000000 0.000000000 0.000000000 0.700793862 -0.169881329 0.692841172 -2.610121563 0.246734425 0.969009221 -0.011970229 0.314043412 -0.669335961 0.179336280 0.720991254 -1.599650727
59933333 0.831639297 1.480271572 0.500000000 0.500000000 0.000000000 0.000000000 0.685454369 -0.171520442 0.707624555 -2.792028651 0.257013977 0.966295183 -0.014742158 0.401622516 -0.681245565 0.191974640 0.706434488 -1.834619229
60000000 0.831639297 1.480271572 0.500000000 0.500000000 0.000000000 0.000000000 0.670359790 -0.181646019 0.719459653 -2.961559173 0.271916777 0.962264419 -0.010411300 0.430591608 -0.690419197 0.202612549 0.694455981 -2.057989359
60066667 0.831639297 1.480271572 0.500000000 0.500000000 0.000000000 0.000000000 0.655010343 -0.191772610 0.730879068 -3.152708213 0.292993575 0.956042469 -0.011726938 0.534340348 -0.696502447 0.221824288 0.682405829 -2.304138691
60133333 0.831639297 1.480271572 0.500000000 0.500000000 0.000000000 0.000000000 0.640081644 -0.202284709 0.741199195 -3.355639411 0.305920094 0.952047229 -0.004356772 0.590221866 -0.704775274 0.229536459 0.671270967 -2.555829854
60200000 0.831639297 1.480271572 0.500000000 0.500000000 0.000000000 0.000000000 0.630726814 -0.205241174 0.748371065 -3.524858263 0.313716143 0.949508369 -0.003996544 0.716971237 -0.709764302 0.237296969 0.663267851 -2.761278527
60266667 0.831639297 1.480271572 0.500000000 0.500000000 0.000000000 0.000000000 0.619135380 -0.201058805 0.759109318 -3.693890970 0.316790402 0.948468566 -0.007163957 0.834372451 -0.718550980 0.244913921 0.650923908 -2.928550858
60333333 0.831639297 1.480271572 0.500000000 0.500000000 0.000000000 0.000000000 0.610066891 -0.195981264 0.767730296 -3.831750315 0.321132243 0.946938753 -0.013455100 0.958437756 -0.724356592 0.254751474 0.640631855 -3.051429655
60400000 0.831639297 1.480271572 0.500000000 0.500000000 0.000000000 0.000000000 0.600614965 -0.191825926 0.776186168 -3.963042237 0.327844799 0.944514334 -0.020260915 1.055650916 -0.729232371 0.266637444 0.630178511 -3.145711393
60466667 0.831639297 1.480271572 0.500000000 0.500000000 0.000000000 0.000000000 0.591922402 -0.189896733 0.783305109 -4.108368750 0.336384743 0.941366136 -0.025981307 1.157329753 -0.732443154 0.278870881 0.621094108 -3.268249358
60533333 0.831639297 1.480271572 0.500000000 0.500000000 0.000000000 0.000000000 0.584524095 -0.187071443 0.789516389 -4.213241300 0.341719985 0.939309001 -0.030430928 1.240380326 -0.735907137 0.287581086 0.612974763 -3.320000694
