https://www.youtube.com/watch?v=nMkHv3tPpQc
60233333 0.979276804 1.743917671 0.500000000 0.500000000 0.000000000 0.000000000 0.998797238 0.018092232 -0.045570835 -2.738259918 -0.020849640 0.997933507 -0.060778309 -2.189739707 0.044377051 0.061655346 0.997110486 3.339919983
60300000 0.979276804 1.743917671 0.500000000 0.500000000 0.000000000 0.000000000 0.998728156 0.017844500 -0.047155999 -2.734030061 -0.021331424 0.996992290 -0.074507341 -2.259029975 0.045684621 0.075418487 0.996104896 3.275859965
60366667 0.979276804 1.743917671 0.500000000 0.500000000 0.000000000 0.000000000 0.998695850 0.017331250 -0.048022799 -2.723089822 -0.021521788 0.995873213 -0.088166386 -2.325849959 0.046296589 0.089084938 0.994947493 3.215919950
60433333 0.979276804 1.743917671 0.500000000 0.500000000 0.000000000 0.000000000 0.998653293 0.017205976 -0.048944280 -2.710979991 -0.022107244 0.994596958 -0.101430893 -2.390910194 0.046934612 0.102376312 0.993637860 3.156479911
60500000 0.979276804 1.743917671 0.500000000 0.500000000 0.000000000 0.000000000 0.998636067 0.017101694 -0.049331103 -2.697580310 -0.022683460 0.993117094 -0.114908002 -2.451899939 0.047026444 0.115870275 0.992150486 3.108150101
60566667 0.979276804 1.743917671 0.500000000 0.500000000 0.000000000 0.000000000 0.998639226 0.016797913 -0.049370877 -2.680329901 -0.023000663 0.991522074 -0.127886340 -2.515839783 0.046804093 0.128847882 0.990559220 3.050239874
60633333 0.979276804 1.743917671 0.500000000 0.500000000 0.000000000 0.000000000 0.998674750 0.016413240 -0.048778657 -2.659820000 -0.023158418 0.989722967 -0.141110316 -2.578800095 0.045961279 0.142052934 0.988791466 2.993429909
60700000 0.979276804 1.743917671 0.500000000 0.500000000 0.000000000 0.000000000 0.998740077 0.015333394 -0.047782771 -2.637060033 -0.022527447 0.987834692 -0.153867185 -2.636810112 0.044842169 0.154749751 0.986935496 2.928420137
60766667 0.979276804 1.743917671 0.500000000 0.500000000 0.000000000 0.000000000 0.998845816 0.013146468 -0.046197344 -2.610330061 -0.020649366 0.985926569 -0.165898785 -2.692449803 0.043366205 0.166661248 0.985060096 2.876529671
60833333 0.979276804 1.743917671 0.500000000 0.500000000 0.000000000 0.000000000 0.998976350 0.010672403 -0.043958552 -2.580690098 -0.018306129 0.984020710 -0.177110672 -2.745020015 0.041365929 0.177734077 0.983208776 2.827840249
60900000 0.979276804 1.743917671 0.500000000 0.500000000 0.000000000 0.000000000 0.999136806 0.007038414 -0.040939745 -2.543899923 -0.014551729 0.982396364 -0.186240777 -2.799129873 0.038908217 0.186675772 0.981650770 2.786939853
60966667 0.979276804 1.743917671 0.500000000 0.500000000 0.000000000 0.000000000 0.999276280 0.002965194 -0.037923392 -2.500040206 -0.010288088 0.980869055 -0.194396660 -2.845080104 0.036621463 0.194646135 0.980189681 2.736750072
61033333 0.979276804 1.743917671 0.500000000 0.500000000 0.000000000 0.000000000 0.999387920 -0.001523661 -0.034948900 -2.448729695 -0.005531798 0.979597569 -0.200892925 -2.874589757 0.034541950 0.200963289 0.978989601 2.690079983
61100000 0.979276804 1.743917671 0.500000000 0.500000000 0.000000000 0.000000000 0.999495149 -0.007151977 -0.030955959 -2.391629951 0.000662837 0.978815854 -0.204741433 -2.884489979 0.031764489 0.204617545 0.978326440 2.672419903
61166667 0.979276804 1.743917671 0.500000000 0.500000000 0.000000000 0.000000000 0.999567568 -0.012278024 -0.026720142 -2.332460045 0.006513827 0.978537083 -0.205967784 -2.868789967 0.028675528 0.205704659 0.978193879 2.669829716
61233333 0.979276804 1.743917671 0.500000000 0.500000000 0.000000000 0.000000000 0.999631405 -0.017572690 -0.020694237 -2.270369903 0.012984453 0.978881836 -0.204014078 -2.837459808 0.023842294 0.203670189 0.978749156 2.681419577
61300000 0.979276804 1.743917671 0.500000000 0.500000000 0.000000000 0.000000000 0.999629557 -0.023400880 -0.013896700 -2.202450103 0.020165354 0.979741096 -0.199250519 -2.794540017 0.018277802 0.198896468 0.979850054 2.690299890
61366667 0.979276804 1.743917671 0.500000000 0.500000000 0.000000000 0.000000000 0.999552786 -0.029167833 -0.006588806 -2.128959930 0.027360780 0.981006444 -0.192035735 -2.733510196 0.012064930 0.191769570 0.981365800 2.698489968
61433333 0.979276804 1.743917671 0.500000000 0.500000000 0.000000000 0.000000000 0.999396443 -0.034723070 0.001024864 -2.049599717 0.034324367 0.982520819 -0.182960898 -2.656940089 0.005346014 0.182885647 0.983119667 2.710410407
61500000 0.979276804 1.743917671 0.500000000 0.500000000 0.000000000 0.000000000 0.999132454 -0.040525988 0.009592770 -1.963560142 0.041570902 0.984328926 -0.171372324 -2.568370197 -0.002497409 0.171622425 0.985159636 2.723989954
61566667 0.979276804 1.743917671 0.500000000 0.500000000 0.000000000 0.000000000 0.998767734 -0.045742638 0.019252045 -1.871530022 0.048210829 0.986323237 -0.157614306 -2.463070055 -0.011779051 0.158348247 0.987313092 2.729400050
61633333 0.979276804 1.743917671 0.500000000 0.500000000 0.000000000 0.000000000 0.998326957 -0.049206413 0.030364532 -1.784459896 0.053044334 0.988407195 -0.142258689 -2.346770087 -0.023012485 0.143631354 0.989363670 2.708760243
61700000 0.979276804 1.743917671 0.500000000 0.500000000 0.000000000 0.000000000 0.997814059 -0.052021682 0.040753368 -1.694219957 0.056818880 0.990261674 -0.127096415 -2.220740314 -0.033744734 0.129134148 0.991052806 2.685250072
61766667 0.979276804 1.743917671 0.500000000 0.500000000 0.000000000 0.000000000 0.997048497 -0.055937335 0.052586228 -1.607070025 0.061537951 0.991830289 -0.111739852 -2.095800011 -0.045906179 0.114646100 0.992345154 2.650989739
61833333 0.979276804 1.743917671 0.500000000 0.500000000 0.000000000 0.000000000 0.996271729 -0.058246285 0.063639686 -1.521949997 0.064287789 0.993164599 -0.097422868 -1.968790169 -0.057530165 0.101150900 0.993206322 2.595099942
61900000 0.979276804 1.743917671 0.500000000 0.500000000 0.000000000 0.000000000 0.995322645 -0.061435673 0.074555144 -1.437459899 0.067674927 0.994142413 -0.084267557 -1.845590014 -0.068941399 0.088918924 0.993650079 2.553799813
61966667 0.979276804 1.743917671 0.500000000 0.500000000 0.000000000 0.000000000 0.994346499 -0.064552397 0.084309109 -1.356829906 0.070735902 0.994853973 -0.072539993 -1.733000167 -0.079192616 0.078093566 0.993795693 2.515419867
62033333 0.979276804 1.743917671 0.500000000 0.500000000 0.000000000 0.000000000 0.993311405 -0.067493327 0.093686379 -1.283150060 0.073470078 0.995375752 -0.061881352 -1.632569966 -0.089076571 0.068350598 0.993676782 2.469189635
62100000 0.979276804 1.743917671 0.500000000 0.500000000 0.000000000 0.000000000 0.992283642 -0.070278406 0.102147862 -1.213240143 0.075894058 0.995750368 -0.052166443 -1.549020127 -0.098047599 0.059516314 0.993400455 2.428360029
62166667 0.979276804 1.743917671 0.500000000 0.500000000 0.000000000 0.000000000 0.991341710 -0.072419100 0.109531209 -1.148450064 0.077663936 0.995990634 -0.044396035 -1.484010011 -0.105876938 0.052518271 0.992991388 2.382309887
62233333 0.979276804 1.743917671 0.500000000 0.500000000 0.000000000 0.000000000 0.990543127 -0.074615285 0.115138426 -1.083979938 0.079425752 0.996125102 -0.037767377 -1.433270014 -0.111874253 0.046555173 0.992631257 2.326469765
62300000 0.979276804 1.743917671 0.500000000 0.500000000 0.000000000 0.000000000 0.990016341 -0.075589165 0.118970364 -1.025470044 0.080062181 0.996234417 -0.033271611 -1.390759947 -0.116007403 0.042464472 0.992340207 2.263180181
62366667 0.979276804 1.743917671 0.500000000 0.500000000 0.000000000 0.000000000 0.989764035 -0.075445525 0.121140756 -0.973035907 0.079515614 0.996408284 -0.029116061 -1.351879953 -0.118508987 0.038450610 0.992208242 2.223310039
62433333 0.979276804 1.743917671 0.500000000 0.500000000 0.000000000 0.000000000 0.989731252 -0.073874980 0.122370616 -0.925156049 0.077540725 0.996663988 -0.025463246 -1.308990112 -0.120081291 0.034690470 0.992157757 2.179140059
62500000 0.979276804 1.743917671 0.500000000 0.500000000 0.000000000 0.000000000 0.990110278 -0.069606610 0.121805482 -0.876544003 0.072972931 0.997059524 -0.023392340 -1.264039991 -0.119819053 0.032049492 0.992278278 2.135429967
62566667 0.979276804 1.743917671 0.500000000 0.500000000 0.000000000 0.000000000 0.990700781 -0.064519823 0.119787917 -0.825949966 0.067621082 0.997468412 -0.022003669 -1.217290062 -0.118064985 0.029899236 0.992555618 2.074369912
62633333 0.979276804 1.743917671 0.500000000 0.500000000 0.000000000 0.000000000 0.991567373 -0.057756994 0.116009906 -0.773230963 0.060610767 0.997935891 -0.021221329 -1.169920079 -0.114544764 0.028073829 0.993021309 2.014130010
62700000 0.979276804 1.743917671 0.500000000 0.500000000 0.000000000 0.000000000 0.992672622 -0.049616173 0.110178463 -0.717016012 0.052193314 0.998423874 -0.020629216 -1.122869808 -0.108981274 0.026228644 0.993697703 1.952199967
62766667 0.979276804 1.743917671 0.500000000 0.500000000 0.000000000 0.000000000 0.993890822 -0.039843675 0.102925129 -0.656853096 0.042196941 0.998893023 -0.020787783 -1.078269869 -0.101982929 0.025003910 0.994471848 1.881269966
62833333 0.979276804 1.743917671 0.500000000 0.500000000 0.000000000 0.000000000 0.995111942 -0.029148836 0.094353676 -0.593936988 0.031205628 0.999304831 -0.020396836 -1.032649943 -0.093693540 0.023241505 0.995329738 1.792819917
62900000 0.979276804 1.743917671 0.500000000 0.500000000 0.000000000 0.000000000 0.996278584 -0.017390769 0.084418640 -0.525955005 0.019173268 0.999609053 -0.020350307 -0.986901000 -0.084031731 0.021893159 0.996222556 1.721190038
62966667 0.979276804 1.743917671 0.500000000 0.500000000 0.000000000 0.000000000 0.997273505 -0.005980322 0.073551357 -0.452413974 0.007490329 0.999766469 -0.020271281 -0.943170042 -0.073412955 0.020766934 0.997085392 1.633370121
63033333 0.979276804 1.743917671 0.500000000 0.500000000 0.000000000 0.000000000 0.998067021 0.005252546 0.061924778 -0.377542021 -0.004011594 0.999789000 -0.020147013 -0.904806981 -0.062017530 0.019859651 0.997877479 1.558550031
63100000 0.979276804 1.743917671 0.500000000 0.500000000 0.000000000 0.000000000 0.998622060 0.016467767 0.049827415 -0.306576987 -0.015480636 0.999677479 -0.020132532 -0.869762058 -0.050142881 0.019333431 0.998554885 1.482289965
63166667 0.979276804 1.743917671 0.500000000 0.500000000 0.000000000 0.000000000 0.998973072 0.025792910 0.037248958 -0.243340002 -0.025072074 0.999491692 -0.019691061 -0.837118932 -0.037737917 0.018736932 0.999112010 1.420670014
63233333 0.979276804 1.743917671 0.500000000 0.500000000 0.000000000 0.000000000 0.999084890 0.034433965 0.025369802 -0.188887984 -0.033963490 0.999247193 -0.018748017 -0.804274952 -0.025996273 0.017869214 0.999502301 1.375739910
63300000 0.979276804 1.743917671 0.500000000 0.500000000 0.000000000 0.000000000 0.999031663 0.041716516 0.013983036 -0.147335009 -0.041478433 0.998996377 -0.016905043 -0.772103000 -0.014674223 0.016308676 0.999759316 1.325449995
63366667 0.979276804 1.743917671 0.500000000 0.500000000 0.000000000 0.000000000 0.998860955 0.047608528 0.003196281 -0.117119996 -0.047556575 0.998759925 -0.014731581 -0.743049066 -0.003893667 0.014562798 0.999886394 1.286219990
63433333 0.979276804 1.743917671 0.500000000 0.500000000 0.000000000 0.000000000 0.998600185 0.052478604 -0.006604244 -0.098183690 -0.052554324 0.998547554 -0.011867796 -0.714896930 0.005971846 0.012198265 0.999907792 1.254200006
63500000 0.979276804 1.743917671 0.500000000 0.500000000 0.000000000 0.000000000 0.998256326 0.056813031 -0.016017979 -0.084875003 -0.056961291 0.998336196 -0.008956321 -0.684772999 0.015482494 0.009853108 0.999831617 1.213210100
63566667 0.979276804 1.743917671 0.500000000 0.500000000 0.000000000 0.000000000 0.997919261 0.060034048 -0.023518048 -0.077919302 -0.060177606 0.998172820 -0.005444186 -0.653211020 0.023148239 0.006848117 0.999708593 1.184250020
63633333 0.979276804 1.743917671 0.500000000 0.500000000 0.000000000 0.000000000 0.997566342 0.062782355 -0.030327199 -0.071788299 -0.062858276 0.998021245 -0.001555408 -0.618649028 0.030169537 0.003457937 0.999538839 1.144060035
63700000 0.979276804 1.743917671 0.500000000 0.500000000 0.000000000 0.000000000 0.997240305 0.064713441 -0.036386587 -0.067972502 -0.064631127 0.997903287 0.003435194 -0.584640957 0.036532596 -0.001074007 0.999331892 1.103749985
63766667 0.979276804 1.743917671 0.500000000 0.500000000 0.000000000 0.000000000 0.996952713 0.065846436 -0.041826855 -0.068053803 -0.065560959 0.997815192 0.008161991 -0.549872964 0.042272907 -0.005394910 0.999091506 1.053719933
63833333 0.979276804 1.743917671 0.500000000 0.500000000 0.000000000 0.000000000 0.996683478 0.066798344 -0.046475701 -0.073866697 -0.066242889 0.997713625 0.013392521 -0.508113024 0.047264040 -0.010269420 0.998829663 0.996223977
63900000 0.979276804 1.743917671 0.500000000 0.500000000 0.000000000 0.000000000 0.996470749 0.067073666 -0.050469946 -0.082586702 -0.066211469 0.997632861 0.018567614 -0.462478030 0.051595870 -0.015160398 0.998552978 0.938622013
63966667 0.979276804 1.743917671 0.500000000 0.500000000 0.000000000 0.000000000 0.996334851 0.066384666 -0.053944368 -0.093278403 -0.065145381 0.997577012 0.024417853 -0.416225005 0.055434633 -0.020814130 0.998245358 0.872609979
64033333 0.979276804 1.743917671 0.500000000 0.500000000 0.000000000 0.000000000 0.996198118 0.065387443 -0.057565533 -0.104409006 -0.063721389 0.997507095 0.030318575 -0.366140022 0.059404477 -0.026535152 0.997881234 0.798695975
64100000 0.979276804 1.743917671 0.500000000 0.500000000 0.000000000 0.000000000 0.996109426 0.063881978 -0.060705248 -0.115965999 -0.061765939 0.997436881 0.036118906 -0.317285990 0.062857002 -0.032228861 0.997502029 0.720464999
64166667 0.979276804 1.743917671 0.500000000 0.500000000 0.000000000 0.000000000 0.996125340 0.061594781 -0.062772118 -0.128846996 -0.059037630 0.997379780 0.041810088 -0.266149984 0.065182932 -0.037942171 0.997151732 0.647398962
64233333 0.979276804 1.743917671 0.500000000 0.500000000 0.000000000 0.000000000 0.996215701 0.058295224 -0.064466923 -0.140492021 -0.055293906 0.997344375 0.047400385 -0.218881011 0.067058936 -0.043656379 0.996793449 0.563926985
64300000 0.979276804 1.743917671 0.500000000 0.500000000 0.000000000 0.000000000 0.996334076 0.054806162 -0.065686531 -0.146541990 -0.051391881 0.997293055 0.052587941 -0.175619008 0.068390869 -0.049019404 0.996453583 0.494727953
64366667 0.979276804 1.743917671 0.500000000 0.500000000 0.000000000 0.000000000 0.996455133 0.050898172 -0.066981912 -0.150392002 -0.047121383 0.997272611 0.056806438 -0.136900002 0.069690570 -0.053448781 0.996135771 0.415622019
64433333 0.979276804 1.743917671 0.500000000 0.500000000 0.000000000 0.000000000 0.996654809 0.046792947 -0.067004338 -0.151811991 -0.042748839 0.997248232 0.060568377 -0.102892996 0.069654137 -0.057501405 0.995912611 0.358162012
64500000 0.979276804 1.743917671 0.500000000 0.500000000 0.000000000 0.000000000 0.996804655 0.042984866 -0.067325957 -0.148387990 -0.038684443 0.997204602 0.063925810 -0.073124202 0.069885604 -0.061117075 0.995681047 0.283357009
64566667 0.979276804 1.743917671 0.500000000 0.500000000 0.000000000 0.000000000 0.996944249 0.039360456 -0.067475274 -0.139200009 -0.034908086 0.997212768 0.065940216 -0.045767599 0.069882646 -0.063383281 0.995539546 0.208656985
64633333 0.979276804 1.743917671 0.500000000 0.500000000 0.000000000 0.000000000 0.997066021 0.035922941 -0.067593388 -0.123735998 -0.031373147 0.997245550 0.067209177 -0.021933003 0.069821559 -0.064891376 0.995446682 0.148575000
64700000 0.979276804 1.743917671 0.500000000 0.500000000 0.000000000 0.000000000 0.997211099 0.033081725 -0.066900030 -0.105334995 -0.028523814 0.997279286 0.067973934 -0.000358319 0.068966702 -0.065876119 0.995441556 0.095127299
64766667 0.979276804 1.743917671 0.500000000 0.500000000 0.000000000 0.000000000 0.997257888 0.031701598 -0.066870578 -0.083013199 -0.027178895 0.997349560 0.067491718 0.021864000 0.068832941 -0.065489180 0.995476365 0.020235500
64833333 0.979276804 1.743917671 0.500000000 0.500000000 0.000000000 0.000000000 0.997247636 0.031557221 -0.067091390 -0.056581298 -0.027087135 0.997417152 0.066523105 0.043158799 0.069017395 -0.064522699 0.995526731 -0.048583898
64900000 0.979276804 1.743917671 0.500000000 0.500000000 0.000000000 0.000000000 0.997173071 0.032355472 -0.067815945 -0.027563300 -0.027927451 0.997477710 0.065255508 0.066334794 0.069756269 -0.063177109 0.995561481 -0.125527980
64966667 0.979276804 1.743917671 0.500000000 0.500000000 0.000000000 0.000000000 0.996958077 0.034935959 -0.069671065 0.006582141 -0.030536495 0.997530997 0.063241415 0.091883900 0.071708441 -0.060921531 0.995563388 -0.201846997
65033333 0.979276804 1.743917671 0.500000000 0.500000000 0.000000000 0.000000000 0.996672511 0.038143698 -0.072034113 0.041683499 -0.033703353 0.997514188 0.061882898 0.116070008 0.074215494 -0.059249200 0.995480597 -0.294357023
65100000 0.979276804 1.743917671 0.500000000 0.500000000 0.000000000 0.000000000 0.996146739 0.043747067 -0.076012090 0.084600795 -0.039246775 0.997443140 0.059722900 0.144027979 0.078430444 -0.056509539 0.995316684 -0.381319999
65166667 0.979276804 1.743917671 0.500000000 0.500000000 0.000000000 0.000000000 0.995451629 0.049816076 -0.081205979 0.134930002 -0.045135964 0.997267425 0.058484346 0.171581995 0.083897546 -0.054553024 0.994979978 -0.474951999
65233333 0.979276804 1.743917671 0.500000000 0.500000000 0.000000000 0.000000000 0.994586766 0.056495268 -0.087209426 0.190298006 -0.051596474 0.997014701 0.057441473 0.199458998 0.090194248 -0.052630827 0.994532526 -0.559078964
65300000 0.979276804 1.743917671 0.500000000 0.500000000 0.000000000 0.000000000 0.993523121 0.063717470 -0.094084196 0.252247970 -0.058473870 0.996632874 0.057478044 0.228958000 0.097429760 -0.051604297 0.993903637 -0.644226043
65366667 0.979276804 1.743917671 0.500000000 0.500000000 0.000000000 0.000000000 0.992230713 0.071184874 -0.102034122 0.323570020 -0.065514594 0.996170998 0.057889543 0.265928992 0.105764300 -0.050755054 0.993095100 -0.718214039
65433333 0.979276804 1.743917671 0.500000000 0.500000000 0.000000000 0.000000000 0.990832210 0.078677274 -0.109824367 0.403048979 -0.072652124 0.995679259 0.057831097 0.310160980 0.113899834 -0.049321946 0.992267191 -0.796842026
65500000 0.979276804 1.743917671 0.500000000 0.500000000 0.000000000 0.000000000 0.989296317 0.086012386 -0.117875405 0.488644968 -0.079482846 0.995087147 0.059026066 0.356305037 0.122373275 -0.049025189 0.991272569 -0.869057038
65566667 0.979276804 1.743917671 0.500000000 0.500000000 0.000000000 0.000000000 0.987943113 0.091559276 -0.124840997 0.576828007 -0.084487602 0.994566619 0.060820188 0.400323033 0.129731342 -0.049539376 0.990310907 -0.935103022
65633333 0.979276804 1.743917671 0.500000000 0.500000000 0.000000000 0.000000000 0.986691117 0.096133575 -0.131144762 0.661483995 -0.088410556 0.994057655 0.063505374 0.437465997 0.136470467 -0.051065594 0.989327073 -0.996276922
65700000 0.979276804 1.743917671 0.500000000 0.500000000 0.000000000 0.000000000 0.985639036 0.099748649 -0.136256963 0.740459035 -0.091395833 0.993608057 0.066255532 0.471641990 0.141994923 -0.052850727 0.988455474 -1.062879945
65766667 0.979276804 1.743917671 0.500000000 0.500000000 0.000000000 0.000000000 0.984782934 0.102616273 -0.140258625 0.814983043 -0.093669645 0.993210673 0.068982013 0.507299018 0.146385029 -0.054794349 0.987708986 -1.129660062
65833333 0.979276804 1.743917671 0.500000000 0.500000000 0.000000000 0.000000000 0.984408021 0.103767432 -0.142032281 0.883302998 -0.094212808 0.992913365 0.072435796 0.537231919 0.148542240 -0.057925105 0.987208128 -1.185340054
65900000 0.979276804 1.743917671 0.500000000 0.500000000 0.000000000 0.000000000 0.984171569 0.104732886 -0.142959327 0.954525017 -0.094585657 0.992608607 0.076037399 0.563165994 0.149866283 -0.061311956 0.986803412 -1.260750193
65966667 0.979276804 1.743917671 0.500000000 0.500000000 0.000000000 0.000000000 0.984362125 0.104781866 -0.141605094 1.014539994 -0.094155803 0.992355585 0.079781525 0.592122988 0.148882255 -0.065200962 0.986703038 -1.343169996
66033333 0.979276804 1.743917671 0.500000000 0.500000000 0.000000000 0.000000000 0.984799504 0.104145795 -0.139009297 1.068930076 -0.093022600 0.992091835 0.084264725 0.623226931 0.146685809 -0.070052847 0.986699462 -1.438299882
66100000 0.979276804 1.743917671 0.500000000 0.500000000 0.000000000 0.000000000 0.985293984 0.103813775 -0.135714546 1.127830064 -0.092350744 0.991811812 0.088207945 0.658245087 0.143760487 -0.074377432 0.986813545 -1.517020053
66166667 0.979276804 1.743917671 0.500000000 0.500000000 0.000000000 0.000000000 0.986150086 0.103296474 -0.129760444 1.169629983 -0.091697961 0.991490901 0.092397518 0.701212056 0.138200641 -0.079219051 0.987230957 -1.584759931
66233333 0.979276804 1.743917671 0.500000000 0.500000000 0.000000000 0.000000000 0.986977518 0.102723844 -0.123787060 1.218960088 -0.090801574 0.990996361 0.098393559 0.735142961 0.132779881 -0.085872173 0.987418592 -1.674470073
66300000 0.979276804 1.743917671 0.500000000 0.500000000 0.000000000 0.000000000 0.987613678 0.102381937 -0.118899561 1.270859937 -0.090048470 0.990403116 0.104847237 0.763841020 0.128492966 -0.092841849 0.987355053 -1.782350074
66366667 0.979276804 1.743917671 0.500000000 0.500000000 0.000000000 0.000000000 0.988093615 0.102337092 -0.114883088 1.317270026 -0.089542285 0.989722431 0.111497253 0.795744021 0.125112683 -0.099882826 0.987101912 -1.915589890
66433333 0.979276804 1.743917671 0.500000000 0.500000000 0.000000000 0.000000000 0.988508046 0.102311596 -0.111284100 1.353019970 -0.089112073 0.989038587 0.117735773 0.829146051 0.122110002 -0.106465995 0.986789823 -2.043979835
66500000 0.979276804 1.743917671 0.500000000 0.500000000 0.000000000 0.000000000 0.988647997 0.103513218 -0.108904429 1.402020012 -0.089954831 0.988346457 0.122798257 0.874420121 0.120346539 -0.111607783 0.986438274 -2.161169983
66566667 0.979276804 1.743917671 0.500000000 0.500000000 0.000000000 0.000000000 0.988794744 0.103906117 -0.107184052 1.442829764 -0.089896746 0.987671971 0.128150687 0.906123853 0.119178340 -0.117079213 0.985945702 -2.290179711
66633333 0.979276804 1.743917671 0.500000000 0.500000000 0.000000000 0.000000000 0.988906682 0.103707843 -0.106340304 1.482199988 -0.089174308 0.987049937 0.133342981 0.925040961 0.118791908 -0.122380935 0.985348344 -2.416359689
66700000 0.979276804 1.743917671 0.500000000 0.500000000 0.000000000 0.000000000 0.988837779 0.104156561 -0.106541969 1.530399822 -0.089194693 0.986593008 0.136669502 0.955237002 0.119348593 -0.125640973 0.984870672 -2.528349900
66766667 0.979276804 1.743917671 0.500000000 0.500000000 0.000000000 0.000000000 0.988742352 0.104456551 -0.107132763 1.578950084 -0.088993676 0.986122131 0.140154362 0.976186892 0.120286018 -0.129042417 0.984316707 -2.614300267
66833333 0.979276804 1.743917671 0.500000000 0.500000000 0.000000000 0.000000000 0.988506377 0.105230927 -0.108543001 1.633730090 -0.089326441 0.985796809 0.142215863 1.004149837 0.121966861 -0.130885527 0.983866394 -2.702480103
66900000 0.979276804 1.743917671 0.500000000 0.500000000 0.000000000 0.000000000 0.988068044 0.106396899 -0.111360878 1.703189897 -0.089831561 0.985425472 0.144453913 1.016860109 0.125107288 -0.132726580 0.983225226 -2.789690106
66966667 0.979276804 1.743917671 0.500000000 0.500000000 0.000000000 0.000000000 0.987459123 0.107868306 -0.115277432 1.780089973 -0.090504922 0.985063016 0.146491379 1.026570030 0.129357323 -0.134221077 0.982472062 -2.879109963
67033333 0.979276804 1.743917671 0.500000000 0.500000000 0.000000000 0.000000000 0.986644864 0.110327579 -0.119832322 1.865780073 -0.092205934 0.984759271 0.147469386 1.040280011 0.134275928 -0.134450659 0.981780529 -2.968130112
67100000 0.979276804 1.743917671 0.500000000 0.500000000 0.000000000 0.000000000 0.985575438 0.114025645 -0.125056714 1.964619921 -0.095137842 0.984429240 0.147810116 1.056179925 0.139963627 -0.133780375 0.981077433 -3.062859780
67166667 0.979276804 1.743917671 0.500000000 0.500000000 0.000000000 0.000000000 0.984320641 0.118370712 -0.130771741 2.069019992 -0.098561108 0.983947814 0.148769617 1.066429915 0.146282539 -0.133547992 0.980186880 -3.163310013
67233333 0.979276804 1.743917671 0.500000000 0.500000000 0.000000000 0.000000000 0.982792437 0.123585090 -0.137279660 2.192469931 -0.102752596 0.983382046 0.149671689 1.072890026 0.153495550 -0.132990345 0.979159176 -3.271819919
67300000 0.979276804 1.743917671 0.500000000 0.500000000 0.000000000 0.000000000 0.981092095 0.129288897 -0.144023389 2.327140289 -0.107566386 0.982881069 0.149580508 1.089360083 0.160896957 -0.131260186 0.978203952 -3.372790345
67366667 0.979276804 1.743917671 0.500000000 0.500000000 0.000000000 0.000000000 0.979151726 0.135629281 -0.151216805 2.474149721 -0.112984166 0.982293129 0.149448127 1.112259739 0.168808788 -0.129247278 0.977138042 -3.471220135
67433333 0.979276804 1.743917671 0.500000000 0.500000000 0.000000000 0.000000000 0.977062762 0.142104566 -0.158602312 2.622990041 -0.118477412 0.981617272 0.149634972 1.134359800 0.176950559 -0.127411976 0.975937843 -3.565900044
67500000 0.979276804 1.743917671 0.500000000 0.500000000 0.000000000 0.000000000 0.974853694 0.148498937 -0.166157693 2.770730220 -0.123886421 0.980920374 0.149824560 1.150370138 0.185236245 -0.125472337 0.974650800 -3.651199844
67566667 0.979276804 1.743917671 0.500000000 0.500000000 0.000000000 0.000000000 0.972622275 0.154831231 -0.173301041 2.908639888 -0.129305661 0.980190873 0.150019899 1.168580311 0.193095863 -0.123503909 0.973375976 -3.718830068
67633333 0.979276804 1.743917671 0.500000000 0.500000000 0.000000000 0.000000000 0.970260203 0.161014363 -0.180747256 3.043350105 -0.134679750 0.979527831 0.149621487 1.185280109 0.201138154 -0.120828807 0.972082257 -3.784650420
67700000 0.979276804 1.743917671 0.500000000 0.500000000 0.000000000 0.000000000 0.968166411 0.166315272 -0.187064335 3.156999985 -0.139336988 0.978939533 0.149206460 1.196409826 0.207939997 -0.118391693 0.970950246 -3.831459888
67766667 0.979276804 1.743917671 0.500000000 0.500000000 0.000000000 0.000000000 0.966053665 0.171260267 -0.193417028 3.266309544 -0.143697262 0.978401124 0.148600951 1.204889995 0.214688912 -0.115762964 0.969797671 -3.900049510
67833333 0.979276804 1.743917671 0.500000000 0.500000000 0.000000000 0.000000000 0.964072227 0.175555512 -0.199361339 3.367309810 -0.147594824 0.977991998 0.147469953 1.220049922 0.220862970 -0.112746991 0.968766034 -3.971789980
67900000 0.979276804 1.743917671 0.500000000 0.500000000 0.000000000 0.000000000 0.962350607 0.179466739 -0.204139724 3.451000056 -0.151359007 0.977644622 0.145950437 1.239299923 0.225769326 -0.109557129 0.968000770 -4.039760795
67966667 0.979276804 1.743917671 0.500000000 0.500000000 0.000000000 0.000000000 0.960774422 0.183088005 -0.208306074 3.528230278 -0.154910266 0.977304637 0.144493908 1.254560279 0.230033576 -0.106557339 0.967331469 -4.110750461
68033333 0.979276804 1.743917671 0.500000000 0.500000000 0.000000000 0.000000000 0.959315360 0.186906248 -0.211613044 3.596829724 -0.158803999 0.976908624 0.142936379 1.274840074 0.233442321 -0.103516042 0.966844916 -4.196390168
68100000 0.979276804 1.743917671 0.500000000 0.500000000 0.000000000 0.000000000 0.957882524 0.190621212 -0.214766741 3.662830701 -0.162564531 0.976478636 0.141641349 1.292929990 0.236714959 -0.100762345 0.966340005 -4.286370248
68166667 0.979276804 1.743917671 0.500000000 0.500000000 0.000000000 0.000000000 0.956535459 0.194777668 -0.217028886 3.722920081 -0.166953027 0.975964427 0.140071660 1.318029712 0.239095300 -0.097749881 0.966063380 -4.378100417
68233333 0.979276804 1.743917671 0.500000000 0.500000000 0.000000000 0.000000000 0.955229878 0.198865175 -0.219062909 3.782440179 -0.171160340 0.975375116 0.139095634 1.340119997 0.241329774 -0.095373452 0.965745270 -4.480290644
68300000 0.979276804 1.743917671 0.500000000 0.500000000 0.000000000 0.000000000 0.953937292 0.202958912 -0.220933065 3.836140348 -0.175306708 0.974724352 0.138491854 1.362750113 0.243456975 -0.093381532 0.965405941 -4.587360644
68366667 0.979276804 1.743917671 0.500000000 0.500000000 0.000000000 0.000000000 0.952660978 0.207232311 -0.222467452 3.884379935 -0.179693773 0.974020004 0.137823090 1.394109982 0.245249152 -0.091322660 0.965149224 -4.718729683
68433333 0.979276804 1.743917671 0.500000000 0.500000000 0.000000000 0.000000000 0.951314807 0.211417675 -0.224282667 3.933849855 -0.184094816 0.973359942 0.136672884 1.435099670 0.247202829 -0.088729627 0.964892626 -4.828179397
68500000 0.979276804 1.743917671 0.500000000 0.500000000 0.000000000 0.000000000 0.950000763 0.215320557 -0.226131797 3.978949679 -0.188057363 0.972678483 0.136128604 1.474560028 0.249264836 -0.086796492 0.964537919 -4.940119641
68566667 0.979276804 1.743917671 0.500000000 0.500000000 0.000000000 0.000000000 0.948647082 0.218889490 -0.228377059 4.025719895 -0.191630557 0.972046733 0.135657415 1.508310086 0.251687139 -0.084926993 0.964075208 -5.028960441
68633333 0.979276804 1.743917671 0.500000000 0.500000000 0.000000000 0.000000000 0.947305501 0.221755698 -0.231163904 4.075050332 -0.194510713 0.971575558 0.134931803 1.537700388 0.254515082 -0.082857832 0.963512719 -5.116350969
68700000 0.979276804 1.743917671 0.500000000 0.500000000 0.000000000 0.000000000 0.945752501 0.224207208 -0.235124275 4.132030253 -0.196902081 0.971208274 0.134104744 1.561700060 0.258421898 -0.080533445 0.962669492 -5.202150094
68766667 0.979276804 1.743917671 0.500000000 0.500000000 0.000000000 0.000000000 0.944030106 0.226375520 -0.239919469 4.196680116 -0.199183285 0.970974386 0.132418782 1.587380152 0.262932032 -0.077219382 0.961719275 -5.262380059
