https://www.youtube.com/watch?v=fbSHWq9NpWs
52519133 0.967953158 1.721394062 0.500000000 0.500000000 0.000000000 0.000000000 0.797218084 -0.177208468 0.577096641 -2.406620123 0.149522379 0.984122097 0.095638797 0.301416031 -0.584881604 0.010043867 0.811056554 -1.811860090
52585867 0.967953158 1.721394062 0.500000000 0.500000000 0.000000000 0.000000000 0.772114396 -0.191293478 0.606008708 -2.452210958 0.169503570 0.981063306 0.093719572 0.182452102 -0.612460792 0.030358318 0.789918005 -1.525890585
52652600 0.967953158 1.721394062 0.500000000 0.500000000 0.000000000 0.000000000 0.747030020 -0.203842163 0.632767797 -2.497221461 0.188659310 0.977701664 0.092233971 0.062165370 -0.637459278 0.050475854 0.768829167 -1.212420625
52719333 0.967953158 1.721394062 0.500000000 0.500000000 0.000000000 0.000000000 0.722851932 -0.214635164 0.656823218 -2.525099896 0.207591236 0.974080682 0.089847997 -0.046018948 -0.659083307 0.071403965 0.748672485 -0.901721951
52786067 0.967953158 1.721394062 0.500000000 0.500000000 0.000000000 0.000000000 0.701248407 -0.224138975 0.676766217 -2.525720160 0.224331528 0.970444381 0.088955782 -0.155180959 -0.676702440 0.089439876 0.730803967 -0.630116891
52852800 0.967953158 1.721394062 0.500000000 0.500000000 0.000000000 0.000000000 0.681067705 -0.231691301 0.694597840 -2.503580697 0.239221275 0.966970623 0.087983005 -0.248533994 -0.692040563 0.106240131 0.713997960 -0.336651118
52919533 0.967953158 1.721394062 0.500000000 0.500000000 0.000000000 0.000000000 0.663131595 -0.238189667 0.709593475 -2.453771668 0.253123462 0.963525236 0.086877331 -0.338149977 -0.704404533 0.122003436 0.699235320 -0.120557876
52986267 0.967953158 1.721394062 0.500000000 0.500000000 0.000000000 0.000000000 0.647039175 -0.243079662 0.722670257 -2.379949352 0.264807761 0.960461378 0.085969537 -0.426882993 -0.714994371 0.135743111 0.685825527 0.080150313
53053000 0.967953158 1.721394062 0.500000000 0.500000000 0.000000000 0.000000000 0.632873774 -0.245624349 0.734261334 -2.294520513 0.274742126 0.957874835 0.083621860 -0.492396076 -0.723869979 0.148810402 0.673697174 0.275231124
53119733 0.967953158 1.721394062 0.500000000 0.500000000 0.000000000 0.000000000 0.620255113 -0.246337473 0.744715869 -2.194500531 0.283303499 0.955674231 0.080162011 -0.541311969 -0.731452644 0.161259621 0.662550032 0.450314197
53186467 0.967953158 1.721394062 0.500000000 0.500000000 0.000000000 0.000000000 0.609698534 -0.245547131 0.753641129 -2.085661389 0.289891601 0.954012632 0.076307610 -0.572595145 -0.737720251 0.171949387 0.652842045 0.623364501
53253200 0.967953158 1.721394062 0.500000000 0.500000000 0.000000000 0.000000000 0.600430489 -0.243799672 0.761607170 -1.966610988 0.296232998 0.952447176 0.071347736 -0.595368139 -0.742785096 0.182773650 0.644099712 0.800707303
53319933 0.967953158 1.721394062 0.500000000 0.500000000 0.000000000 0.000000000 0.592648625 -0.241901293 0.768278182 -1.841469976 0.301478446 0.951122284 0.066911869 -0.615800076 -0.746912539 0.191964060 0.636609316 0.940702963
53386667 0.967953158 1.721394062 0.500000000 0.500000000 0.000000000 0.000000000 0.586378813 -0.239563465 0.773801923 -1.719320535 0.305637836 0.950092196 0.062532574 -0.641576043 -0.750163674 0.199835330 0.630333543 1.124270180
53453400 0.967953158 1.721394062 0.500000000 0.500000000 0.000000000 0.000000000 0.581558287 -0.238552362 0.777741551 -1.606928789 0.309522897 0.949019730 0.059641093 -0.679393826 -0.752319574 0.206044286 0.625747800 1.253169029
53520133 0.967953158 1.721394062 0.500000000 0.500000000 0.000000000 0.000000000 0.577487826 -0.238682717 0.780729711 -1.524250721 0.313333601 0.947869420 0.058014520 -0.720382117 -0.753876865 0.211126029 0.622170329 1.377440634
53586867 0.967953158 1.721394062 0.500000000 0.500000000 0.000000000 0.000000000 0.574590266 -0.239816934 0.782518089 -1.470000877 0.317757219 0.946472943 0.056739852 -0.770725292 -0.754239380 0.216048375 0.620037615 1.508141019
53653600 0.967953158 1.721394062 0.500000000 0.500000000 0.000000000 0.000000000 0.571630836 -0.241702512 0.784103513 -1.443300392 0.321803451 0.945105493 0.056729227 -0.829405170 -0.754772186 0.219898969 0.618032098 1.677830546
53720333 0.967953158 1.721394062 0.500000000 0.500000000 0.000000000 0.000000000 0.569432974 -0.245040148 0.784666002 -1.440839169 0.325777143 0.943649054 0.058271602 -0.894463603 -0.754728258 0.222444728 0.617173433 1.865648842
53787067 0.967953158 1.721394062 0.500000000 0.500000000 0.000000000 0.000000000 0.568095803 -0.249578893 0.784205377 -1.464770700 0.329912066 0.942050517 0.060818531 -0.954356334 -0.753940165 0.224167883 0.617514014 2.022201406
53853800 0.967953158 1.721394062 0.500000000 0.500000000 0.000000000 0.000000000 0.568017066 -0.255717337 0.782281697 -1.509269111 0.334734499 0.940118790 0.064260550 -1.017669587 -0.751870215 0.225355804 0.619601011 2.193978380
53920533 0.967953158 1.721394062 0.500000000 0.500000000 0.000000000 0.000000000 0.568910599 -0.262666464 0.779324472 -1.556389220 0.339448750 0.938134789 0.068393342 -1.088239791 -0.749075949 0.225631148 0.622876704 2.327038745
53987267 0.967953158 1.721394062 0.500000000 0.500000000 0.000000000 0.000000000 0.570420980 -0.270402670 0.775565326 -1.600398909 0.344335675 0.935997784 0.073082261 -1.159909548 -0.745689094 0.225367367 0.627022147 2.478028367
54054000 0.967953158 1.721394062 0.500000000 0.500000000 0.000000000 0.000000000 0.572633743 -0.279370755 0.770742059 -1.641921325 0.349774688 0.933538437 0.078509443 -1.227120647 -0.741450548 0.224628687 0.632292271 2.550401596
54120733 0.967953158 1.721394062 0.500000000 0.500000000 0.000000000 0.000000000 0.575166523 -0.288371474 0.765523016 -1.678599942 0.355247349 0.931008637 0.083798848 -1.282950047 -0.736873686 0.223751694 0.637928188 2.644979799
54187467 0.967953158 1.721394062 0.500000000 0.500000000 0.000000000 0.000000000 0.577229261 -0.297190785 0.760580957 -1.696538685 0.361360669 0.928221703 0.088446885 -1.327699127 -0.732273281 0.223790169 0.643189907 2.714397968
54254200 0.967953158 1.721394062 0.500000000 0.500000000 0.000000000 0.000000000 0.579618037 -0.306297570 0.755132914 -1.691121592 0.366790324 0.925554097 0.093886271 -1.358641084 -0.727673531 0.222556904 0.648814678 2.733722886
54320933 0.967953158 1.721394062 0.500000000 0.500000000 0.000000000 0.000000000 0.582726419 -0.314092666 0.749516904 -1.653489732 0.372591585 0.922904193 0.097073823 -1.377489998 -0.722222507 0.222696245 0.654828966 2.716549981
54387667 0.967953158 1.721394062 0.500000000 0.500000000 0.000000000 0.000000000 0.585050225 -0.320004880 0.745193839 -1.578241197 0.378055513 0.920529366 0.098487675 -1.387670959 -0.717489362 0.224104106 0.659535408 2.693921776
54454400 0.967953158 1.721394062 0.500000000 0.500000000 0.000000000 0.000000000 0.586982489 -0.324176461 0.741863787 -1.461001017 0.382871360 0.918541670 0.098442286 -1.384130838 -0.713345468 0.226254255 0.663285613 2.636691643
54521133 0.967953158 1.721394062 0.500000000 0.500000000 0.000000000 0.000000000 0.588807225 -0.326835364 0.739245892 -1.300279695 0.386751503 0.917026997 0.097389482 -1.369419726 -0.709738731 0.228560925 0.666356206 2.583679265
54587867 0.967953158 1.721394062 0.500000000 0.500000000 0.000000000 0.000000000 0.591441274 -0.327838391 0.736695111 -1.097210729 0.389995188 0.915953934 0.094510742 -1.342630642 -0.705763042 0.231409818 0.669588208 2.518621213
54654600 0.967953158 1.721394062 0.500000000 0.500000000 0.000000000 0.000000000 0.594762504 -0.327719390 0.734069645 -0.853799752 0.392144918 0.915396869 0.090945266 -1.305330894 -0.701769650 0.233770579 0.672957063 2.433781774
54721333 0.967953158 1.721394062 0.500000000 0.500000000 0.000000000 0.000000000 0.599315882 -0.325894296 0.731172264 -0.581735488 0.392686963 0.915620327 0.086234033 -1.249019378 -0.697579324 0.235440612 0.676720381 2.313618872
54788067 0.967953158 1.721394062 0.500000000 0.500000000 0.000000000 0.000000000 0.606138587 -0.322407812 0.727082610 -0.286276003 0.391100258 0.916820884 0.080498807 -1.184619887 -0.692557931 0.235568821 0.681814313 2.183829740
54854800 0.967953158 1.721394062 0.500000000 0.500000000 0.000000000 0.000000000 0.615715981 -0.317424029 0.721204400 0.012888770 0.387252897 0.919009209 0.073873378 -1.088209961 -0.686242700 0.233803481 0.688772023 2.036859997
54921533 0.967953158 1.721394062 0.500000000 0.500000000 0.000000000 0.000000000 0.628932536 -0.311936468 0.712136865 0.311592861 0.381099135 0.922079563 0.067325018 -0.971690482 -0.677647948 0.229052067 0.698804617 1.898458852
54988267 0.967953158 1.721394062 0.500000000 0.500000000 0.000000000 0.000000000 0.643629849 -0.305381507 0.701770961 0.594664581 0.373262852 0.925750136 0.060509607 -0.861453801 -0.668143094 0.222999349 0.709828019 1.734809425
55055000 0.967953158 1.721394062 0.500000000 0.500000000 0.000000000 0.000000000 0.662660122 -0.297699094 0.687209189 0.852654699 0.362814844 0.930343032 0.053170666 -0.763026686 -0.655169189 0.214095727 0.724510968 1.603929572
55121733 0.967953158 1.721394062 0.500000000 0.500000000 0.000000000 0.000000000 0.685969591 -0.289624572 0.667505443 1.077790318 0.350115180 0.935569823 0.046135351 -0.662299182 -0.637859881 0.202056244 0.743174434 1.397350392
55188467 0.967953158 1.721394062 0.500000000 0.500000000 0.000000000 0.000000000 0.723729730 -0.281730056 0.629954934 1.257149840 0.328687847 0.943399370 0.044293314 -0.570418837 -0.606777787 0.175002262 0.775367439 1.242579714
55255200 0.967953158 1.721394062 0.500000000 0.500000000 0.000000000 0.000000000 0.761589110 -0.272995710 0.587754190 1.425519428 0.306547940 0.950818300 0.044416152 -0.475718715 -0.570972860 0.146348119 0.807819247 1.047079737
55321933 0.967953158 1.721394062 0.500000000 0.500000000 0.000000000 0.000000000 0.798091054 -0.262564361 0.542319536 1.602569877 0.283318520 0.957882226 0.046820700 -0.383990892 -0.531771660 0.116282016 0.838866651 0.908089949
55388667 0.967953158 1.721394062 0.500000000 0.500000000 0.000000000 0.000000000 0.833607316 -0.249677569 0.492706925 1.778440307 0.259685308 0.964430869 0.049362391 -0.268064055 -0.487506479 0.086799830 0.868794203 0.785827133
55455400 0.967953158 1.721394062 0.500000000 0.500000000 0.000000000 0.000000000 0.866481125 -0.235713303 0.440056711 1.947650384 0.236334443 0.970152915 0.054308016 -0.147467077 -0.439723462 0.056943592 0.896326363 0.697004216
55522133 0.967953158 1.721394062 0.500000000 0.500000000 0.000000000 0.000000000 0.897202909 -0.219865173 0.382996500 2.142170039 0.213427573 0.975126147 0.059813745 -0.039523022 -0.386620879 0.028076896 0.921811283 0.679087025
55588867 0.967953158 1.721394062 0.500000000 0.500000000 0.000000000 0.000000000 0.923740864 -0.200991571 0.326044649 2.340959852 0.190632403 0.979587555 0.063776217 0.023944645 -0.332207769 0.003242048 0.943200588 0.632649938
55655600 0.967953158 1.721394062 0.500000000 0.500000000 0.000000000 0.000000000 0.946432233 -0.180534258 0.267719060 2.565420166 0.168664411 0.983401179 0.066891700 0.053104935 -0.275351495 -0.018153818 0.961172223 0.576716038
55722333 0.967953158 1.721394062 0.500000000 0.500000000 0.000000000 0.000000000 0.964943767 -0.158108041 0.209488183 2.820279843 0.146893367 0.986801565 0.068153851 0.057224914 -0.217498958 -0.034992173 0.975433111 0.635581982
55789067 0.967953158 1.721394062 0.500000000 0.500000000 0.000000000 0.000000000 0.979041457 -0.135424078 0.152112365 3.100449999 0.126213491 0.989621282 0.068701148 0.048880749 -0.159837425 -0.048062626 0.985972583 0.667142996
55855800 0.967953158 1.721394062 0.500000000 0.500000000 0.000000000 0.000000000 0.989175677 -0.111870550 0.094954967 3.402169954 0.105675794 0.992076337 0.067950085 0.056072020 -0.101804197 -0.057180122 0.993159771 0.776494023
55922533 0.967953158 1.721394062 0.500000000 0.500000000 0.000000000 0.000000000 0.995269001 -0.089243397 0.038408022 3.683769613 0.086573347 0.994035423 0.066322610 0.072261181 -0.044097785 -0.062683731 0.997058749 0.894264029
55989267 0.967953158 1.721394062 0.500000000 0.500000000 0.000000000 0.000000000 0.997671902 -0.065532066 -0.018875398 3.971699812 0.066617750 0.995711625 0.064190388 0.083482410 0.014587924 -0.065298378 0.997759163 1.075100078
56056000 0.967953158 1.721394062 0.500000000 0.500000000 0.000000000 0.000000000 0.996537268 -0.043982580 -0.070562124 4.223869989 0.048287489 0.996998966 0.060509771 0.079930096 0.067688987 -0.063707508 0.995670378 1.224640017
56122733 0.967953158 1.721394062 0.500000000 0.500000000 0.000000000 0.000000000 0.992363453 -0.026853058 -0.120389573 4.463559862 0.033759963 0.997876465 0.055703551 0.095641484 0.118638106 -0.059342511 0.991162717 1.433720089
56189467 0.967953158 1.721394062 0.500000000 0.500000000 0.000000000 0.000000000 0.985934317 -0.011197541 -0.166757792 4.675640204 0.020149942 0.998439074 0.052090287 0.086355983 0.165914208 -0.054717757 0.984620988 1.589000002
56256200 0.967953158 1.721394062 0.500000000 0.500000000 0.000000000 0.000000000 0.977620780 0.001922671 -0.210366189 4.871200187 0.008748035 0.998721778 0.049782161 0.089149053 0.210193008 -0.050508369 0.976354361 1.748479998
56322933 0.967953158 1.721394062 0.500000000 0.500000000 0.000000000 0.000000000 0.968098938 0.014345704 -0.250157207 5.040190069 -0.002257444 0.998818576 0.048542798 0.086274284 0.250558048 -0.046429515 0.966987610 1.870910114
56389667 0.967953158 1.721394062 0.500000000 0.500000000 0.000000000 0.000000000 0.957552850 0.025990063 -0.287083566 5.196669776 -0.012729650 0.998768091 0.047960680 0.086147946 0.287976384 -0.042270411 0.956704080 1.965849604
56456400 0.967953158 1.721394062 0.500000000 0.500000000 0.000000000 0.000000000 0.946117163 0.036614701 -0.321747929 5.335140096 -0.022020310 0.998561680 0.048883773 0.087329543 0.323075026 -0.039164796 0.945562661 2.035200119
56523133 0.967953158 1.721394062 0.500000000 0.500000000 0.000000000 0.000000000 0.934951365 0.045470536 -0.351850033 5.474240040 -0.029795133 0.998312593 0.049841747 0.105421908 0.353522658 -0.036116198 0.934728563 2.157400089
56589867 0.967953158 1.721394062 0.500000000 0.500000000 0.000000000 0.000000000 0.924065053 0.054402839 -0.378343731 5.617468949 -0.037160885 0.997917056 0.052730978 0.120654117 0.380424410 -0.034667246 0.924161971 2.267559800
56656600 0.967953158 1.721394062 0.500000000 0.500000000 0.000000000 0.000000000 0.913908422 0.062593870 -0.401065558 5.767800785 -0.043694761 0.997468233 0.056106534 0.118113914 0.403562039 -0.033751789 0.914329588 2.356780490
56723333 0.967953158 1.721394062 0.500000000 0.500000000 0.000000000 0.000000000 0.904849052 0.070646331 -0.419829905 5.928568877 -0.050028950 0.996947885 0.059933893 0.105214209 0.422782660 -0.033227451 0.905621648 2.436919899
56790067 0.967953158 1.721394062 0.500000000 0.500000000 0.000000000 0.000000000 0.896546781 0.078051582 -0.436018318 6.107220988 -0.056109861 0.996435106 0.062997915 0.084787813 0.439381033 -0.032015674 0.897730172 2.500470278
56856800 0.967953158 1.721394062 0.500000000 0.500000000 0.000000000 0.000000000 0.889306545 0.085013442 -0.449340254 6.297540700 -0.061924674 0.995905280 0.065863952 0.066749833 0.453099638 -0.030748006 0.890929461 2.576240243
56923533 0.967953158 1.721394062 0.500000000 0.500000000 0.000000000 0.000000000 0.883407950 0.091200508 -0.459644496 6.489381308 -0.067197613 0.995395660 0.068352163 0.062370551 0.463761866 -0.029495856 0.885468841 2.624840504
56990267 0.967953158 1.721394062 0.500000000 0.500000000 0.000000000 0.000000000 0.878524542 0.096789062 -0.467788845 6.680829575 -0.072172508 0.994910717 0.070311949 0.058638656 0.472213596 -0.028009253 0.881038964 2.676979962
