https://www.youtube.com/watch?v=iSCR8KJLOT4
18551867 0.993264434 1.766407117 0.500000000 0.500000000 0.000000000 0.000000000 0.736683369 -0.169536427 0.654641151 -1.960650135 0.156283066 0.984539628 0.079103202 -1.442470015 -0.657931089 0.044035316 0.751789629 5.467200242
18618600 0.993264434 1.766407117 0.500000000 0.500000000 0.000000000 0.000000000 0.733070731 -0.170672238 0.658390462 -1.779759517 0.157895774 0.984263122 0.079341382 -1.456399783 -0.661570847 0.045794278 0.748482943 5.192448917
18685333 0.993264434 1.766407117 0.500000000 0.500000000 0.000000000 0.000000000 0.729449332 -0.171549454 0.662173986 -1.639520158 0.159294620 0.984028637 0.079453781 -1.445530081 -0.665228367 0.047523260 0.745125890 4.943209301
18752067 0.993264434 1.766407117 0.500000000 0.500000000 0.000000000 0.000000000 0.726390004 -0.172201201 0.665360272 -1.475239953 0.160633579 0.983826935 0.079255648 -1.414270220 -0.668247283 0.049308680 0.742303371 4.562860107
18818800 0.993264434 1.766407117 0.500000000 0.500000000 0.000000000 0.000000000 0.723463774 -0.172335252 0.668506742 -1.329400819 0.161276892 0.983737111 0.079063676 -1.342490432 -0.671260357 0.050614871 0.739491820 4.275702176
18885533 0.993264434 1.766407117 0.500000000 0.500000000 0.000000000 0.000000000 0.720850170 -0.172223374 0.671352565 -1.185760170 0.161559805 0.983705401 0.078880526 -1.237130207 -0.673998177 0.051602520 0.736928582 3.883760498
19686333 0.993264434 1.766407117 0.500000000 0.500000000 0.000000000 0.000000000 0.694091558 -0.170582861 0.699384749 0.179004120 0.158106923 0.983921349 0.083072245 0.549705294 -0.702310264 0.052917678 0.709901810 -1.911711138
19753067 0.993264434 1.766407117 0.500000000 0.500000000 0.000000000 0.000000000 0.692792475 -0.170196682 0.700764954 0.340423087 0.157800317 0.983978629 0.082976498 0.652363906 -0.703660071 0.053095467 0.708550096 -2.365479691
19819800 0.993264434 1.766407117 0.500000000 0.500000000 0.000000000 0.000000000 0.691911459 -0.169938967 0.701697409 0.515190207 0.157589093 0.984017193 0.082920589 0.731209964 -0.704573810 0.053206179 0.707633257 -2.846799951
19886533 0.993264434 1.766407117 0.500000000 0.500000000 0.000000000 0.000000000 0.691701055 -0.169543356 0.702000558 0.696013295 0.156689823 0.984129548 0.083290681 0.783848070 -0.704980910 0.052384079 0.707289159 -3.227330475
19953267 0.993264434 1.766407117 0.500000000 0.500000000 0.000000000 0.000000000 0.691584289 -0.169272035 0.702181101 0.855083880 0.156192005 0.984197557 0.083421782 0.841779116 -0.705205917 0.051981837 0.707094550 -3.693080720
20020000 0.993264434 1.766407117 0.500000000 0.500000000 0.000000000 0.000000000 0.689897299 -0.168375164 0.704053521 0.927453910 0.155773401 0.984319806 0.082759857 0.920406863 -0.706948519 0.052577049 0.705307901 -4.034089123
20086733 0.993264434 1.766407117 0.500000000 0.500000000 0.000000000 0.000000000 0.688119233 -0.167813480 0.705925047 1.002209884 0.155305564 0.984404981 0.082625866 1.026379670 -0.708781898 0.052777708 0.703450382 -4.348208739
20153467 0.993264434 1.766407117 0.500000000 0.500000000 0.000000000 0.000000000 0.685495496 -0.167687267 0.708502889 1.077059151 0.155375272 0.984391570 0.082654364 1.118259421 -0.711304307 0.053424738 0.700850487 -4.786346667
20220200 0.993264434 1.766407117 0.500000000 0.500000000 0.000000000 0.000000000 0.681401968 -0.168414578 0.712269604 1.119300141 0.155853495 0.984234333 0.083620794 1.198500117 -0.715123117 0.054030322 0.696907163 -5.171609607
20286933 0.993264434 1.766407117 0.500000000 0.500000000 0.000000000 0.000000000 0.675491512 -0.170048699 0.717492104 1.139590606 0.156983688 0.983902335 0.085394911 1.281610484 -0.720463514 0.054950941 0.691312551 -5.564641900
