https://www.youtube.com/watch?v=jot2pxcAPC0
29360000 0.732674351 1.304762496 0.500000000 0.500000000 0.000000000 0.000000000 0.999744296 0.000003420 -0.022611970 1.210010127 -0.000039159 0.999998748 -0.001580090 -0.018626298 0.022611937 0.001580572 0.999743044 7.173919672
29440000 0.732674351 1.304762496 0.500000000 0.500000000 0.000000000 0.000000000 0.999756873 0.000214897 -0.022048837 1.218999973 -0.000249075 0.999998748 -0.001547348 -0.052644495 0.022048475 0.001552463 0.999755681 6.957590024
29520000 0.732674351 1.304762496 0.500000000 0.500000000 0.000000000 0.000000000 0.999772966 0.000477685 -0.021302940 1.212779982 -0.000508203 0.999998868 -0.001427173 -0.088501809 0.021302233 0.001437676 0.999772072 6.743090408
29600000 0.732674351 1.304762496 0.500000000 0.500000000 0.000000000 0.000000000 0.999785006 0.000566866 -0.020728083 1.196190081 -0.000595539 0.999998868 -0.001377145 -0.119947001 0.020727279 0.001389193 0.999784231 6.513200244
29680000 0.732674351 1.304762496 0.500000000 0.500000000 0.000000000 0.000000000 0.999798596 0.000683675 -0.020056313 1.163239967 -0.000714350 0.999998569 -0.001522314 -0.141164998 0.020055244 0.001536334 0.999797702 6.277030366
29760000 0.732674351 1.304762496 0.500000000 0.500000000 0.000000000 0.000000000 0.999811888 0.000912587 -0.019374114 1.114670052 -0.000941186 0.999998510 -0.001467111 -0.155995997 0.019372746 0.001485070 0.999811232 6.040009878
29840000 0.732674351 1.304762496 0.500000000 0.500000000 0.000000000 0.000000000 0.999824643 0.001265145 -0.018684041 1.054959982 -0.001289791 0.999998331 -0.001307091 -0.163771009 0.018682357 0.001330961 0.999824584 5.789109959
29920000 0.732674351 1.304762496 0.500000000 0.500000000 0.000000000 0.000000000 0.999843359 0.001671946 -0.017621584 0.986302059 -0.001698115 0.999997497 -0.001470168 -0.166222010 0.017619081 0.001499861 0.999843657 5.527170130
30000000 0.732674351 1.304762496 0.500000000 0.500000000 0.000000000 0.000000000 0.999905586 0.002708494 -0.013472805 0.944713081 -0.002726816 0.999995410 -0.001341702 -0.171182004 0.013469109 0.001378313 0.999908328 5.261549986
30080000 0.732674351 1.304762496 0.500000000 0.500000000 0.000000000 0.000000000 0.999991357 0.003713129 -0.001873635 0.939349041 -0.003715176 0.999992490 -0.001090192 -0.173200996 0.001869573 0.001097144 0.999997675 4.988580625
30160000 0.732674351 1.304762496 0.500000000 0.500000000 0.000000000 0.000000000 0.999901056 0.004850331 0.013202992 0.947987921 -0.004838347 0.999987841 -0.000939472 -0.171231001 -0.013207388 0.000875499 0.999912381 4.704370141
30240000 0.732674351 1.304762496 0.500000000 0.500000000 0.000000000 0.000000000 0.999497652 0.005984177 0.031122034 0.963170927 -0.005962877 0.999981940 -0.000777169 -0.166651006 -0.031126121 0.000591202 0.999515295 4.417380264
30320000 0.732674351 1.304762496 0.500000000 0.500000000 0.000000000 0.000000000 0.998703301 0.007019631 0.050422922 0.974322063 -0.006997546 0.999975324 -0.000614523 -0.160445998 -0.050425991 0.000260889 0.998727739 4.141419574
30400000 0.732674351 1.304762496 0.500000000 0.500000000 0.000000000 0.000000000 0.997524977 0.008003792 0.069855697 0.982024947 -0.007989263 0.999967992 -0.000487360 -0.157235000 -0.069857366 -0.000071942 0.997556984 3.855609778
30480000 0.732674351 1.304762496 0.500000000 0.500000000 0.000000000 0.000000000 0.995930612 0.009054384 0.089667447 0.982831000 -0.009038898 0.999958992 -0.000578778 -0.152517010 -0.089669012 -0.000234072 0.995971620 3.557910086
30560000 0.732674351 1.304762496 0.500000000 0.500000000 0.000000000 0.000000000 0.993823946 0.010379419 0.110482000 0.980874043 -0.010416720 0.999945700 -0.000239584 -0.153734986 -0.110478483 -0.000912755 0.993878126 3.247470003
30640000 0.732674351 1.304762496 0.500000000 0.500000000 0.000000000 0.000000000 0.991336107 0.011214346 0.130870119 0.969750034 -0.011257669 0.999936521 -0.000408807 -0.149838992 -0.130866393 -0.001068027 0.991399467 2.947810255
30720000 0.732674351 1.304762496 0.500000000 0.500000000 0.000000000 0.000000000 0.988556087 0.011776835 0.150393337 0.936461993 -0.011829259 0.999929905 -0.000546059 -0.150204007 -0.150389224 -0.001239231 0.988626063 2.663559814
30800000 0.732674351 1.304762496 0.500000000 0.500000000 0.000000000 0.000000000 0.985618651 0.012681733 0.168508142 0.889636954 -0.012769260 0.999918282 -0.000564218 -0.160490993 -0.168501526 -0.001595621 0.985700071 2.384479985
30880000 0.732674351 1.304762496 0.500000000 0.500000000 0.000000000 0.000000000 0.982403278 0.013226184 0.186303318 0.829757057 -0.013331364 0.999910891 -0.000688291 -0.166939016 -0.186295807 -0.001807498 0.982492030 2.112900120
30960000 0.732674351 1.304762496 0.500000000 0.500000000 0.000000000 0.000000000 0.978987277 0.013725822 0.203458890 0.759568963 -0.013907184 0.999903142 -0.000538374 -0.168323002 -0.203446582 -0.002302478 0.979083359 1.861209951
31040000 0.732674351 1.304762496 0.500000000 0.500000000 0.000000000 0.000000000 0.975166976 0.014617974 0.220987827 0.674390938 -0.014879007 0.999889195 -0.000483454 -0.166897006 -0.220970392 -0.002816632 0.975276411 1.625139940
31120000 0.732674351 1.304762496 0.500000000 0.500000000 0.000000000 0.000000000 0.971134961 0.015227044 0.238044038 0.576523004 -0.015557757 0.999878824 -0.000489479 -0.155535999 -0.238022640 -0.003228083 0.971254230 1.392510082
31200000 0.732674351 1.304762496 0.500000000 0.500000000 0.000000000 0.000000000 0.966503263 0.016309235 0.256135583 0.461912997 -0.016798567 0.999858856 -0.000277439 -0.142040011 -0.256103933 -0.004034565 0.966640830 1.161340056
31280000 0.732674351 1.304762496 0.500000000 0.500000000 0.000000000 0.000000000 0.961115658 0.017038979 0.275620133 0.332129024 -0.017644256 0.999844313 -0.000283553 -0.118485004 -0.275582045 -0.004590582 0.961266637 0.937414076
31360000 0.732674351 1.304762496 0.500000000 0.500000000 0.000000000 0.000000000 0.955076635 0.017943865 0.295815319 0.193638014 -0.018733295 0.999824524 -0.000165579 -0.090438300 -0.295766383 -0.005383450 0.955245197 0.732152071
31440000 0.732674351 1.304762496 0.500000000 0.500000000 0.000000000 0.000000000 0.948571801 0.018536437 0.316018760 0.057690121 -0.019464780 0.999810517 -0.000218918 -0.067898104 -0.315962911 -0.005943578 0.948752880 0.527724941
31520000 0.732674351 1.304762496 0.500000000 0.500000000 0.000000000 0.000000000 0.941830039 0.018988281 0.335552603 -0.066596187 -0.020002019 0.999799848 -0.000435036 -0.053980903 -0.335493714 -0.006302001 0.942021370 0.320401995
31600000 0.732674351 1.304762496 0.500000000 0.500000000 0.000000000 0.000000000 0.934802651 0.019462910 0.354633927 -0.181629013 -0.020433240 0.999790728 -0.001008900 -0.045225499 -0.354579329 -0.006303194 0.935004711 0.118045008
31680000 0.732674351 1.304762496 0.500000000 0.500000000 0.000000000 0.000000000 0.927691638 0.019764833 0.372823775 -0.293963991 -0.020563740 0.999786854 -0.001834140 -0.036600002 -0.372780561 -0.005965134 0.927900374 -0.071187003
31760000 0.732674351 1.304762496 0.500000000 0.500000000 0.000000000 0.000000000 0.920786262 0.020096071 0.389549494 -0.402278007 -0.020808574 0.999780595 -0.002391001 -0.034482500 -0.389512062 -0.005904369 0.921002388 -0.262649998
31840000 0.732674351 1.304762496 0.500000000 0.500000000 0.000000000 0.000000000 0.913632035 0.020609451 0.406019151 -0.508517880 -0.021171277 0.999771059 -0.003108169 -0.033529197 -0.405990243 -0.005756229 0.913859189 -0.461217936
31920000 0.732674351 1.304762496 0.500000000 0.500000000 0.000000000 0.000000000 0.906330228 0.020958068 0.422050238 -0.609599084 -0.021375952 0.999764502 -0.003742348 -0.027198706 -0.422029257 -0.005629915 0.906564832 -0.663524078
32000000 0.732674351 1.304762496 0.500000000 0.500000000 0.000000000 0.000000000 0.899861157 0.020989222 0.435671210 -0.712270061 -0.021289663 0.999764562 -0.004192473 -0.016104303 -0.435656607 -0.005502645 0.900096178 -0.865382039
32080000 0.732674351 1.304762496 0.500000000 0.500000000 0.000000000 0.000000000 0.893927276 0.021474317 0.447697490 -0.820316175 -0.021618206 0.999754846 -0.004788828 0.000413496 -0.447690576 -0.005397546 0.894172370 -1.058040201
32160000 0.732674351 1.304762496 0.500000000 0.500000000 0.000000000 0.000000000 0.888004482 0.021760391 0.459319681 -0.923370027 -0.021868637 0.999747932 -0.005084603 0.013265894 -0.459314555 -0.005529540 0.888256550 -1.238650101
32240000 0.732674351 1.304762496 0.500000000 0.500000000 0.000000000 0.000000000 0.882382333 0.021963296 0.470020264 -1.034120000 -0.021965483 0.999743700 -0.005480004 0.024354303 -0.470020145 -0.005488764 0.882638574 -1.406870010
32320000 0.732674351 1.304762496 0.500000000 0.500000000 0.000000000 0.000000000 0.877463937 0.021992968 0.479138285 -1.149940258 -0.021864833 0.999743819 -0.005847441 0.033840996 -0.479144126 -0.005345355 0.877719998 -1.563460130
32400000 0.732674351 1.304762496 0.500000000 0.500000000 0.000000000 0.000000000 0.873036027 0.022268385 0.487147152 -1.270810338 -0.022137284 0.999736786 -0.006026671 0.040568188 -0.487153113 -0.005522606 0.873299241 -1.710910447
32480000 0.732674351 1.304762496 0.500000000 0.500000000 0.000000000 0.000000000 0.868663669 0.022649484 0.494883984 -1.393829545 -0.022564957 0.999726474 -0.006146751 0.046157414 -0.494887859 -0.005827587 0.868937194 -1.851059650
32560000 0.732674351 1.304762496 0.500000000 0.500000000 0.000000000 0.000000000 0.864109397 0.022971848 0.502779603 -1.519730064 -0.023017375 0.999716341 -0.006117598 0.054805190 -0.502777576 -0.006286387 0.864393055 -1.980520237
32640000 0.732674351 1.304762496 0.500000000 0.500000000 0.000000000 0.000000000 0.858922601 0.023417424 0.511569858 -1.656470076 -0.023617633 0.999702394 -0.006108131 0.067319784 -0.511560678 -0.006835650 0.859220088 -2.095970377
32720000 0.732674351 1.304762496 0.500000000 0.500000000 0.000000000 0.000000000 0.852918327 0.024044050 0.521490157 -1.803049800 -0.024407251 0.999683022 -0.006172766 0.085697322 -0.521473229 -0.007463288 0.853234828 -2.197829420
32800000 0.732674351 1.304762496 0.500000000 0.500000000 0.000000000 0.000000000 0.846249938 0.024365680 0.532228827 -1.954630569 -0.025062943 0.999668360 -0.005914912 0.104639976 -0.532196403 -0.008333718 0.846580029 -2.292400483
32880000 0.732674351 1.304762496 0.500000000 0.500000000 0.000000000 0.000000000 0.839358807 0.024815138 0.543011189 -2.103060261 -0.025846478 0.999649525 -0.005730950 0.121768986 -0.542963028 -0.009224596 0.839706004 -2.383390193
32960000 0.732674351 1.304762496 0.500000000 0.500000000 0.000000000 0.000000000 0.831948817 0.025440544 0.554269016 -2.246550551 -0.026825160 0.999624372 -0.005617897 0.143121993 -0.554203689 -0.010194544 0.832318723 -2.458190180
33040000 0.732674351 1.304762496 0.500000000 0.500000000 0.000000000 0.000000000 0.823433578 0.025943620 0.566819489 -2.387960528 -0.027678555 0.999601483 -0.005542911 0.171212951 -0.566737473 -0.011124511 0.823823571 -2.509280896
33120000 0.732674351 1.304762496 0.500000000 0.500000000 0.000000000 0.000000000 0.814847946 0.026289703 0.579078019 -2.521489282 -0.028429123 0.999581337 -0.005376283 0.199646033 -0.578976929 -0.012081841 0.815254211 -2.544389185
33200000 0.732674351 1.304762496 0.500000000 0.500000000 0.000000000 0.000000000 0.806169868 0.026624015 0.591085076 -2.647040655 -0.029139942 0.999561429 -0.005279433 0.223280981 -0.590966344 -0.012968054 0.806592107 -2.564790606
33280000 0.732674351 1.304762496 0.500000000 0.500000000 0.000000000 0.000000000 0.797755182 0.026859228 0.602383137 -2.762100376 -0.029825877 0.999542236 -0.005068508 0.241751934 -0.602243543 -0.013923166 0.798191130 -2.576610592
33360000 0.732674351 1.304762496 0.500000000 0.500000000 0.000000000 0.000000000 0.789329648 0.027339209 0.613360703 -2.865570355 -0.030547671 0.999519587 -0.005239811 0.260983000 -0.613209307 -0.014600800 0.789785564 -2.582609989
33440000 0.732674351 1.304762496 0.500000000 0.500000000 0.000000000 0.000000000 0.781738758 0.027385486 0.623004615 -2.953530643 -0.031007422 0.999506533 -0.005027677 0.276364979 -0.622834861 -0.015387429 0.782202125 -2.585030630
33520000 0.732674351 1.304762496 0.500000000 0.500000000 0.000000000 0.000000000 0.775935709 0.027102070 0.630229652 -3.026650245 -0.031072373 0.999505937 -0.004726078 0.290439956 -0.630046427 -0.015915591 0.776394486 -2.594630487
33600000 0.732674351 1.304762496 0.500000000 0.500000000 0.000000000 0.000000000 0.772231519 0.026809495 0.634775281 -3.090039673 -0.030997701 0.999509335 -0.004503861 0.306683038 -0.634584546 -0.016198555 0.772683620 -2.613469990
33680000 0.732674351 1.304762496 0.500000000 0.500000000 0.000000000 0.000000000 0.770459652 0.026651919 0.636931539 -3.142920444 -0.031080440 0.999507964 -0.004227426 0.323507991 -0.636730790 -0.016539045 0.770908892 -2.645320151
33760000 0.732674351 1.304762496 0.500000000 0.500000000 0.000000000 0.000000000 0.769269943 0.026699651 0.638365626 -3.191649127 -0.031317618 0.999501228 -0.004064491 0.338807040 -0.638155699 -0.016865408 0.769722462 -2.685009464
33840000 0.732674351 1.304762496 0.500000000 0.500000000 0.000000000 0.000000000 0.768498182 0.026520027 0.639302135 -3.234740023 -0.031499207 0.999497294 -0.003597068 0.348505981 -0.639076114 -0.017373171 0.768947244 -2.729330180
33920000 0.732674351 1.304762496 0.500000000 0.500000000 0.000000000 0.000000000 0.767958164 0.026581746 0.639948070 -3.273659538 -0.031676058 0.999492049 -0.003503968 0.357014025 -0.639716089 -0.017580139 0.768410087 -2.776579702
34000000 0.732674351 1.304762496 0.500000000 0.500000000 0.000000000 0.000000000 0.767391205 0.026518933 0.640630484 -3.306530029 -0.031752449 0.999490201 -0.003338684 0.361403020 -0.640392423 -0.017779510 0.767842054 -2.828389901
34080000 0.732674351 1.304762496 0.500000000 0.500000000 0.000000000 0.000000000 0.767008424 0.026476452 0.641090631 -3.332290316 -0.031852905 0.999487519 -0.003168717 0.364704948 -0.640846014 -0.017990157 0.767458737 -2.887320498
34160000 0.732674351 1.304762496 0.500000000 0.500000000 0.000000000 0.000000000 0.766631007 0.026415721 0.641544402 -3.350010458 -0.031960376 0.999484777 -0.002962063 0.365931006 -0.641292036 -0.018233184 0.767080247 -2.950950052
34240000 0.732674351 1.304762496 0.500000000 0.500000000 0.000000000 0.000000000 0.766338587 0.026550664 0.641888261 -3.358851127 -0.032244608 0.999475956 -0.002845448 0.363893910 -0.641627431 -0.018516842 0.766793132 -3.011391110
