https://www.youtube.com/watch?v=Ew04wyjKrcM
103336567 1.127082888 2.004755310 0.500000000 0.500000000 0.000000000 0.000000000 0.998128057 0.030096177 -0.053241190 0.351457997 -0.030889962 0.999422610 -0.014149533 -0.429242019 0.052784603 0.015767664 0.998481452 3.493320001
103403300 1.127082888 2.004755310 0.500000000 0.500000000 0.000000000 0.000000000 0.997781754 0.031360775 -0.058719855 0.464363949 -0.032271177 0.999372184 -0.014620312 -0.390487985 0.058224488 0.016482839 0.998167455 3.308770137
103470033 1.127082888 2.004755310 0.500000000 0.500000000 0.000000000 0.000000000 0.997383058 0.033027656 -0.064313017 0.562422975 -0.034051098 0.999309301 -0.014882675 -0.358022980 0.063777052 0.017033655 0.997818768 3.127089816
103536767 1.127082888 2.004755310 0.500000000 0.500000000 0.000000000 0.000000000 0.996958435 0.033263709 -0.070479520 0.652738910 -0.034402121 0.999295473 -0.015000243 -0.332385956 0.069930904 0.017379265 0.997400463 2.988450057
104137367 1.127082888 2.004755310 0.500000000 0.500000000 0.000000000 0.000000000 0.993434250 0.029737135 -0.110471874 1.177779966 -0.031832758 0.999344289 -0.017254319 -0.212588000 0.109886333 0.020657655 0.993729472 2.331490017
104204100 1.127082888 2.004755310 0.500000000 0.500000000 0.000000000 0.000000000 0.993204594 0.029368542 -0.112615131 1.212630056 -0.031580672 0.999340713 -0.017909534 -0.219563997 0.112014912 0.021344293 0.993477285 2.283440172
104270833 1.127082888 2.004755310 0.500000000 0.500000000 0.000000000 0.000000000 0.992919445 0.029422358 -0.115088060 1.239330025 -0.031758305 0.999324083 -0.018516017 -0.221887013 0.114465490 0.022039915 0.993182719 2.223340045
104337567 1.127082888 2.004755310 0.500000000 0.500000000 0.000000000 0.000000000 0.992651939 0.029534927 -0.117344789 1.253510042 -0.031995513 0.999304712 -0.019140320 -0.208313005 0.116697900 0.022754183 0.992906749 2.177649811
104404300 1.127082888 2.004755310 0.500000000 0.500000000 0.000000000 0.000000000 0.992353976 0.031003200 -0.119467169 1.269539970 -0.033529885 0.999253333 -0.019197455 -0.197097018 0.118782789 0.023056386 0.992652535 2.119360051
104471033 1.127082888 2.004755310 0.500000000 0.500000000 0.000000000 0.000000000 0.992128313 0.031368781 -0.121232867 1.291230002 -0.033941429 0.999239087 -0.019213786 -0.190172000 0.120537907 0.023177357 0.992438138 2.051870123
104537767 1.127082888 2.004755310 0.500000000 0.500000000 0.000000000 0.000000000 0.991897941 0.033140332 -0.122638166 1.308019912 -0.035731837 0.999180913 -0.018992014 -0.185512997 0.121908322 0.023220230 0.992269695 1.984389919
104604500 1.127082888 2.004755310 0.500000000 0.500000000 0.000000000 0.000000000 0.991729915 0.033844065 -0.123799577 1.319390077 -0.036441859 0.999159336 -0.018779282 -0.182497997 0.123059928 0.023135461 0.992129505 1.904889724
104671233 1.127082888 2.004755310 0.500000000 0.500000000 0.000000000 0.000000000 0.991489291 0.036562920 -0.124948628 1.317080052 -0.039200298 0.999056101 -0.018713834 -0.177686006 0.124146454 0.023452589 0.991986692 1.820860002
104737967 1.127082888 2.004755310 0.500000000 0.500000000 0.000000000 0.000000000 0.991129756 0.041666448 -0.126197010 1.298809939 -0.044356830 0.998842895 -0.018583160 -0.173629983 0.125276685 0.024016023 0.991831124 1.706249891
104804700 1.127082888 2.004755310 0.500000000 0.500000000 0.000000000 0.000000000 0.990502417 0.049497526 -0.128276736 1.250759897 -0.052265976 0.998465419 -0.018304195 -0.166666997 0.127173871 0.024834860 0.991569459 1.568269833
104871433 1.127082888 2.004755310 0.500000000 0.500000000 0.000000000 0.000000000 0.989516735 0.059768789 -0.131469741 1.173919986 -0.062575802 0.997889876 -0.017320577 -0.154409985 0.130157098 0.025365833 0.991168857 1.413759841
104938167 1.127082888 2.004755310 0.500000000 0.500000000 0.000000000 0.000000000 0.988096714 0.069323987 -0.137328148 1.074599982 -0.072177246 0.997265041 -0.015901446 -0.140971988 0.135850221 0.025624141 0.990397930 1.246389854
105271833 1.127082888 2.004755310 0.500000000 0.500000000 0.000000000 0.000000000 0.978356838 0.095657006 -0.183487609 0.183949006 -0.099040136 0.995039582 -0.009341713 0.055501301 0.181683823 0.027312160 0.982977629 -0.345446986
105338567 1.127082888 2.004755310 0.500000000 0.500000000 0.000000000 0.000000000 0.976506352 0.093261503 -0.194261789 -0.049873601 -0.096615799 0.995290875 -0.007843132 0.109639004 0.192615509 0.026427619 0.980918348 -0.799691924
105405300 1.127082888 2.004755310 0.500000000 0.500000000 0.000000000 0.000000000 0.974780381 0.088871621 -0.204707250 -0.296302973 -0.091922052 0.995751441 -0.005421260 0.157763981 0.203355744 0.024101662 0.978808224 -1.324510078
