https://www.youtube.com/watch?v=cyuF_hMCd6E
12212200 0.720949627 1.316340524 0.500000000 0.500000000 0.000000000 0.000000000 0.973339856 0.093644738 -0.209380716 -7.064000740 -0.099723920 0.994840443 -0.018643983 -0.600795966 0.206554502 0.039027177 0.977656484 0.197942011
12278933 0.720949627 1.316340524 0.500000000 0.500000000 0.000000000 0.000000000 0.972600162 0.104331166 -0.207759142 -6.950919733 -0.108879700 0.993998945 -0.010547505 -0.520963903 0.205411941 0.032879271 0.978123128 0.174145947
12345667 0.720949627 1.316340524 0.500000000 0.500000000 0.000000000 0.000000000 0.970387220 0.120727710 -0.209221035 -6.843359543 -0.124058507 0.992270887 -0.002820931 -0.405309007 0.207263380 0.028693069 0.977864265 0.130688906
12412400 0.720949627 1.316340524 0.500000000 0.500000000 0.000000000 0.000000000 0.968559682 0.129439771 -0.212455824 -6.722250183 -0.131868154 0.991263390 0.002761696 -0.351053906 0.210957155 0.025341313 0.977166772 0.079159822
12479133 0.720949627 1.316340524 0.500000000 0.500000000 0.000000000 0.000000000 0.963177204 0.163998276 -0.213059381 -6.624199942 -0.165545702 0.986144245 0.010683043 -0.119558955 0.211859271 0.024981396 0.976980865 0.044541729
12545867 0.720949627 1.316340524 0.500000000 0.500000000 0.000000000 0.000000000 0.965509355 0.150777206 -0.212268442 -6.507979741 -0.153566942 0.988132477 0.003380360 -0.222447983 0.210259020 0.029333660 0.977205515 0.026390978
12612600 0.720949627 1.316340524 0.500000000 0.500000000 0.000000000 0.000000000 0.963518977 0.163888246 -0.211593509 -6.400119924 -0.168055773 0.985775948 -0.001738414 -0.152511970 0.208298892 0.037234508 0.977356195 0.008729063
12679333 0.720949627 1.316340524 0.500000000 0.500000000 0.000000000 0.000000000 0.963146865 0.165044814 -0.212387383 -6.289250527 -0.170711577 0.985284448 -0.008494953 -0.168551955 0.207859933 0.044438861 0.977148652 -0.020209443
12746067 0.720949627 1.316340524 0.500000000 0.500000000 0.000000000 0.000000000 0.962216675 0.170668408 -0.212158889 -6.182390373 -0.177668467 0.983987451 -0.014234535 -0.152477025 0.206332296 0.051390618 0.977131546 -0.039689387
12812800 0.720949627 1.316340524 0.500000000 0.500000000 0.000000000 0.000000000 0.962527454 0.167716727 -0.213100731 -6.068979737 -0.175768003 0.984242916 -0.019275114 -0.191126051 0.206510127 0.056009136 0.976840079 -0.064726567
12879533 0.720949627 1.316340524 0.500000000 0.500000000 0.000000000 0.000000000 0.962085545 0.166969791 -0.215667382 -5.956009811 -0.175784811 0.984177828 -0.022219723 -0.215666977 0.208545014 0.059288345 0.976214051 -0.102470937
12946267 0.720949627 1.316340524 0.500000000 0.500000000 0.000000000 0.000000000 0.962226212 0.162155822 -0.218691915 -5.841169471 -0.171819195 0.984790921 -0.025786692 -0.262133939 0.211184353 0.062388130 0.975453138 -0.142561077
13013000 0.720949627 1.316340524 0.500000000 0.500000000 0.000000000 0.000000000 0.963624537 0.147935018 -0.222582504 -5.720600020 -0.158936873 0.986761808 -0.032252513 -0.359553992 0.214864627 0.066455893 0.974380195 -0.193839920
13079733 0.720949627 1.316340524 0.500000000 0.500000000 0.000000000 0.000000000 0.964240253 0.135848761 -0.227564901 -5.595739364 -0.148101062 0.988258064 -0.037577689 -0.436055966 0.219787955 0.069936544 0.973037541 -0.252118895
13146467 0.720949627 1.316340524 0.500000000 0.500000000 0.000000000 0.000000000 0.961610496 0.146223173 -0.232215524 -5.481270057 -0.158291236 0.986803114 -0.034110650 -0.384057945 0.224163234 0.069558844 0.972066045 -0.300985043
13213200 0.720949627 1.316340524 0.500000000 0.500000000 0.000000000 0.000000000 0.961140990 0.147312701 -0.233467400 -5.361890065 -0.159148872 0.986716568 -0.032589640 -0.387928038 0.225565284 0.068479285 0.971818388 -0.329240908
13279933 0.720949627 1.316340524 0.500000000 0.500000000 0.000000000 0.000000000 0.961780727 0.143112466 -0.233445138 -5.240809815 -0.155668899 0.987146437 -0.036181446 -0.422309903 0.225266516 0.071138784 0.971696556 -0.355875970
13346667 0.720949627 1.316340524 0.500000000 0.500000000 0.000000000 0.000000000 0.960618079 0.148627758 -0.234782353 -5.114480351 -0.161964983 0.986046255 -0.038472410 -0.396746069 0.225788191 0.074983791 0.971286356 -0.392669973
13413400 0.720949627 1.316340524 0.500000000 0.500000000 0.000000000 0.000000000 0.960386038 0.151155651 -0.234116554 -4.994609308 -0.164849699 0.985509098 -0.039954737 -0.392502938 0.224684596 0.076966032 0.971387148 -0.417130933
13480133 0.720949627 1.316340524 0.500000000 0.500000000 0.000000000 0.000000000 0.963418722 0.133713886 -0.232260719 -4.860840156 -0.147800162 0.988026261 -0.044263251 -0.483576063 0.223561093 0.076972194 0.971645892 -0.433647060
13546867 0.720949627 1.316340524 0.500000000 0.500000000 0.000000000 0.000000000 0.960294664 0.152137011 -0.233855560 -4.748909737 -0.165030479 0.985613823 -0.036473602 -0.390853986 0.224942282 0.073618717 0.971586943 -0.456928951
13613600 0.720949627 1.316340524 0.500000000 0.500000000 0.000000000 0.000000000 0.959028482 0.157997906 -0.235161602 -4.632419559 -0.169748604 0.985016525 -0.030460721 -0.359979988 0.226825327 0.069131061 0.971478820 -0.478839950
13680333 0.720949627 1.316340524 0.500000000 0.500000000 0.000000000 0.000000000 0.957550347 0.166144490 -0.235570163 -4.513480068 -0.176473767 0.984029233 -0.023311429 -0.318845920 0.227934867 0.063893825 0.971577704 -0.490926015
13747067 0.720949627 1.316340524 0.500000000 0.500000000 0.000000000 0.000000000 0.958470166 0.162716702 -0.234218374 -4.390810212 -0.172368780 0.984804273 -0.021203406 -0.333124996 0.227209106 0.060694739 0.971952796 -0.497621998
13813800 0.720949627 1.316340524 0.500000000 0.500000000 0.000000000 0.000000000 0.959554374 0.160962909 -0.230968416 -4.256569975 -0.170234054 0.985187232 -0.020653170 -0.335902994 0.224222749 0.059136506 0.972742021 -0.490954021
13880533 0.720949627 1.316340524 0.500000000 0.500000000 0.000000000 0.000000000 0.959614813 0.167963922 -0.225671113 -4.126849744 -0.176420510 0.984155834 -0.017694144 -0.296018944 0.219123572 0.056792602 0.974042833 -0.472171039
13947267 0.720949627 1.316340524 0.500000000 0.500000000 0.000000000 0.000000000 0.958465338 0.181802973 -0.219754085 -3.997069850 -0.189443097 0.981791556 -0.014024960 -0.234571121 0.213202938 0.055073321 0.975454509 -0.450310996
14014000 0.720949627 1.316340524 0.500000000 0.500000000 0.000000000 0.000000000 0.960611939 0.178991437 -0.212571800 -3.859750071 -0.186432034 0.982348382 -0.015321337 -0.240804910 0.206077188 0.054348029 0.977025330 -0.424483999
14080733 0.720949627 1.316340524 0.500000000 0.500000000 0.000000000 0.000000000 0.959418654 0.194242463 -0.204415619 -3.730430100 -0.200630352 0.979607522 -0.010797296 -0.171938008 0.198149770 0.051371109 0.978824615 -0.390677927
14147467 0.720949627 1.316340524 0.500000000 0.500000000 0.000000000 0.000000000 0.957872629 0.208942950 -0.197035313 -3.600790014 -0.214299172 0.976749539 -0.006021181 -0.110209062 0.191196054 0.047992021 0.980377913 -0.361520971
14214200 0.720949627 1.316340524 0.500000000 0.500000000 0.000000000 0.000000000 0.956577003 0.222258389 -0.188577965 -3.477139916 -0.226542592 0.974000514 -0.001196545 -0.052670555 0.183409080 0.043865535 0.982057512 -0.328509966
14280933 0.720949627 1.316340524 0.500000000 0.500000000 0.000000000 0.000000000 0.957689583 0.223927155 -0.180796176 -3.347409704 -0.227575973 0.973760128 0.000576349 -0.045220090 0.176181167 0.040592916 0.983520389 -0.297863964
14347667 0.720949627 1.316340524 0.500000000 0.500000000 0.000000000 0.000000000 0.956882656 0.233584121 -0.172667742 -3.232080400 -0.236433670 0.971638739 0.004170373 -0.010725352 0.168744802 0.036833871 0.984971285 -0.277975043
14414400 0.720949627 1.316340524 0.500000000 0.500000000 0.000000000 0.000000000 0.959990919 0.225442246 -0.166111946 -3.109349750 -0.227908984 0.973672867 0.004313040 -0.040497964 0.162711024 0.033717949 0.986097455 -0.262048931
14481133 0.720949627 1.316340524 0.500000000 0.500000000 0.000000000 0.000000000 0.955481350 0.247821584 -0.160124689 -2.992750288 -0.249576911 0.968309581 0.009379751 0.029090923 0.157374769 0.031001214 0.987052262 -0.257490011
14547867 0.720949627 1.316340524 0.500000000 0.500000000 0.000000000 0.000000000 0.952166259 0.263785511 -0.154261306 -2.878389853 -0.264845878 0.964188933 0.014013717 0.082702550 0.152433649 0.027512098 0.987930715 -0.250214972
14614600 0.720949627 1.316340524 0.500000000 0.500000000 0.000000000 0.000000000 0.944889367 0.292196572 -0.147666156 -2.760270161 -0.292303979 0.956084549 0.021465192 0.167955898 0.147453368 0.022881178 0.988804281 -0.242805977
14681333 0.720949627 1.316340524 0.500000000 0.500000000 0.000000000 0.000000000 0.942286611 0.303525150 -0.141309500 -2.654789893 -0.303146839 0.952623010 0.024724809 0.194003102 0.142119288 0.019539686 0.989656687 -0.242045017
14748067 0.720949627 1.316340524 0.500000000 0.500000000 0.000000000 0.000000000 0.942282200 0.306253195 -0.135326222 -2.546779926 -0.305786371 0.951778591 0.024741523 0.188319912 0.136377767 0.018067453 0.990492105 -0.239032984
14814800 0.720949627 1.316340524 0.500000000 0.500000000 0.000000000 0.000000000 0.941171110 0.311844140 -0.130192697 -2.453309841 -0.311361641 0.949973702 0.024572702 0.193276036 0.131342500 0.017409923 0.991184175 -0.244792002
14881533 0.720949627 1.316340524 0.500000000 0.500000000 0.000000000 0.000000000 0.944669187 0.301805228 -0.128505856 -2.360060149 -0.301535457 0.953200698 0.022020115 0.150221128 0.129137665 0.017947329 0.991464257 -0.255012079
14948267 0.720949627 1.316340524 0.500000000 0.500000000 0.000000000 0.000000000 0.940393925 0.315054864 -0.128061011 -2.271810017 -0.314760298 0.948890865 0.023066970 0.167063979 0.128783271 0.018616492 0.991497993 -0.272623974
15015000 0.720949627 1.316340524 0.500000000 0.500000000 0.000000000 0.000000000 0.946247935 0.295900851 -0.130604178 -2.192459711 -0.295799643 0.955027282 0.020624181 0.110217979 0.130833268 0.019117111 0.991220057 -0.297075989
15081733 0.720949627 1.316340524 0.500000000 0.500000000 0.000000000 0.000000000 0.941472113 0.309881359 -0.132679835 -2.104220125 -0.309535176 0.950591266 0.023754941 0.124437056 0.133485511 0.018704424 0.990874231 -0.309758987
15148467 0.720949627 1.316340524 0.500000000 0.500000000 0.000000000 0.000000000 0.937374115 0.320630610 -0.136109486 -2.031899980 -0.320244908 0.946996272 0.025323119 0.138247008 0.137014553 0.019851141 0.990370095 -0.334051032
15215200 0.720949627 1.316340524 0.500000000 0.500000000 0.000000000 0.000000000 0.938231766 0.316610932 -0.139566258 -1.952920011 -0.316010654 0.948370397 0.027035225 0.121654012 0.140920147 0.018739078 0.989843607 -0.347240974
15281933 0.720949627 1.316340524 0.500000000 0.500000000 0.000000000 0.000000000 0.934281111 0.327554196 -0.140808821 -1.878520229 -0.326439828 0.944689453 0.031606250 0.135031070 0.143373370 0.016436433 0.989532173 -0.354005053
15348667 0.720949627 1.316340524 0.500000000 0.500000000 0.000000000 0.000000000 0.941135049 0.306208163 -0.143183053 -1.804409884 -0.305405051 0.951807737 0.028103121 0.081174982 0.144888133 0.017280001 0.989297152 -0.362115986
15415400 0.720949627 1.316340524 0.500000000 0.500000000 0.000000000 0.000000000 0.934818566 0.325183392 -0.142723620 -1.727000041 -0.324097991 0.945500731 0.031447664 0.105449009 0.145171553 0.016858552 0.989262879 -0.366243984
15482133 0.720949627 1.316340524 0.500000000 0.500000000 0.000000000 0.000000000 0.937242031 0.318029374 -0.142949849 -1.650359939 -0.317093462 0.947922885 0.029898746 0.079972434 0.145014107 0.017306125 0.989278197 -0.368739988
15548867 0.720949627 1.316340524 0.500000000 0.500000000 0.000000000 0.000000000 0.930741906 0.337178886 -0.141527578 -1.571990233 -0.336154699 0.941269279 0.031816121 0.102243049 0.143943295 0.017962528 0.989422917 -0.371722043
15615600 0.720949627 1.316340524 0.500000000 0.500000000 0.000000000 0.000000000 0.932234406 0.333643973 -0.140074134 -1.492100009 -0.332672596 0.942532897 0.030995034 0.083893792 0.142365783 0.017704166 0.989655793 -0.370332011
15682333 0.720949627 1.316340524 0.500000000 0.500000000 0.000000000 0.000000000 0.930911899 0.338322401 -0.137625992 -1.410999936 -0.337359548 0.940865874 0.030982487 0.079946127 0.139969677 0.017587505 0.989999592 -0.367167010
15749067 0.720949627 1.316340524 0.500000000 0.500000000 0.000000000 0.000000000 0.932564616 0.334493250 -0.135784492 -1.329269918 -0.333685726 0.942227364 0.029349230 0.064552372 0.137756988 0.017939329 0.990303576 -0.366014000
15815800 0.720949627 1.316340524 0.500000000 0.500000000 0.000000000 0.000000000 0.931059301 0.340312988 -0.131588593 -1.244969871 -0.339288741 0.940176964 0.030827302 0.064709216 0.134207502 0.015944518 0.990824938 -0.358718003
15882533 0.720949627 1.316340524 0.500000000 0.500000000 0.000000000 0.000000000 0.930681765 0.343241096 -0.126558155 -1.160869936 -0.341854334 0.939166009 0.033208132 0.060344365 0.130257517 0.012358280 0.991403162 -0.348384986
15949267 0.720949627 1.316340524 0.500000000 0.500000000 0.000000000 0.000000000 0.925563335 0.358838856 -0.120694444 -1.075880063 -0.357336104 0.933333755 0.034626611 0.067028942 0.125073567 0.011079362 0.992085576 -0.338438988
16016000 0.720949627 1.316340524 0.500000000 0.500000000 0.000000000 0.000000000 0.928387523 0.353586495 -0.114338182 -0.989103038 -0.352442920 0.935328066 0.030748747 0.052930402 0.117816053 0.011750911 0.992965937 -0.331054016
16082733 0.720949627 1.316340524 0.500000000 0.500000000 0.000000000 0.000000000 0.924146175 0.367033064 -0.106021531 -0.901358006 -0.366001189 0.930139005 0.029740933 0.051879505 0.109530665 0.011319034 0.993918955 -0.321741986
16149467 0.720949627 1.316340524 0.500000000 0.500000000 0.000000000 0.000000000 0.926767588 0.362303853 -0.099186376 -0.817347135 -0.361559570 0.931986034 0.026015908 0.029657094 0.101865977 0.011751041 0.994728744 -0.319779017
16216200 0.720949627 1.316340524 0.500000000 0.500000000 0.000000000 0.000000000 0.919409811 0.382148594 -0.092995636 -0.734207066 -0.381392986 0.924033940 0.026472289 0.029883493 0.096047468 0.011128963 0.995314538 -0.314090997
16282933 0.720949627 1.316340524 0.500000000 0.500000000 0.000000000 0.000000000 0.920117974 0.381659746 -0.087856054 -0.653063966 -0.381003916 0.924241185 0.024780637 0.011241090 0.090657964 0.010672418 0.995824873 -0.307772989
16349667 0.720949627 1.316340524 0.500000000 0.500000000 0.000000000 0.000000000 0.915458381 0.393670112 -0.083425023 -0.574127928 -0.393022329 0.919195890 0.024745351 -0.000149532 0.086425446 0.010134576 0.996206760 -0.302302997
16416400 0.720949627 1.316340524 0.500000000 0.500000000 0.000000000 0.000000000 0.915526867 0.394246280 -0.079877667 -0.495414998 -0.393730581 0.918943703 0.022774791 -0.019883303 0.082381956 0.010599339 0.996544480 -0.295046015
16483133 0.720949627 1.316340524 0.500000000 0.500000000 0.000000000 0.000000000 0.914116144 0.398289055 -0.075877689 -0.416850968 -0.397886425 0.917194128 0.021007329 -0.039695610 0.077961557 0.010987565 0.996895790 -0.288020998
16549867 0.720949627 1.316340524 0.500000000 0.500000000 0.000000000 0.000000000 0.916508913 0.393297166 -0.072998695 -0.338675010 -0.393245190 0.919299841 0.015689434 -0.062174390 0.073278300 0.014326857 0.997208595 -0.283595983
16616600 0.720949627 1.316340524 0.500000000 0.500000000 0.000000000 0.000000000 0.915819764 0.395506710 -0.069631040 -0.258895961 -0.395626515 0.918324292 0.012650079 -0.078930697 0.068947062 0.015962709 0.997492611 -0.276284994
16683333 0.720949627 1.316340524 0.500000000 0.500000000 0.000000000 0.000000000 0.916862607 0.393565565 -0.066850238 -0.179369981 -0.393865138 0.919122159 0.009193755 -0.096912191 0.065061875 0.017900597 0.997720659 -0.268760011
16750067 0.720949627 1.316340524 0.500000000 0.500000000 0.000000000 0.000000000 0.915512562 0.397254825 -0.063445583 -0.098933894 -0.397842407 0.917446554 0.003631048 -0.116392991 0.059650380 0.021917075 0.997978687 -0.261994027
16816800 0.720949627 1.316340524 0.500000000 0.500000000 0.000000000 0.000000000 0.917357981 0.393694103 -0.058815673 -0.018752696 -0.394516528 0.918885112 -0.002604942 -0.131456991 0.053019300 0.025593422 0.998265445 -0.255071988
16883533 0.720949627 1.316340524 0.500000000 0.500000000 0.000000000 0.000000000 0.921121836 0.385542750 -0.053771455 0.063728700 -0.386484921 0.922261298 -0.007969692 -0.148415000 0.046518680 0.028122909 0.998521447 -0.248274988
16950267 0.720949627 1.316340524 0.500000000 0.500000000 0.000000000 0.000000000 0.914332867 0.401936114 -0.049425501 0.138847009 -0.402933538 0.915153503 -0.011777720 -0.167441004 0.040498037 0.030683935 0.998708367 -0.243074983
17017000 0.720949627 1.316340524 0.500000000 0.500000000 0.000000000 0.000000000 0.916699529 0.396912932 -0.046066530 0.219332988 -0.397946119 0.917276323 -0.015590114 -0.182707005 0.036067821 0.032623447 0.998816729 -0.237911017
17083733 0.720949627 1.316340524 0.500000000 0.500000000 0.000000000 0.000000000 0.910106659 0.412100345 -0.043347750 0.296811946 -0.413069338 0.910558045 -0.016053440 -0.200918993 0.032855008 0.032515980 0.998931050 -0.230056010
17150467 0.720949627 1.316340524 0.500000000 0.500000000 0.000000000 0.000000000 0.911708415 0.408864975 -0.040212780 0.381752931 -0.409762979 0.912032306 -0.017066309 -0.212710970 0.029697530 0.032037213 0.999045372 -0.220488010
17217200 0.720949627 1.316340524 0.500000000 0.500000000 0.000000000 0.000000000 0.913206577 0.405823618 -0.036891706 0.467636006 -0.406639129 0.913413227 -0.017914077 -0.224695991 0.026427420 0.031360861 0.999158680 -0.214315998
17350667 0.720949627 1.316340524 0.500000000 0.500000000 0.000000000 0.000000000 0.909478486 0.414570898 -0.031299826 0.635784850 -0.415265173 0.909475803 -0.020208471 -0.243922965 0.020088583 0.031376906 0.999305725 -0.206701009
