https://www.youtube.com/watch?v=XouFtZdnG_Q
229229000 0.862912524 1.549428548 0.500000000 0.500000000 0.000000000 0.000000000 0.999758065 0.017942587 -0.012724851 4.941160332 -0.017210996 0.998313546 0.055442434 -1.087580007 0.013698173 -0.055210013 0.998380780 5.196479507
229295733 0.862912524 1.549428548 0.500000000 0.500000000 0.000000000 0.000000000 0.999693394 0.024722008 -0.001413863 4.765300100 -0.024599811 0.998041451 0.057516422 -1.067050146 0.002833015 -0.057464007 0.998343587 4.756800327
229362467 0.862912524 1.549428548 0.500000000 0.500000000 0.000000000 0.000000000 0.999514043 0.027844988 0.014013351 4.607290166 -0.028532494 0.998264253 0.051520210 -1.037989884 -0.012554449 -0.051895011 0.998573601 4.303579729
229429200 0.862912524 1.549428548 0.500000000 0.500000000 0.000000000 0.000000000 0.999135911 0.028523786 0.030229000 4.412590013 -0.029962597 0.998385072 0.048264384 -0.976492949 -0.028803499 -0.049128421 0.998377085 3.849100314
229495933 0.862912524 1.549428548 0.500000000 0.500000000 0.000000000 0.000000000 0.998762369 0.024834193 0.043093506 4.152370323 -0.026928458 0.998449504 0.048718307 -0.914665092 -0.041816812 -0.049818452 0.997882485 3.445219732
229562667 0.862912524 1.549428548 0.500000000 0.500000000 0.000000000 0.000000000 0.997868001 0.022837868 0.061138600 3.854580105 -0.025855800 0.998462319 0.049034834 -0.866384007 -0.059924737 -0.050511077 0.996924102 3.060349991
229629400 0.862912524 1.549428548 0.500000000 0.500000000 0.000000000 0.000000000 0.996112466 0.016280405 0.086573273 3.523780155 -0.020613417 0.998566628 0.049394201 -0.793380969 -0.085645020 -0.050986748 0.995020270 2.686260065
229696133 0.862912524 1.549428548 0.500000000 0.500000000 0.000000000 0.000000000 0.993549585 0.004392267 0.113313615 3.155260188 -0.010079283 0.998715103 0.049664341 -0.706794050 -0.112949878 -0.050486103 0.992317200 2.344399881
229762867 0.862912524 1.549428548 0.500000000 0.500000000 0.000000000 0.000000000 0.990518212 -0.013043135 0.136760712 2.740789566 0.005948136 0.998621047 0.052159760 -0.599260975 -0.137252450 -0.050851721 0.989229918 2.037909751
229829600 0.862912524 1.549428548 0.500000000 0.500000000 0.000000000 0.000000000 0.986981213 -0.026041446 0.158713385 2.287669877 0.017617265 0.998371661 0.054255895 -0.498475030 -0.159867838 -0.050753459 0.985832810 1.803459880
229896333 0.862912524 1.549428548 0.500000000 0.500000000 0.000000000 0.000000000 0.982574582 -0.040215850 0.181465939 1.827010008 0.030725338 0.998023868 0.054811597 -0.398357996 -0.183311626 -0.048280872 0.981868505 1.629669953
229963067 0.862912524 1.549428548 0.500000000 0.500000000 0.000000000 0.000000000 0.977546632 -0.056723025 0.202940896 1.421879969 0.046398442 0.997392297 0.055279441 -0.326579007 -0.205547288 -0.044622086 0.977629364 1.462750117
230029800 0.862912524 1.549428548 0.500000000 0.500000000 0.000000000 0.000000000 0.972984552 -0.070302725 0.219905823 1.050809929 0.059349999 0.996663511 0.056030951 -0.267914027 -0.223111242 -0.041465849 0.973910689 1.305130102
230096533 0.862912524 1.549428548 0.500000000 0.500000000 0.000000000 0.000000000 0.969606280 -0.071173653 0.234089673 0.716682016 0.060060944 0.996718228 0.054272428 -0.226324016 -0.237184197 -0.038563251 0.970699012 1.166229986
230163267 0.862912524 1.549428548 0.500000000 0.500000000 0.000000000 0.000000000 0.966662407 -0.067465253 0.247006640 0.431475047 0.056405134 0.997074187 0.051590264 -0.192441034 -0.249764487 -0.035937928 0.967639506 1.048089967
230230000 0.862912524 1.549428548 0.500000000 0.500000000 0.000000000 0.000000000 0.962513030 -0.068192072 0.262523144 0.213076954 0.056855701 0.997101963 0.050548248 -0.150130995 -0.265209347 -0.033727393 0.963600755 0.922170920
230296733 0.862912524 1.549428548 0.500000000 0.500000000 0.000000000 0.000000000 0.958982110 -0.070908464 0.274454653 0.016490018 0.058530204 0.996875525 0.053041574 -0.108673004 -0.277358234 -0.034802053 0.960136116 0.770388153
230363467 0.862912524 1.549428548 0.500000000 0.500000000 0.000000000 0.000000000 0.956048071 -0.072441123 0.284120202 -0.173228961 0.058826577 0.996686518 0.056173559 -0.056852001 -0.287248015 -0.036990795 0.957141697 0.620365941
230430200 0.862912524 1.549428548 0.500000000 0.500000000 0.000000000 0.000000000 0.954308152 -0.075239629 0.289197117 -0.374612008 0.060823172 0.996430933 0.058531202 -0.030979410 -0.292568833 -0.038266934 0.955478489 0.479140031
230496933 0.862912524 1.549428548 0.500000000 0.500000000 0.000000000 0.000000000 0.952282012 -0.076937325 0.295363635 -0.566382066 0.062152363 0.996313095 0.059137609 -0.013687311 -0.298824579 -0.037958141 0.953552902 0.319925063
230563667 0.862912524 1.549428548 0.500000000 0.500000000 0.000000000 0.000000000 0.950653553 -0.075448170 0.300940752 -0.749362949 0.061476544 0.996556282 0.055643655 0.008218318 -0.304102600 -0.034397036 0.952018082 0.135056999
230630400 0.862912524 1.549428548 0.500000000 0.500000000 0.000000000 0.000000000 0.948681772 -0.078660950 0.306292772 -0.917919923 0.065008149 0.996393144 0.054539911 0.015708998 -0.309478164 -0.031829469 0.950373650 -0.085697516
230697133 0.862912524 1.549428548 0.500000000 0.500000000 0.000000000 0.000000000 0.946816206 -0.083716817 0.310693502 -1.085299776 0.069559745 0.995982707 0.056390628 0.041645410 -0.314166188 -0.031779788 0.948835909 -0.322768978
230763867 0.862912524 1.549428548 0.500000000 0.500000000 0.000000000 0.000000000 0.944879651 -0.086740650 0.315718830 -1.273069828 0.072035082 0.995715618 0.057977304 0.081651501 -0.319395185 -0.032038718 0.947079778 -0.559160872
230830600 0.862912524 1.549428548 0.500000000 0.500000000 0.000000000 0.000000000 0.941223741 -0.096060082 0.323836744 -1.485319871 0.080104053 0.994838953 0.062279738 0.104780989 -0.328148007 -0.032678507 0.944060862 -0.784244879
230897333 0.862912524 1.549428548 0.500000000 0.500000000 0.000000000 0.000000000 0.936552405 -0.104221404 0.334675372 -1.702020249 0.087328196 0.994045079 0.065177672 0.143569999 -0.339475334 -0.031815745 0.940076828 -0.999405189
230964067 0.862912524 1.549428548 0.500000000 0.500000000 0.000000000 0.000000000 0.931794345 -0.108162947 0.346496761 -1.908009935 0.090331800 0.993638098 0.067256510 0.174981962 -0.351567030 -0.031369548 0.935636938 -1.215579890
231030800 0.862912524 1.549428548 0.500000000 0.500000000 0.000000000 0.000000000 0.925155759 -0.113003865 0.362376869 -2.113660233 0.093815461 0.993112981 0.070180230 0.188550008 -0.367811799 -0.030931095 0.929385662 -1.391949908
231097533 0.862912524 1.549428548 0.500000000 0.500000000 0.000000000 0.000000000 0.918754458 -0.120350257 0.376040101 -2.325690265 0.099470243 0.992245018 0.074535221 0.185895983 -0.382094264 -0.031074787 0.923600793 -1.557450188
231164267 0.862912524 1.549428548 0.500000000 0.500000000 0.000000000 0.000000000 0.913853943 -0.122056626 0.387263685 -2.527950099 0.100103147 0.992035925 0.076446369 0.190995993 -0.393510252 -0.031094510 0.918794215 -1.693120105
231231000 0.862912524 1.549428548 0.500000000 0.500000000 0.000000000 0.000000000 0.909593284 -0.122895047 0.396909356 -2.724710362 0.100656033 0.991977870 0.076473705 0.209545985 -0.403123558 -0.029608682 0.914666533 -1.797430255
231297733 0.862912524 1.549428548 0.500000000 0.500000000 0.000000000 0.000000000 0.905321538 -0.120784819 0.407190055 -2.937179477 0.098347008 0.992270410 0.075678460 0.217432921 -0.413183481 -0.028467366 0.910202622 -1.845059447
231364467 0.862912524 1.549428548 0.500000000 0.500000000 0.000000000 0.000000000 0.900615215 -0.117506079 0.418431044 -3.150799942 0.095849566 0.992752969 0.072487265 0.232222964 -0.423916340 -0.025176682 0.905351281 -1.853499894
231431200 0.862912524 1.549428548 0.500000000 0.500000000 0.000000000 0.000000000 0.897503972 -0.114586525 0.425859958 -3.369470507 0.094931073 0.993214667 0.067177042 0.235541994 -0.430667907 -0.019864356 0.902291894 -1.832900450
231497933 0.862912524 1.549428548 0.500000000 0.500000000 0.000000000 0.000000000 0.895035863 -0.111011274 0.431957543 -3.573370068 0.093758203 0.993717730 0.061109990 0.232125954 -0.436027765 -0.014196066 0.899821222 -1.784440061
231564667 0.862912524 1.549428548 0.500000000 0.500000000 0.000000000 0.000000000 0.892148197 -0.109726496 0.438214332 -3.793610381 0.094705798 0.993925333 0.056064695 0.214097015 -0.441704124 -0.008516604 0.897120416 -1.673800140
231631400 0.862912524 1.549428548 0.500000000 0.500000000 0.000000000 0.000000000 0.890405774 -0.107374236 0.442321330 -4.008149548 0.095427021 0.994217336 0.049250484 0.209415977 -0.445051759 -0.001643477 0.895503283 -1.540679957
231698133 0.862912524 1.549428548 0.500000000 0.500000000 0.000000000 0.000000000 0.891742110 -0.104190186 0.440386564 -4.223289728 0.095162675 0.994549692 0.042602919 0.192113977 -0.442425102 0.003917562 0.896796882 -1.406050048
231764867 0.862912524 1.549428548 0.500000000 0.500000000 0.000000000 0.000000000 0.895713747 -0.102695040 0.432609111 -4.461780263 0.095185749 0.994693518 0.039044283 0.153656981 -0.434323162 0.006205710 0.900735795 -1.247370049
231831600 0.862912524 1.549428548 0.500000000 0.500000000 0.000000000 0.000000000 0.900988638 -0.103539892 0.421306163 -4.707539754 0.096954770 0.994597554 0.037087940 0.091077963 -0.422870129 0.007431858 0.906159759 -1.061919858
