https://www.youtube.com/watch?v=LrRYDh2mqUQ
2666667 0.712539189 1.290247027 0.500000000 0.500000000 0.000000000 0.000000000 0.923380613 -0.071074761 0.377248585 -6.013829699 0.070106499 0.997406065 0.016316587 -0.497881905 -0.377429724 0.011381175 0.925968230 3.186079889
2733333 0.712539189 1.290247027 0.500000000 0.500000000 0.000000000 0.000000000 0.916606784 -0.072161071 0.393223792 -5.666851500 0.070996337 0.997322559 0.017527282 -0.484522117 -0.393435746 0.011851803 0.919275761 2.985670377
2800000 0.712539189 1.290247027 0.500000000 0.500000000 0.000000000 0.000000000 0.911797404 -0.074068077 0.403905451 -5.323401329 0.072798498 0.997174680 0.018522494 -0.480423167 -0.404136181 0.012514919 0.914613307 2.769800314
2866667 0.712539189 1.290247027 0.500000000 0.500000000 0.000000000 0.000000000 0.907974124 -0.076598540 0.411965519 -4.842099808 0.075836107 0.996953726 0.018224783 -0.447198976 -0.412106544 0.014694241 0.911017120 2.480889793
2933333 0.712539189 1.290247027 0.500000000 0.500000000 0.000000000 0.000000000 0.902577162 -0.078406364 0.423328280 -4.300629777 0.078527406 0.996763766 0.017186610 -0.392641915 -0.423305869 0.017730648 0.905813277 2.210739984
3000000 0.712539189 1.290247027 0.500000000 0.500000000 0.000000000 0.000000000 0.895833254 -0.078242719 0.437448263 -3.848030693 0.079836339 0.996698439 0.014777409 -0.331468042 -0.437160254 0.021686139 0.899122238 1.845460483
3066667 0.712539189 1.290247027 0.500000000 0.500000000 0.000000000 0.000000000 0.889832318 -0.078381442 0.449504972 -3.376799815 0.080126353 0.996669173 0.015175258 -0.264452997 -0.449197233 0.022513773 0.893148899 1.475630036
3133333 0.712539189 1.290247027 0.500000000 0.500000000 0.000000000 0.000000000 0.884927452 -0.077885054 0.459170341 -2.881870300 0.079711385 0.996698439 0.015438960 -0.149004007 -0.458856821 0.022938732 0.888214111 1.125410098
3200000 0.712539189 1.290247027 0.500000000 0.500000000 0.000000000 0.000000000 0.878644645 -0.077921093 0.471075386 -2.369720453 0.078998268 0.996720731 0.017521953 -0.053836116 -0.470895916 0.021818550 0.881918967 0.823676051
3333333 0.712539189 1.290247027 0.500000000 0.500000000 0.000000000 0.000000000 0.867047429 -0.080934294 0.491608053 -1.363290005 0.081879146 0.996448815 0.019637132 0.077447608 -0.491451591 0.023226114 0.870595157 0.273481979
3400000 0.712539189 1.290247027 0.500000000 0.500000000 0.000000000 0.000000000 0.860663533 -0.080997095 0.502690375 -0.815288894 0.082934886 0.996382296 0.018550267 0.127379004 -0.502374351 0.025725057 0.864267349 -0.020020531
3466667 0.712539189 1.290247027 0.500000000 0.500000000 0.000000000 0.000000000 0.854270935 -0.081608355 0.513382435 -0.258710071 0.085299119 0.996220052 0.016423065 0.158188013 -0.512782097 0.029761285 0.858002901 -0.307267067
3533333 0.712539189 1.290247027 0.500000000 0.500000000 0.000000000 0.000000000 0.845366359 -0.081325725 0.527959883 0.310391913 0.086326495 0.996150672 0.015219249 0.192613001 -0.527165353 0.032711111 0.849132836 -0.575610938
3600000 0.712539189 1.290247027 0.500000000 0.500000000 0.000000000 0.000000000 0.834296167 -0.080839857 0.545357347 0.819178772 0.086571097 0.996129394 0.015221268 0.180797976 -0.544476986 0.034513161 0.838065326 -0.842056877
3666667 0.712539189 1.290247027 0.500000000 0.500000000 0.000000000 0.000000000 0.821611166 -0.079809204 0.564433932 1.310730020 0.086825967 0.996118546 0.014460934 0.174377010 -0.563397169 0.037126236 0.825351655 -1.112620056
3733333 0.712539189 1.290247027 0.500000000 0.500000000 0.000000000 0.000000000 0.809430718 -0.079650886 0.581788182 1.756129780 0.087911628 0.996029139 0.014053626 0.166355962 -0.580597401 0.039770536 0.813218772 -1.387569829
3800000 0.712539189 1.290247027 0.500000000 0.500000000 0.000000000 0.000000000 0.798110902 -0.082962744 0.596771240 2.141049572 0.091630302 0.995666564 0.015872233 0.192518949 -0.595502019 0.042014562 0.802254260 -1.688409729
3866667 0.712539189 1.290247027 0.500000000 0.500000000 0.000000000 0.000000000 0.789704382 -0.088035554 0.607138395 2.504990832 0.095240355 0.995244622 0.020432219 0.219444089 -0.606050014 0.041688621 0.794333518 -1.902780646
3933333 0.712539189 1.290247027 0.500000000 0.500000000 0.000000000 0.000000000 0.782818854 -0.088851430 0.615873456 2.869330011 0.097033747 0.995075643 0.020221760 0.217402024 -0.614637375 0.043930523 0.787585557 -2.112050078
4000000 0.712539189 1.290247027 0.500000000 0.500000000 0.000000000 0.000000000 0.774815440 -0.086823031 0.626196921 3.162459376 0.098765865 0.994986057 0.015749678 0.195237960 -0.624424636 0.049643815 0.779505670 -2.303169521
4066667 0.712539189 1.290247027 0.500000000 0.500000000 0.000000000 0.000000000 0.765084386 -0.085132860 0.638277471 3.381579849 0.101442449 0.994779646 0.011086723 0.192841958 -0.635889232 0.056266181 0.769726396 -2.520229488
4133333 0.712539189 1.290247027 0.500000000 0.500000000 0.000000000 0.000000000 0.757542670 -0.086653598 0.647009075 3.613281976 0.105285920 0.994392633 0.009905741 0.208033172 -0.644239485 0.060616851 0.762418270 -2.715951667
4200000 0.712539189 1.290247027 0.500000000 0.500000000 0.000000000 0.000000000 0.748391628 -0.088530011 0.657322168 3.822759881 0.109405808 0.993953586 0.009304916 0.221745982 -0.654171467 0.064951129 0.753552318 -2.931819891
4266667 0.712539189 1.290247027 0.500000000 0.500000000 0.000000000 0.000000000 0.738398492 -0.089449197 0.668405831 3.987719336 0.112092420 0.993655682 0.009145403 0.232137959 -0.664983332 0.068170294 0.743740439 -3.097709636
