https://www.youtube.com/watch?v=NptGIrE-3kQ
264900000 1.004831821 1.786978718 0.500000000 0.500000000 0.000000000 0.000000000 0.955810368 -0.084681012 0.281523824 5.620200332 0.098112457 0.994596601 -0.033934794 0.258237989 -0.277128994 0.060056232 0.958953977 -3.009789958
265000000 1.004831821 1.786978718 0.500000000 0.500000000 0.000000000 0.000000000 0.949467778 -0.083508261 0.302551240 4.854369816 0.099782296 0.994256079 -0.038709033 0.278486040 -0.297580868 0.066942252 0.952346742 -2.518459922
265066667 1.004831821 1.786978718 0.500000000 0.500000000 0.000000000 0.000000000 0.946688354 -0.082775332 0.311334908 4.364299843 0.099611513 0.994279683 -0.038541242 0.291974021 -0.306363702 0.067499071 0.949518383 -2.350120113
265133333 1.004831821 1.786978718 0.500000000 0.500000000 0.000000000 0.000000000 0.945515037 -0.082597762 0.314926654 3.875159557 0.099306688 0.994355440 -0.037356071 0.292555015 -0.310063511 0.066595078 0.948380530 -2.068839929
265200000 1.004831821 1.786978718 0.500000000 0.500000000 0.000000000 0.000000000 0.944815099 -0.082482152 0.317050815 3.399160279 0.098485060 0.994531453 -0.034754932 0.294179006 -0.312450349 0.064061739 0.947771549 -1.775990134
265266667 1.004831821 1.786978718 0.500000000 0.500000000 0.000000000 0.000000000 0.944256127 -0.081643946 0.318927228 2.932210045 0.096829943 0.994785547 -0.032026231 0.243240033 -0.314649463 0.061122693 0.947237909 -1.419540117
265333333 1.004831821 1.786978718 0.500000000 0.500000000 0.000000000 0.000000000 0.943890631 -0.081203178 0.320119679 2.468070230 0.096235216 0.994863451 -0.031392798 0.224765005 -0.315926194 0.060438134 0.946856856 -1.267340068
265400000 1.004831821 1.786978718 0.500000000 0.500000000 0.000000000 0.000000000 0.942392945 -0.079522945 0.324917912 1.948149993 0.095926873 0.994781435 -0.034756064 0.167091987 -0.320458412 0.063922219 0.945103407 -1.113760139
265466667 1.004831821 1.786978718 0.500000000 0.500000000 0.000000000 0.000000000 0.938895524 -0.077485010 0.335367382 1.458740012 0.096525222 0.994508028 -0.040456023 0.169813017 -0.330390811 0.070355386 0.941218376 -0.884368994
265533333 1.004831821 1.786978718 0.500000000 0.500000000 0.000000000 0.000000000 0.934769332 -0.077068143 0.346795231 0.970848240 0.097630538 0.994328082 -0.042189244 0.131883992 -0.341576785 0.073294997 0.936991572 -0.739318059
265600000 1.004831821 1.786978718 0.500000000 0.500000000 0.000000000 0.000000000 0.930076241 -0.079040259 0.358763099 0.515589081 0.100504622 0.994068742 -0.041546963 0.122006004 -0.353351295 0.074699163 0.932503581 -0.533823029
265666667 1.004831821 1.786978718 0.500000000 0.500000000 0.000000000 0.000000000 0.923768759 -0.082487285 0.373961389 0.060829990 0.103355974 0.993990541 -0.036061026 0.045614103 -0.368739486 0.071963198 0.926742911 -0.256911974
265766667 1.004831821 1.786978718 0.500000000 0.500000000 0.000000000 0.000000000 0.914351583 -0.090064883 0.394777536 -0.574784860 0.109537929 0.993615329 -0.027018530 -0.043547004 -0.389823616 0.067947581 0.918379307 0.268646961
265833333 1.004831821 1.786978718 0.500000000 0.500000000 0.000000000 0.000000000 0.909869373 -0.094554320 0.403976768 -1.040780008 0.113289312 0.993303418 -0.022668026 -0.082148595 -0.399128169 0.066391177 0.914488375 0.407465049
265900000 1.004831821 1.786978718 0.500000000 0.500000000 0.000000000 0.000000000 0.906360507 -0.096467391 0.411344856 -1.493609913 0.113765046 0.993349731 -0.017713284 -0.105898006 -0.406900555 0.062851317 0.911307573 0.712253917
265966667 1.004831821 1.786978718 0.500000000 0.500000000 0.000000000 0.000000000 0.903730035 -0.096140996 0.417167813 -1.964860096 0.112386599 0.993558884 -0.014491525 -0.146141006 -0.413087577 0.059980493 0.908713937 1.118190013
266033333 1.004831821 1.786978718 0.500000000 0.500000000 0.000000000 0.000000000 0.901996374 -0.092851922 0.421640724 -2.434549571 0.108757600 0.993972898 -0.013771584 -0.201582954 -0.417820722 0.058278583 0.906658292 1.299699750
266100000 1.004831821 1.786978718 0.500000000 0.500000000 0.000000000 0.000000000 0.901260853 -0.087647811 0.424319059 -2.869479674 0.104264989 0.994419992 -0.016052075 -0.217116025 -0.420544416 0.058708750 0.905370414 1.725309906
266166667 1.004831821 1.786978718 0.500000000 0.500000000 0.000000000 0.000000000 0.900116205 -0.081652910 0.427929461 -3.266600043 0.098146543 0.995033801 -0.016581940 -0.278457972 -0.424450338 0.056925461 0.903660059 2.035730127
266233333 1.004831821 1.786978718 0.500000000 0.500000000 0.000000000 0.000000000 0.898252487 -0.077302955 0.432627648 -3.674559877 0.093597285 0.995474100 -0.016459648 -0.324919012 -0.429397255 0.055277701 0.901422381 2.432159624
266300000 1.004831821 1.786978718 0.500000000 0.500000000 0.000000000 0.000000000 0.895264626 -0.074684165 0.439230591 -4.001939811 0.091098778 0.995707154 -0.016378552 -0.410306985 -0.436121851 0.054676510 0.898225069 3.006220515
266366667 1.004831821 1.786978718 0.500000000 0.500000000 0.000000000 0.000000000 0.891879976 -0.075031221 0.446004868 -4.291269343 0.094071865 0.995350838 -0.020668883 -0.530085910 -0.442380488 0.060390685 0.894791842 3.421099651
266433333 1.004831821 1.786978718 0.500000000 0.500000000 0.000000000 0.000000000 0.887498498 -0.078558773 0.454064995 -4.589550537 0.103081137 0.994236469 -0.029463552 -0.679085060 -0.449133366 0.072954372 0.890481353 3.796200551
266500000 1.004831821 1.786978718 0.500000000 0.500000000 0.000000000 0.000000000 0.882760525 -0.083175853 0.462401927 -4.820739605 0.113289863 0.992846906 -0.037687786 -0.836094910 -0.455959618 0.085654765 0.885869026 4.233579373
