https://www.youtube.com/watch?v=_rdfw9kkCmk
120233333 0.844446794 1.537508153 0.500000000 0.500000000 0.000000000 0.000000000 0.996192694 -0.041424211 0.076707937 1.052800039 0.042387050 0.999041080 -0.010966075 -2.717660075 -0.076180123 0.014175746 0.996993303 5.389079782
120300000 0.844446794 1.537508153 0.500000000 0.500000000 0.000000000 0.000000000 0.995470703 -0.042107310 0.085235529 1.003929953 0.043360632 0.998976111 -0.012905934 -2.611969883 -0.084604822 0.016543344 0.996277213 5.184119683
120366667 0.844446794 1.537508153 0.500000000 0.500000000 0.000000000 0.000000000 0.994752884 -0.043751482 0.092479482 0.940841032 0.045348871 0.998854935 -0.015241604 -2.501650136 -0.091706738 0.019355468 0.995597959 4.983230527
120433333 0.844446794 1.537508153 0.500000000 0.500000000 0.000000000 0.000000000 0.993974209 -0.045133721 0.099891260 0.889831067 0.046930339 0.998774648 -0.015708368 -2.369229931 -0.099059880 0.020301640 0.994874358 4.784520025
120500000 0.844446794 1.537508153 0.500000000 0.500000000 0.000000000 0.000000000 0.993052542 -0.048132345 0.107377648 0.848944034 0.050239548 0.998592436 -0.017004602 -2.230360175 -0.106408030 0.022281069 0.994072855 4.583229499
120566667 0.844446794 1.537508153 0.500000000 0.500000000 0.000000000 0.000000000 0.991903424 -0.049866088 0.116794579 0.823739974 0.052212648 0.998489261 -0.017116789 -2.087130020 -0.115764596 0.023076355 0.993008554 4.397019819
120633333 0.844446794 1.537508153 0.500000000 0.500000000 0.000000000 0.000000000 0.989852965 -0.054292671 0.131313980 0.827561867 0.056906573 0.998247504 -0.016232980 -1.938079838 -0.130202532 0.023540897 0.991207898 4.221159681
120700000 0.844446794 1.537508153 0.500000000 0.500000000 0.000000000 0.000000000 0.987862647 -0.058221750 0.144005477 0.841868977 0.061400674 0.997955799 -0.017726425 -1.787910093 -0.142679036 0.026353303 0.989418089 4.045810519
120766667 0.844446794 1.537508153 0.500000000 0.500000000 0.000000000 0.000000000 0.985688031 -0.061761703 0.156858310 0.836438883 0.065545693 0.997667491 -0.019061549 -1.642939953 -0.155315176 0.029070137 0.987437129 3.870229874
120833333 0.844446794 1.537508153 0.500000000 0.500000000 0.000000000 0.000000000 0.983219802 -0.064162239 0.170768678 0.832061997 0.068721890 0.997416496 -0.020918570 -1.492939854 -0.168985307 0.032303110 0.985089064 3.694849822
120900000 0.844446794 1.537508153 0.500000000 0.500000000 0.000000000 0.000000000 0.981538177 -0.066114731 0.179476023 0.791909017 0.071325414 0.997194111 -0.022729514 -1.344060030 -0.177469671 0.035111085 0.983499765 3.533570190
120966667 0.844446794 1.537508153 0.500000000 0.500000000 0.000000000 0.000000000 0.980297506 -0.067146793 0.185763523 0.733268982 0.072856024 0.997051895 -0.024072200 -1.188349877 -0.183599517 0.037131920 0.982299566 3.380429917
121033333 0.844446794 1.537508153 0.500000000 0.500000000 0.000000000 0.000000000 0.979718685 -0.065309122 0.189436138 0.650087038 0.071370378 0.997127831 -0.025345491 -1.044240108 -0.187236756 0.038351581 0.981565893 3.219810143
121100000 0.844446794 1.537508153 0.500000000 0.500000000 0.000000000 0.000000000 0.979288340 -0.065607570 0.191546336 0.563966968 0.071992151 0.997051597 -0.026557295 -0.916502005 -0.189239219 0.039797075 0.981124222 3.037960132
121166667 0.844446794 1.537508153 0.500000000 0.500000000 0.000000000 0.000000000 0.978879392 -0.067216530 0.193072647 0.484884019 0.073733196 0.996918917 -0.026759163 -0.803765953 -0.190679103 0.040429868 0.980819464 2.844429803
121233333 0.844446794 1.537508153 0.500000000 0.500000000 0.000000000 0.000000000 0.978476584 -0.066699974 0.195280954 0.405054046 0.073379628 0.996934056 -0.027164791 -0.703208010 -0.192870334 0.040909763 0.980371058 2.663240042
121300000 0.844446794 1.537508153 0.500000000 0.500000000 0.000000000 0.000000000 0.977956951 -0.067740344 0.197513059 0.327057032 0.074952118 0.996757746 -0.029259976 -0.614337000 -0.194890603 0.043419022 0.979863465 2.457750248
121366667 0.844446794 1.537508153 0.500000000 0.500000000 0.000000000 0.000000000 0.977165103 -0.068041891 0.201292440 0.251686976 0.075984254 0.996595800 -0.031987790 -0.515936028 -0.198430702 0.046552401 0.979008794 2.242470194
121433333 0.844446794 1.537508153 0.500000000 0.500000000 0.000000000 0.000000000 0.976635695 -0.068925381 0.203548402 0.186470958 0.077394396 0.996422887 -0.033934455 -0.430140964 -0.200481325 0.048895117 0.978476584 2.017689648
121500000 0.844446794 1.537508153 0.500000000 0.500000000 0.000000000 0.000000000 0.975491226 -0.070518114 0.208432317 0.122493023 0.079832949 0.996135712 -0.036610126 -0.335146019 -0.205045193 0.052352622 0.977351367 1.774480100
121566667 0.844446794 1.537508153 0.500000000 0.500000000 0.000000000 0.000000000 0.974880517 -0.071384184 0.210979387 0.067275099 0.081434675 0.995902479 -0.039328024 -0.240977019 -0.207307503 0.055521153 0.976699054 1.517439960
121633333 0.844446794 1.537508153 0.500000000 0.500000000 0.000000000 0.000000000 0.974484026 -0.071683772 0.212702453 0.010332092 0.082160391 0.995782793 -0.040820062 -0.150988012 -0.208879322 0.057254210 0.976264000 1.273419995
121700000 0.844446794 1.537508153 0.500000000 0.500000000 0.000000000 0.000000000 0.973921776 -0.073036022 0.214807123 -0.037748189 0.084299766 0.995480001 -0.043739162 -0.055475701 -0.210641652 0.060706720 0.975676596 1.025150056
121766667 0.844446794 1.537508153 0.500000000 0.500000000 0.000000000 0.000000000 0.973606944 -0.073256865 0.216154903 -0.078892213 0.085015014 0.995335817 -0.045597028 0.040427313 -0.211806417 0.062770002 0.975293756 0.794424910
121833333 0.844446794 1.537508153 0.500000000 0.500000000 0.000000000 0.000000000 0.972952247 -0.072618119 0.219295576 -0.125982991 0.085169174 0.995194137 -0.048320252 0.153172000 -0.214732751 0.065690525 0.974461198 0.556695012
121900000 0.844446794 1.537508153 0.500000000 0.500000000 0.000000000 0.000000000 0.971137583 -0.075090028 0.226391807 -0.171788013 0.088142268 0.994946241 -0.048092417 0.265842003 -0.221636429 0.066659048 0.972848296 0.312306990
121966667 0.844446794 1.537508153 0.500000000 0.500000000 0.000000000 0.000000000 0.968643367 -0.077774063 0.235968664 -0.215519001 0.091621935 0.994622648 -0.048282441 0.372597995 -0.230944648 0.068388365 0.970560491 0.048056494
122033333 0.844446794 1.537508153 0.500000000 0.500000000 0.000000000 0.000000000 0.965526640 -0.079450995 0.247882754 -0.270877000 0.094130695 0.994405806 -0.047922548 0.459996042 -0.242688537 0.069603860 0.967604041 -0.227865009
122100000 0.844446794 1.537508153 0.500000000 0.500000000 0.000000000 0.000000000 0.960846484 -0.083743982 0.264123052 -0.343499022 0.099397369 0.993963301 -0.046444967 0.536560016 -0.258639127 0.070879608 0.963370085 -0.513863050
122166667 0.844446794 1.537508153 0.500000000 0.500000000 0.000000000 0.000000000 0.955328882 -0.087645106 0.282250047 -0.423337983 0.103983127 0.993631482 -0.043405309 0.588993014 -0.276648283 0.070815586 0.958358407 -0.808707966
122233333 0.844446794 1.537508153 0.500000000 0.500000000 0.000000000 0.000000000 0.948577583 -0.092643559 0.302684158 -0.539400961 0.108999208 0.993332028 -0.037558582 0.635427050 -0.297186285 0.068619564 0.952350616 -1.095249932
122300000 0.844446794 1.537508153 0.500000000 0.500000000 0.000000000 0.000000000 0.941039443 -0.097661935 0.323893249 -0.659965991 0.113638528 0.993046582 -0.030736910 0.669844982 -0.318639278 0.065731414 0.945594192 -1.369920097
122366667 0.844446794 1.537508153 0.500000000 0.500000000 0.000000000 0.000000000 0.932027876 -0.101463340 0.347892731 -0.819533131 0.117005907 0.992843568 -0.023902673 0.697686113 -0.342977792 0.062983423 0.937229633 -1.619210028
122433333 0.844446794 1.537508153 0.500000000 0.500000000 0.000000000 0.000000000 0.921329081 -0.108168885 0.373433232 -0.988590176 0.123729587 0.992154956 -0.017875712 0.729116078 -0.368570030 0.062674105 0.927484870 -1.867110223
122500000 0.844446794 1.537508153 0.500000000 0.500000000 0.000000000 0.000000000 0.911044061 -0.113808289 0.396291018 -1.156040170 0.128870577 0.991594791 -0.011494275 0.746747140 -0.391651988 0.061541993 0.918053091 -2.090920460
122566667 0.844446794 1.537508153 0.500000000 0.500000000 0.000000000 0.000000000 0.899376869 -0.121127620 0.420058876 -1.315830192 0.135682181 0.990740716 -0.004816851 0.758807076 -0.415585965 0.061326638 0.907484114 -2.303780156
122633333 0.844446794 1.537508153 0.500000000 0.500000000 0.000000000 0.000000000 0.887339473 -0.125842303 0.443612725 -1.490639725 0.139625102 0.990203142 0.001610829 0.743793956 -0.439469427 0.060510166 0.896217048 -2.472219417
122700000 0.844446794 1.537508153 0.500000000 0.500000000 0.000000000 0.000000000 0.875114858 -0.131173059 0.465797633 -1.696039625 0.144716874 0.989450037 0.006752536 0.723875894 -0.461769253 0.061499566 0.884865403 -2.644389562
122766667 0.844446794 1.537508153 0.500000000 0.500000000 0.000000000 0.000000000 0.866284072 -0.136151955 0.480639696 -1.830310054 0.148976937 0.988772810 0.011582525 0.687647947 -0.476820469 0.061570480 0.876841664 -2.863190121
122833333 0.844446794 1.537508153 0.500000000 0.500000000 0.000000000 0.000000000 0.858764768 -0.139889777 0.492903262 -1.972289612 0.152252674 0.988224685 0.015202358 0.659963821 -0.489225835 0.061990663 0.869951189 -3.079939628
122900000 0.844446794 1.537508153 0.500000000 0.500000000 0.000000000 0.000000000 0.853259027 -0.141889602 0.501813054 -2.103550054 0.153053731 0.988032818 0.019124866 0.635063011 -0.498521358 0.060485899 0.864764631 -3.298749889
122966667 0.844446794 1.537508153 0.500000000 0.500000000 0.000000000 0.000000000 0.847487271 -0.144111231 0.510878980 -2.229830104 0.154598162 0.987728834 0.022163415 0.618428153 -0.507803857 0.060197718 0.859366953 -3.524450359
123033333 0.844446794 1.537508153 0.500000000 0.500000000 0.000000000 0.000000000 0.840799570 -0.146928415 0.521025896 -2.354779466 0.157374397 0.987236559 0.024437929 0.600293851 -0.517966509 0.061448768 0.853190899 -3.743599557
123100000 0.844446794 1.537508153 0.500000000 0.500000000 0.000000000 0.000000000 0.829990864 -0.151026472 0.536941528 -2.514570045 0.161878452 0.986434996 0.027228590 0.583003127 -0.533770204 0.064319745 0.843180001 -3.940950438
123166667 0.844446794 1.537508153 0.500000000 0.500000000 0.000000000 0.000000000 0.821188390 -0.155215964 0.549142361 -2.646539255 0.165977135 0.985661030 0.030396204 0.564698480 -0.545986176 0.066184163 0.835175693 -4.151778734
123633333 0.844446794 1.537508153 0.500000000 0.500000000 0.000000000 0.000000000 0.766684413 -0.167862579 0.619690835 -3.850268046 0.180269703 0.982670009 0.043156296 0.370864320 -0.616195977 0.078624345 0.783658326 -5.333977818
