https://www.youtube.com/watch?v=R1XwsqrDxvQ
16549867 0.738458194 1.318748529 0.500000000 0.500000000 0.000000000 0.000000000 0.997601926 0.056082606 -0.040560868 -0.906413996 -0.057535954 0.997708559 -0.035597771 -0.321357024 0.038471509 0.037846111 0.998542726 5.866749674
16616600 0.738458194 1.318748529 0.500000000 0.500000000 0.000000000 0.000000000 0.996575773 0.065563619 -0.050379913 -0.781305015 -0.067298979 0.997168422 -0.033556335 -0.307751993 0.048037183 0.036831953 0.998166263 5.680490038
16683333 0.738458194 1.318748529 0.500000000 0.500000000 0.000000000 0.000000000 0.996372283 0.066657409 -0.052906614 -0.622208999 -0.068783134 0.996852160 -0.039428409 -0.355569983 0.050111879 0.042924453 0.997820795 5.508630012
16750067 0.738458194 1.318748529 0.500000000 0.500000000 0.000000000 0.000000000 0.996742189 0.063404396 -0.049848523 -0.459269992 -0.065561563 0.996925890 -0.042899892 -0.388981027 0.046975244 0.046028279 0.997835040 5.339750073
16816800 0.738458194 1.318748529 0.500000000 0.500000000 0.000000000 0.000000000 0.996892452 0.061167467 -0.049639020 -0.342858982 -0.063444793 0.996939480 -0.045677226 -0.425942006 0.046693143 0.048684616 0.997722208 5.168770021
16883533 0.738458194 1.318748529 0.500000000 0.500000000 0.000000000 0.000000000 0.996770382 0.062195770 -0.050798811 -0.240840012 -0.064648248 0.996745646 -0.048152484 -0.459084929 0.047638610 0.051281027 0.997547388 5.009839840
16950267 0.738458194 1.318748529 0.500000000 0.500000000 0.000000000 0.000000000 0.996776938 0.060214706 -0.053008627 -0.170178010 -0.062856525 0.996785998 -0.049666580 -0.478742966 0.049847592 0.052838441 0.997358143 4.822399665
17017000 0.738458194 1.318748529 0.500000000 0.500000000 0.000000000 0.000000000 0.996769011 0.056919429 -0.056671668 -0.116646968 -0.059890028 0.996840417 -0.052176595 -0.523903981 0.053522747 0.055402085 0.997028530 4.662469514
17083733 0.738458194 1.318748529 0.500000000 0.500000000 0.000000000 0.000000000 0.996646821 0.055763334 -0.059879102 -0.088237314 -0.058896624 0.996913910 -0.051902764 -0.550840986 0.056800038 0.055255406 0.996855378 4.482550323
17150467 0.738458194 1.318748529 0.500000000 0.500000000 0.000000000 0.000000000 0.996362031 0.054843821 -0.065229014 -0.080378113 -0.058407851 0.996828675 -0.054047611 -0.587384019 0.062057972 0.057660874 0.996405542 4.295370001
17217200 0.738458194 1.318748529 0.500000000 0.500000000 0.000000000 0.000000000 0.995926738 0.057660814 -0.069319531 -0.077831207 -0.061354730 0.996739864 -0.052394830 -0.581789011 0.066072419 0.056434490 0.996217668 4.093390586
17283933 0.738458194 1.318748529 0.500000000 0.500000000 0.000000000 0.000000000 0.995401978 0.056955326 -0.077012673 -0.087560210 -0.061116945 0.996732831 -0.052805476 -0.592005055 0.073753506 0.057269454 0.995630801 3.889660153
17350667 0.738458194 1.318748529 0.500000000 0.500000000 0.000000000 0.000000000 0.993779123 0.067332566 -0.088709615 -0.113597962 -0.072281629 0.995931745 -0.053808518 -0.573753008 0.084725656 0.059885859 0.994603038 3.638719873
17417400 0.738458194 1.318748529 0.500000000 0.500000000 0.000000000 0.000000000 0.992129087 0.074164689 -0.100893535 -0.135647984 -0.079693586 0.995466650 -0.051914532 -0.537708972 0.096585922 0.059546489 0.993541837 3.387929853
17484133 0.738458194 1.318748529 0.500000000 0.500000000 0.000000000 0.000000000 0.989447117 0.085103765 -0.117267884 -0.165157989 -0.090406314 0.995074749 -0.040656120 -0.445151966 0.113230325 0.050828844 0.992267787 3.102370012
17550867 0.738458194 1.318748529 0.500000000 0.500000000 0.000000000 0.000000000 0.986420453 0.096856587 -0.132640466 -0.177955009 -0.101484798 0.994426668 -0.028572816 -0.374817989 0.129133746 0.041645791 0.990752280 2.861449744
17617600 0.738458194 1.318748529 0.500000000 0.500000000 0.000000000 0.000000000 0.983476043 0.105446480 -0.147159353 -0.183524047 -0.109234862 0.993855119 -0.017880943 -0.303108970 0.144369587 0.033660423 0.988951147 2.586200163
17684333 0.738458194 1.318748529 0.500000000 0.500000000 0.000000000 0.000000000 0.980220675 0.110605247 -0.164115474 -0.186723032 -0.114045702 0.993407071 -0.011662070 -0.250968974 0.161743566 0.030148081 0.986372173 2.347340092
17751067 0.738458194 1.318748529 0.500000000 0.500000000 0.000000000 0.000000000 0.977780461 0.108317398 -0.179479137 -0.175398012 -0.111751713 0.993694425 -0.009105465 -0.216127026 0.177361146 0.028960228 0.983719647 2.127390009
17817800 0.738458194 1.318748529 0.500000000 0.500000000 0.000000000 0.000000000 0.975073516 0.103875473 -0.196064979 -0.166049004 -0.108835861 0.993951499 -0.014667459 -0.211417992 0.193355501 0.035640761 0.980481207 1.924020164
17884533 0.738458194 1.318748529 0.500000000 0.500000000 0.000000000 0.000000000 0.971732855 0.102795437 -0.212528557 -0.151450013 -0.108674318 0.993946433 -0.016135480 -0.204461018 0.209583342 0.038775761 0.977021635 1.720880086
17951267 0.738458194 1.318748529 0.500000000 0.500000000 0.000000000 0.000000000 0.966369987 0.099800788 -0.236999556 -0.157013000 -0.107147597 0.994074881 -0.018290170 -0.199997982 0.233769938 0.043069012 0.971337557 1.514070048
18018000 0.738458194 1.318748529 0.500000000 0.500000000 0.000000000 0.000000000 0.961328804 0.099276483 -0.256887555 -0.143686032 -0.106403604 0.994225025 -0.013958178 -0.179969027 0.254018307 0.040752139 0.966340542 1.339830205
18084733 0.738458194 1.318748529 0.500000000 0.500000000 0.000000000 0.000000000 0.955295086 0.097523779 -0.279106498 -0.126001990 -0.105980292 0.994250000 -0.015332626 -0.178042986 0.276006341 0.044226967 0.960137725 1.127079937
18151467 0.738458194 1.318748529 0.500000000 0.500000000 0.000000000 0.000000000 0.947864175 0.096775897 -0.303624749 -0.090170819 -0.104379736 0.994497895 -0.008874065 -0.153320996 0.301095366 0.040103678 0.952750385 0.939732019
18218200 0.738458194 1.318748529 0.500000000 0.500000000 0.000000000 0.000000000 0.938344240 0.097466320 -0.331678182 -0.018734074 -0.102026522 0.994774878 0.003681411 -0.135460999 0.330303937 0.030385543 0.943385422 0.729137978
18284933 0.738458194 1.318748529 0.500000000 0.500000000 0.000000000 0.000000000 0.928930998 0.100055225 -0.356477410 0.073344085 -0.101122417 0.994750202 0.015693005 -0.139176999 0.356176168 0.021470137 0.934172153 0.548174036
18351667 0.738458194 1.318748529 0.500000000 0.500000000 0.000000000 0.000000000 0.916302383 0.101087391 -0.387519389 0.199436018 -0.100829810 0.994680882 0.021054691 -0.145142007 0.387586504 0.019781040 0.921621084 0.361277016
18418400 0.738458194 1.318748529 0.500000000 0.500000000 0.000000000 0.000000000 0.903781295 0.109368935 -0.413784474 0.339062901 -0.107546449 0.993811965 0.027776968 -0.166236986 0.414261907 0.019396793 0.909950912 0.189498956
18485133 0.738458194 1.318748529 0.500000000 0.500000000 0.000000000 0.000000000 0.894041181 0.114477985 -0.433111072 0.512942047 -0.113333471 0.993146479 0.028557628 -0.157200996 0.433411956 0.023554280 0.900888085 -0.029571615
18551867 0.738458194 1.318748529 0.500000000 0.500000000 0.000000000 0.000000000 0.879881799 0.121657252 -0.459355444 0.678162957 -0.121011779 0.992167711 0.030974558 -0.160407025 0.459525913 0.028333498 0.887712240 -0.219218962
18618600 0.738458194 1.318748529 0.500000000 0.500000000 0.000000000 0.000000000 0.867041767 0.134670824 -0.479689807 0.846239960 -0.129536688 0.990599334 0.043968238 -0.172884013 0.481101662 0.024015138 0.876335800 -0.411170944
18685333 0.738458194 1.318748529 0.500000000 0.500000000 0.000000000 0.000000000 0.854025483 0.146767199 -0.499099314 1.008400207 -0.142852753 0.988660932 0.046289608 -0.176067988 0.500233769 0.031765148 0.865307689 -0.595689154
18752067 0.738458194 1.318748529 0.500000000 0.500000000 0.000000000 0.000000000 0.843802750 0.152791724 -0.514442861 1.168979898 -0.148163691 0.987681627 0.050323639 -0.148741018 0.515794814 0.033758570 0.856046677 -0.782613876
18818800 0.738458194 1.318748529 0.500000000 0.500000000 0.000000000 0.000000000 0.834621489 0.153301910 -0.529061139 1.317630262 -0.146009758 0.987704754 0.055861522 -0.118241979 0.531119883 0.030624818 0.846743107 -0.961728956
18885533 0.738458194 1.318748529 0.500000000 0.500000000 0.000000000 0.000000000 0.827140570 0.156014279 -0.539905310 1.428669640 -0.148811832 0.987204731 0.057287320 -0.108883101 0.541934729 0.032959715 0.839773834 -1.112619650
18952267 0.738458194 1.318748529 0.500000000 0.500000000 0.000000000 0.000000000 0.819024622 0.159495473 -0.551144183 1.520499976 -0.151543081 0.986608744 0.060314722 -0.102847969 0.553383648 0.034122825 0.832227290 -1.287710019
19019000 0.738458194 1.318748529 0.500000000 0.500000000 0.000000000 0.000000000 0.807886124 0.162884340 -0.566382170 1.606650063 -0.154273763 0.985985398 0.063501216 -0.104917967 0.568787932 0.036076136 0.821692705 -1.447580146
19085733 0.738458194 1.318748529 0.500000000 0.500000000 0.000000000 0.000000000 0.800018668 0.166497752 -0.576410115 1.671869871 -0.155327067 0.985445857 0.069065318 -0.131277943 0.579520166 0.034278542 0.814236701 -1.618199882
19152467 0.738458194 1.318748529 0.500000000 0.500000000 0.000000000 0.000000000 0.795373976 0.162320137 -0.583979666 1.736039846 -0.152956754 0.986043155 0.065750286 -0.140560079 0.586501777 0.037027605 0.809101045 -1.833209788
19219200 0.738458194 1.318748529 0.500000000 0.500000000 0.000000000 0.000000000 0.794225812 0.162979901 -0.585357368 1.773700594 -0.150945723 0.986078560 0.069745466 -0.171960872 0.588575423 0.032963470 0.807770133 -2.047150367
19285933 0.738458194 1.318748529 0.500000000 0.500000000 0.000000000 0.000000000 0.792526603 0.166872084 -0.586562216 1.813599720 -0.152166516 0.985522211 0.074774913 -0.188952966 0.590547979 0.029994017 0.806444943 -2.265840009
19352667 0.738458194 1.318748529 0.500000000 0.500000000 0.000000000 0.000000000 0.788499832 0.171357155 -0.590681791 1.850400361 -0.153238475 0.984851718 0.081148408 -0.192916817 0.595639348 0.026529597 0.802813947 -2.487850552
19419400 0.738458194 1.318748529 0.500000000 0.500000000 0.000000000 0.000000000 0.783643365 0.176656514 -0.595563471 1.887300537 -0.158439577 0.983844042 0.083353609 -0.166967842 0.600666583 0.029041249 0.798972189 -2.727320723
19486133 0.738458194 1.318748529 0.500000000 0.500000000 0.000000000 0.000000000 0.777288973 0.181552261 -0.602378905 1.936959437 -0.160534769 0.982998610 0.089119516 -0.122162237 0.608317435 0.027431222 0.793219447 -2.975498984
19552867 0.738458194 1.318748529 0.500000000 0.500000000 0.000000000 0.000000000 0.771823406 0.184364811 -0.608521760 1.984450903 -0.157504991 0.982649267 0.097942144 -0.086626335 0.616020501 0.020251054 0.787469983 -3.218631101
19619600 0.738458194 1.318748529 0.500000000 0.500000000 0.000000000 0.000000000 0.766353369 0.183798671 -0.615565181 2.034589731 -0.150536060 0.982898057 0.106067598 -0.053274705 0.624532938 0.011379488 0.780915558 -3.463200108
19686333 0.738458194 1.318748529 0.500000000 0.500000000 0.000000000 0.000000000 0.759669662 0.187292218 -0.622754931 2.081130206 -0.152597070 0.982230544 0.109257720 0.010789364 0.632152081 0.012030773 0.774751008 -3.697570792
19753067 0.738458194 1.318748529 0.500000000 0.500000000 0.000000000 0.000000000 0.746068060 0.193514690 -0.637130022 2.155610321 -0.153433993 0.981051445 0.118305005 0.060111867 0.647951126 0.009493776 0.761622906 -3.894410780
19819800 0.738458194 1.318748529 0.500000000 0.500000000 0.000000000 0.000000000 0.730609775 0.202250376 -0.652153313 2.232629662 -0.158197239 0.979274631 0.126470551 0.093840376 0.664215863 0.010768276 0.747463107 -4.058249023
19886533 0.738458194 1.318748529 0.500000000 0.500000000 0.000000000 0.000000000 0.711488843 0.210692763 -0.670367301 2.336980391 -0.168312669 0.977318406 0.128528550 0.126002172 0.682242334 0.021384638 0.730813384 -4.192670503
19953267 0.738458194 1.318748529 0.500000000 0.500000000 0.000000000 0.000000000 0.692017019 0.214802578 -0.689182401 2.444600358 -0.173225567 0.976221025 0.130328000 0.150530024 0.700789094 0.029194798 0.712770879 -4.321340019
20020000 0.738458194 1.318748529 0.500000000 0.500000000 0.000000000 0.000000000 0.671653748 0.215528980 -0.708821476 2.578618888 -0.174200103 0.975868344 0.131663218 0.174333295 0.720093668 0.035044834 0.692990899 -4.465187631
20086733 0.738458194 1.318748529 0.500000000 0.500000000 0.000000000 0.000000000 0.651750743 0.216194853 -0.726966918 2.696480335 -0.175006285 0.975513935 0.133211881 0.190805104 0.737966120 0.040402804 0.673627377 -4.591561036
20153467 0.738458194 1.318748529 0.500000000 0.500000000 0.000000000 0.000000000 0.629211903 0.218570024 -0.745868027 2.840488557 -0.175816953 0.974795878 0.137336627 0.217603757 0.757086813 0.044722494 0.651781559 -4.730808779
20220200 0.738458194 1.318748529 0.500000000 0.500000000 0.000000000 0.000000000 0.598750651 0.225613996 -0.768502474 3.054740177 -0.171840176 0.973348260 0.151868835 0.166275125 0.782284260 0.041128013 0.621562481 -4.849110804
20286933 0.738458194 1.318748529 0.500000000 0.500000000 0.000000000 0.000000000 0.568650961 0.230613217 -0.789590597 3.288938840 -0.164059088 0.972407639 0.165855169 0.092200244 0.806052327 0.035225876 0.590794802 -4.954568611
20353667 0.738458194 1.318748529 0.500000000 0.500000000 0.000000000 0.000000000 0.533616304 0.239788860 -0.811020792 3.576389456 -0.161221176 0.970219433 0.180781484 0.037633436 0.830217540 0.034285836 0.556383967 -5.037898826
