https://www.youtube.com/watch?v=KwpBIAxAd74
17417400 0.652199508 1.163044439 0.500000000 0.500000000 0.000000000 0.000000000 0.999737620 -0.007505437 -0.021642370 5.515480258 0.007711231 0.999925673 0.009441140 0.844972956 0.021569902 -0.009605552 0.999721169 1.226169843
17450767 0.652199508 1.163044439 0.500000000 0.500000000 0.000000000 0.000000000 0.999956071 -0.008432151 0.004092474 4.953410192 0.008388509 0.999908984 0.010566293 0.681923002 -0.004181199 -0.010531499 0.999935806 0.974407095
17484133 0.652199508 1.163044439 0.500000000 0.500000000 0.000000000 0.000000000 0.999448597 -0.009184838 0.031908486 4.387720167 0.008822869 0.999895334 0.011466320 0.492469994 -0.032010462 -0.011178472 0.999424994 0.733735987
17517500 0.652199508 1.163044439 0.500000000 0.500000000 0.000000000 0.000000000 0.998040736 -0.010473469 0.061684374 3.801169999 0.009732220 0.999876916 0.012305022 0.301647983 -0.061805662 -0.011680587 0.998019874 0.492757021
17550867 0.652199508 1.163044439 0.500000000 0.500000000 0.000000000 0.000000000 0.995563507 -0.011823534 0.093345977 3.167279706 0.010640093 0.999856710 0.013165551 0.148874980 -0.093488269 -0.012113932 0.995546699 0.321471006
17584233 0.652199508 1.163044439 0.500000000 0.500000000 0.000000000 0.000000000 0.991892874 -0.013415396 0.126366735 2.497549970 0.011694053 0.999828577 0.014353839 0.048061998 -0.126537651 -0.012759731 0.991879761 0.245894027
17617600 0.652199508 1.163044439 0.500000000 0.500000000 0.000000000 0.000000000 0.987007558 -0.014551292 0.160013437 1.820259998 0.012251972 0.999807179 0.015346821 -0.029669399 -0.160205901 -0.013186948 0.986995518 0.241390985
17650967 0.652199508 1.163044439 0.500000000 0.500000000 0.000000000 0.000000000 0.980865955 -0.016247846 0.194005072 1.159700001 0.013439538 0.999785125 0.015782934 -0.097825502 -0.194219828 -0.012873603 0.980873585 0.233549024
17684333 0.652199508 1.163044439 0.500000000 0.500000000 0.000000000 0.000000000 0.973356843 -0.017165190 0.228652269 0.521137050 0.013842812 0.999774158 0.016126322 -0.137138008 -0.228877425 -0.012531477 0.973374605 0.194279992
17717700 0.652199508 1.163044439 0.500000000 0.500000000 0.000000000 0.000000000 0.964029372 -0.018595669 0.265144408 -0.098209202 0.014698052 0.999752879 0.016676653 -0.131385992 -0.265389025 -0.012179678 0.964064479 0.176775000
17751067 0.652199508 1.163044439 0.500000000 0.500000000 0.000000000 0.000000000 0.952878237 -0.020378951 0.302667588 -0.710457936 0.015824139 0.999721766 0.017493775 -0.110623006 -0.302939862 -0.011879979 0.952935576 0.225912972
17784433 0.652199508 1.163044439 0.500000000 0.500000000 0.000000000 0.000000000 0.940417111 -0.022108048 0.339303553 -1.277380040 0.017022487 0.999693811 0.017957496 -0.073018596 -0.339596689 -0.011111747 0.940505505 0.302917051
17817800 0.652199508 1.163044439 0.500000000 0.500000000 0.000000000 0.000000000 0.926621974 -0.024195768 0.375215024 -1.857090092 0.018415086 0.999650180 0.018985063 -0.064707306 -0.375543147 -0.010682359 0.926743388 0.422361083
17851167 0.652199508 1.163044439 0.500000000 0.500000000 0.000000000 0.000000000 0.911675096 -0.025732776 0.410105318 -2.436549944 0.019150587 0.999613523 0.020150233 -0.064054895 -0.410465330 -0.010516709 0.911815524 0.614270906
17884533 0.652199508 1.163044439 0.500000000 0.500000000 0.000000000 0.000000000 0.895744503 -0.027563412 0.443713933 -3.009480003 0.020226017 0.999569356 0.021261893 -0.105038008 -0.444108874 -0.010070658 0.895916224 0.800156891
17917900 0.652199508 1.163044439 0.500000000 0.500000000 0.000000000 0.000000000 0.878713250 -0.029355040 0.476446748 -3.584070743 0.021069219 0.999519706 0.022724777 -0.206741025 -0.476885021 -0.009930213 0.878909707 0.939951262
17951267 0.652199508 1.163044439 0.500000000 0.500000000 0.000000000 0.000000000 0.860682666 -0.031581681 0.508161366 -4.155200211 0.022188863 0.999452710 0.024533212 -0.371750982 -0.508658111 -0.009839792 0.860912442 1.043320215
17984633 0.652199508 1.163044439 0.500000000 0.500000000 0.000000000 0.000000000 0.841532111 -0.033388697 0.539174139 -4.753489739 0.022896742 0.999395728 0.026151428 -0.566857966 -0.539721549 -0.009661926 0.841788054 1.172780266
18018000 0.652199508 1.163044439 0.500000000 0.500000000 0.000000000 0.000000000 0.821330309 -0.035269823 0.569361627 -5.353970658 0.023389354 0.999329627 0.028164517 -0.776056012 -0.569973290 -0.009815373 0.821604609 1.316930250
18051367 0.652199508 1.163044439 0.500000000 0.500000000 0.000000000 0.000000000 0.800091743 -0.037143167 0.598726869 -5.921451554 0.023804119 0.999260962 0.030181117 -0.977006982 -0.599405408 -0.009895508 0.800384581 1.477230311
