https://www.youtube.com/watch?v=skDrHG5T3VY
50383667 1.030303137 1.832276437 0.500000000 0.500000000 0.000000000 0.000000000 0.831748188 0.092748888 -0.547350526 3.029129848 -0.079953052 0.995679438 0.047222663 -1.028680023 0.549365520 0.004484981 0.835570097 5.151519571
50450400 1.030303137 1.832276437 0.500000000 0.500000000 0.000000000 0.000000000 0.829062760 0.096998148 -0.550677955 2.974189802 -0.085468687 0.995249033 0.046630532 -1.030619887 0.552584827 0.008406105 0.833414197 5.013009348
50517133 1.030303137 1.832276437 0.500000000 0.500000000 0.000000000 0.000000000 0.828261077 0.100179240 -0.551314533 2.898999636 -0.088802978 0.994921923 0.047374912 -1.019340020 0.553260863 0.009719580 0.832951307 4.848239136
50583867 1.030303137 1.832276437 0.500000000 0.500000000 0.000000000 0.000000000 0.828008652 0.102913335 -0.551190317 2.854670567 -0.090329543 0.994655073 0.050018374 -0.983350138 0.553391755 0.008373089 0.832879126 4.706310532
50650600 1.030303137 1.832276437 0.500000000 0.500000000 0.000000000 0.000000000 0.829761028 0.104186594 -0.548308134 2.797369710 -0.088715255 0.994552493 0.054725759 -0.935477922 0.551022887 0.003234005 0.834483802 4.547459467
50717333 1.030303137 1.832276437 0.500000000 0.500000000 0.000000000 0.000000000 0.832119524 0.103842139 -0.544788003 2.724250529 -0.084874615 0.994587123 0.059939347 -0.910290040 0.548063397 -0.003638029 0.836428881 4.392250325
50784067 1.030303137 1.832276437 0.500000000 0.500000000 0.000000000 0.000000000 0.834320843 0.102630526 -0.541641951 2.623090900 -0.081592873 0.994685829 0.062791489 -0.901005284 0.545207858 -0.008194173 0.838261008 4.182021335
50850800 1.030303137 1.832276437 0.500000000 0.500000000 0.000000000 0.000000000 0.835229993 0.102155857 -0.540328741 2.507350245 -0.080820568 0.994727135 0.063134626 -0.868108150 0.543929219 -0.009062277 0.839082241 3.998320621
50917533 1.030303137 1.832276437 0.500000000 0.500000000 0.000000000 0.000000000 0.833714843 0.101347476 -0.542815506 2.420950819 -0.077655569 0.994762778 0.066457435 -0.768034240 0.546707928 -0.013253961 0.837218642 3.908201125
50984267 1.030303137 1.832276437 0.500000000 0.500000000 0.000000000 0.000000000 0.832096338 0.100175843 -0.545509458 2.348580150 -0.071523130 0.994722068 0.073569737 -0.714263148 0.550000191 -0.022200575 0.834869444 3.795030492
51051000 1.030303137 1.832276437 0.500000000 0.500000000 0.000000000 0.000000000 0.831880867 0.100268662 -0.545821011 2.299010557 -0.067575052 0.994525254 0.079706244 -0.707155174 0.550824821 -0.029422246 0.834102213 3.651550460
51117733 1.030303137 1.832276437 0.500000000 0.500000000 0.000000000 0.000000000 0.832369983 0.101450056 -0.544856071 2.207449886 -0.067430243 0.994337916 0.082129449 -0.709397069 0.550103068 -0.031622317 0.834497869 3.497119980
51184467 1.030303137 1.832276437 0.500000000 0.500000000 0.000000000 0.000000000 0.830336332 0.102461055 -0.547762275 2.134690423 -0.068221644 0.994248033 0.082562849 -0.704010140 0.553071022 -0.031185709 0.832550287 3.342690328
51251200 1.030303137 1.832276437 0.500000000 0.500000000 0.000000000 0.000000000 0.828655124 0.103063844 -0.550189674 2.062030200 -0.068937503 0.994211257 0.082411282 -0.691417082 0.555498421 -0.030361861 0.830963254 3.180150810
51317933 1.030303137 1.832276437 0.500000000 0.500000000 0.000000000 0.000000000 0.825588286 0.103872582 -0.554630399 1.949750552 -0.070103705 0.994176865 0.081840016 -0.667002258 0.559901595 -0.028684573 0.828062654 3.007720995
51384667 1.030303137 1.832276437 0.500000000 0.500000000 0.000000000 0.000000000 0.819862068 0.105197176 -0.562813938 1.859909635 -0.070845276 0.994061351 0.082601130 -0.628945846 0.568160951 -0.027848788 0.822445929 2.830158982
51451400 1.030303137 1.832276437 0.500000000 0.500000000 0.000000000 0.000000000 0.815263748 0.107026041 -0.569113672 1.830130024 -0.071779281 0.993870378 0.084079795 -0.583782012 0.574624002 -0.027696624 0.817948699 2.640030008
51518133 1.030303137 1.832276437 0.500000000 0.500000000 0.000000000 0.000000000 0.813052773 0.110505350 -0.571606576 1.742410715 -0.074188568 0.993482351 0.086538397 -0.519494126 0.577444017 -0.027953647 0.815951765 2.465330656
51584867 1.030303137 1.832276437 0.500000000 0.500000000 0.000000000 0.000000000 0.807135582 0.116156161 -0.578826487 1.626090236 -0.076242447 0.992751539 0.092905641 -0.441311096 0.585422456 -0.030856330 0.810141146 2.331870655
51651600 1.030303137 1.832276437 0.500000000 0.500000000 0.000000000 0.000000000 0.799114883 0.123514272 -0.588353038 1.520919394 -0.078093641 0.991701841 0.102121532 -0.413746806 0.596084237 -0.035660151 0.802129388 2.211719159
51718333 1.030303137 1.832276437 0.500000000 0.500000000 0.000000000 0.000000000 0.789786935 0.132016569 -0.599005997 1.410429761 -0.081915990 0.990517199 0.110296890 -0.425187915 0.607886732 -0.038042869 0.793111861 2.096609849
51785067 1.030303137 1.832276437 0.500000000 0.500000000 0.000000000 0.000000000 0.779381752 0.139235049 -0.610882699 1.291180081 -0.086453274 0.989567578 0.115246966 -0.443748021 0.620556176 -0.037008565 0.783288240 1.998480050
51851800 1.030303137 1.832276437 0.500000000 0.500000000 0.000000000 0.000000000 0.768317521 0.145989299 -0.623197556 1.222349773 -0.092621610 0.988752007 0.117433697 -0.461861891 0.633331895 -0.032504782 0.773197293 1.904349779
51918533 1.030303137 1.832276437 0.500000000 0.500000000 0.000000000 0.000000000 0.758867621 0.152458847 -0.633148015 1.140370294 -0.099507131 0.987940431 0.118625551 -0.462441110 0.643598020 -0.027018379 0.764886737 1.799800281
51985267 1.030303137 1.832276437 0.500000000 0.500000000 0.000000000 0.000000000 0.749875069 0.159106344 -0.642162681 1.085560271 -0.106544755 0.987023652 0.120135471 -0.440624155 0.652944088 -0.021667603 0.757096410 1.711540750
52052000 1.030303137 1.832276437 0.500000000 0.500000000 0.000000000 0.000000000 0.743417263 0.164443389 -0.648297369 1.033830382 -0.111197934 0.986201882 0.122641191 -0.424964216 0.659519613 -0.019084338 0.751445293 1.599700633
52118733 1.030303137 1.832276437 0.500000000 0.500000000 0.000000000 0.000000000 0.738792896 0.169053063 -0.652385116 0.942688235 -0.115435377 0.985464215 0.124639459 -0.389725123 0.663972855 -0.016774468 0.747568607 1.500750181
52185467 1.030303137 1.832276437 0.500000000 0.500000000 0.000000000 0.000000000 0.733046055 0.172491804 -0.657943249 0.830470344 -0.118010715 0.984892845 0.126726121 -0.356840733 0.669862866 -0.015251599 0.742327809 1.393459263
52252200 1.030303137 1.832276437 0.500000000 0.500000000 0.000000000 0.000000000 0.725725949 0.173224658 -0.665819407 0.708055308 -0.118575692 0.984793961 0.126967132 -0.303786143 0.677688718 -0.013193429 0.735230744 1.254310473
52318933 1.030303137 1.832276437 0.500000000 0.500000000 0.000000000 0.000000000 0.717845798 0.170470059 -0.675008893 0.614510763 -0.115450531 0.985282838 0.126050964 -0.236081913 0.686562657 -0.012554973 0.726962090 1.159009793
52385667 1.030303137 1.832276437 0.500000000 0.500000000 0.000000000 0.000000000 0.711065590 0.166501433 -0.683127463 0.517931050 -0.110244274 0.985942304 0.125554770 -0.184430050 0.694429338 -0.013966825 0.719425440 1.056360192
52452400 1.030303137 1.832276437 0.500000000 0.500000000 0.000000000 0.000000000 0.705069184 0.163079515 -0.690132499 0.439262070 -0.107301190 0.986527026 0.123494580 -0.155134074 0.700973749 -0.013020251 0.713068485 0.935012370
52519133 1.030303137 1.832276437 0.500000000 0.500000000 0.000000000 0.000000000 0.699565530 0.159932360 -0.696440756 0.337817010 -0.106907025 0.987086952 0.119290397 -0.108886015 0.706525981 -0.008997057 0.707629919 0.787811978
52585867 1.030303137 1.832276437 0.500000000 0.500000000 0.000000000 0.000000000 0.692007720 0.157081559 -0.704593003 0.245660216 -0.107373551 0.987578630 0.114714608 -0.083469103 0.713860571 -0.003728852 0.700278401 0.656106444
52652600 1.030303137 1.832276437 0.500000000 0.500000000 0.000000000 0.000000000 0.684279203 0.155151337 -0.712524116 0.224321137 -0.110088915 0.987884223 0.109385841 -0.068673573 0.720862687 0.003590442 0.693069041 0.538321357
52719333 1.030303137 1.832276437 0.500000000 0.500000000 0.000000000 0.000000000 0.679858923 0.154270887 -0.716932476 0.187497979 -0.114281677 0.987966478 0.104220480 -0.043854987 0.724383414 0.011077058 0.689308167 0.395319894
52786067 1.030303137 1.832276437 0.500000000 0.500000000 0.000000000 0.000000000 0.676102579 0.153065175 -0.720732689 0.137120910 -0.118227065 0.988046169 0.098929599 -0.005650414 0.727259874 0.018323675 0.686117053 0.249454825
52852800 1.030303137 1.832276437 0.500000000 0.500000000 0.000000000 0.000000000 0.672566175 0.151771247 -0.724306703 0.088511301 -0.120579571 0.988139033 0.095088661 0.023771100 0.730147481 0.023383167 0.682889462 0.091570610
52919533 1.030303137 1.832276437 0.500000000 0.500000000 0.000000000 0.000000000 0.667055488 0.151495129 -0.729442298 0.016135694 -0.122708865 0.988076091 0.092995808 0.066488503 0.734832942 0.027475674 0.677691400 -0.098732099
52986267 1.030303137 1.832276437 0.500000000 0.500000000 0.000000000 0.000000000 0.660018444 0.152025729 -0.735706151 -0.018608492 -0.123306572 0.987951398 0.093528382 0.125066992 0.741060674 0.028986990 0.670811892 -0.275483933
53053000 1.030303137 1.832276437 0.500000000 0.500000000 0.000000000 0.000000000 0.652314425 0.153330415 -0.742277384 -0.144425023 -0.121674351 0.987807095 0.097121298 0.182724007 0.748118520 0.026962489 0.663017154 -0.449960015
53119733 1.030303137 1.832276437 0.500000000 0.500000000 0.000000000 0.000000000 0.638247967 0.153834224 -0.754303753 -0.125382903 -0.118695945 0.987778842 0.101015970 0.224202940 0.760624945 0.025059622 0.648707390 -0.639861672
53186467 1.030303137 1.832276437 0.500000000 0.500000000 0.000000000 0.000000000 0.628967404 0.157589361 -0.761291862 -0.192243936 -0.118781723 0.987222254 0.106221914 0.256507948 0.768303752 0.023617476 0.639649391 -0.846369802
53253200 1.030303137 1.832276437 0.500000000 0.500000000 0.000000000 0.000000000 0.614529371 0.161008179 -0.772289097 -0.226609139 -0.119028479 0.986668050 0.110988416 0.326852083 0.779863060 0.023718677 0.625501037 -0.988267583
53319933 1.030303137 1.832276437 0.500000000 0.500000000 0.000000000 0.000000000 0.592994094 0.166070938 -0.787894845 -0.274197951 -0.115742564 0.985918641 0.120698556 0.354767987 0.796844721 0.019619469 0.603865385 -1.171579725
53386667 1.030303137 1.832276437 0.500000000 0.500000000 0.000000000 0.000000000 0.574970305 0.170212105 -0.800273299 -0.235424083 -0.114587195 0.985232830 0.127224475 0.339388111 0.810110688 0.018550713 0.585983753 -1.361620518
53453400 1.030303137 1.832276437 0.500000000 0.500000000 0.000000000 0.000000000 0.564249039 0.174076065 -0.807044387 -0.250351009 -0.116654262 0.984522045 0.130797863 0.342752999 0.817321777 0.020342592 0.575822353 -1.545880110
53520133 1.030303137 1.832276437 0.500000000 0.500000000 0.000000000 0.000000000 0.551297069 0.179301202 -0.814814508 -0.256740004 -0.120977789 0.983491898 0.134566307 0.367354041 0.825491369 0.024388414 0.563887715 -1.713880274
53586867 1.030303137 1.832276437 0.500000000 0.500000000 0.000000000 0.000000000 0.540465713 0.183028251 -0.821217477 -0.274580168 -0.123802058 0.982727766 0.137547269 0.400064261 0.832208216 0.027328715 0.553789973 -1.872021346
53653600 1.030303137 1.832276437 0.500000000 0.500000000 0.000000000 0.000000000 0.531207561 0.186316594 -0.826501966 -0.282647219 -0.125402823 0.982065856 0.140786469 0.411529348 0.837910175 0.028858688 0.545045435 -2.045391547
53720333 1.030303137 1.832276437 0.500000000 0.500000000 0.000000000 0.000000000 0.526089311 0.189768821 -0.828985572 -0.291981885 -0.127497047 0.981368124 0.143739760 0.421888723 0.840817332 0.030073404 0.540482223 -2.212208173
53787067 1.030303137 1.832276437 0.500000000 0.500000000 0.000000000 0.000000000 0.523907840 0.192159414 -0.829815924 -0.361670687 -0.128292233 0.980908394 0.146149799 0.416239613 0.842057526 0.029890057 0.538558185 -2.417607816
53853800 1.030303137 1.832276437 0.500000000 0.500000000 0.000000000 0.000000000 0.520764470 0.192580834 -0.831695259 -0.423914031 -0.129003182 0.980788529 0.146328598 0.415479037 0.843897283 0.031088598 0.535603404 -2.628900426
53920533 1.030303137 1.832276437 0.500000000 0.500000000 0.000000000 0.000000000 0.517103553 0.191710904 -0.834176421 -0.504425632 -0.130230173 0.980868816 0.144694492 0.401833724 0.845957160 0.033812989 0.532177329 -2.846928619
53987267 1.030303137 1.832276437 0.500000000 0.500000000 0.000000000 0.000000000 0.512407422 0.191282704 -0.837167680 -0.512383063 -0.136822328 0.980608106 0.140311912 0.454181126 0.847772658 0.042646330 0.528642654 -3.039860921
54054000 1.030303137 1.832276437 0.500000000 0.500000000 0.000000000 0.000000000 0.512802303 0.191588908 -0.836855829 -0.613491018 -0.144347876 0.980144739 0.135940909 0.550271048 0.846284688 0.051087521 0.530275941 -3.247120624
54120733 1.030303137 1.832276437 0.500000000 0.500000000 0.000000000 0.000000000 0.508012295 0.189219847 -0.840309322 -0.664289370 -0.147922799 0.980244040 0.131302908 0.631986269 0.848553360 0.057597350 0.525965929 -3.416331581
54187467 1.030303137 1.832276437 0.500000000 0.500000000 0.000000000 0.000000000 0.503701925 0.187706739 -0.843238711 -0.663963808 -0.150688142 0.980234861 0.128190041 0.697768648 0.850634098 0.062496316 0.522031307 -3.559783222
54254200 1.030303137 1.832276437 0.500000000 0.500000000 0.000000000 0.000000000 0.500183225 0.187581092 -0.845358133 -0.709739194 -0.153901517 0.979969323 0.126389951 0.757943128 0.852133393 0.066883713 0.519033194 -3.773670882
54320933 1.030303137 1.832276437 0.500000000 0.500000000 0.000000000 0.000000000 0.494244933 0.186638013 -0.849051535 -0.689653850 -0.155349568 0.979922354 0.124974787 0.827146132 0.855329573 0.070131585 0.513315797 -3.959410904
54387667 1.030303137 1.832276437 0.500000000 0.500000000 0.000000000 0.000000000 0.490237892 0.186363518 -0.851431191 -0.707604846 -0.154116899 0.980015159 0.125770733 0.881756770 0.857854545 0.069562420 0.509162307 -4.146898403
54454400 1.030303137 1.832276437 0.500000000 0.500000000 0.000000000 0.000000000 0.483598113 0.186781377 -0.855128706 -0.702272319 -0.150482893 0.980161488 0.128989533 0.901297392 0.862257063 0.066303238 0.502111673 -4.364067662
54521133 1.030303137 1.832276437 0.500000000 0.500000000 0.000000000 0.000000000 0.479093134 0.187695429 -0.857461989 -0.646795664 -0.146361604 0.980276465 0.132801920 0.921050814 0.865476072 0.061874859 0.497115076 -4.546443573
54587867 1.030303137 1.832276437 0.500000000 0.500000000 0.000000000 0.000000000 0.476921797 0.190068483 -0.858148634 -0.669279699 -0.142884731 0.980117261 0.137673765 0.922966369 0.867253721 0.056956835 0.494597197 -4.739707203
54654600 1.030303137 1.832276437 0.500000000 0.500000000 0.000000000 0.000000000 0.472943068 0.195143163 -0.859210908 -0.677084732 -0.144386232 0.979147613 0.142907262 0.941629385 0.869181693 0.056471344 0.491257071 -4.933576657
54721333 1.030303137 1.832276437 0.500000000 0.500000000 0.000000000 0.000000000 0.467155397 0.202227741 -0.860737979 -0.704755146 -0.149097472 0.977569222 0.148756012 1.011960160 0.871513546 0.058841664 0.486828387 -5.104410934
54788067 1.030303137 1.832276437 0.500000000 0.500000000 0.000000000 0.000000000 0.460392594 0.210316315 -0.862441182 -0.706364629 -0.153381720 0.975764036 0.156072363 1.070749028 0.874363661 0.060428336 0.481493235 -5.245505686
54854800 1.030303137 1.832276437 0.500000000 0.500000000 0.000000000 0.000000000 0.454765260 0.218073845 -0.863500297 -0.743476108 -0.156956643 0.974007726 0.163320377 1.097920429 0.876671851 0.061259583 0.477173030 -5.379212102
54921533 1.030303137 1.832276437 0.500000000 0.500000000 0.000000000 0.000000000 0.446544945 0.223341733 -0.866438389 -0.784474520 -0.159864813 0.972679853 0.168336421 1.127449234 0.880363703 0.063343361 0.470049798 -5.523076433
54988267 1.030303137 1.832276437 0.500000000 0.500000000 0.000000000 0.000000000 0.437456250 0.226920709 -0.870137453 -0.805137995 -0.161679968 0.971715868 0.172127455 1.157189984 0.884585619 0.065385550 0.461771667 -5.629219942
55055000 1.030303137 1.832276437 0.500000000 0.500000000 0.000000000 0.000000000 0.429360330 0.229027882 -0.873611510 -0.846907829 -0.161385790 0.971198559 0.175294131 1.180391431 0.888597429 0.065723911 0.453955948 -5.770376293
55121733 1.030303137 1.832276437 0.500000000 0.500000000 0.000000000 0.000000000 0.423086166 0.229502648 -0.876542389 -0.889338910 -0.158648491 0.971209884 0.177713320 1.184749884 0.892092288 0.063874081 0.447315693 -5.868649074
55188467 1.030303137 1.832276437 0.500000000 0.500000000 0.000000000 0.000000000 0.420371354 0.227377474 -0.878400803 -0.991937432 -0.153469861 0.971961558 0.178150862 1.158020835 0.894279361 0.059918411 0.443480372 -5.961893888
55255200 1.030303137 1.832276437 0.500000000 0.500000000 0.000000000 0.000000000 0.416838408 0.223005533 -0.881200969 -1.112371043 -0.148613036 0.973113477 0.175966814 1.136291070 0.896750152 0.057608068 0.438772559 -6.114335186
