https://www.youtube.com/watch?v=OOfT6goUnAg
473673200 0.714357200 1.270402560 0.500000000 0.500000000 0.000000000 0.000000000 0.999704063 0.019869206 0.014034452 3.902069911 -0.019567387 0.999581099 -0.021325110 -2.769849946 -0.014452286 0.021044182 0.999674082 2.785319719
473739933 0.714357200 1.270402560 0.500000000 0.500000000 0.000000000 0.000000000 0.999581218 0.018810339 0.021991290 3.645710122 -0.018359579 0.999620795 -0.020522602 -2.507070099 -0.022368990 0.020110257 0.999547482 2.424130043
473806667 0.714357200 1.270402560 0.500000000 0.500000000 0.000000000 0.000000000 0.999428213 0.018658895 0.028197940 3.337769989 -0.018232394 0.999716580 -0.015307461 -2.198149998 -0.028475568 0.014784592 0.999485135 2.057100125
473873400 0.714357200 1.270402560 0.500000000 0.500000000 0.000000000 0.000000000 0.999280334 0.018322652 0.033213109 2.947250069 -0.018122682 0.999815822 -0.006311961 -1.898369964 -0.033322647 0.005705507 0.999428332 1.720249899
473940133 0.714357200 1.270402560 0.500000000 0.500000000 0.000000000 0.000000000 0.999067605 0.016441433 0.039919645 2.487989769 -0.016658721 0.999848127 0.005116589 -1.576259987 -0.039829455 -0.005776829 0.999189794 1.430410010
474006867 0.714357200 1.270402560 0.500000000 0.500000000 0.000000000 0.000000000 0.998935878 0.013001998 0.044249848 1.974820057 -0.013664479 0.999798536 0.014701987 -1.240389940 -0.044049777 -0.015290992 0.998912334 1.015030060
474073600 0.714357200 1.270402560 0.500000000 0.500000000 0.000000000 0.000000000 0.998692036 0.006052684 0.050769854 1.366299953 -0.007256817 0.999695957 0.023566749 -0.898735060 -0.050611775 -0.023904353 0.998432279 0.659474047
474140333 0.714357200 1.270402560 0.500000000 0.500000000 0.000000000 0.000000000 0.998668194 -0.002179444 0.051546946 0.753377051 0.000590660 0.999524891 0.030817224 -0.541754067 -0.051589616 -0.030745735 0.998194993 0.345256001
474207067 0.714357200 1.270402560 0.500000000 0.500000000 0.000000000 0.000000000 0.998463213 -0.009564816 0.054587390 0.100622004 0.007588076 0.999311924 0.036305461 -0.200982994 -0.054897089 -0.035835456 0.997848749 -0.014692499
474273800 0.714357200 1.270402560 0.500000000 0.500000000 0.000000000 0.000000000 0.997959197 -0.021955580 0.059961386 -0.552427943 0.019567885 0.999003172 0.040121496 0.118713000 -0.060782507 -0.038866296 0.997394025 -0.351482985
474340533 0.714357200 1.270402560 0.500000000 0.500000000 0.000000000 0.000000000 0.997408092 -0.037855987 0.061188344 -1.236520072 0.035083655 0.998335958 0.045764744 0.407266976 -0.062818997 -0.043499418 0.997076511 -0.735568954
474407267 0.714357200 1.270402560 0.500000000 0.500000000 0.000000000 0.000000000 0.996579409 -0.054761197 0.061892506 -1.876209931 0.051665332 0.997383714 0.050560605 0.572148959 -0.064499341 -0.047189962 0.996801376 -1.050869997
474474000 0.714357200 1.270402560 0.500000000 0.500000000 0.000000000 0.000000000 0.995439470 -0.069072612 0.065796614 -2.540539861 0.065621503 0.996423006 0.053244371 0.714226993 -0.069238991 -0.048683878 0.996411502 -1.359090033
474540733 0.714357200 1.270402560 0.500000000 0.500000000 0.000000000 0.000000000 0.994693100 -0.077832952 0.067287676 -3.182630110 0.074258566 0.995771229 0.054086115 0.877766009 -0.071212821 -0.048802402 0.996266544 -1.665129913
474607467 0.714357200 1.270402560 0.500000000 0.500000000 0.000000000 0.000000000 0.994074404 -0.083366416 0.069757842 -3.798910128 0.079879783 0.995480180 0.051365901 0.991342024 -0.073724739 -0.045489285 0.996240616 -1.941129939
474674200 0.714357200 1.270402560 0.500000000 0.500000000 0.000000000 0.000000000 0.993863881 -0.085289821 0.070428602 -4.336770022 0.082142159 0.995537758 0.046445813 1.159939947 -0.074075691 -0.040375661 0.996434927 -2.223559981
474740933 0.714357200 1.270402560 0.500000000 0.500000000 0.000000000 0.000000000 0.994226575 -0.080636114 0.070790321 -4.830059521 0.077928603 0.996147573 0.040214196 1.387240126 -0.073760331 -0.034465425 0.996680260 -2.513109724
474807667 0.714357200 1.270402560 0.500000000 0.500000000 0.000000000 0.000000000 0.995079517 -0.073046818 0.066939622 -5.314249653 0.070984647 0.996941686 0.032686919 1.660729845 -0.069122583 -0.027774392 0.997221470 -2.947340114
