https://www.youtube.com/watch?v=l0fmsc1L6is
19033333 0.820822000 1.459737976 0.500000000 0.500000000 0.000000000 0.000000000 0.959198415 0.067395888 -0.274583638 -0.103145096 -0.058263727 0.997447014 0.041289233 -1.156039969 0.276665330 -0.023606293 0.960676312 6.131629371
19100000 0.820822000 1.459737976 0.500000000 0.500000000 0.000000000 0.000000000 0.965223312 0.060126003 -0.254418641 -0.148145002 -0.050930705 0.997793972 0.042582799 -1.120040010 0.256417722 -0.028144184 0.966156244 5.928650042
19166667 0.820822000 1.459737976 0.500000000 0.500000000 0.000000000 0.000000000 0.973303258 0.045444176 -0.224979088 -0.052240350 -0.039383054 0.998732030 0.031358037 -1.085080216 0.226118848 -0.021660522 0.973858893 5.605000097
19233333 0.820822000 1.459737976 0.500000000 0.500000000 0.000000000 0.000000000 0.978621304 0.037357364 -0.202249125 -0.055621271 -0.031195316 0.998949349 0.033571027 -0.911682951 0.203290746 -0.026544094 0.978758514 5.329379758
19300000 0.820822000 1.459737976 0.500000000 0.500000000 0.000000000 0.000000000 0.983483315 0.026822757 -0.179000407 -0.021876694 -0.020395074 0.999082744 0.037653238 -0.856507975 0.179846168 -0.033380605 0.983128250 5.111599913
19366667 0.820822000 1.459737976 0.500000000 0.500000000 0.000000000 0.000000000 0.989100635 0.010600379 -0.146858886 0.005807578 -0.007576890 0.999747992 0.021131869 -0.898967987 0.147045895 -0.019788813 0.988931715 4.834000341
19433333 0.820822000 1.459737976 0.500000000 0.500000000 0.000000000 0.000000000 0.991932154 0.008134634 -0.126508474 0.018094630 -0.007676668 0.999962091 0.004107169 -0.890080998 0.126537085 -0.003102869 0.991957009 4.499449657
19500000 0.820822000 1.459737976 0.500000000 0.500000000 0.000000000 0.000000000 0.994747102 0.013291504 -0.101496734 0.101793020 -0.013562934 0.999906063 -0.001984643 -0.887504005 0.101460822 0.003350812 0.994833887 4.203529663
19566667 0.820822000 1.459737976 0.500000000 0.500000000 0.000000000 0.000000000 0.997364521 0.013655879 -0.071257174 0.152747031 -0.014106236 0.999883533 -0.005820768 -0.858976960 0.071169391 0.006810599 0.997440994 3.930049962
19633333 0.820822000 1.459737976 0.500000000 0.500000000 0.000000000 0.000000000 0.998743474 0.012851501 -0.048438929 0.137287999 -0.013189163 0.999890864 -0.006657696 -0.795942048 0.048348084 0.007288199 0.998803973 3.674140235
19700000 0.820822000 1.459737976 0.500000000 0.500000000 0.000000000 0.000000000 0.999317169 0.010702460 -0.035363838 0.124675006 -0.010876625 0.999929607 -0.004736220 -0.745716927 0.035310663 0.005117625 0.999363303 3.396450213
19766667 0.820822000 1.459737976 0.500000000 0.500000000 0.000000000 0.000000000 0.999736369 0.007163543 -0.021815646 0.130087026 -0.007184749 0.999973774 -0.000893822 -0.684168988 0.021808673 0.001050326 0.999761581 3.094609755
19833333 0.820822000 1.459737976 0.500000000 0.500000000 0.000000000 0.000000000 0.999941766 0.002891100 -0.010394942 0.112673995 -0.002830591 0.999979019 0.005831111 -0.575779993 0.010411583 -0.005801348 0.999928951 2.777599801
19900000 0.820822000 1.459737976 0.500000000 0.500000000 0.000000000 0.000000000 0.999976456 0.001584478 -0.006673352 0.039714499 -0.001481316 0.999879777 0.015435509 -0.471039012 0.006697007 -0.015425261 0.999858618 2.496809797
19966667 0.820822000 1.459737976 0.500000000 0.500000000 0.000000000 0.000000000 0.999908268 0.007522494 -0.011264511 0.020024000 -0.007350653 0.999857187 0.015219470 -0.405267022 0.011377391 -0.015135272 0.999820709 2.133990010
20033333 0.820822000 1.459737976 0.500000000 0.500000000 0.000000000 0.000000000 0.999848068 0.017425023 -0.000464829 0.062957698 -0.017412655 0.999658346 0.019494353 -0.308498996 0.000804359 -0.019483296 0.999809861 1.783540045
20100000 0.820822000 1.459737976 0.500000000 0.500000000 0.000000000 0.000000000 0.999780953 0.017914250 0.010820239 -0.014767897 -0.018178426 0.999526381 0.024831081 -0.215145020 -0.010370283 -0.025022337 0.999633074 1.551169933
20166667 0.820822000 1.459737976 0.500000000 0.500000000 0.000000000 0.000000000 0.999785960 0.020067550 0.005028931 -0.077336599 -0.020161226 0.999609947 0.019326096 -0.188884009 -0.004639143 -0.019423349 0.999800563 1.244789749
20233333 0.820822000 1.459737976 0.500000000 0.500000000 0.000000000 0.000000000 0.999844313 0.017221725 0.003839560 -0.076244500 -0.017248606 0.999826133 0.007081337 -0.162478992 -0.003716940 -0.007146462 0.999967575 0.929262037
20300000 0.820822000 1.459737976 0.500000000 0.500000000 0.000000000 0.000000000 0.999806941 0.011159079 0.016171234 -0.101178996 -0.011169650 0.999937475 0.000563472 -0.116192996 -0.016163936 -0.000743990 0.999869049 0.658745989
20366667 0.820822000 1.459737976 0.500000000 0.500000000 0.000000000 0.000000000 0.999321699 0.006664502 0.036217168 -0.087700201 -0.006569528 0.999974668 -0.002740729 -0.100418000 -0.036234513 0.002500940 0.999340177 0.353423004
20433333 0.820822000 1.459737976 0.500000000 0.500000000 0.000000000 0.000000000 0.997232258 0.002899473 0.074292868 -0.097805497 -0.002391631 0.999973178 -0.006923735 -0.079765096 -0.074310943 0.006726891 0.997212410 0.044891099
20500000 0.820822000 1.459737976 0.500000000 0.500000000 0.000000000 0.000000000 0.994215727 -0.001916229 0.107384667 -0.203024010 0.002262950 0.999992609 -0.003107015 -0.032085501 -0.107377917 0.003332049 0.994212687 -0.253971972
20566667 0.820822000 1.459737976 0.500000000 0.500000000 0.000000000 0.000000000 0.991634071 -0.009242634 0.128749385 -0.328653958 0.008434224 0.999941170 0.006822762 0.004689751 -0.128804877 -0.005679781 0.991653681 -0.580674962
20633333 0.820822000 1.459737976 0.500000000 0.500000000 0.000000000 0.000000000 0.988707364 -0.021792272 0.148266017 -0.427336006 0.020256771 0.999724507 0.011858765 0.005589462 -0.148483604 -0.008721462 0.988876402 -0.815979952
20700000 0.820822000 1.459737976 0.500000000 0.500000000 0.000000000 0.000000000 0.981703222 -0.034392044 0.187285900 -0.604652976 0.033794217 0.999408424 0.006384915 0.089464311 -0.187394708 0.000061089 0.982284665 -1.068159968
20766667 0.820822000 1.459737976 0.500000000 0.500000000 0.000000000 0.000000000 0.977257729 -0.039027508 0.208432674 -0.796057986 0.038771536 0.999233961 0.005315046 0.180113010 -0.208480448 0.002887086 0.978022277 -1.366780159
20833333 0.820822000 1.459737976 0.500000000 0.500000000 0.000000000 0.000000000 0.974800885 -0.053563885 0.216550604 -0.917792047 0.053691544 0.998543501 0.005298117 0.206983990 -0.216518983 0.006462332 0.976257026 -1.600810165
20900000 0.820822000 1.459737976 0.500000000 0.500000000 0.000000000 0.000000000 0.970628321 -0.069848768 0.230221286 -1.040370036 0.072633140 0.997352123 -0.003631145 0.257146014 -0.229358062 0.020246176 0.973131537 -1.828770162
20966667 0.820822000 1.459737976 0.500000000 0.500000000 0.000000000 0.000000000 0.967252016 -0.070879243 0.243720576 -1.134560074 0.078113876 0.996741056 -0.020135967 0.322409980 -0.241499081 0.038514510 0.969636440 -2.058150173
21033333 0.820822000 1.459737976 0.500000000 0.500000000 0.000000000 0.000000000 0.963341415 -0.065375127 0.260191023 -1.223969961 0.078222506 0.996160209 -0.039320655 0.442780020 -0.256621361 0.058232009 0.964756191 -2.279690108
21100000 0.820822000 1.459737976 0.500000000 0.500000000 0.000000000 0.000000000 0.957194507 -0.062867180 0.282535821 -1.332660116 0.079602435 0.995663762 -0.048137121 0.533639121 -0.278284401 0.068567112 0.958048224 -2.470430242
21166667 0.820822000 1.459737976 0.500000000 0.500000000 0.000000000 0.000000000 0.949996412 -0.065239355 0.305369794 -1.451450085 0.084049106 0.995263696 -0.048845686 0.582688966 -0.300736785 0.072069280 0.950980246 -2.630130139
21233333 0.820822000 1.459737976 0.500000000 0.500000000 0.000000000 0.000000000 0.944343209 -0.072016656 0.320982248 -1.573460125 0.091290370 0.994789541 -0.045385808 0.650548093 -0.316041261 0.072162345 0.945997119 -2.844910126
21300000 0.820822000 1.459737976 0.500000000 0.500000000 0.000000000 0.000000000 0.944346070 -0.078378931 0.319479704 -1.628570000 0.093231991 0.995147884 -0.031440645 0.685641066 -0.315465271 0.059476562 0.947071433 -3.086220615
21366667 0.820822000 1.459737976 0.500000000 0.500000000 0.000000000 0.000000000 0.946666896 -0.086446553 0.310401022 -1.603569931 0.096586153 0.995172262 -0.017415246 0.691742112 -0.307397008 0.046466865 0.950446188 -3.363790154
21433333 0.820822000 1.459737976 0.500000000 0.500000000 0.000000000 0.000000000 0.945701122 -0.093451172 0.311313868 -1.604480007 0.099586308 0.995021582 -0.003832030 0.704773172 -0.309405923 0.034626536 0.950299442 -3.602470292
21500000 0.820822000 1.459737976 0.500000000 0.500000000 0.000000000 0.000000000 0.943132877 -0.096067280 0.318231672 -1.650129977 0.100986436 0.994887233 0.001044778 0.717667920 -0.316705018 0.031151725 0.948012412 -3.841940137
21566667 0.820822000 1.459737976 0.500000000 0.500000000 0.000000000 0.000000000 0.940532207 -0.096634060 0.325670302 -1.691890075 0.104659364 0.994482279 -0.007168762 0.839813169 -0.323180616 0.040826868 0.945456266 -4.100940753
21633333 0.820822000 1.459737976 0.500000000 0.500000000 0.000000000 0.000000000 0.940383971 -0.090384819 0.327884912 -1.709669760 0.098286711 0.995129347 -0.007571725 0.955386950 -0.325603545 0.039347075 0.944687307 -4.368029931
21700000 0.820822000 1.459737976 0.500000000 0.500000000 0.000000000 0.000000000 0.940487921 -0.085195735 0.328974217 -1.711259956 0.091051251 0.995843291 -0.002404441 1.005359833 -0.327401906 0.032214891 0.944335818 -4.614069762
21766667 0.820822000 1.459737976 0.500000000 0.500000000 0.000000000 0.000000000 0.940326452 -0.079739466 0.330798775 -1.741070008 0.084615842 0.996413589 -0.000341660 1.066950063 -0.329585165 0.028312076 0.943701267 -4.856579732
21833333 0.820822000 1.459737976 0.500000000 0.500000000 0.000000000 0.000000000 0.942783356 -0.077381827 0.324301481 -1.716509661 0.083036400 0.996539950 -0.003611594 1.124499865 -0.322899938 0.030333802 0.945946813 -5.120869707
21900000 0.820822000 1.459737976 0.500000000 0.500000000 0.000000000 0.000000000 0.939853370 -0.080729499 0.331901073 -1.757930087 0.087943360 0.996102631 -0.006745960 1.197890012 -0.330062926 0.035528712 0.943290055 -5.300859714
21966667 0.820822000 1.459737976 0.500000000 0.500000000 0.000000000 0.000000000 0.933799744 -0.081733324 0.348335743 -1.875580003 0.089217179 0.995997190 -0.005468353 1.248790250 -0.346494496 0.036183856 0.937353909 -5.472930247
