https://www.youtube.com/watch?v=kqVKy_yRp-w
1534867 0.971455720 1.729598735 0.500000000 0.500000000 0.000000000 0.000000000 0.998075128 0.036129147 -0.050405905 -1.738050024 -0.034499817 0.998865366 0.032828439 -3.113789876 0.051534779 -0.031026255 0.998189151 6.867380045
1601600 0.971455720 1.729598735 0.500000000 0.500000000 0.000000000 0.000000000 0.997104228 0.041788936 -0.063536368 -1.736529957 -0.039548546 0.998564601 0.036119960 -2.923400077 0.064954586 -0.033502594 0.997325659 6.528039688
1668333 0.971455720 1.729598735 0.500000000 0.500000000 0.000000000 0.000000000 0.995394468 0.050950751 -0.081202552 -1.769590082 -0.047727644 0.998012304 0.041151918 -2.736699981 0.083137870 -0.037086785 0.995847702 6.192800099
1735067 0.971455720 1.729598735 0.500000000 0.500000000 0.000000000 0.000000000 0.992702425 0.063524090 -0.102501638 -1.801849901 -0.058873281 0.997121334 0.047780484 -2.550659914 0.105241783 -0.041397199 0.993584633 5.879039116
1801800 0.971455720 1.729598735 0.500000000 0.500000000 0.000000000 0.000000000 0.989393532 0.076124117 -0.123715676 -1.819670007 -0.069891691 0.996093810 0.053965509 -2.375240224 0.127340496 -0.044746436 0.990849197 5.549439758
1868533 0.971455720 1.729598735 0.500000000 0.500000000 0.000000000 0.000000000 0.985430896 0.088094912 -0.145482719 -1.802800017 -0.080285765 0.995041072 0.058714736 -2.216439943 0.149933755 -0.046179119 0.987617016 5.226649920
1935267 0.971455720 1.729598735 0.500000000 0.500000000 0.000000000 0.000000000 0.981344998 0.097417496 -0.165746212 -1.758859911 -0.088315450 0.994195640 0.061444089 -2.077710010 0.170769900 -0.045659885 0.984252393 4.903929789
2002000 0.971455720 1.729598735 0.500000000 0.500000000 0.000000000 0.000000000 0.977128685 0.105375998 -0.184703648 -1.703020039 -0.095579140 0.993539333 0.061190337 -1.945130046 0.189958334 -0.042137019 0.980887532 4.600620000
2068733 0.971455720 1.729598735 0.500000000 0.500000000 0.000000000 0.000000000 0.972179055 0.114666604 -0.204253331 -1.664729856 -0.103366010 0.992504299 0.065197550 -1.795050037 0.210198298 -0.042270817 0.976744473 4.337059619
2135467 0.971455720 1.729598735 0.500000000 0.500000000 0.000000000 0.000000000 0.966988206 0.125664264 -0.221680567 -1.631309926 -0.112706594 0.991144300 0.070215695 -1.648600038 0.228541031 -0.042912878 0.972588003 4.106969404
2202200 0.971455720 1.729598735 0.500000000 0.500000000 0.000000000 0.000000000 0.963003516 0.133210421 -0.234263033 -1.586480076 -0.119375445 0.990210056 0.072343081 -1.537749867 0.241606474 -0.041701369 0.969477832 3.871699964
2268933 0.971455720 1.729598735 0.500000000 0.500000000 0.000000000 0.000000000 0.960852981 0.137534067 -0.240511537 -1.510549805 -0.123744614 0.989727497 0.071600944 -1.453689956 0.247888476 -0.039035939 0.968001783 3.659179595
2335667 0.971455720 1.729598735 0.500000000 0.500000000 0.000000000 0.000000000 0.959724784 0.140524611 -0.243271783 -1.436759953 -0.127181038 0.989420831 0.069795147 -1.386549920 0.250506103 -0.036044594 0.967443824 3.447900516
2402400 0.971455720 1.729598735 0.500000000 0.500000000 0.000000000 0.000000000 0.958868027 0.143769205 -0.244750112 -1.371250113 -0.131163031 0.989084840 0.067137510 -1.327220031 0.251730919 -0.032273859 0.967258990 3.224239990
2469133 0.971455720 1.729598735 0.500000000 0.500000000 0.000000000 0.000000000 0.957872152 0.147634298 -0.246343270 -1.317319929 -0.135929167 0.988651812 0.063960060 -1.265119984 0.252990425 -0.027780298 0.967069864 3.002480024
2535867 0.971455720 1.729598735 0.500000000 0.500000000 0.000000000 0.000000000 0.956502914 0.153023303 -0.248366982 -1.288640206 -0.142139196 0.987947345 0.061290015 -1.188690060 0.254752308 -0.023321424 0.966725111 2.759260334
2602600 0.971455720 1.729598735 0.500000000 0.500000000 0.000000000 0.000000000 0.954791307 0.157942966 -0.251848280 -1.258190101 -0.148112074 0.987288833 0.057650529 -1.105419938 0.257752478 -0.017742425 0.966048062 2.532539992
2669333 0.971455720 1.729598735 0.500000000 0.500000000 0.000000000 0.000000000 0.953287423 0.161979944 -0.254961848 -1.227159951 -0.153439641 0.986726224 0.053175703 -1.020109984 0.260190964 -0.011570467 0.965487838 2.304560128
2736067 0.971455720 1.729598735 0.500000000 0.500000000 0.000000000 0.000000000 0.951136649 0.167092249 -0.259652346 -1.197400059 -0.159865990 0.985928774 0.048860230 -0.936419033 0.264162868 -0.004963208 0.964465320 2.092860023
2802800 0.971455720 1.729598735 0.500000000 0.500000000 0.000000000 0.000000000 0.948770165 0.172781155 -0.264540702 -1.163830088 -0.166846678 0.984959066 0.044920150 -0.855280986 0.268323094 0.001518860 0.963327765 1.889629993
2869533 0.971455720 1.729598735 0.500000000 0.500000000 0.000000000 0.000000000 0.946056068 0.178268552 -0.270551801 -1.123330085 -0.173638076 0.983949006 0.041159622 -0.780539998 0.273546636 0.008038793 0.961825132 1.700799822
2936267 0.971455720 1.729598735 0.500000000 0.500000000 0.000000000 0.000000000 0.943297267 0.182467908 -0.277300596 -1.073699849 -0.178910166 0.983119428 0.038305920 -0.711184047 0.279609203 0.013478058 0.960019290 1.520289952
3003000 0.971455720 1.729598735 0.500000000 0.500000000 0.000000000 0.000000000 0.940290809 0.186143368 -0.284962744 -1.018719953 -0.183399260 0.982359350 0.036534742 -0.641435952 0.286736518 0.017908704 0.957842052 1.346629966
3069733 0.971455720 1.729598735 0.500000000 0.500000000 0.000000000 0.000000000 0.935816944 0.191243827 -0.296095252 -0.950166932 -0.188970745 0.981301785 0.036562186 -0.571064998 0.297551095 0.021737847 0.954458356 1.175529813
3136467 0.971455720 1.729598735 0.500000000 0.500000000 0.000000000 0.000000000 0.930249333 0.197987765 -0.308928937 -0.873624080 -0.195691764 0.979900181 0.038734250 -0.500344009 0.310388416 0.024422318 0.950296044 0.998662964
3203200 0.971455720 1.729598735 0.500000000 0.500000000 0.000000000 0.000000000 0.922799408 0.207154483 -0.324851185 -0.788795016 -0.204196632 0.977959514 0.043577354 -0.420174084 0.326718539 0.026120339 0.944760680 0.823005961
3269933 0.971455720 1.729598735 0.500000000 0.500000000 0.000000000 0.000000000 0.914085686 0.217441857 -0.342296004 -0.680163140 -0.213152170 0.975707829 0.050600573 -0.336203104 0.344983578 0.026707811 0.938228726 0.661348118
3336667 0.971455720 1.729598735 0.500000000 0.500000000 0.000000000 0.000000000 0.903506815 0.228840157 -0.362363994 -0.552676023 -0.223264828 0.973041773 0.057814132 -0.254947990 0.365825534 0.028667662 0.930241823 0.508244963
3403400 0.971455720 1.729598735 0.500000000 0.500000000 0.000000000 0.000000000 0.891721964 0.240593627 -0.383336097 -0.410696981 -0.234374449 0.970061421 0.063635409 -0.181963986 0.387169808 0.033099115 0.921414077 0.371582969
3470133 0.971455720 1.729598735 0.500000000 0.500000000 0.000000000 0.000000000 0.879241884 0.252010673 -0.404257774 -0.254451978 -0.246116400 0.966889858 0.067458764 -0.118234986 0.407873094 0.040181890 0.912154019 0.247995008
3536867 0.971455720 1.729598735 0.500000000 0.500000000 0.000000000 0.000000000 0.868092299 0.261648387 -0.421848118 -0.103181997 -0.256403178 0.964011014 0.070286639 -0.066513396 0.425056636 0.047147933 0.903937995 0.126725993
3603600 0.971455720 1.729598735 0.500000000 0.500000000 0.000000000 0.000000000 0.859155416 0.268493533 -0.435618401 0.051594611 -0.264055490 0.961814344 0.072026856 -0.020881301 0.438322783 0.053145103 0.897245169 0.002382591
3670333 0.971455720 1.729598735 0.500000000 0.500000000 0.000000000 0.000000000 0.851659417 0.272785008 -0.447509229 0.195025978 -0.269029140 0.960331798 0.073390417 0.026218004 0.449777126 0.057889391 0.891262770 -0.104199000
3737067 0.971455720 1.729598735 0.500000000 0.500000000 0.000000000 0.000000000 0.843241692 0.277489603 -0.460372835 0.330371056 -0.273694217 0.958763123 0.076582335 0.068349828 0.462639302 0.061423890 0.884416223 -0.226280021
3803800 0.971455720 1.729598735 0.500000000 0.500000000 0.000000000 0.000000000 0.834087729 0.283767730 -0.473047197 0.455695075 -0.279842883 0.956668854 0.080453306 0.099251117 0.475379527 0.065273747 0.877356052 -0.358565013
3870533 0.971455720 1.729598735 0.500000000 0.500000000 0.000000000 0.000000000 0.823950768 0.290965259 -0.486255676 0.581093183 -0.287370980 0.954130054 0.083986983 0.128404056 0.488388449 0.070534497 0.869771123 -0.492956177
3937267 0.971455720 1.729598735 0.500000000 0.500000000 0.000000000 0.000000000 0.812828422 0.299813628 -0.499421149 0.714368800 -0.296769440 0.950900376 0.087842181 0.163957893 0.501236081 0.076812461 0.861894429 -0.635341741
4004000 0.971455720 1.729598735 0.500000000 0.500000000 0.000000000 0.000000000 0.800719082 0.309841663 -0.512686014 0.862175887 -0.307025641 0.947156429 0.092897505 0.205255892 0.514377356 0.083023012 0.853535593 -0.787581889
4070733 0.971455720 1.729598735 0.500000000 0.500000000 0.000000000 0.000000000 0.787522197 0.319432288 -0.527040303 1.020719650 -0.316774637 0.943379283 0.098434150 0.242318837 0.528641999 0.089434072 0.844120264 -0.922730749
4137467 0.971455720 1.729598735 0.500000000 0.500000000 0.000000000 0.000000000 0.771773458 0.329812348 -0.543681681 1.191970298 -0.327195764 0.939081609 0.105208062 0.272711107 0.545260370 0.096693479 0.832671404 -1.056870218
4204200 0.971455720 1.729598735 0.500000000 0.500000000 0.000000000 0.000000000 0.753494561 0.342209667 -0.561372459 1.367660801 -0.341125876 0.933424532 0.111139059 0.313841342 0.562031686 0.107755750 0.820066750 -1.192980675
4270933 0.971455720 1.729598735 0.500000000 0.500000000 0.000000000 0.000000000 0.732879460 0.355720520 -0.579957128 1.532549516 -0.357482076 0.926612437 0.116601340 0.355988714 0.578872919 0.121869706 0.806259036 -1.304519631
4337667 0.971455720 1.729598735 0.500000000 0.500000000 0.000000000 0.000000000 0.710232258 0.368300766 -0.599937022 1.703099403 -0.372096628 0.919848382 0.124189422 0.386137754 0.597590148 0.135031357 0.790349483 -1.388109521
4404400 0.971455720 1.729598735 0.500000000 0.500000000 0.000000000 0.000000000 0.684614182 0.377844214 -0.623327553 1.889060074 -0.384169102 0.913782418 0.131968811 0.409727952 0.619449437 0.149115458 0.770744443 -1.455840048
4471133 0.971455720 1.729598735 0.500000000 0.500000000 0.000000000 0.000000000 0.656532407 0.384942561 -0.648679256 2.079030681 -0.394449741 0.908230066 0.139741406 0.422587410 0.642942429 0.164126411 0.748122931 -1.486510670
4537867 0.971455720 1.729598735 0.500000000 0.500000000 0.000000000 0.000000000 0.625639558 0.391405225 -0.674816132 2.272329470 -0.404953361 0.902295411 0.147904441 0.440297809 0.666774035 0.180734292 0.723012686 -1.491969805
4604600 0.971455720 1.729598735 0.500000000 0.500000000 0.000000000 0.000000000 0.590098619 0.398764372 -0.701975763 2.474338439 -0.415457904 0.895524800 0.159467429 0.441990496 0.692226589 0.197540134 0.694117963 -1.487669212
4671333 0.971455720 1.729598735 0.500000000 0.500000000 0.000000000 0.000000000 0.548405588 0.407538682 -0.730181038 2.679962261 -0.426775545 0.887320995 0.174712166 0.432045766 0.719106972 0.215809897 0.660539150 -1.442571103
4738067 0.971455720 1.729598735 0.500000000 0.500000000 0.000000000 0.000000000 0.501375496 0.418126971 -0.757490754 2.894829390 -0.437687188 0.877767563 0.194817767 0.396074927 0.746359348 0.233867243 0.623100042 -1.357209826
4804800 0.971455720 1.729598735 0.500000000 0.500000000 0.000000000 0.000000000 0.450544953 0.428665787 -0.783105671 3.124838655 -0.447900146 0.867330432 0.217078924 0.324392697 0.772265732 0.252949536 0.582770944 -1.235429657
4871533 0.971455720 1.729598735 0.500000000 0.500000000 0.000000000 0.000000000 0.398411036 0.437430829 -0.806177855 3.355929517 -0.458858997 0.856107771 0.237755835 0.247835650 0.794176817 0.275197506 0.541801929 -1.076209948
4938267 0.971455720 1.729598735 0.500000000 0.500000000 0.000000000 0.000000000 0.345575511 0.444796473 -0.826277256 3.578251514 -0.469688028 0.844277561 0.258047760 0.154855108 0.812386036 0.298917413 0.500677109 -0.887409115
5005000 0.971455720 1.729598735 0.500000000 0.500000000 0.000000000 0.000000000 0.295362473 0.450671643 -0.842410684 3.786148653 -0.479528695 0.832568407 0.277275920 0.064904710 0.826324940 0.322063327 0.462019563 -0.673512898
5071733 0.971455720 1.729598735 0.500000000 0.500000000 0.000000000 0.000000000 0.249041617 0.455245167 -0.854826927 3.954125846 -0.483109683 0.823377252 0.297749311 -0.037886503 0.839393973 0.338823646 0.424988806 -0.474145689
5138467 0.971455720 1.729598735 0.500000000 0.500000000 0.000000000 0.000000000 0.201927543 0.455011040 -0.867289305 4.092641956 -0.483273774 0.816507816 0.315850556 -0.108623032 0.851863980 0.355359018 0.384770155 -0.263670871
5205200 0.971455720 1.729598735 0.500000000 0.500000000 0.000000000 0.000000000 0.156549454 0.449635208 -0.879386544 4.213651321 -0.478583634 0.813388348 0.330691934 -0.176420997 0.863973498 0.369090259 0.342523456 -0.053592186
5271933 0.971455720 1.729598735 0.500000000 0.500000000 0.000000000 0.000000000 0.114149809 0.442309916 -0.889568746 4.306733266 -0.472563267 0.811807275 0.343005985 -0.228644140 0.873873293 0.381223112 0.301686883 0.143692172
5405400 0.971455720 1.729598735 0.500000000 0.500000000 0.000000000 0.000000000 0.030351341 0.429537505 -0.902538717 4.439249187 -0.463748902 0.805938244 0.367967933 -0.326772920 0.885446489 0.407383114 0.223658919 0.472130790
5472133 0.971455720 1.729598735 0.500000000 0.500000000 0.000000000 0.000000000 -0.010507822 0.427118808 -0.904133320 4.494880951 -0.460381299 0.800584912 0.383552372 -0.395472313 0.887657881 0.420277178 0.188225567 0.602493346
5538867 0.971455720 1.729598735 0.500000000 0.500000000 0.000000000 0.000000000 -0.048023224 0.427916199 -0.902543128 4.542281981 -0.458091170 0.793519139 0.400599957 -0.468624101 0.887608469 0.432684124 0.157916725 0.713374294
5605600 0.971455720 1.729598735 0.500000000 0.500000000 0.000000000 0.000000000 -0.084118366 0.429081470 -0.899341166 4.601576309 -0.456306309 0.785760283 0.417571098 -0.546427581 0.885838568 0.445499867 0.129695475 0.820482932
5672333 0.971455720 1.729598735 0.500000000 0.500000000 0.000000000 0.000000000 -0.117220163 0.431941539 -0.894252062 4.644364264 -0.455232531 0.776912689 0.434937030 -0.621349666 0.882623076 0.458075732 0.105563819 0.919680843
5739067 0.971455720 1.729598735 0.500000000 0.500000000 0.000000000 0.000000000 -0.148837566 0.433302611 -0.888874412 4.685457278 -0.452218384 0.769559979 0.450861692 -0.692087869 0.879401684 0.469069898 0.081407666 1.045811520
5805800 0.971455720 1.729598735 0.500000000 0.500000000 0.000000000 0.000000000 -0.176436782 0.430674791 -0.885092914 4.717030885 -0.448849320 0.765065432 0.461745769 -0.746476045 0.876016319 0.478742212 0.058322370 1.180060224
5872533 0.971455720 1.729598735 0.500000000 0.500000000 0.000000000 0.000000000 -0.205226064 0.424265057 -0.881976366 4.742014277 -0.447132498 0.760972142 0.470100045 -0.787106450 0.870606542 0.490836740 0.033531189 1.338161531
