https://www.youtube.com/watch?v=BjGoST6Pukg
120620500 0.850644063 1.514845650 0.500000000 0.500000000 0.000000000 0.000000000 0.958319366 0.106091529 -0.265270710 3.466619748 -0.107092485 0.994191170 0.010730410 -1.604449884 0.264868200 0.018125353 0.964114249 5.905449565
120753967 0.850644063 1.514845650 0.500000000 0.500000000 0.000000000 0.000000000 0.948983490 0.121616505 -0.290929288 3.105690094 -0.123253681 0.992293119 0.012764283 -1.569350249 0.290239483 0.023744978 0.956659436 5.463040376
120820700 0.850644063 1.514845650 0.500000000 0.500000000 0.000000000 0.000000000 0.945492566 0.129038274 -0.298986495 2.933379825 -0.130204618 0.991356313 0.016105821 -1.536439999 0.298480392 0.023701495 0.954121411 5.229349985
120887433 0.850644063 1.514845650 0.500000000 0.500000000 0.000000000 0.000000000 0.944681227 0.133086175 -0.299775839 2.791990261 -0.133820117 0.990838885 0.018178921 -1.497630223 0.299448907 0.022942718 0.953836501 4.972589947
120954167 0.850644063 1.514845650 0.500000000 0.500000000 0.000000000 0.000000000 0.944378078 0.132901132 -0.300810993 2.665429694 -0.132737637 0.990927041 0.021079013 -1.406269771 0.300883174 0.020022420 0.953450739 4.693579932
121020900 0.850644063 1.514845650 0.500000000 0.500000000 0.000000000 0.000000000 0.944181561 0.131224886 -0.302160978 2.515180144 -0.128129765 0.991299510 0.030134300 -1.301870109 0.303486407 0.010263549 0.952780485 4.482659997
121087633 0.850644063 1.514845650 0.500000000 0.500000000 0.000000000 0.000000000 0.945464790 0.130275503 -0.298537403 2.403550012 -0.127895668 0.991403997 0.027583802 -1.244539919 0.299564689 0.012102140 0.953999221 4.218550241
121154367 0.850644063 1.514845650 0.500000000 0.500000000 0.000000000 0.000000000 0.946723044 0.128542140 -0.295283765 2.315240164 -0.127263829 0.991587400 0.023628723 -1.184900221 0.295836955 0.015209053 0.955117404 3.959240335
121221100 0.850644063 1.514845650 0.500000000 0.500000000 0.000000000 0.000000000 0.948513389 0.120223917 -0.293033421 2.228669868 -0.119518004 0.992622793 0.020381901 -1.086129984 0.293322027 0.015690245 0.955884933 3.740809789
121287833 0.850644063 1.514845650 0.500000000 0.500000000 0.000000000 0.000000000 0.947766006 0.116582714 -0.296897501 2.116600126 -0.115928210 0.993058741 0.019874437 -1.018500047 0.297153682 0.015582447 0.954702556 3.557590313
121354567 0.850644063 1.514845650 0.500000000 0.500000000 0.000000000 0.000000000 0.947943747 0.114093825 -0.297296435 2.039759869 -0.113963753 0.993324876 0.017830720 -0.953660002 0.297346324 0.016978508 0.954618692 3.347789910
121421300 0.850644063 1.514845650 0.500000000 0.500000000 0.000000000 0.000000000 0.945813298 0.115089610 -0.303630501 1.929819640 -0.116279200 0.993114710 0.014223758 -0.914412880 0.303176910 0.021852922 0.952683628 3.163309495
121488033 0.850644063 1.514845650 0.500000000 0.500000000 0.000000000 0.000000000 0.944787145 0.118574530 -0.305478841 1.845690166 -0.120569289 0.992627442 0.012400257 -0.890333053 0.304697067 0.025115754 0.952118158 2.976650228
121554767 0.850644063 1.514845650 0.500000000 0.500000000 0.000000000 0.000000000 0.944521010 0.123196006 -0.304471523 1.789389850 -0.125675917 0.992004454 0.011519765 -0.854851083 0.303456277 0.027384041 0.952451825 2.775530433
121621500 0.850644063 1.514845650 0.500000000 0.500000000 0.000000000 0.000000000 0.943266928 0.127388209 -0.306626350 1.718009899 -0.128439426 0.991574466 0.016835527 -0.809222986 0.306187481 0.023502534 0.951681018 2.601169810
121688233 0.850644063 1.514845650 0.500000000 0.500000000 0.000000000 0.000000000 0.942047894 0.129293650 -0.309562713 1.639010302 -0.127527326 0.991493523 0.026026910 -0.734510089 0.310294539 0.014959073 0.950522840 2.452250362
121754967 0.850644063 1.514845650 0.500000000 0.500000000 0.000000000 0.000000000 0.939075708 0.133976743 -0.316523314 1.573599879 -0.127581343 0.990982592 0.040945061 -0.654557903 0.319154799 0.001931982 0.947700620 2.295530154
121821700 0.850644063 1.514845650 0.500000000 0.500000000 0.000000000 0.000000000 0.938437879 0.135857776 -0.317611367 1.528339930 -0.126390770 0.990702987 0.050328240 -0.589447915 0.321496040 -0.007086765 0.946884394 2.136869948
121888433 0.850644063 1.514845650 0.500000000 0.500000000 0.000000000 0.000000000 0.937781215 0.140848964 -0.317376792 1.500950208 -0.130323052 0.989985228 0.054269560 -0.538099088 0.321842134 -0.009531466 0.946745396 1.953900061
121955167 0.850644063 1.514845650 0.500000000 0.500000000 0.000000000 0.000000000 0.937238634 0.143844277 -0.317635924 1.477219996 -0.133266568 0.989558220 0.054904737 -0.484825944 0.322216958 -0.009128578 0.946621835 1.752730070
122021900 0.850644063 1.514845650 0.500000000 0.500000000 0.000000000 0.000000000 0.936726928 0.148255944 -0.317116261 1.444289818 -0.137165755 0.988898098 0.057149902 -0.448142929 0.322068453 -0.010036314 0.946663141 1.553659837
122088633 0.850644063 1.514845650 0.500000000 0.500000000 0.000000000 0.000000000 0.936238110 0.153928563 -0.315854758 1.398750007 -0.142345771 0.988022864 0.059569798 -0.418704053 0.321241230 -0.010810936 0.946935713 1.376790153
122155367 0.850644063 1.514845650 0.500000000 0.500000000 0.000000000 0.000000000 0.936541677 0.157466069 -0.313199878 1.351840056 -0.146301195 0.987479389 0.058995362 -0.392125054 0.318568170 -0.009430107 0.947853029 1.185500009
122222100 0.850644063 1.514845650 0.500000000 0.500000000 0.000000000 0.000000000 0.937258661 0.155094519 -0.312236637 1.306589729 -0.144856110 0.987873852 0.055874750 -0.350994927 0.317116290 -0.007139659 0.948359728 0.981852884
122288833 0.850644063 1.514845650 0.500000000 0.500000000 0.000000000 0.000000000 0.937755764 0.156556442 -0.310006857 1.251560062 -0.147475287 0.987662196 0.052673314 -0.311542047 0.314428389 -0.003676366 0.949274063 0.786663999
122355567 0.850644063 1.514845650 0.500000000 0.500000000 0.000000000 0.000000000 0.938788772 0.158583835 -0.305821687 1.172260052 -0.150616810 0.987345397 0.049635611 -0.266913009 0.309823006 -0.000535483 0.950794101 0.608964934
122422300 0.850644063 1.514845650 0.500000000 0.500000000 0.000000000 0.000000000 0.940127432 0.159037754 -0.301442116 1.089609880 -0.151865259 0.987271547 0.047242068 -0.220992977 0.305118471 0.001365049 0.952313364 0.422640915
122489033 0.850644063 1.514845650 0.500000000 0.500000000 0.000000000 0.000000000 0.942706406 0.158230498 -0.293713599 0.958039949 -0.151274130 0.987401962 0.046405762 -0.172576985 0.297356218 0.000684289 0.954766333 0.279745016
122555767 0.850644063 1.514845650 0.500000000 0.500000000 0.000000000 0.000000000 0.945795059 0.155673444 -0.285021722 0.813857873 -0.148172975 0.987803996 0.047833424 -0.123015971 0.288991988 -0.003008056 0.957326770 0.166480995
122622500 0.850644063 1.514845650 0.500000000 0.500000000 0.000000000 0.000000000 0.949602425 0.151264891 -0.274543524 0.641147979 -0.143231913 0.988465607 0.049197197 -0.064386006 0.278818667 -0.007394366 0.960315287 0.075918918
122689233 0.850644063 1.514845650 0.500000000 0.500000000 0.000000000 0.000000000 0.952804327 0.145263478 -0.266575515 0.499806026 -0.138177767 0.989373088 0.045253284 0.009443023 0.270316303 -0.006282747 0.962751091 -0.046919894
122755967 0.850644063 1.514845650 0.500000000 0.500000000 0.000000000 0.000000000 0.956132293 0.137813166 -0.258492798 0.377845970 -0.132094517 0.990451813 0.039449647 0.078802699 0.261461347 -0.003573563 0.965207279 -0.199316962
122822700 0.850644063 1.514845650 0.500000000 0.500000000 0.000000000 0.000000000 0.959565997 0.130545393 -0.249381408 0.235211018 -0.126089409 0.991441786 0.033831973 0.141688998 0.251663774 -0.001019672 0.967814207 -0.345950021
122889433 0.850644063 1.514845650 0.500000000 0.500000000 0.000000000 0.000000000 0.962816358 0.125222862 -0.239382222 0.091290302 -0.121789590 0.992128015 0.029142074 0.197960985 0.241147056 0.001095810 0.970487952 -0.460489969
122956167 0.850644063 1.514845650 0.500000000 0.500000000 0.000000000 0.000000000 0.965542793 0.122276276 -0.229729429 -0.043200699 -0.119731501 0.992490530 0.025038835 0.244765005 0.231065944 0.003329792 0.972932398 -0.569910012
123022900 0.850644063 1.514845650 0.500000000 0.500000000 0.000000000 0.000000000 0.967656493 0.123702511 -0.219860569 -0.175693022 -0.121872559 0.992303669 0.021921566 0.283601009 0.220880195 0.005582402 0.975284994 -0.664359990
123089633 0.850644063 1.514845650 0.500000000 0.500000000 0.000000000 0.000000000 0.968771696 0.130398706 -0.210897148 -0.306601013 -0.128698364 0.991443515 0.021828696 0.305088008 0.211939037 0.005995107 0.977264464 -0.764457950
123156367 0.850644063 1.514845650 0.500000000 0.500000000 0.000000000 0.000000000 0.969872832 0.134929731 -0.202831477 -0.430335972 -0.133835450 0.990818202 0.019166002 0.347409962 0.203555197 0.008557457 0.979026079 -0.863558034
123223100 0.850644063 1.514845650 0.500000000 0.500000000 0.000000000 0.000000000 0.970692039 0.139470667 -0.195716336 -0.540522005 -0.138978183 0.990161002 0.016316481 0.386856970 0.196066365 0.011362031 0.980524778 -0.975339938
123289833 0.850644063 1.514845650 0.500000000 0.500000000 0.000000000 0.000000000 0.971785903 0.142562121 -0.187904581 -0.660533976 -0.142592072 0.989690423 0.013429111 0.429827985 0.187881842 0.013743507 0.982095480 -1.061479994
123356567 0.850644063 1.514845650 0.500000000 0.500000000 0.000000000 0.000000000 0.973631799 0.145256773 -0.175902218 -0.851273968 -0.144033775 0.989375293 0.019769970 0.410845997 0.176905036 0.006087194 0.984209120 -1.074560043
123423300 0.850644063 1.514845650 0.500000000 0.500000000 0.000000000 0.000000000 0.975350201 0.148069650 -0.163607433 -1.040420182 -0.145484984 0.988971591 0.027736351 0.394743037 0.165910020 -0.003250237 0.986135542 -1.113049941
123490033 0.850644063 1.514845650 0.500000000 0.500000000 0.000000000 0.000000000 0.976810575 0.150227293 -0.152554661 -1.209810035 -0.146512553 0.988576233 0.035371676 0.388364009 0.156125695 -0.012200261 0.987661839 -1.195760022
123556767 0.850644063 1.514845650 0.500000000 0.500000000 0.000000000 0.000000000 0.977859497 0.152452752 -0.143348902 -1.363259927 -0.148098633 0.988137543 0.040632542 0.397837976 0.147842973 -0.018503126 0.988837719 -1.308590037
123623500 0.850644063 1.514845650 0.500000000 0.500000000 0.000000000 0.000000000 0.978834689 0.153625757 -0.135210156 -1.510809928 -0.149193734 0.987899184 0.042384170 0.436174036 0.140085310 -0.021314599 0.989910007 -1.424540089
123690233 0.850644063 1.514845650 0.500000000 0.500000000 0.000000000 0.000000000 0.979574382 0.154208034 -0.129049808 -1.644399862 -0.150389284 0.987861633 0.038889620 0.496416892 0.133480459 -0.018687557 0.990875244 -1.557720013
123756967 0.850644063 1.514845650 0.500000000 0.500000000 0.000000000 0.000000000 0.979891300 0.155033916 -0.125608325 -1.807459780 -0.151760995 0.987787426 0.035278399 0.535780977 0.129543662 -0.015506542 0.991452456 -1.656519907
123823700 0.850644063 1.514845650 0.500000000 0.500000000 0.000000000 0.000000000 0.979037583 0.161481872 -0.124132894 -1.954329751 -0.158779815 0.986813724 0.031426851 0.586342911 0.127570912 -0.011058259 0.991767824 -1.771120064
123890433 0.850644063 1.514845650 0.500000000 0.500000000 0.000000000 0.000000000 0.978481472 0.168416038 -0.119206280 -2.100580257 -0.166326836 0.985691726 0.027335692 0.644600089 0.122104406 -0.006920285 0.992493153 -1.867470160
123957167 0.850644063 1.514845650 0.500000000 0.500000000 0.000000000 0.000000000 0.978519857 0.173033088 -0.112064287 -2.252459850 -0.171480060 0.984909058 0.023425950 0.694325987 0.114426598 -0.003705963 0.993424773 -1.951919953
124023900 0.850644063 1.514845650 0.500000000 0.500000000 0.000000000 0.000000000 0.979055882 0.174752474 -0.104456887 -2.414470121 -0.173931986 0.984611213 0.016984239 0.752205064 0.105817452 0.001539859 0.994384408 -2.023710214
124090633 0.850644063 1.514845650 0.500000000 0.500000000 0.000000000 0.000000000 0.979780197 0.175747812 -0.095621683 -2.592839980 -0.175353050 0.984425187 0.012582297 0.781224996 0.096343704 0.004439670 0.995338202 -2.086169916
124157367 0.850644063 1.514845650 0.500000000 0.500000000 0.000000000 0.000000000 0.981392086 0.172783732 -0.083757237 -2.789489798 -0.172981262 0.984912694 0.004948155 0.839068968 0.083348528 0.009632366 0.996473908 -2.115669948
124224100 0.850644063 1.514845650 0.500000000 0.500000000 0.000000000 0.000000000 0.983514726 0.166046605 -0.071605213 -2.988100030 -0.166582003 0.986026406 -0.001529459 0.875952968 0.070350669 0.013432387 0.997431874 -2.131829925
124290833 0.850644063 1.514845650 0.500000000 0.500000000 0.000000000 0.000000000 0.986168444 0.155641243 -0.056987688 -3.217909935 -0.156273887 0.987690389 -0.006790977 0.898845917 0.055229232 0.015602740 0.998351812 -2.117679930
124357567 0.850644063 1.514845650 0.500000000 0.500000000 0.000000000 0.000000000 0.989253640 0.140269712 -0.041250236 -3.461919743 -0.140928224 0.989927769 -0.013499919 0.913040999 0.038941123 0.019168168 0.999057651 -2.093470287
124424300 0.850644063 1.514845650 0.500000000 0.500000000 0.000000000 0.000000000 0.991212726 0.129495710 -0.026985439 -3.690690029 -0.130128562 0.991226077 -0.023181383 0.969793945 0.023746779 0.026489258 0.999366999 -2.068950015
124491033 0.850644063 1.514845650 0.500000000 0.500000000 0.000000000 0.000000000 0.992473900 0.121678129 -0.013781487 -3.892379789 -0.122056335 0.992035568 -0.031106856 1.010949905 0.009886700 0.032554861 0.999421060 -2.049240135
124557767 0.850644063 1.514845650 0.500000000 0.500000000 0.000000000 0.000000000 0.993306100 0.115471117 -0.003073095 -4.059080369 -0.115505405 0.992613256 -0.037113890 1.032070063 -0.001235192 0.037220411 0.999306321 -2.048019892
124624500 0.850644063 1.514845650 0.500000000 0.500000000 0.000000000 0.000000000 0.993736863 0.111465380 0.007908495 -4.224700326 -0.111039981 0.992926657 -0.042033050 1.054039989 -0.012537785 0.040891629 0.999084949 -2.031480252
124691233 0.850644063 1.514845650 0.500000000 0.500000000 0.000000000 0.000000000 0.993322015 0.113948405 0.018087618 -4.375199750 -0.113047615 0.992579460 -0.044790871 1.079830020 -0.023057245 0.042446993 0.998832643 -2.017640087
124757967 0.850644063 1.514845650 0.500000000 0.500000000 0.000000000 0.000000000 0.992382944 0.120292507 0.026567863 -4.509199897 -0.118956156 0.991778016 -0.047177702 1.120769839 -0.032024551 0.043657929 0.998533130 -2.017070026
124824700 0.850644063 1.514845650 0.500000000 0.500000000 0.000000000 0.000000000 0.991603732 0.124379106 0.035381995 -4.641240193 -0.122589596 0.991251349 -0.048913535 1.142300063 -0.041156270 0.044165377 0.998176098 -2.009069782
124891433 0.850644063 1.514845650 0.500000000 0.500000000 0.000000000 0.000000000 0.991199732 0.125801697 0.041195530 -4.750940219 -0.123659939 0.991014838 -0.050968233 1.159989918 -0.047237273 0.045425463 0.997850299 -2.027470149
124958167 0.850644063 1.514845650 0.500000000 0.500000000 0.000000000 0.000000000 0.990156472 0.132050768 0.046397872 -4.845459901 -0.129608288 0.990189373 -0.052217796 1.189339982 -0.052838080 0.045690238 0.997557282 -2.053069899
125024900 0.850644063 1.514845650 0.500000000 0.500000000 0.000000000 0.000000000 0.988807499 0.140083551 0.051345665 -4.933080715 -0.137311071 0.989051759 -0.054058276 1.234490067 -0.058356192 0.046402901 0.997216821 -2.077220144
125091633 0.850644063 1.514845650 0.500000000 0.500000000 0.000000000 0.000000000 0.987920165 0.145469472 0.053408187 -4.990230149 -0.142560974 0.988270402 -0.054753840 1.261379878 -0.060746741 0.046478495 0.997070491 -2.129179736
