https://www.youtube.com/watch?v=pAkC5EL1pg8
51176122 0.874441485 1.556724812 0.500000000 0.500000000 0.000000000 0.000000000 0.987160921 0.025010087 0.157758892 5.243370330 -0.034600537 0.997696936 0.058341071 -0.340269932 -0.155936450 -0.063050561 0.985752761 4.500390290
51259544 0.874441485 1.556724812 0.500000000 0.500000000 0.000000000 0.000000000 0.983483076 0.028139960 0.178799406 5.021110123 -0.039403778 0.997434735 0.059760734 -0.406890934 -0.176659063 -0.065819040 0.982068956 3.997999999
51342956 0.874441485 1.556724812 0.500000000 0.500000000 0.000000000 0.000000000 0.979446948 0.030288395 0.199414760 4.776219743 -0.043224793 0.997211158 0.060840335 -0.469998986 -0.197015852 -0.068209544 0.978024662 3.487890269
51426378 0.874441485 1.556724812 0.500000000 0.500000000 0.000000000 0.000000000 0.975177407 0.033202603 0.218921423 4.526209605 -0.047914200 0.996910691 0.062236052 -0.517464037 -0.216178715 -0.071180642 0.973755658 2.997060025
51509789 0.874441485 1.556724812 0.500000000 0.500000000 0.000000000 0.000000000 0.969433188 0.036541216 0.242619067 4.279630152 -0.053171098 0.996636927 0.062350802 -0.522119997 -0.239524752 -0.073345266 0.968115866 2.498049687
51593211 0.874441485 1.556724812 0.500000000 0.500000000 0.000000000 0.000000000 0.962526143 0.039857060 0.268243909 3.998919973 -0.058361135 0.996407807 0.061362941 -0.494265980 -0.264834583 -0.074718453 0.961394727 2.049970092
51676622 0.874441485 1.556724812 0.500000000 0.500000000 0.000000000 0.000000000 0.954412818 0.044047840 0.295221865 3.697850029 -0.064725749 0.996059239 0.060635194 -0.456552008 -0.291387618 -0.076979458 0.953502715 1.632739937
51760044 0.874441485 1.556724812 0.500000000 0.500000000 0.000000000 0.000000000 0.944359124 0.048649523 0.325298369 3.376339968 -0.071991481 0.995592833 0.060100798 -0.444275006 -0.320940852 -0.080175452 0.943699539 1.247869812
51843456 0.874441485 1.556724812 0.500000000 0.500000000 0.000000000 0.000000000 0.932503343 0.052602272 0.357310206 3.017270162 -0.079023309 0.995081067 0.059740797 -0.421827910 -0.352410108 -0.083944306 0.932073236 0.929763082
51926878 0.874441485 1.556724812 0.500000000 0.500000000 0.000000000 0.000000000 0.918804646 0.057485230 0.390504122 2.604459861 -0.087959491 0.994279563 0.060591426 -0.390953985 -0.384787142 -0.090020224 0.918605030 0.650206162
52010289 0.874441485 1.556724812 0.500000000 0.500000000 0.000000000 0.000000000 0.903707385 0.062273964 0.423597366 2.132549592 -0.098502472 0.993066788 0.064153343 -0.358374066 -0.416665405 -0.099701270 0.903575957 0.389778939
52093711 0.874441485 1.556724812 0.500000000 0.500000000 0.000000000 0.000000000 0.888031960 0.067119233 0.454856336 1.597990042 -0.110367112 0.991481066 0.069169246 -0.297531993 -0.446338832 -0.111625679 0.887874603 0.154004002
52177122 0.874441485 1.556724812 0.500000000 0.500000000 0.000000000 0.000000000 0.872509062 0.071493499 0.483339131 1.040440070 -0.122726925 0.989589810 0.075166970 -0.216358957 -0.472933531 -0.124902561 0.872200251 0.004134084
52260544 0.874441485 1.556724812 0.500000000 0.500000000 0.000000000 0.000000000 0.855904698 0.074987024 0.511667669 0.506668816 -0.133891210 0.987826169 0.079199687 -0.139290014 -0.499499738 -0.136295244 0.855525196 -0.108971925
52343956 0.874441485 1.556724812 0.500000000 0.500000000 0.000000000 0.000000000 0.838090003 0.080241784 0.539598405 -0.001603010 -0.146424994 0.985915422 0.080811411 -0.087446695 -0.525513947 -0.146737933 0.838035226 -0.133907001
52427378 0.874441485 1.556724812 0.500000000 0.500000000 0.000000000 0.000000000 0.820499182 0.084212035 0.565411031 -0.470431115 -0.158403993 0.983851373 0.083334528 -0.037170325 -0.549262702 -0.157939225 0.820588768 -0.143723008
52510789 0.874441485 1.556724812 0.500000000 0.500000000 0.000000000 0.000000000 0.800559819 0.087511778 0.592828572 -0.903771025 -0.169159830 0.982047915 0.083467342 0.044162776 -0.574881732 -0.167103380 0.800991595 -0.108618007
52594211 0.874441485 1.556724812 0.500000000 0.500000000 0.000000000 0.000000000 0.781241834 0.088380456 0.617940009 -1.292209689 -0.176596671 0.980778396 0.082990304 0.151811079 -0.598727524 -0.173961684 0.781832814 -0.057940296
52677622 0.874441485 1.556724812 0.500000000 0.500000000 0.000000000 0.000000000 0.762596428 0.090832226 0.640465200 -1.625229136 -0.185755491 0.979142189 0.082313165 0.258222161 -0.619629800 -0.181741759 0.763562918 -0.024557640
52761044 0.874441485 1.556724812 0.500000000 0.500000000 0.000000000 0.000000000 0.743116021 0.093599699 0.662584066 -1.940969957 -0.195780188 0.977253258 0.081524424 0.359771040 -0.639881730 -0.190302938 0.744537532 0.007008186
52844456 0.874441485 1.556724812 0.500000000 0.500000000 0.000000000 0.000000000 0.722184598 0.096451238 0.684942961 -2.248140689 -0.205584660 0.975412369 0.079408661 0.489351864 -0.660442829 -0.198161408 0.724256635 0.044058875
52927878 0.874441485 1.556724812 0.500000000 0.500000000 0.000000000 0.000000000 0.699342072 0.099667877 0.707804620 -2.523800829 -0.215736568 0.973483324 0.076078467 0.628802936 -0.681453407 -0.205904126 0.702299833 0.117975024
