https://www.youtube.com/watch?v=CVQwrcj8Qek
50233522 0.858297539 1.545411192 0.500000000 0.500000000 0.000000000 0.000000000 0.984337687 0.078554176 0.157824382 -1.755969982 -0.072063200 0.996318042 -0.046446666 -0.622712020 -0.160891846 0.034345873 0.986374259 4.350709867
50266889 0.858297539 1.545411192 0.500000000 0.500000000 0.000000000 0.000000000 0.983995020 0.076169856 0.161096260 -1.700119928 -0.069009699 0.996382594 -0.049592216 -0.643472030 -0.164290950 0.037681293 0.985691965 4.285340499
50300256 0.858297539 1.545411192 0.500000000 0.500000000 0.000000000 0.000000000 0.983772457 0.073642127 0.163610980 -1.649759952 -0.065922357 0.996462107 -0.052129641 -0.660147014 -0.166871086 0.040498078 0.985146642 4.223809901
50333622 0.858297539 1.545411192 0.500000000 0.500000000 0.000000000 0.000000000 0.983454466 0.072857171 0.165858731 -1.601989987 -0.064512640 0.996391177 -0.055161320 -0.675299009 -0.169279084 0.043548651 0.984605551 4.168369606
50366989 0.858297539 1.545411192 0.500000000 0.500000000 0.000000000 0.000000000 0.983104825 0.072374396 0.168127671 -1.554790022 -0.062907971 0.996155143 -0.060971592 -0.702961007 -0.171894029 0.049364906 0.983877838 4.118569995
50400356 0.858297539 1.545411192 0.500000000 0.500000000 0.000000000 0.000000000 0.982593536 0.072055243 0.171225175 -1.515100178 -0.061632879 0.995951891 -0.065431356 -0.721133967 -0.175246701 0.053739335 0.983056784 4.042319674
50433722 0.858297539 1.545411192 0.500000000 0.500000000 0.000000000 0.000000000 0.982429564 0.068473630 0.173618928 -1.476420118 -0.057473071 0.996054351 -0.067620613 -0.737504985 -0.177564129 0.056454081 0.982488632 3.979429866
50467089 0.858297539 1.545411192 0.500000000 0.500000000 0.000000000 0.000000000 0.982424796 0.062522791 0.175876141 -1.439580023 -0.051075663 0.996316552 -0.068880886 -0.754952936 -0.179534942 0.058687314 0.981999516 3.912830467
50500456 0.858297539 1.545411192 0.500000000 0.500000000 0.000000000 0.000000000 0.982163310 0.061144974 0.177810192 -1.407180049 -0.049155783 0.996259272 -0.071071506 -0.764047950 -0.181490719 0.061063424 0.981494963 3.843409904
50533822 0.858297539 1.545411192 0.500000000 0.500000000 0.000000000 0.000000000 0.981697023 0.062778786 0.179804966 -1.377440081 -0.050173819 0.996008813 -0.073817454 -0.768724888 -0.183721498 0.063444875 0.980928719 3.777059847
50567189 0.858297539 1.545411192 0.500000000 0.500000000 0.000000000 0.000000000 0.981218576 0.062359154 0.182541460 -1.346779862 -0.049157411 0.995897055 -0.075977929 -0.774355098 -0.186530411 0.065577678 0.980258107 3.705559939
50600556 0.858297539 1.545411192 0.500000000 0.500000000 0.000000000 0.000000000 0.980643451 0.061854310 0.185775310 -1.315969974 -0.048117720 0.995825410 -0.077565566 -0.775521021 -0.189797550 0.067125082 0.979525983 3.629090386
50633922 0.858297539 1.545411192 0.500000000 0.500000000 0.000000000 0.000000000 0.979625583 0.065305665 0.189918190 -1.284090080 -0.050923124 0.995521069 -0.079653092 -0.767007013 -0.194269359 0.068358980 0.978563488 3.551940100
50700656 0.858297539 1.545411192 0.500000000 0.500000000 0.000000000 0.000000000 0.977043509 0.071345434 0.200738236 -1.214090103 -0.056146767 0.995178342 -0.080421120 -0.745844055 -0.205508038 0.067304119 0.976338327 3.386869699
51134422 0.858297539 1.545411192 0.500000000 0.500000000 0.000000000 0.000000000 0.973301291 0.089603819 0.211319134 -1.055060005 -0.074541844 0.994146109 -0.078211673 -0.412069992 -0.217090145 0.060371421 0.974282920 2.248000009
51234522 0.858297539 1.545411192 0.500000000 0.500000000 0.000000000 0.000000000 0.974257350 0.078554682 0.211309701 -1.010599945 -0.063530169 0.995006144 -0.076984927 -0.392902983 -0.216301978 0.061578598 0.974382639 2.033519916
51267889 0.858297539 1.545411192 0.500000000 0.500000000 0.000000000 0.000000000 0.974650502 0.074049085 0.211123571 -0.996331013 -0.058702033 0.995218635 -0.078063563 -0.393162027 -0.215894654 0.063691303 0.974337161 1.957839929
51301256 0.858297539 1.545411192 0.500000000 0.500000000 0.000000000 0.000000000 0.976007164 0.065577820 0.207628310 -0.986864922 -0.050241306 0.995662987 -0.078301117 -0.397031043 -0.211862624 0.065990940 0.975068927 1.878739951
51334622 0.858297539 1.545411192 0.500000000 0.500000000 0.000000000 0.000000000 0.977028251 0.057570945 0.205186009 -0.977009946 -0.042122159 0.995993555 -0.078883246 -0.396253016 -0.208905339 0.068428278 0.975538850 1.795429873
51367989 0.858297539 1.545411192 0.500000000 0.500000000 0.000000000 0.000000000 0.977736890 0.054395534 0.202661559 -0.969158019 -0.038974442 0.996086717 -0.079323947 -0.385948034 -0.206183359 0.069659323 0.976030767 1.710230256
51401356 0.858297539 1.545411192 0.500000000 0.500000000 0.000000000 0.000000000 0.978468418 0.054871045 0.198969215 -0.964504089 -0.039609253 0.996016264 -0.079892002 -0.373488000 -0.202560335 0.070290782 0.976743817 1.628700018
51434722 0.858297539 1.545411192 0.500000000 0.500000000 0.000000000 0.000000000 0.979340732 0.055396907 0.194481000 -0.958461964 -0.040363677 0.995942593 -0.080431141 -0.362165007 -0.198147550 0.070919521 0.977603137 1.548129983
51468089 0.858297539 1.545411192 0.500000000 0.500000000 0.000000000 0.000000000 0.980071962 0.055452459 0.190745696 -0.950616021 -0.040676743 0.995922089 -0.080527045 -0.351454023 -0.194433287 0.071163379 0.978330970 1.464030131
51501456 0.858297539 1.545411192 0.500000000 0.500000000 0.000000000 0.000000000 0.980843663 0.056740697 0.186349481 -0.941764949 -0.042271417 0.995839655 -0.080724545 -0.341220976 -0.190154582 0.071300901 0.979161561 1.379329982
51534822 0.858297539 1.545411192 0.500000000 0.500000000 0.000000000 0.000000000 0.981891870 0.056806676 0.180724680 -0.931845061 -0.042743117 0.995814681 -0.080784835 -0.333336981 -0.184557408 0.071597241 0.980210423 1.291320004
51568189 0.858297539 1.545411192 0.500000000 0.500000000 0.000000000 0.000000000 0.983368397 0.052880961 0.173753262 -0.919318053 -0.039475407 0.996034980 -0.079724647 -0.329732004 -0.177280247 0.071539722 0.981556833 1.199760035
51601556 0.858297539 1.545411192 0.500000000 0.500000000 0.000000000 0.000000000 0.985283852 0.043944381 0.165180519 -0.904361979 -0.031404100 0.996475875 -0.077778906 -0.328641992 -0.168016359 0.071446955 0.983191669 1.104689950
51634922 0.858297539 1.545411192 0.500000000 0.500000000 0.000000000 0.000000000 0.987133503 0.034002934 0.156240880 -0.890508934 -0.022699062 0.997031510 -0.073572218 -0.316703961 -0.158278763 0.069079086 0.984975100 0.994276037
51668289 0.858297539 1.545411192 0.500000000 0.500000000 0.000000000 0.000000000 0.988970339 0.023499411 0.146237507 -0.869520972 -0.013672126 0.997602046 -0.067846693 -0.303551006 -0.147481188 0.065098993 0.986920178 0.901559040
51735022 0.858297539 1.545411192 0.500000000 0.500000000 0.000000000 0.000000000 0.991839886 0.017621832 0.126266018 -0.831371015 -0.011113634 0.998581886 -0.052063897 -0.224338988 -0.127004430 0.050235778 0.990629196 0.687610971
51768389 0.858297539 1.545411192 0.500000000 0.500000000 0.000000000 0.000000000 0.993035197 0.027336584 0.114602655 -0.803793017 -0.022033328 0.998638213 -0.047289386 -0.179484992 -0.115739316 0.044434950 0.992285192 0.605005946
51801756 0.858297539 1.545411192 0.500000000 0.500000000 0.000000000 0.000000000 0.993709207 0.035898782 0.106081270 -0.772001916 -0.031206802 0.998473883 -0.045564167 -0.138472022 -0.107555069 0.041967072 0.993312955 0.521028006
51835122 0.858297539 1.545411192 0.500000000 0.500000000 0.000000000 0.000000000 0.994287968 0.035678238 0.100590497 -0.735394980 -0.031705961 0.998663485 -0.040815942 -0.099726406 -0.101912305 0.037393481 0.994090319 0.429888005
51868489 0.858297539 1.545411192 0.500000000 0.500000000 0.000000000 0.000000000 0.995165169 0.030792255 0.093263887 -0.699811017 -0.027606968 0.998997033 -0.035253454 -0.069602202 -0.094255872 0.032508273 0.995017111 0.335236999
51901856 0.858297539 1.545411192 0.500000000 0.500000000 0.000000000 0.000000000 0.995969951 0.035258561 0.082466468 -0.661471015 -0.032748245 0.998964012 -0.031597883 -0.029232601 -0.083495125 0.028769910 0.996092796 0.237232008
51935222 0.858297539 1.545411192 0.500000000 0.500000000 0.000000000 0.000000000 0.996121407 0.048650194 0.073316425 -0.619596034 -0.046547737 0.998461902 -0.030118367 0.014165103 -0.074668929 0.026588837 0.996853828 0.149526004
51968589 0.858297539 1.545411192 0.500000000 0.500000000 0.000000000 0.000000000 0.996066689 0.061386414 0.063897029 -0.577115991 -0.059644252 0.997803390 -0.028826350 0.046088097 -0.065526217 0.024901880 0.997540057 0.065302601
52001956 0.858297539 1.545411192 0.500000000 0.500000000 0.000000000 0.000000000 0.996243417 0.068866573 0.052501455 -0.540212972 -0.067461021 0.997326374 -0.028091686 0.066151405 -0.054295667 0.024444358 0.998225629 -0.015468696
52035322 0.858297539 1.545411192 0.500000000 0.500000000 0.000000000 0.000000000 0.996388555 0.074578695 0.040593546 -0.504706964 -0.073442526 0.996883631 -0.028797273 0.085012198 -0.042614702 0.025711983 0.998760700 -0.088297104
52068689 0.858297539 1.545411192 0.500000000 0.500000000 0.000000000 0.000000000 0.996734560 0.074909031 0.030148042 -0.467632045 -0.074035361 0.996830285 -0.029122556 0.093558700 -0.032234024 0.026795434 0.999121070 -0.158605972
52669289 0.858297539 1.545411192 0.500000000 0.500000000 0.000000000 0.000000000 0.998377442 -0.023056848 0.052066062 0.406087003 0.023862286 0.999604166 -0.014901176 0.217666995 -0.051701877 0.016119413 0.998532474 -1.469300026
52736022 0.858297539 1.545411192 0.500000000 0.500000000 0.000000000 0.000000000 0.995721698 -0.002091457 0.092379436 0.464211021 0.003444063 0.999889135 -0.014484856 0.233040998 -0.092338905 0.014741046 0.995618522 -1.663729997
52769389 0.858297539 1.545411192 0.500000000 0.500000000 0.000000000 0.000000000 0.994283438 0.009153080 0.106380105 0.491155074 -0.007423594 0.999833941 -0.016642254 0.250443999 -0.106514767 0.015757393 0.994186282 -1.774790127
52802756 0.858297539 1.545411192 0.500000000 0.500000000 0.000000000 0.000000000 0.993634939 0.021005135 0.110672645 0.531293008 -0.019007821 0.999637425 -0.019071424 0.271603992 -0.111033119 0.016846387 0.993673921 -1.878290096
52836122 0.858297539 1.545411192 0.500000000 0.500000000 0.000000000 0.000000000 0.993048191 0.034538440 0.112527162 0.581583030 -0.032271758 0.999239087 -0.021903574 0.292684005 -0.113198057 0.018119853 0.993407190 -1.973729964
52869489 0.858297539 1.545411192 0.500000000 0.500000000 0.000000000 0.000000000 0.992341518 0.044385154 0.115274563 0.635417901 -0.041867759 0.998830795 -0.024169622 0.305002985 -0.116212547 0.019158239 0.993039608 -2.053570193
52902856 0.858297539 1.545411192 0.500000000 0.500000000 0.000000000 0.000000000 0.989910364 0.047461834 0.133509740 0.666471997 -0.044064622 0.998628139 -0.028287785 0.321008006 -0.134669170 0.022119312 0.990643680 -2.110260129
52936222 0.858297539 1.545411192 0.500000000 0.500000000 0.000000000 0.000000000 0.986680865 0.050249182 0.154712364 0.685814003 -0.044846959 0.998262703 -0.038214430 0.347187023 -0.156363830 0.030767061 0.987220228 -2.202130165
52969589 0.858297539 1.545411192 0.500000000 0.500000000 0.000000000 0.000000000 0.984390378 0.051009689 0.168444499 0.717446034 -0.044221703 0.998060763 -0.043808758 0.371244998 -0.170352504 0.035676017 0.984737158 -2.293669894
53002956 0.858297539 1.545411192 0.500000000 0.500000000 0.000000000 0.000000000 0.983152866 0.042062879 0.177879512 0.755103982 -0.034634568 0.998401582 -0.044662606 0.388405025 -0.179473817 0.037749384 0.983038187 -2.367559665
53036322 0.858297539 1.545411192 0.500000000 0.500000000 0.000000000 0.000000000 0.981889725 0.034274120 0.186327353 0.800360026 -0.026110165 0.998595774 -0.046094630 0.412070007 -0.187645569 0.040394802 0.981405854 -2.440570372
53069689 0.858297539 1.545411192 0.500000000 0.500000000 0.000000000 0.000000000 0.979940832 0.032364987 0.196642905 0.845171918 -0.023176441 0.998537183 -0.048850495 0.430341012 -0.197936296 0.043313112 0.979257464 -2.506449951
53103056 0.858297539 1.545411192 0.500000000 0.500000000 0.000000000 0.000000000 0.976806223 0.032008037 0.211719394 0.878252019 -0.021070179 0.998333812 -0.053718355 0.459212027 -0.213086039 0.048011456 0.975853086 -2.576860183
53136422 0.858297539 1.545411192 0.500000000 0.500000000 0.000000000 0.000000000 0.972677648 0.028831016 0.230362564 0.896666912 -0.016306367 0.998292565 -0.056089614 0.483141983 -0.231586367 0.050800737 0.971487045 -2.653189991
53169789 0.858297539 1.545411192 0.500000000 0.500000000 0.000000000 0.000000000 0.969095528 0.019063413 0.245948061 0.916959920 -0.005564267 0.998445153 -0.055464782 0.509104056 -0.246622995 0.052382149 0.967694759 -2.731759951
53203156 0.858297539 1.545411192 0.500000000 0.500000000 0.000000000 0.000000000 0.966536939 0.013715893 0.256160617 0.950022903 0.000425430 0.998482525 -0.055068098 0.535386073 -0.256527185 0.053334326 0.965064406 -2.818720352
53236522 0.858297539 1.545411192 0.500000000 0.500000000 0.000000000 0.000000000 0.964446485 0.015206347 0.263840467 0.995985046 -0.000709985 0.998488724 -0.054952271 0.556758942 -0.264277369 0.052811205 0.962999761 -2.895550204
53269889 0.858297539 1.545411192 0.500000000 0.500000000 0.000000000 0.000000000 0.961315989 0.016155474 0.274973691 1.036739887 -0.001502004 0.998571098 -0.053417787 0.570442972 -0.275443792 0.050938360 0.959966660 -2.969860142
53303256 0.858297539 1.545411192 0.500000000 0.500000000 0.000000000 0.000000000 0.957166731 0.016900482 0.289043725 1.065150122 -0.001901036 0.998640299 -0.052095611 0.581215954 -0.289531171 0.049314704 0.955897391 -3.053090149
53336622 0.858297539 1.545411192 0.500000000 0.500000000 0.000000000 0.000000000 0.953709245 0.018759819 0.300144553 1.101309954 -0.003471358 0.998672664 -0.051389426 0.586844056 -0.300710201 0.047968663 0.952508509 -3.140730159
53403356 0.858297539 1.545411192 0.500000000 0.500000000 0.000000000 0.000000000 0.950414240 0.018979268 0.310406983 1.218000008 -0.005847583 0.999050140 -0.043180749 0.596048961 -0.310931683 0.039224468 0.949622512 -3.326939925
53436722 0.858297539 1.545411192 0.500000000 0.500000000 0.000000000 0.000000000 0.948011935 0.018778000 0.317680150 1.276679686 -0.006832795 0.999228537 -0.038673915 0.594191038 -0.318161279 0.034492686 0.947408855 -3.403309585
53470089 0.858297539 1.545411192 0.500000000 0.500000000 0.000000000 0.000000000 0.945323884 0.021479964 0.325424880 1.331320130 -0.009874936 0.999256372 -0.037271220 0.596310908 -0.325983495 0.032019828 0.944833100 -3.497680121
53503456 0.858297539 1.545411192 0.500000000 0.500000000 0.000000000 0.000000000 0.942843497 0.026686529 0.332165629 1.386960033 -0.015184483 0.999193370 -0.037175469 0.601992008 -0.332889766 0.030006886 0.942488194 -3.594119979
53536822 0.858297539 1.545411192 0.500000000 0.500000000 0.000000000 0.000000000 0.940628946 0.031258956 0.337994367 1.448999952 -0.019891992 0.999115646 -0.037043035 0.611743976 -0.338853389 0.028120376 0.940418899 -3.688330456
53570189 0.858297539 1.545411192 0.500000000 0.500000000 0.000000000 0.000000000 0.937816143 0.028318191 0.345975280 1.494299791 -0.017766787 0.999276340 -0.033631641 0.628560052 -0.346677303 0.025393426 0.937640667 -3.794480235
53603556 0.858297539 1.545411192 0.500000000 0.500000000 0.000000000 0.000000000 0.934702635 0.026740672 0.354423523 1.531740076 -0.017822003 0.999437630 -0.028404916 0.641253005 -0.354983747 0.020233622 0.934653521 -3.912240427
53636922 0.858297539 1.545411192 0.500000000 0.500000000 0.000000000 0.000000000 0.931978345 0.035972353 0.360724926 1.592490270 -0.029314663 0.999284148 -0.023912895 0.621518002 -0.361326933 0.011711779 0.932365656 -4.002800348
53670289 0.858297539 1.545411192 0.500000000 0.500000000 0.000000000 0.000000000 0.928066730 0.046800997 0.369461417 1.641629865 -0.040945519 0.998880744 -0.023678899 0.615103056 -0.370156109 0.006847801 0.928944290 -4.095329994
53703656 0.858297539 1.545411192 0.500000000 0.500000000 0.000000000 0.000000000 0.923390031 0.053028282 0.380182683 1.672019987 -0.047954779 0.998588979 -0.022811387 0.614387950 -0.380855918 0.002832242 0.924630105 -4.202420459
53870489 0.858297539 1.545411192 0.500000000 0.500000000 0.000000000 0.000000000 0.904408395 0.095911197 0.415748268 1.848120126 -0.090327702 0.995360970 -0.033128545 0.583008845 -0.416996986 -0.007591819 0.908876240 -4.695470478
54003956 0.858297539 1.545411192 0.500000000 0.500000000 0.000000000 0.000000000 0.896808505 0.091959596 0.432756007 1.957299497 -0.083246917 0.995762229 -0.039082851 0.661212127 -0.434516132 -0.000975799 0.900663435 -5.036359180
54037322 0.858297539 1.545411192 0.500000000 0.500000000 0.000000000 0.000000000 0.895264864 0.090191908 0.436309755 1.974209805 -0.080325149 0.995922923 -0.041053183 0.686910054 -0.438233554 0.001706811 0.898859501 -5.123069165
54070689 0.858297539 1.545411192 0.500000000 0.500000000 0.000000000 0.000000000 0.894264996 0.086657748 0.439067602 1.993669186 -0.076111495 0.996230960 -0.041604683 0.714884287 -0.441018105 0.003787490 0.897490144 -5.204389490
54104056 0.858297539 1.545411192 0.500000000 0.500000000 0.000000000 0.000000000 0.893501639 0.080817156 0.441727847 2.011730151 -0.070400529 0.996718347 -0.039954357 0.739982980 -0.443507224 0.004601419 0.896259010 -5.287199815
54137422 0.858297539 1.545411192 0.500000000 0.500000000 0.000000000 0.000000000 0.892292202 0.078243136 0.444626451 2.037870048 -0.067830548 0.996922195 -0.039308608 0.757353075 -0.446333587 0.004915508 0.894853175 -5.361600365
54170789 0.858297539 1.545411192 0.500000000 0.500000000 0.000000000 0.000000000 0.889593899 0.079128318 0.449845910 2.044829937 -0.068415366 0.996852636 -0.040052328 0.765193076 -0.451599360 0.004853930 0.892207623 -5.446000223
54204156 0.858297539 1.545411192 0.500000000 0.500000000 0.000000000 0.000000000 0.886085391 0.076767989 0.457120895 2.039130311 -0.066143699 0.997038722 -0.039227486 0.782160861 -0.458778620 0.004523264 0.888539195 -5.533861233
54237522 0.858297539 1.545411192 0.500000000 0.500000000 0.000000000 0.000000000 0.881379843 0.072324306 0.466839045 2.012579660 -0.061879352 0.997371793 -0.037689649 0.798185206 -0.468337983 0.004331185 0.883538723 -5.630139289
54270889 0.858297539 1.545411192 0.500000000 0.500000000 0.000000000 0.000000000 0.876868248 0.070389509 0.475549668 1.971539872 -0.060032353 0.997512102 -0.036954977 0.807042913 -0.476967782 0.003856296 0.878912330 -5.734369839
54304256 0.858297539 1.545411192 0.500000000 0.500000000 0.000000000 0.000000000 0.873964667 0.069910161 0.480934799 1.951199627 -0.060075991 0.997550368 -0.035835654 0.828113040 -0.482261956 0.002426460 0.876023710 -5.842130405
54337622 0.858297539 1.545411192 0.500000000 0.500000000 0.000000000 0.000000000 0.871543288 0.068067916 0.485570967 1.945110098 -0.063207217 0.997651100 -0.026402352 0.791945824 -0.486227572 -0.007680783 0.873798490 -5.948560584
54370989 0.858297539 1.545411192 0.500000000 0.500000000 0.000000000 0.000000000 0.868332207 0.063088953 0.491953909 1.933289567 -0.063540116 0.997853994 -0.015813753 0.749223234 -0.491895854 -0.017527256 0.870477438 -6.051468111
54404356 0.858297539 1.545411192 0.500000000 0.500000000 0.000000000 0.000000000 0.863153696 0.058160901 0.501580536 1.886459925 -0.064008266 0.997933865 -0.005565928 0.717041978 -0.500867903 -0.027301041 0.865093112 -6.166350508
