https://www.youtube.com/watch?v=vZdTqovtGd8
5880000 0.920977783 1.651408445 0.500000000 0.500000000 0.000000000 0.000000000 0.999077380 0.032083366 -0.028549094 -2.230119978 -0.031901132 0.999467790 0.006816058 -0.561576059 0.028752580 -0.005899020 0.999569178 5.638350449
5960000 0.920977783 1.651408445 0.500000000 0.500000000 0.000000000 0.000000000 0.999101639 0.028678382 -0.031201037 -2.195750024 -0.028461615 0.999567747 0.007369647 -0.562995990 0.031398900 -0.006474994 0.999485970 5.534789933
6040000 0.920977783 1.651408445 0.500000000 0.500000000 0.000000000 0.000000000 0.999087870 0.024737643 -0.034805968 -2.162929974 -0.024485188 0.999670863 0.007660909 -0.566070961 0.034984022 -0.006801690 0.999364734 5.432440032
6120000 0.920977783 1.651408445 0.500000000 0.500000000 0.000000000 0.000000000 0.998986125 0.020833487 -0.039909098 -2.137259954 -0.020536156 0.999758303 0.007845794 -0.567851993 0.040062908 -0.007018261 0.999172509 5.332359793
6200000 0.920977783 1.651408445 0.500000000 0.500000000 0.000000000 0.000000000 0.998721838 0.016370382 -0.047819484 -2.125210089 -0.016004466 0.999839723 0.008024973 -0.575310043 0.047943193 -0.007249390 0.998823762 5.227960252
6280000 0.920977783 1.651408445 0.500000000 0.500000000 0.000000000 0.000000000 0.998192072 0.010739966 -0.059137132 -2.129280098 -0.010280159 0.999914587 0.008074036 -0.586482021 0.059218798 -0.007451499 0.998217225 5.117419798
6360000 0.920977783 1.651408445 0.500000000 0.500000000 0.000000000 0.000000000 0.997275352 0.004443046 -0.073634773 -2.149239834 -0.003894774 0.999963641 0.007587754 -0.601552024 0.073665813 -0.007280290 0.997256398 5.002910519
6440000 0.920977783 1.651408445 0.500000000 0.500000000 0.000000000 0.000000000 0.995958745 -0.001880960 -0.089792080 -2.176840082 0.002509170 0.999973178 0.006883909 -0.617074050 0.089776717 -0.007081394 0.995936751 4.884680091
6520000 0.920977783 1.651408445 0.500000000 0.500000000 0.000000000 0.000000000 0.994371712 -0.007334553 -0.105693422 -2.204050194 0.007984132 0.999951720 0.005724059 -0.633392952 0.105646335 -0.006535713 0.994382262 4.767870051
6600000 0.920977783 1.651408445 0.500000000 0.500000000 0.000000000 0.000000000 0.992618084 -0.011526925 -0.120733030 -2.228859864 0.012141885 0.999916792 0.004359118 -0.645334970 0.120672740 -0.005792865 0.992675424 4.653739788
6680000 0.920977783 1.651408445 0.500000000 0.500000000 0.000000000 0.000000000 0.990798175 -0.013979967 -0.134623691 -2.248399925 0.014450551 0.999892414 0.002518996 -0.653200953 0.134573981 -0.004441204 0.990893602 4.541830029
6760000 0.920977783 1.651408445 0.500000000 0.500000000 0.000000000 0.000000000 0.989373803 -0.014016930 -0.144716889 -2.251470094 0.014185971 0.999899387 0.000136190 -0.660390052 0.144700408 -0.002187692 0.989473104 4.434869825
6840000 0.920977783 1.651408445 0.500000000 0.500000000 0.000000000 0.000000000 0.988359749 -0.011325075 -0.151712477 -2.247159722 0.011110016 0.999935687 -0.002265164 -0.664827982 0.151728392 0.000553268 0.988422036 4.328050022
6920000 0.920977783 1.651408445 0.500000000 0.500000000 0.000000000 0.000000000 0.987475991 -0.006268756 -0.157644674 -2.241519861 0.005548950 0.999972105 -0.005005721 -0.667399050 0.157671645 0.004068266 0.987483203 4.215569694
7000000 0.920977783 1.651408445 0.500000000 0.500000000 0.000000000 0.000000000 0.986670196 0.000825674 -0.162730604 -2.235950255 -0.002070506 0.999969900 -0.007480205 -0.661312049 0.162719518 0.007717429 0.986642182 4.099880629
7080000 0.920977783 1.651408445 0.500000000 0.500000000 0.000000000 0.000000000 0.985860229 0.009046080 -0.167325392 -2.229429882 -0.010840431 0.999893069 -0.009813429 -0.648298922 0.167218730 0.011488550 0.985852897 3.985510162
7160000 0.920977783 1.651408445 0.500000000 0.500000000 0.000000000 0.000000000 0.984992743 0.017626887 -0.171693310 -2.222419952 -0.019876013 0.999737561 -0.011389308 -0.629726941 0.171447501 0.014630962 0.985084593 3.872229787
7240000 0.920977783 1.651408445 0.500000000 0.500000000 0.000000000 0.000000000 0.983990908 0.025267154 -0.176418424 -2.213730197 -0.027896106 0.999533474 -0.012437183 -0.608557018 0.176021874 0.017159462 0.984236717 3.762490505
7320000 0.920977783 1.651408445 0.500000000 0.500000000 0.000000000 0.000000000 0.982855856 0.031329986 -0.181694373 -2.203550254 -0.034268465 0.999327421 -0.013055139 -0.588962970 0.181163147 0.019057708 0.983268380 3.661240055
7400000 0.920977783 1.651408445 0.500000000 0.500000000 0.000000000 0.000000000 0.981699109 0.035544213 -0.187092051 -2.189599928 -0.038760681 0.999156475 -0.013560650 -0.570165957 0.186452225 0.020564297 0.982248783 3.568230034
7480000 0.920977783 1.651408445 0.500000000 0.500000000 0.000000000 0.000000000 0.980582952 0.038094185 -0.192369372 -2.172990315 -0.041596442 0.999033630 -0.014198685 -0.556230097 0.191642582 0.021924863 0.981219888 3.483240095
7560000 0.920977783 1.651408445 0.500000000 0.500000000 0.000000000 0.000000000 0.979635537 0.038676240 -0.197023705 -2.149400084 -0.042424016 0.998989522 -0.014835361 -0.547657026 0.196250841 0.022891778 0.980286479 3.404719789
7640000 0.920977783 1.651408445 0.500000000 0.500000000 0.000000000 0.000000000 0.978896737 0.037442047 -0.200896144 -2.119360025 -0.041491386 0.999011040 -0.015982240 -0.546727046 0.200099051 0.023980413 0.979482174 3.331290233
7720000 0.920977783 1.651408445 0.500000000 0.500000000 0.000000000 0.000000000 0.978372395 0.034217600 -0.204001695 -2.080630219 -0.038572658 0.999104142 -0.017409092 -0.551271979 0.203223228 0.024901455 0.978815734 3.261539997
7800000 0.920977783 1.651408445 0.500000000 0.500000000 0.000000000 0.000000000 0.977835953 0.029910736 -0.207224891 -2.039449827 -0.034581177 0.999222159 -0.018951606 -0.559483969 0.206496850 0.025697645 0.978109717 3.191119839
7880000 0.920977783 1.651408445 0.500000000 0.500000000 0.000000000 0.000000000 0.977145791 0.025284197 -0.211061299 -1.997440094 -0.030329306 0.999325573 -0.020700194 -0.571367027 0.210395575 0.026628450 0.977253616 3.115599995
7960000 0.920977783 1.651408445 0.500000000 0.500000000 0.000000000 0.000000000 0.976212263 0.020541584 -0.215841949 -1.952140020 -0.025926745 0.999418497 -0.022147546 -0.582695012 0.215261489 0.027216783 0.976177096 3.036089727
8040000 0.920977783 1.651408445 0.500000000 0.500000000 0.000000000 0.000000000 0.974943638 0.017174460 -0.221788183 -1.910750119 -0.022914656 0.999465048 -0.023334105 -0.588944988 0.221268788 0.027831633 0.974815667 2.956580101
8120000 0.920977783 1.651408445 0.500000000 0.500000000 0.000000000 0.000000000 0.973137319 0.014955111 -0.229739219 -1.876510009 -0.021039024 0.999489248 -0.024055028 -0.589136031 0.229262114 0.028242337 0.972954869 2.876639874
8200000 0.920977783 1.651408445 0.500000000 0.500000000 0.000000000 0.000000000 0.970446825 0.014110950 -0.240902185 -1.854979931 -0.020665055 0.999481261 -0.024701748 -0.590042010 0.240428656 0.028949991 0.970234990 2.789929809
8280000 0.920977783 1.651408445 0.500000000 0.500000000 0.000000000 0.000000000 0.966655076 0.015543051 -0.255609781 -1.848560001 -0.022665597 0.999431908 -0.024942674 -0.588009004 0.255076855 0.029904515 0.966458201 2.700679981
8360000 0.920977783 1.651408445 0.500000000 0.500000000 0.000000000 0.000000000 0.961469054 0.018354882 -0.274299800 -1.854610077 -0.026229087 0.999341667 -0.025066206 -0.582368070 0.273659110 0.031295016 0.961317480 2.608849955
8440000 0.920977783 1.651408445 0.500000000 0.500000000 0.000000000 0.000000000 0.955346584 0.022590134 -0.294622868 -1.866910016 -0.031281482 0.999202371 -0.024820022 -0.573908996 0.293827206 0.032927960 0.955291271 2.516490046
8520000 0.920977783 1.651408445 0.500000000 0.500000000 0.000000000 0.000000000 0.948682785 0.028126225 -0.314976007 -1.883360018 -0.037542880 0.999009907 -0.023868199 -0.560782016 0.313992828 0.034468453 0.948799491 2.423430135
8600000 0.920977783 1.651408445 0.500000000 0.500000000 0.000000000 0.000000000 0.941666603 0.034259479 -0.334798783 -1.899789797 -0.044439394 0.998752058 -0.022790879 -0.544106919 0.333600193 0.036339678 0.942013919 2.330429589
8680000 0.920977783 1.651408445 0.500000000 0.500000000 0.000000000 0.000000000 0.934301078 0.040674649 -0.354156733 -1.916229782 -0.051854111 0.998409450 -0.022129737 -0.524494993 0.352693319 0.039040323 0.934924185 2.236859768
8760000 0.920977783 1.651408445 0.500000000 0.500000000 0.000000000 0.000000000 0.926895499 0.046963602 -0.372369587 -1.931259858 -0.059229963 0.998011410 -0.021563996 -0.503718900 0.370616376 0.042043012 0.927833974 2.138980024
8840000 0.920977783 1.651408445 0.500000000 0.500000000 0.000000000 0.000000000 0.920176208 0.053498179 -0.387831837 -1.940309776 -0.067101538 0.997512162 -0.021607678 -0.481395923 0.385710984 0.045907002 0.921476781 2.041029883
8920000 0.920977783 1.651408445 0.500000000 0.500000000 0.000000000 0.000000000 0.914495111 0.059834208 -0.400148362 -1.938350311 -0.074606508 0.996982872 -0.021426104 -0.458684112 0.397659034 0.049447715 0.916199923 1.946430203
9000000 0.920977783 1.651408445 0.500000000 0.500000000 0.000000000 0.000000000 0.908939719 0.065280356 -0.411785305 -1.932160136 -0.081081711 0.996486187 -0.020999821 -0.435920020 0.408967495 0.052475810 0.911038935 1.849959978
9080000 0.920977783 1.651408445 0.500000000 0.500000000 0.000000000 0.000000000 0.903554559 0.069597296 -0.422782660 -1.920589688 -0.086191811 0.996073067 -0.020234959 -0.411411928 0.419714093 0.054723829 0.906005025 1.759189586
9160000 0.920977783 1.651408445 0.500000000 0.500000000 0.000000000 0.000000000 0.898603499 0.072451971 -0.432738364 -1.903780098 -0.089362212 0.995820999 -0.018838188 -0.387356990 0.429565072 0.055598505 0.901322722 1.673090197
9240000 0.920977783 1.651408445 0.500000000 0.500000000 0.000000000 0.000000000 0.894424736 0.073733672 -0.441098154 -1.880969707 -0.090683520 0.995727122 -0.017435918 -0.365053949 0.437927783 0.055595487 0.897289395 1.594899901
9320000 0.920977783 1.651408445 0.500000000 0.500000000 0.000000000 0.000000000 0.891402960 0.074055262 -0.447120339 -1.853029955 -0.090709485 0.995750129 -0.015920028 -0.341015058 0.444041163 0.054749221 0.894332111 1.527240066
9400000 0.920977783 1.651408445 0.500000000 0.500000000 0.000000000 0.000000000 0.889677882 0.073660322 -0.450607955 -1.819460343 -0.089316346 0.995911181 -0.013545357 -0.314794050 0.447767735 0.052297637 0.892619252 1.466450131
9480000 0.920977783 1.651408445 0.500000000 0.500000000 0.000000000 0.000000000 0.889244676 0.072421089 -0.451662540 -1.778199992 -0.086741671 0.996169567 -0.011050018 -0.288021996 0.449132204 0.049004130 0.892120421 1.412729941
9560000 0.920977783 1.651408445 0.500000000 0.500000000 0.000000000 0.000000000 0.891088605 0.071468845 -0.448166698 -1.726150086 -0.084046632 0.996428013 -0.008209987 -0.260191050 0.445979089 0.044982716 0.893912315 1.367169938
9640000 0.920977783 1.651408445 0.500000000 0.500000000 0.000000000 0.000000000 0.893980622 0.070208304 -0.442571372 -1.669809974 -0.080753393 0.996721566 -0.005002234 -0.233523004 0.440769225 0.040211037 0.896719337 1.323959931
9720000 0.920977783 1.651408445 0.500000000 0.500000000 0.000000000 0.000000000 0.896977425 0.068778336 -0.436693370 -1.610510016 -0.077429399 0.996995807 -0.002016753 -0.209398012 0.435242772 0.035621881 0.899608135 1.279000073
9800000 0.920977783 1.651408445 0.500000000 0.500000000 0.000000000 0.000000000 0.899922073 0.066198297 -0.430996388 -1.545509814 -0.073070191 0.997326612 0.000612203 -0.189665964 0.429884702 0.030942079 0.902353346 1.230839679
9880000 0.920977783 1.651408445 0.500000000 0.500000000 0.000000000 0.000000000 0.902524054 0.062524311 -0.426076323 -1.475319966 -0.068071507 0.997677982 0.002213102 -0.169916008 0.425225347 0.027006278 0.904684544 1.178690134
9960000 0.920977783 1.651408445 0.500000000 0.500000000 0.000000000 0.000000000 0.906566560 0.058028016 -0.418054610 -1.398669723 -0.062630519 0.998033106 0.002715317 -0.148870998 0.417389899 0.023721382 0.908417761 1.126889910
10040000 0.920977783 1.651408445 0.500000000 0.500000000 0.000000000 0.000000000 0.910423040 0.052643515 -0.410314947 -1.319309686 -0.056830630 0.998381853 0.001994606 -0.129712960 0.409755975 0.021502545 0.911941588 1.078939816
10120000 0.920977783 1.651408445 0.500000000 0.500000000 0.000000000 0.000000000 0.913991988 0.048133802 -0.402867109 -1.239450079 -0.052128997 0.998639822 0.001049589 -0.109684021 0.402369648 0.020041727 0.915257931 1.041250091
10200000 0.920977783 1.651408445 0.500000000 0.500000000 0.000000000 0.000000000 0.917606771 0.044398926 -0.395002007 -1.165240012 -0.047995239 0.998847246 0.000777177 -0.091006905 0.394581199 0.018245071 0.918679953 0.985349036
10280000 0.920977783 1.651408445 0.500000000 0.500000000 0.000000000 0.000000000 0.920726895 0.041214641 -0.388024747 -1.091239876 -0.044350725 0.999015629 0.000874091 -0.070520186 0.387678802 0.016404390 0.921648502 0.926760918
10360000 0.920977783 1.651408445 0.500000000 0.500000000 0.000000000 0.000000000 0.921415448 0.038029749 -0.386713654 -1.026040151 -0.040585499 0.999174833 0.001557383 -0.053919214 0.386453778 0.014259957 0.922198594 0.869674134
10440000 0.920977783 1.651408445 0.500000000 0.500000000 0.000000000 0.000000000 0.921633184 0.034704052 -0.386507124 -0.959421806 -0.036677122 0.999324560 0.002271010 -0.039926488 0.386324912 0.012082941 0.922283530 0.818462846
10520000 0.920977783 1.651408445 0.500000000 0.500000000 0.000000000 0.000000000 0.922042787 0.031470317 -0.385806561 -0.892787968 -0.032965008 0.999452770 0.002742180 -0.028086495 0.385681748 0.010189711 0.922575593 0.769819897
10600000 0.920977783 1.651408445 0.500000000 0.500000000 0.000000000 0.000000000 0.922638059 0.028883249 -0.384583890 -0.826277963 -0.029991500 0.999545276 0.003117169 -0.019576006 0.384499073 0.008658225 0.923084795 0.721705939
10680000 0.920977783 1.651408445 0.500000000 0.500000000 0.000000000 0.000000000 0.923564970 0.026937680 -0.382494748 -0.760254132 -0.027765261 0.999608815 0.003357218 -0.014122808 0.382435560 0.007519447 0.923951626 0.673286139
10760000 0.920977783 1.651408445 0.500000000 0.500000000 0.000000000 0.000000000 0.924940407 0.025856853 -0.379231632 -0.695994936 -0.026620172 0.999640405 0.003231485 -0.008533017 0.379178822 0.007106283 0.925296128 0.625106976
10840000 0.920977783 1.651408445 0.500000000 0.500000000 0.000000000 0.000000000 0.927121878 0.025784990 -0.373871624 -0.631717848 -0.026788076 0.999637961 0.002513814 -0.001655514 0.373801112 0.007684700 0.927477002 0.571971957
10920000 0.920977783 1.651408445 0.500000000 0.500000000 0.000000000 0.000000000 0.930135369 0.026695136 -0.366245359 -0.567205064 -0.028202053 0.999601483 0.001236239 0.002350343 0.366132408 0.009178992 0.930517554 0.514231054
11000000 0.920977783 1.651408445 0.500000000 0.500000000 0.000000000 0.000000000 0.933897972 0.028933188 -0.356366903 -0.505846925 -0.031267062 0.999510765 -0.000789101 0.007276725 0.356169730 0.011879493 0.934345722 0.455332921
11080000 0.920977783 1.651408445 0.500000000 0.500000000 0.000000000 0.000000000 0.938264847 0.032482207 -0.344389349 -0.446544011 -0.035915017 0.999348402 -0.003591167 0.015961899 0.344048291 0.015738215 0.938820064 0.388440008
11160000 0.920977783 1.651408445 0.500000000 0.500000000 0.000000000 0.000000000 0.942950606 0.037609566 -0.330801636 -0.391317046 -0.042167369 0.999088705 -0.006609556 0.029722302 0.330251604 0.020181522 0.943677187 0.320315017
11240000 0.920977783 1.651408445 0.500000000 0.500000000 0.000000000 0.000000000 0.948043406 0.043667469 -0.315129876 -0.340348969 -0.049059439 0.998753548 -0.009194415 0.046258900 0.314335585 0.024176802 0.949003994 0.247702975
11320000 0.920977783 1.651408445 0.500000000 0.500000000 0.000000000 0.000000000 0.953165293 0.049621124 -0.298351407 -0.290381964 -0.055468019 0.998398125 -0.011156475 0.065020708 0.297319889 0.027182939 0.954390883 0.172632006
11400000 0.920977783 1.651408445 0.500000000 0.500000000 0.000000000 0.000000000 0.958106697 0.054303132 -0.281216592 -0.237627009 -0.060089536 0.998121023 -0.011987548 0.084481594 0.280037254 0.028383516 0.959569454 0.095143183
11480000 0.920977783 1.651408445 0.500000000 0.500000000 0.000000000 0.000000000 0.962969303 0.056898780 -0.263538629 -0.189034000 -0.062290318 0.997984231 -0.012140842 0.104955999 0.262316614 0.028107164 0.964572430 0.017393595
11560000 0.920977783 1.651408445 0.500000000 0.500000000 0.000000000 0.000000000 0.967560947 0.057052042 -0.246111631 -0.138868015 -0.061852101 0.998015463 -0.011811135 0.120623008 0.244949371 0.026650505 0.969169557 -0.058332008
11640000 0.920977783 1.651408445 0.500000000 0.500000000 0.000000000 0.000000000 0.972089946 0.054224480 -0.228256181 -0.091413806 -0.058507975 0.998214364 -0.012036305 0.136520981 0.227195933 0.025055178 0.973526716 -0.131726999
11720000 0.920977783 1.651408445 0.500000000 0.500000000 0.000000000 0.000000000 0.976355672 0.048874207 -0.210572839 -0.046183905 -0.052736238 0.998526931 -0.012760948 0.152521986 0.209638983 0.023564052 0.977494836 -0.204076985
11800000 0.920977783 1.651408445 0.500000000 0.500000000 0.000000000 0.000000000 0.980245233 0.040908251 -0.193509161 -0.000596882 -0.044414487 0.998917699 -0.013813900 0.165922999 0.192734629 0.022135621 0.981001198 -0.270711970
11880000 0.920977783 1.651408445 0.500000000 0.500000000 0.000000000 0.000000000 0.983025432 0.032018460 -0.180653676 0.042443198 -0.035245523 0.999270856 -0.014680734 0.176886011 0.180051908 0.020798774 0.983437181 -0.345405996
11960000 0.920977783 1.651408445 0.500000000 0.500000000 0.000000000 0.000000000 0.985380471 0.022451529 -0.168882295 0.090266699 -0.025480768 0.999550581 -0.015790939 0.187437995 0.168451861 0.019863337 0.985509694 -0.418648964
12040000 0.920977783 1.651408445 0.500000000 0.500000000 0.000000000 0.000000000 0.987325907 0.012490927 -0.158213556 0.141534995 -0.015354489 0.999739468 -0.016889919 0.198252023 0.157961369 0.019105140 0.987260461 -0.492805028
12120000 0.920977783 1.651408445 0.500000000 0.500000000 0.000000000 0.000000000 0.988840997 0.002132108 -0.148959562 0.195333007 -0.004844577 0.999828935 -0.017848959 0.211613993 0.148896024 0.018371427 0.988682210 -0.566900018
12200000 0.920977783 1.651408445 0.500000000 0.500000000 0.000000000 0.000000000 0.989849269 -0.007508765 -0.141922683 0.251477970 0.004833368 0.999804258 -0.019186437 0.226605008 0.142038971 0.018305715 0.989691794 -0.642569001
12280000 0.920977783 1.651408445 0.500000000 0.500000000 0.000000000 0.000000000 0.990363240 -0.015776081 -0.137592956 0.310272030 0.013120955 0.999710202 -0.020182716 0.240985983 0.137871489 0.018182872 0.990283191 -0.719053921
12360000 0.920977783 1.651408445 0.500000000 0.500000000 0.000000000 0.000000000 0.990388632 -0.023070863 -0.136374652 0.373100017 0.020416601 0.999574542 -0.020829942 0.255268984 0.136797190 0.017845429 0.990438342 -0.792703995
12440000 0.920977783 1.651408445 0.500000000 0.500000000 0.000000000 0.000000000 0.990083456 -0.028688356 -0.137520000 0.437456045 0.026039738 0.999439895 -0.021020764 0.268126024 0.138046011 0.017231328 0.990275919 -0.863858043
12520000 0.920977783 1.651408445 0.500000000 0.500000000 0.000000000 0.000000000 0.989642620 -0.031673294 -0.140015259 0.502864009 0.029082591 0.999366522 -0.020511054 0.277266981 0.140576228 0.016226608 0.989936888 -0.934116996
12600000 0.920977783 1.651408445 0.500000000 0.500000000 0.000000000 0.000000000 0.989253938 -0.031946093 -0.142674714 0.566748936 0.029510716 0.999380946 -0.019153528 0.282086988 0.143198282 0.014737272 0.989584267 -1.005210026
12680000 0.920977783 1.651408445 0.500000000 0.500000000 0.000000000 0.000000000 0.989031792 -0.029658943 -0.144694522 0.628806015 0.027480114 0.999477208 -0.017034033 0.280766017 0.145124093 0.012870979 0.989329755 -1.080300023
12760000 0.920977783 1.651408445 0.500000000 0.500000000 0.000000000 0.000000000 0.988960683 -0.025288312 -0.146004528 0.689717002 0.023448473 0.999622643 -0.014308816 0.274819989 0.146311283 0.010727275 0.989180446 -1.157760112
12840000 0.920977783 1.651408445 0.500000000 0.500000000 0.000000000 0.000000000 0.989125848 -0.018874286 -0.145855546 0.747363955 0.017300950 0.999777734 -0.012048043 0.268456996 0.146050513 0.009393590 0.989232540 -1.242769925
12920000 0.920977783 1.651408445 0.500000000 0.500000000 0.000000000 0.000000000 0.989854753 -0.011146159 -0.141645163 0.802181999 0.009719736 0.999894917 -0.010758305 0.263863034 0.141750187 0.009272406 0.989859045 -1.330360035
13000000 0.920977783 1.651408445 0.500000000 0.500000000 0.000000000 0.000000000 0.990943968 -0.004259307 -0.134208590 0.850580983 0.002911473 0.999943376 -0.010237495 0.259115030 0.134244591 0.009754040 0.990900218 -1.430499940
13080000 0.920977783 1.651408445 0.500000000 0.500000000 0.000000000 0.000000000 0.991976261 0.002340067 -0.126402587 0.896327948 -0.003674507 0.999939919 -0.010324923 0.256868974 0.126370847 0.010706546 0.991925299 -1.536570034
13160000 0.920977783 1.651408445 0.500000000 0.500000000 0.000000000 0.000000000 0.992967427 0.008269452 -0.118098944 0.938685030 -0.009615168 0.999895155 -0.010829600 0.257870013 0.117997006 0.011888981 0.992942750 -1.648779832
13240000 0.920977783 1.651408445 0.500000000 0.500000000 0.000000000 0.000000000 0.993910849 0.013939835 -0.109301887 0.977105937 -0.015327467 0.999812126 -0.011865475 0.261137001 0.109115951 0.013468548 0.993937790 -1.765169961
13320000 0.920977783 1.651408445 0.500000000 0.500000000 0.000000000 0.000000000 0.994776845 0.017939202 -0.100484662 1.012109853 -0.019332964 0.999729693 -0.012913711 0.270948994 0.100225843 0.014788928 0.994854808 -1.880149948
13400000 0.920977783 1.651408445 0.500000000 0.500000000 0.000000000 0.000000000 0.995555699 0.020107521 -0.092002884 1.044019997 -0.021528875 0.999663353 -0.014482609 0.285532041 0.091680706 0.016398964 0.995653391 -1.988269892
13480000 0.920977783 1.651408445 0.500000000 0.500000000 0.000000000 0.000000000 0.996249259 0.020337990 -0.084105685 1.073100010 -0.021753771 0.999636114 -0.015951233 0.301865003 0.083750665 0.017721022 0.996329129 -2.093919759
13560000 0.920977783 1.651408445 0.500000000 0.500000000 0.000000000 0.000000000 0.996852279 0.019204829 -0.076919824 1.101989965 -0.020643987 0.999625564 -0.017958565 0.316138981 0.076546133 0.019489968 0.996875525 -2.199369944
13640000 0.920977783 1.651408445 0.500000000 0.500000000 0.000000000 0.000000000 0.997363150 0.016471975 -0.070678152 1.131469874 -0.017943036 0.999634326 -0.020229293 0.331557975 0.070319094 0.021444133 0.997294009 -2.297339817
13720000 0.920977783 1.651408445 0.500000000 0.500000000 0.000000000 0.000000000 0.997742355 0.012211177 -0.066038042 1.162489947 -0.013737813 0.999647617 -0.022712994 0.349765966 0.065737426 0.023568936 0.997558594 -2.391780165
13800000 0.920977783 1.651408445 0.500000000 0.500000000 0.000000000 0.000000000 0.997948527 0.006972802 -0.063640848 1.198150081 -0.008589949 0.999646246 -0.025172375 0.372526003 0.063442811 0.025667407 0.997655332 -2.480819957
13880000 0.920977783 1.651408445 0.500000000 0.500000000 0.000000000 0.000000000 0.997982860 0.001387033 -0.063468650 1.238669921 -0.003110280 0.999628961 -0.027060384 0.399549019 0.063407570 0.027203204 0.997616887 -2.564899999
13960000 0.920977783 1.651408445 0.500000000 0.500000000 0.000000000 0.000000000 0.997780919 -0.003694420 -0.066479646 1.287219885 0.001831688 0.999604583 -0.028058741 0.428307993 0.066557027 0.027874708 0.997393191 -2.642129950
14040000 0.920977783 1.651408445 0.500000000 0.500000000 0.000000000 0.000000000 0.997287869 -0.007317056 -0.073235236 1.345440139 0.005288899 0.999598145 -0.027849440 0.455626013 0.073409580 0.027386572 0.996925771 -2.711809965
14120000 0.920977783 1.651408445 0.500000000 0.500000000 0.000000000 0.000000000 0.996490479 -0.011359819 -0.082932174 1.413419970 0.009209435 0.999612570 -0.026266115 0.475971007 0.083198428 0.025410173 0.996208966 -2.780719832
14200000 0.920977783 1.651408445 0.500000000 0.500000000 0.000000000 0.000000000 0.995354652 -0.014457542 -0.095184460 1.488260035 0.012297975 0.999654353 -0.023235919 0.487994981 0.095487490 0.021957403 0.995188415 -2.840399827
14280000 0.920977783 1.651408445 0.500000000 0.500000000 0.000000000 0.000000000 0.993839383 -0.016837416 -0.109543718 1.569420083 0.014806700 0.999703586 -0.019325120 0.490807987 0.109836631 0.017584084 0.993794084 -2.898340012
14360000 0.920977783 1.651408445 0.500000000 0.500000000 0.000000000 0.000000000 0.992002904 -0.018217275 -0.124893285 1.653139941 0.016465312 0.999751210 -0.015045670 0.489751013 0.125136301 0.012868940 0.992056072 -2.955669966
14440000 0.920977783 1.651408445 0.500000000 0.500000000 0.000000000 0.000000000 0.989961445 -0.018440157 -0.140129700 1.739060116 0.017093651 0.999795496 -0.010806648 0.487425993 0.140300319 0.008302838 0.990074158 -3.009730014
14520000 0.920977783 1.651408445 0.500000000 0.500000000 0.000000000 0.000000000 0.987780571 -0.018013971 -0.154806212 1.822829776 0.017121045 0.999828219 -0.007099445 0.483350011 0.154907510 0.004362248 0.987919331 -3.062769657
14600000 0.920977783 1.651408445 0.500000000 0.500000000 0.000000000 0.000000000 0.985504270 -0.016059123 -0.168889046 1.904380059 0.015623816 0.999870300 -0.003906132 0.476511989 0.168929875 0.001210820 0.985627353 -3.115400475
14680000 0.920977783 1.651408445 0.500000000 0.500000000 0.000000000 0.000000000 0.983239532 -0.011803147 -0.181936130 1.980760089 0.011627172 0.999930322 -0.002033849 0.466025973 0.181947455 -0.000115642 0.983308256 -3.171999775
14760000 0.920977783 1.651408445 0.500000000 0.500000000 0.000000000 0.000000000 0.981833339 -0.004411655 -0.189693987 2.042330134 0.004327582 0.999990284 -0.000857418 0.450615017 0.189695925 0.000020925 0.981842875 -3.237669923
14840000 0.920977783 1.651408445 0.500000000 0.500000000 0.000000000 0.000000000 0.980938554 0.003482014 -0.194286838 2.090589755 -0.003526466 0.999993801 0.000117079 0.429012029 0.194286034 0.000570299 0.980944753 -3.314280017
14920000 0.920977783 1.651408445 0.500000000 0.500000000 0.000000000 0.000000000 0.979904354 0.013041784 -0.199041113 2.136119915 -0.013125305 0.999913454 0.000899875 0.406329991 0.199035630 0.001730685 0.979990721 -3.395189912
15000000 0.920977783 1.651408445 0.500000000 0.500000000 0.000000000 0.000000000 0.978687108 0.022671958 -0.204101682 2.183439834 -0.022744475 0.999739349 0.001990800 0.387138988 0.204093605 0.002693820 0.978947639 -3.476089743
15080000 0.920977783 1.651408445 0.500000000 0.500000000 0.000000000 0.000000000 0.977243960 0.031730101 -0.209731981 2.234839963 -0.031853072 0.999488652 0.002792388 0.372930000 0.209713355 0.003951760 0.977754951 -3.554150163
15160000 0.920977783 1.651408445 0.500000000 0.500000000 0.000000000 0.000000000 0.975652456 0.039074950 -0.215813354 2.292099723 -0.039307103 0.999221981 0.003217948 0.368575966 0.215771183 0.005343406 0.976429343 -3.626419912
15240000 0.920977783 1.651408445 0.500000000 0.500000000 0.000000000 0.000000000 0.974088132 0.043526858 -0.221940726 2.354170000 -0.043998107 0.999027610 0.002822836 0.376233946 0.221847773 0.007015287 0.975056052 -3.691820000
15320000 0.920977783 1.651408445 0.500000000 0.500000000 0.000000000 0.000000000 0.972613096 0.045709152 -0.227891281 2.418119970 -0.046534959 0.998915136 0.001751055 0.391636014 0.227724090 0.008901814 0.973685026 -3.755070358
15400000 0.920977783 1.651408445 0.500000000 0.500000000 0.000000000 0.000000000 0.971299231 0.045794308 -0.233410969 2.481110300 -0.047119394 0.998889267 -0.000101069 0.411532023 0.233147070 0.011096349 0.972378194 -3.819209963
15480000 0.920977783 1.651408445 0.500000000 0.500000000 0.000000000 0.000000000 0.970116735 0.045091562 -0.238411918 2.545619819 -0.046973675 0.998893678 -0.002215798 0.431621954 0.238048241 0.013348674 0.971161604 -3.884380125
15560000 0.920977783 1.651408445 0.500000000 0.500000000 0.000000000 0.000000000 0.969159484 0.042670026 -0.242711946 2.611599766 -0.045108512 0.998971999 -0.004495775 0.450428978 0.242270604 0.015305506 0.970087945 -3.951590002
15640000 0.920977783 1.651408445 0.500000000 0.500000000 0.000000000 0.000000000 0.968320310 0.039036524 -0.246641383 2.680390010 -0.041988995 0.999095500 -0.006720637 0.468804073 0.246155933 0.016863948 0.969083548 -4.023090054
15720000 0.920977783 1.651408445 0.500000000 0.500000000 0.000000000 0.000000000 0.967646599 0.034080848 -0.249997184 2.752850031 -0.037567586 0.999251842 -0.009187303 0.489129057 0.249497041 0.018281845 0.968203008 -4.096799808
15800000 0.920977783 1.651408445 0.500000000 0.500000000 0.000000000 0.000000000 0.967017591 0.028454497 -0.253115177 2.830460047 -0.032413054 0.999408603 -0.011482235 0.514663011 0.252638757 0.019307755 0.967368007 -4.169139968
15880000 0.920977783 1.651408445 0.500000000 0.500000000 0.000000000 0.000000000 0.966467202 0.023347426 -0.255726486 2.908440090 -0.027614124 0.999532759 -0.013106316 0.538269036 0.255300969 0.019728485 0.966660321 -4.239740022
15960000 0.920977783 1.651408445 0.500000000 0.500000000 0.000000000 0.000000000 0.966041625 0.019873487 -0.257621020 2.984000163 -0.024311291 0.999605656 -0.014051908 0.557857946 0.257240146 0.019837830 0.966143847 -4.311409877
16040000 0.920977783 1.651408445 0.500000000 0.500000000 0.000000000 0.000000000 0.965715230 0.018155525 -0.258968055 3.057449924 -0.022596700 0.999644041 -0.014182881 0.573975936 0.258618355 0.019548450 0.965781748 -4.385340115
16120000 0.920977783 1.651408445 0.500000000 0.500000000 0.000000000 0.000000000 0.965395153 0.018401789 -0.260141581 3.128750300 -0.022731842 0.999648452 -0.013645998 0.586271965 0.259799033 0.019087274 0.965474069 -4.458030417
16200000 0.920977783 1.651408445 0.500000000 0.500000000 0.000000000 0.000000000 0.965091169 0.020301856 -0.261126250 3.195450186 -0.024319019 0.999630272 -0.012161626 0.589874044 0.260782808 0.018087413 0.965228021 -4.530749707
16280000 0.920977783 1.651408445 0.500000000 0.500000000 0.000000000 0.000000000 0.964777768 0.024328735 -0.261938959 3.258580231 -0.027873844 0.999563158 -0.009826573 0.581095010 0.261585444 0.016781699 0.965034425 -4.604800408
16360000 0.920977783 1.651408445 0.500000000 0.500000000 0.000000000 0.000000000 0.964554608 0.029476013 -0.262231827 3.315870050 -0.032448441 0.999448836 -0.007011066 0.566034046 0.261880636 0.015271571 0.964979410 -4.679389977
16440000 0.920977783 1.651408445 0.500000000 0.500000000 0.000000000 0.000000000 0.964411080 0.035185117 -0.262055725 3.368109685 -0.037465017 0.999291062 -0.003707233 0.544343979 0.261739522 0.013393228 0.965045571 -4.756079476
16520000 0.920977783 1.651408445 0.500000000 0.500000000 0.000000000 0.000000000 0.964426875 0.040749215 -0.261190325 3.415320246 -0.042415552 0.999099791 -0.000743377 0.523199991 0.260924906 0.011795460 0.965287030 -4.838349694
16600000 0.920977783 1.651408445 0.500000000 0.500000000 0.000000000 0.000000000 0.964617372 0.045707472 -0.259661615 3.453299710 -0.046931371 0.998897016 0.001487493 0.502556986 0.259443223 0.010751417 0.965698481 -4.927679497
16680000 0.920977783 1.651408445 0.500000000 0.500000000 0.000000000 0.000000000 0.964963794 0.049615201 -0.257649362 3.485380048 -0.050498080 0.998719037 0.003193578 0.485458003 0.257477760 0.009929106 0.966233194 -5.025190165
16760000 0.920977783 1.651408445 0.500000000 0.500000000 0.000000000 0.000000000 0.965302408 0.052336022 -0.255836427 3.517000178 -0.053058803 0.998583078 0.004081012 0.476474053 0.255687475 0.009634955 0.966711521 -5.126960184
16840000 0.920977783 1.651408445 0.500000000 0.500000000 0.000000000 0.000000000 0.965665400 0.053390924 -0.254243314 3.550809803 -0.054033209 0.998529196 0.004461854 0.476321006 0.254107594 0.009428935 0.967129946 -5.231439609
16920000 0.920977783 1.651408445 0.500000000 0.500000000 0.000000000 0.000000000 0.966005266 0.053386066 -0.252950042 3.585400027 -0.053907786 0.998534024 0.004872899 0.477373922 0.252839357 0.008928740 0.967467070 -5.336090187
17000000 0.920977783 1.651408445 0.500000000 0.500000000 0.000000000 0.000000000 0.966315866 0.053147599 -0.251811415 3.620059910 -0.053476587 0.998553753 0.005541670 0.481940025 0.251741737 0.008111011 0.967760444 -5.433499595
