https://www.youtube.com/watch?v=vaT0byPxja8
15815800 0.960077684 1.707388354 0.500000000 0.500000000 0.000000000 0.000000000 0.999230921 -0.036522556 0.014269345 4.643319855 0.036679018 0.999268055 -0.010861671 -0.157514992 -0.013862204 0.011376703 0.999839187 4.423239898
15882533 0.960077684 1.707388354 0.500000000 0.500000000 0.000000000 0.000000000 0.998331010 -0.044881199 0.036343090 4.048399681 0.045354370 0.998895228 -0.012301186 -0.323832046 -0.035750844 0.013928974 0.999263644 3.863919627
15949267 0.960077684 1.707388354 0.500000000 0.500000000 0.000000000 0.000000000 0.997350633 -0.048683930 0.054051328 3.405589960 0.049579930 0.998652041 -0.015360724 -0.423626003 -0.053230647 0.017999887 0.998420000 3.231479713
16016000 0.960077684 1.707388354 0.500000000 0.500000000 0.000000000 0.000000000 0.996674359 -0.048978612 0.065125614 2.631609789 0.050340816 0.998542845 -0.019441804 -0.570234973 -0.064078480 0.022655623 0.997687638 2.685470064
16082733 0.960077684 1.707388354 0.500000000 0.500000000 0.000000000 0.000000000 0.996636271 -0.047257580 0.066954114 1.913920084 0.048894167 0.998538673 -0.023018489 -0.664651991 -0.065768473 0.026214724 0.997490525 1.988430142
16149467 0.960077684 1.707388354 0.500000000 0.500000000 0.000000000 0.000000000 0.997101545 -0.042134102 0.063349970 1.223809934 0.044033546 0.998612225 -0.028891714 -0.667699040 -0.062044729 0.031597495 0.997573078 1.308249933
16216200 0.960077684 1.707388354 0.500000000 0.500000000 0.000000000 0.000000000 0.997862279 -0.036143318 0.054447565 0.635282998 0.037954561 0.998747349 -0.032607254 -0.630803014 -0.053200822 0.034604084 0.997984111 0.766644994
16282933 0.960077684 1.707388354 0.500000000 0.500000000 0.000000000 0.000000000 0.998570859 -0.029605860 0.044494737 0.092630406 0.031252488 0.998834610 -0.036778826 -0.477434008 -0.043354016 0.038116831 0.998332381 0.177905004
16349667 0.960077684 1.707388354 0.500000000 0.500000000 0.000000000 0.000000000 0.999166846 -0.025761329 0.031654488 -0.327584010 0.027014572 0.998841524 -0.039823081 -0.332907011 -0.030591920 0.040645037 0.998705208 -0.309060018
16416400 0.960077684 1.707388354 0.500000000 0.500000000 0.000000000 0.000000000 0.999544561 -0.023225645 0.019266319 -0.724094943 0.023991192 0.998891294 -0.040504433 -0.189903999 -0.018304218 0.040948212 0.998993576 -0.749081993
16483133 0.960077684 1.707388354 0.500000000 0.500000000 0.000000000 0.000000000 0.999769211 -0.020595109 0.006111064 -1.073839992 0.020821171 0.998999536 -0.039577879 -0.004297828 -0.005289840 0.039695986 0.999197781 -1.183490059
16549867 0.960077684 1.707388354 0.500000000 0.500000000 0.000000000 0.000000000 0.999811172 -0.018312136 -0.006504702 -1.437210003 0.018061562 0.999163389 -0.036691334 0.212343995 0.007171157 0.036566917 0.999305487 -1.711550061
16616600 0.960077684 1.707388354 0.500000000 0.500000000 0.000000000 0.000000000 0.999683619 -0.017537050 -0.018030360 -1.833739880 0.016927589 0.999298155 -0.033416275 0.446773000 0.018603727 0.033100490 0.999278843 -2.123349799
16683333 0.960077684 1.707388354 0.500000000 0.500000000 0.000000000 0.000000000 0.999374449 -0.017026173 -0.030997362 -2.152549985 0.016074022 0.999399066 -0.030711448 0.689116056 0.031501632 0.030193983 0.999047518 -2.645610047
16750067 0.960077684 1.707388354 0.500000000 0.500000000 0.000000000 0.000000000 0.998906016 -0.018085405 -0.043123875 -2.413040002 0.016989928 0.999526978 -0.025635639 0.735447969 0.043567110 0.024874924 0.998740792 -3.035310035
16816800 0.960077684 1.707388354 0.500000000 0.500000000 0.000000000 0.000000000 0.998435140 -0.018689739 -0.052706022 -2.673659907 0.017596906 0.999621987 -0.021122869 0.772129965 0.053080883 0.020162351 0.998386621 -3.363649733
16883533 0.960077684 1.707388354 0.500000000 0.500000000 0.000000000 0.000000000 0.997952640 -0.019000819 -0.061069913 -2.895150150 0.018027628 0.999702215 -0.016447425 0.878521967 0.061364241 0.015312805 0.997997940 -3.618489903
16950267 0.960077684 1.707388354 0.500000000 0.500000000 0.000000000 0.000000000 0.997459829 -0.017618736 -0.069017611 -3.095769839 0.016864834 0.999791741 -0.011490874 0.991594953 0.069205694 0.010297716 0.997549236 -3.933339816
