https://www.youtube.com/watch?v=x2IEufs3akA
5086167 0.825000307 1.473214966 0.500000000 0.500000000 0.000000000 0.000000000 0.942660332 0.040677764 -0.331265539 -6.236810674 -0.056917660 0.997598469 -0.039466672 -0.569260957 0.328864604 0.056058519 0.942711830 0.677013740
5153089 0.825000307 1.473214966 0.500000000 0.500000000 0.000000000 0.000000000 0.937560320 0.045836382 -0.344789475 -5.802220426 -0.063372970 0.997197688 -0.039757788 -0.446462170 0.342000932 0.059125639 0.937837720 0.699894887
5353856 0.825000307 1.473214966 0.500000000 0.500000000 0.000000000 0.000000000 0.925218046 0.076854594 -0.371571064 -4.336900844 -0.095063545 0.994991243 -0.030908946 -0.258296081 0.367334485 0.063920349 0.927889884 0.899551783
5420778 0.825000307 1.473214966 0.500000000 0.500000000 0.000000000 0.000000000 0.915837884 0.083570056 -0.392755657 -3.781959882 -0.103889816 0.994114041 -0.030726654 -0.201591036 0.387876123 0.068943940 0.919129431 0.826763943
5487700 0.825000307 1.473214966 0.500000000 0.500000000 0.000000000 0.000000000 0.907969832 0.088816397 -0.409514695 -3.180389484 -0.109067790 0.993686020 -0.026310721 -0.183315861 0.404592186 0.068554245 0.911923945 0.841543793
5621544 0.825000307 1.473214966 0.500000000 0.500000000 0.000000000 0.000000000 0.891838074 0.087721162 -0.443767935 -2.199900250 -0.114211641 0.992899537 -0.033260647 -0.284586090 0.437699288 0.080346555 0.895524383 0.780543175
5688467 0.825000307 1.473214966 0.500000000 0.500000000 0.000000000 0.000000000 0.880720973 0.086778715 -0.465618074 -1.738620428 -0.117734730 0.992327213 -0.037753243 -0.292378103 0.458769321 0.088069454 0.884180248 0.718800238
5755400 0.825000307 1.473214966 0.500000000 0.500000000 0.000000000 0.000000000 0.871056736 0.085056253 -0.483762085 -1.152530193 -0.119242482 0.992047668 -0.040282451 -0.260463029 0.476488769 0.092773266 0.874272108 0.685066047
5822322 0.825000307 1.473214966 0.500000000 0.500000000 0.000000000 0.000000000 0.865150809 0.080227442 -0.495053202 -0.736088047 -0.117247038 0.992122293 -0.044118378 -0.285044032 0.487613827 0.096212566 0.867741883 0.606566080
5889244 0.825000307 1.473214966 0.500000000 0.500000000 0.000000000 0.000000000 0.858397424 0.077076837 -0.507161677 -0.236789954 -0.118214697 0.991760492 -0.049359843 -0.246482993 0.499178439 0.102324337 0.860436261 0.520419957
5956167 0.825000307 1.473214966 0.500000000 0.500000000 0.000000000 0.000000000 0.856117725 0.076849446 -0.511034667 0.169951967 -0.118119225 0.991802871 -0.048733357 -0.193763982 0.503100455 0.102084547 0.858177423 0.399092938
6023089 0.825000307 1.473214966 0.500000000 0.500000000 0.000000000 0.000000000 0.847539067 0.074354678 -0.525498450 0.514701854 -0.117881760 0.991778493 -0.049792729 -0.215962995 0.517475784 0.104148008 0.849336088 0.248130943
6090011 0.825000307 1.473214966 0.500000000 0.500000000 0.000000000 0.000000000 0.833264351 0.073506013 -0.547966719 1.020830174 -0.122564510 0.991020799 -0.053438783 -0.184463963 0.539118409 0.111689880 0.834791541 0.034156126
6156933 0.825000307 1.473214966 0.500000000 0.500000000 0.000000000 0.000000000 0.821224153 0.076995134 -0.565387130 1.645619964 -0.130096659 0.990021944 -0.054142799 -0.082910809 0.555576921 0.118018359 0.823046684 -0.240414910
6223856 0.825000307 1.473214966 0.500000000 0.500000000 0.000000000 0.000000000 0.810510993 0.083417542 -0.579752684 2.181549400 -0.137648717 0.989212990 -0.050104212 -0.008528305 0.569319367 0.120412275 0.813250363 -0.480679952
6357700 0.825000307 1.473214966 0.500000000 0.500000000 0.000000000 0.000000000 0.795590222 0.097322084 -0.597966850 3.462769127 -0.148934677 0.988142133 -0.037331320 0.295178861 0.587243021 0.118758492 0.800650835 -0.971867665
6424622 0.825000307 1.473214966 0.500000000 0.500000000 0.000000000 0.000000000 0.792126417 0.104633003 -0.601321399 3.947978956 -0.155130476 0.987357616 -0.032549519 0.395648791 0.590313494 0.119066671 0.798343778 -1.182579517
6491556 0.825000307 1.473214966 0.500000000 0.500000000 0.000000000 0.000000000 0.782719910 0.112835713 -0.612060010 4.461918888 -0.161994353 0.986467183 -0.025303826 0.497878855 0.600921929 0.118956119 0.790406287 -1.378819766
6558478 0.825000307 1.473214966 0.500000000 0.500000000 0.000000000 0.000000000 0.772588968 0.113135114 -0.624745488 4.923280572 -0.162122622 0.986528933 -0.021837879 0.572755205 0.613858938 0.118157029 0.780523181 -1.567510420
6692322 0.825000307 1.473214966 0.500000000 0.500000000 0.000000000 0.000000000 0.739877760 0.100333780 -0.665217280 5.720299867 -0.166926444 0.985272825 -0.037054103 0.645082041 0.651702762 0.138457850 0.745729804 -1.732929811
6759244 0.825000307 1.473214966 0.500000000 0.500000000 0.000000000 0.000000000 0.722850740 0.095419198 -0.684384167 6.099337913 -0.174139500 0.983608782 -0.046789013 0.720877692 0.668701708 0.152999848 0.727618575 -1.836269586
