https://www.youtube.com/watch?v=wgSVz99HW3k
17684333 0.969225592 1.724272665 0.500000000 0.500000000 0.000000000 0.000000000 0.999535739 0.021921525 -0.021159435 1.806589923 -0.021262368 0.999296606 0.030889746 -0.656175920 0.021821702 -0.030425504 0.999298811 2.375799983
17751067 0.969225592 1.724272665 0.500000000 0.500000000 0.000000000 0.000000000 0.999881327 0.015292922 -0.001871775 1.614050057 -0.015228622 0.999417067 0.030555807 -0.578741049 0.002337971 -0.030523676 0.999531329 2.038299878
17817800 0.969225592 1.724272665 0.500000000 0.500000000 0.000000000 0.000000000 0.999764919 0.004789516 0.021147080 1.351130120 -0.005442251 0.999507129 0.030917546 -0.453278042 -0.020988576 -0.031025363 0.999298215 1.672960020
17884533 0.969225592 1.724272665 0.500000000 0.500000000 0.000000000 0.000000000 0.999496400 -0.005748536 0.031207511 1.092350001 0.004761716 0.999489129 0.031603977 -0.342652989 -0.031373244 -0.031439461 0.999013126 1.345839877
17951267 0.969225592 1.724272665 0.500000000 0.500000000 0.000000000 0.000000000 0.999428511 -0.005274276 0.033389933 0.836736019 0.004327389 0.999588192 0.028367478 -0.266508018 -0.033525802 -0.028206773 0.999039710 1.052330032
18018000 0.969225592 1.724272665 0.500000000 0.500000000 0.000000000 0.000000000 0.999456525 -0.005456505 0.032510154 0.615674012 0.004531048 0.999584317 0.028472660 -0.205028008 -0.032651998 -0.028309880 0.999065757 0.780113972
18084733 0.969225592 1.724272665 0.500000000 0.500000000 0.000000000 0.000000000 0.999360263 -0.008749395 0.034677099 0.410877992 0.007676502 0.999491394 0.030952804 -0.143653013 -0.034930278 -0.030666802 0.998919129 0.477524968
18151467 0.969225592 1.724272665 0.500000000 0.500000000 0.000000000 0.000000000 0.998990595 -0.012919794 0.043021269 0.196467989 0.011451405 0.999349236 0.034204908 -0.080932599 -0.043435194 -0.033677727 0.998488426 0.157220995
18218200 0.969225592 1.724272665 0.500000000 0.500000000 0.000000000 0.000000000 0.998481035 -0.019262066 0.051620118 -0.044957705 0.017480517 0.999243319 0.034744695 0.010229197 -0.052250311 -0.033789568 0.998062193 -0.196733994
18284933 0.969225592 1.724272665 0.500000000 0.500000000 0.000000000 0.000000000 0.998191059 -0.022749178 0.055651773 -0.315191998 0.021016572 0.999282062 0.031522624 0.115959014 -0.056328934 -0.030295992 0.997952521 -0.531719065
18351667 0.969225592 1.724272665 0.500000000 0.500000000 0.000000000 0.000000000 0.998126566 -0.024176838 0.056203824 -0.444617972 0.022531936 0.999304295 0.029718539 0.164784001 -0.056883227 -0.028396482 0.997976899 -0.686518007
18418400 0.969225592 1.724272665 0.500000000 0.500000000 0.000000000 0.000000000 0.997949541 -0.023299951 0.059613623 -0.571169964 0.021737099 0.999406278 0.026731929 0.204678005 -0.060201079 -0.025381288 0.997863531 -0.828336029
18485133 0.969225592 1.724272665 0.500000000 0.500000000 0.000000000 0.000000000 0.997753084 -0.021136703 0.063577004 -0.694589951 0.019736262 0.999550283 0.022575505 0.240914988 -0.064025588 -0.021270007 0.997721553 -0.979949943
18551867 0.969225592 1.724272665 0.500000000 0.500000000 0.000000000 0.000000000 0.997551262 -0.019575553 0.067143522 -0.816444951 0.018391034 0.999664962 0.018214630 0.289423992 -0.067477591 -0.016935190 0.997577071 -1.111629945
18618600 0.969225592 1.724272665 0.500000000 0.500000000 0.000000000 0.000000000 0.997231901 -0.017789410 0.072194599 -0.953008982 0.016645079 0.999726593 0.016421486 0.327268982 -0.072466992 -0.015174344 0.997255385 -1.242490210
18685333 0.969225592 1.724272665 0.500000000 0.500000000 0.000000000 0.000000000 0.996841848 -0.016787764 0.077617824 -1.086940071 0.015723102 0.999774039 0.014307583 0.357938009 -0.077840477 -0.013042005 0.996880531 -1.367530007
18752067 0.969225592 1.724272665 0.500000000 0.500000000 0.000000000 0.000000000 0.996360064 -0.015968982 0.083735503 -1.233420033 0.015027930 0.999816775 0.011856698 0.388336020 -0.083909504 -0.010555170 0.996417463 -1.494560012
18818800 0.969225592 1.724272665 0.500000000 0.500000000 0.000000000 0.000000000 0.995609820 -0.015628088 0.092286602 -1.401080057 0.014786826 0.999842703 0.009792538 0.417082014 -0.092425123 -0.008384921 0.995684326 -1.615589980
18885533 0.969225592 1.724272665 0.500000000 0.500000000 0.000000000 0.000000000 0.994663119 -0.017948780 0.101602800 -1.576380016 0.017257065 0.999821544 0.007682973 0.463417994 -0.101722576 -0.005888603 0.994795382 -1.716019922
18952267 0.969225592 1.724272665 0.500000000 0.500000000 0.000000000 0.000000000 0.993543208 -0.021561366 0.111386545 -1.763509943 0.020689152 0.999745607 0.008980581 0.491825017 -0.111551844 -0.006618103 0.993736565 -1.819460052
19019000 0.969225592 1.724272665 0.500000000 0.500000000 0.000000000 0.000000000 0.992191792 -0.027441652 0.121664941 -1.962769957 0.026483538 0.999604225 0.009485425 0.529833028 -0.121877089 -0.006189241 0.992525876 -1.928199865
19085733 0.969225592 1.724272665 0.500000000 0.500000000 0.000000000 0.000000000 0.990856826 -0.033138264 0.130784675 -2.169209929 0.031906251 0.999424636 0.011504976 0.560163958 -0.131090686 -0.007226939 0.991344035 -2.023890039
19152467 0.969225592 1.724272665 0.500000000 0.500000000 0.000000000 0.000000000 0.989704967 -0.038639951 0.137807816 -2.357670137 0.037010904 0.999211609 0.014365042 0.590298029 -0.138254225 -0.009116767 0.990354836 -2.113980157
19219200 0.969225592 1.724272665 0.500000000 0.500000000 0.000000000 0.000000000 0.988627672 -0.043580323 0.143930838 -2.544319958 0.041593641 0.998993635 0.016784711 0.621499033 -0.144517466 -0.010607220 0.989445388 -2.211200002
19285933 0.969225592 1.724272665 0.500000000 0.500000000 0.000000000 0.000000000 0.987974942 -0.047735553 0.147060737 -2.709310179 0.045400266 0.998784423 0.019197527 0.651647961 -0.147798374 -0.012290079 0.988941133 -2.311099873
19352667 0.969225592 1.724272665 0.500000000 0.500000000 0.000000000 0.000000000 0.987664521 -0.050608817 0.148180962 -2.864630253 0.047934275 0.998617649 0.021567365 0.685308007 -0.149067611 -0.014198373 0.988725066 -2.412980005
19419400 0.969225592 1.724272665 0.500000000 0.500000000 0.000000000 0.000000000 0.987616241 -0.051667385 0.148137450 -2.997870297 0.048530981 0.998515964 0.024711667 0.711505039 -0.149194390 -0.017216390 0.988658011 -2.520620296
19486133 0.969225592 1.724272665 0.500000000 0.500000000 0.000000000 0.000000000 0.987779856 -0.051724076 0.147022307 -3.119380086 0.048123613 0.998450398 0.027943969 0.738219948 -0.148239851 -0.020527244 0.988738358 -2.624389955
19552867 0.969225592 1.724272665 0.500000000 0.500000000 0.000000000 0.000000000 0.988125443 -0.051947996 0.144601405 -3.228250249 0.048062034 0.998386443 0.030240806 0.773472995 -0.145939022 -0.022931876 0.989027798 -2.735290202
19619600 0.969225592 1.724272665 0.500000000 0.500000000 0.000000000 0.000000000 0.988525927 -0.051231794 0.142097741 -3.327289993 0.047036886 0.998356879 0.032727003 0.799947095 -0.143540919 -0.025667660 0.989311457 -2.846040105
19686333 0.969225592 1.724272665 0.500000000 0.500000000 0.000000000 0.000000000 0.989013851 -0.051160730 0.138687342 -3.424230062 0.046680368 0.998283505 0.035370059 0.821304142 -0.140258849 -0.028507501 0.989704370 -2.969609701
