https://www.youtube.com/watch?v=9eaiLVpGplg
100558789 0.841165346 1.497965742 0.500000000 0.500000000 0.000000000 0.000000000 0.999188006 -0.003684436 0.040121425 3.787059822 0.004882345 0.999543965 -0.029800138 1.801479985 -0.039993335 0.029971829 0.998750329 -4.043349900
100642211 0.841165346 1.497965742 0.500000000 0.500000000 0.000000000 0.000000000 0.998937309 -0.003680153 0.045941968 3.346289934 0.005218233 0.999428332 -0.033403873 1.513550051 -0.045792770 0.033608109 0.998385429 -3.643269763
100725622 0.841165346 1.497965742 0.500000000 0.500000000 0.000000000 0.000000000 0.998745561 -0.003459524 0.049953680 3.037499871 0.005232371 0.999359429 -0.035402745 1.192970131 -0.049799208 0.035619713 0.998123884 -3.345010008
100809044 0.841165346 1.497965742 0.500000000 0.500000000 0.000000000 0.000000000 0.998495638 -0.003204928 0.054737914 2.533130135 0.005290289 0.999263942 -0.037994910 0.566099986 -0.054575849 0.038227331 0.997777581 -2.803399865
100892456 0.841165346 1.497965742 0.500000000 0.500000000 0.000000000 0.000000000 0.998331308 -0.003469876 0.057641972 2.136160095 0.005678822 0.999253869 -0.038202353 0.102964003 -0.057466406 0.038465939 0.997606099 -2.416749791
100975878 0.841165346 1.497965742 0.500000000 0.500000000 0.000000000 0.000000000 0.998055756 -0.003299588 0.062239818 1.461439933 0.005655164 0.999272764 -0.037708648 -0.425605986 -0.062070131 0.037987307 0.997348607 -1.830799955
101059289 0.841165346 1.497965742 0.500000000 0.500000000 0.000000000 0.000000000 0.997821510 -0.004433137 0.065822370 0.910232004 0.006867566 0.999298871 -0.036804769 -0.714469030 -0.065613054 0.037176628 0.997152388 -1.356590010
101142711 0.841165346 1.497965742 0.500000000 0.500000000 0.000000000 0.000000000 0.997397363 -0.005715908 0.071873948 0.018712204 0.008248468 0.999353647 -0.034988880 -1.011790002 -0.071627498 0.035490669 0.996799827 -0.560839970
101226122 0.841165346 1.497965742 0.500000000 0.500000000 0.000000000 0.000000000 0.996994972 -0.004044355 0.077360988 -0.559169039 0.006762685 0.999367654 -0.034908623 -1.070170006 -0.077170879 0.035326891 0.996391833 -0.018674903
101309544 0.841165346 1.497965742 0.500000000 0.500000000 0.000000000 0.000000000 0.995664299 -0.002972916 0.092971548 -1.380249904 0.006151279 0.999405682 -0.033918519 -1.032490082 -0.092815459 0.034343351 0.995090842 0.819609956
101392956 0.841165346 1.497965742 0.500000000 0.500000000 0.000000000 0.000000000 0.994224846 -0.001735172 0.107303128 -1.878929969 0.005402574 0.999410748 -0.033896703 -0.924466073 -0.107181087 0.034280654 0.993648350 1.392049893
101476378 0.841165346 1.497965742 0.500000000 0.500000000 0.000000000 0.000000000 0.991206467 0.000827414 0.132322028 -2.556309975 0.003738743 0.999406099 -0.034255773 -0.656601054 -0.132271782 0.034449257 0.990614653 2.263629801
101559789 0.841165346 1.497965742 0.500000000 0.500000000 0.000000000 0.000000000 0.988418400 0.002428879 0.151733920 -2.950640111 0.002934573 0.999379039 -0.035113838 -0.413297032 -0.151724979 0.035152439 0.987797499 2.811270157
101643211 0.841165346 1.497965742 0.500000000 0.500000000 0.000000000 0.000000000 0.982369304 0.006565285 0.186835393 -3.496069963 0.000425164 0.999302149 -0.037350405 -0.024481962 -0.186950222 0.036771331 0.981680989 3.409520059
101726622 0.841165346 1.497965742 0.500000000 0.500000000 0.000000000 0.000000000 0.977211893 0.008041033 0.212113693 -3.884869784 0.000270583 0.999234200 -0.039126616 0.229013975 -0.212265894 0.038292389 0.976461411 3.754269965
101810044 0.841165346 1.497965742 0.500000000 0.500000000 0.000000000 0.000000000 0.967882633 0.011242609 0.251151085 -4.456290240 -0.000556882 0.999092996 -0.042577624 0.607555981 -0.251401961 0.041070282 0.967010975 4.207279831
