https://www.youtube.com/watch?v=DHFwyWYnmWs
33316622 0.931033282 1.660279027 0.500000000 0.500000000 0.000000000 0.000000000 0.984692097 -0.024355434 0.172592789 -4.996150112 -0.075833350 0.831703186 0.550017536 1.681149900 -0.156941891 -0.554686248 0.817124605 4.004001285
33383356 0.931033282 1.660279027 0.500000000 0.500000000 0.000000000 0.000000000 0.985406160 -0.021321487 0.168878883 -4.419020081 -0.075672284 0.833823621 0.546819925 1.454620035 -0.152474225 -0.551619172 0.820041537 2.992490723
33416722 0.931033282 1.660279027 0.500000000 0.500000000 0.000000000 0.000000000 0.985843897 -0.019685101 0.166506201 -4.060160076 -0.075358853 0.835100532 0.544911087 1.324229940 -0.149776042 -0.549745023 0.821795285 2.591859915
33850489 0.931033282 1.660279027 0.500000000 0.500000000 0.000000000 0.000000000 0.993902206 0.012316922 0.109575078 1.826400007 -0.066745780 0.858203769 0.508951426 -0.578725943 -0.087769046 -0.513161659 0.853792667 -1.377170195
33883856 0.931033282 1.660279027 0.500000000 0.500000000 0.000000000 0.000000000 0.994558692 0.015104186 0.103076920 2.353519881 -0.065413535 0.860608816 0.505047977 -0.662336104 -0.081080556 -0.509042442 0.856914043 -1.413689971
33950589 0.931033282 1.660279027 0.500000000 0.500000000 0.000000000 0.000000000 0.995851219 0.019385986 0.088907674 3.392400117 -0.061253957 0.865345895 0.497417927 -0.975718105 -0.067292973 -0.500800192 0.862943232 -1.685650433
33983956 0.931033282 1.660279027 0.500000000 0.500000000 0.000000000 0.000000000 0.996389627 0.021597201 0.082104906 3.882550055 -0.059436083 0.868017197 0.492964149 -1.102320161 -0.060621843 -0.496064365 0.866167009 -1.732390477
34017322 0.931033282 1.660279027 0.500000000 0.500000000 0.000000000 0.000000000 0.996911705 0.023500329 0.074931569 4.393879313 -0.057242751 0.870679259 0.488509119 -1.276600321 -0.053761251 -0.491289735 0.869335592 -1.797850592
34050689 0.931033282 1.660279027 0.500000000 0.500000000 0.000000000 0.000000000 0.997369289 0.025236905 0.067952655 4.894189746 -0.055046715 0.873616636 0.483491153 -1.415519823 -0.047162734 -0.485959798 0.872707605 -1.792509649
34084056 0.931033282 1.660279027 0.500000000 0.500000000 0.000000000 0.000000000 0.997765839 0.027305372 0.060973391 5.426020268 -0.053215630 0.876609266 0.478251427 -1.569570117 -0.040391020 -0.480427653 0.876103878 -1.751760349
