https://www.youtube.com/watch?v=mGzwNhoKzxc
19219200 0.656995764 1.173206806 0.500000000 0.500000000 0.000000000 0.000000000 0.997705817 0.048691001 -0.047034599 5.978259844 -0.049328845 0.998704433 -0.012496244 -2.118920094 0.046365209 0.014787737 0.998815119 3.327740038
19252567 0.656995764 1.173206806 0.500000000 0.500000000 0.000000000 0.000000000 0.996165156 0.058059789 -0.065452799 5.165650170 -0.059042402 0.998168468 -0.013177942 -1.993199788 0.064567819 0.016991900 0.997768641 3.093220260
19285933 0.656995764 1.173206806 0.500000000 0.500000000 0.000000000 0.000000000 0.994077027 0.067457847 -0.085207738 4.403940631 -0.068840556 0.997537792 -0.013391477 -1.840499878 0.084094577 0.019177906 0.996273220 2.843449964
19319300 0.656995764 1.173206806 0.500000000 0.500000000 0.000000000 0.000000000 0.991453826 0.076392196 -0.105752364 3.700610007 -0.078190856 0.996854126 -0.012961810 -1.705479979 0.104429498 0.021119898 0.994307995 2.532069688
19352667 0.656995764 1.173206806 0.500000000 0.500000000 0.000000000 0.000000000 0.988406956 0.085552111 -0.125429213 3.021019994 -0.087768063 0.996065736 -0.012238272 -1.540129919 0.123888731 0.023105077 0.992027104 2.207710130
19386033 0.656995764 1.173206806 0.500000000 0.500000000 0.000000000 0.000000000 0.984982550 0.094558708 -0.144457653 2.373439955 -0.097194873 0.995201409 -0.011285614 -1.342239963 0.142697319 0.025156666 0.989446640 1.880050140
19419400 0.656995764 1.173206806 0.500000000 0.500000000 0.000000000 0.000000000 0.981189549 0.102381967 -0.163661316 1.802559988 -0.105438896 0.994374692 -0.010078774 -1.148870007 0.161708787 0.027145468 0.986465096 1.543339895
19452767 0.656995764 1.173206806 0.500000000 0.500000000 0.000000000 0.000000000 0.976958394 0.110828511 -0.182398871 1.256469970 -0.114264123 0.993414879 -0.008402430 -0.933745074 0.180266514 0.029050484 0.983188689 1.171900075
19486133 0.656995764 1.173206806 0.500000000 0.500000000 0.000000000 0.000000000 0.972407699 0.118903480 -0.200711876 0.750981981 -0.122650854 0.992429912 -0.006293920 -0.701679992 0.198444098 0.030737750 0.979630113 0.781064996
19519500 0.656995764 1.173206806 0.500000000 0.500000000 0.000000000 0.000000000 0.967547357 0.126226589 -0.218904004 0.307679019 -0.130278751 0.991468847 -0.004116523 -0.458947966 0.216516897 0.032501455 0.975737751 0.407311019
19552867 0.656995764 1.173206806 0.500000000 0.500000000 0.000000000 0.000000000 0.962265909 0.133385137 -0.237176403 -0.079583392 -0.137537733 0.990496039 -0.000971554 -0.237573989 0.234792694 0.033555612 0.971466124 0.023805898
19586233 0.656995764 1.173206806 0.500000000 0.500000000 0.000000000 0.000000000 0.956706703 0.140973836 -0.254634351 -0.458917984 -0.145027876 0.989423394 0.002881305 -0.005962358 0.252347380 0.034172505 0.967033148 -0.389450015
19619600 0.656995764 1.173206806 0.500000000 0.500000000 0.000000000 0.000000000 0.950890899 0.147618234 -0.272057414 -0.787966972 -0.151553184 0.988426983 0.006613670 0.249319986 0.269885182 0.034942321 0.962258279 -0.808861971
19652967 0.656995764 1.173206806 0.500000000 0.500000000 0.000000000 0.000000000 0.944657683 0.153884709 -0.289726347 -1.079510062 -0.157672703 0.987436950 0.010370941 0.484752008 0.287682444 0.035884961 0.957053304 -1.197499974
19686333 0.656995764 1.173206806 0.500000000 0.500000000 0.000000000 0.000000000 0.938016295 0.160277024 -0.307305485 -1.359779891 -0.163740441 0.986394525 0.014660241 0.704045982 0.305474132 0.036566831 0.951497972 -1.579599958
19719700 0.656995764 1.173206806 0.500000000 0.500000000 0.000000000 0.000000000 0.931015134 0.165767193 -0.325164855 -1.604020064 -0.169087708 0.985432327 0.018234205 0.948612040 0.323450625 0.038005017 0.945481598 -1.945310399
19753067 0.656995764 1.173206806 0.500000000 0.500000000 0.000000000 0.000000000 0.923681676 0.170841858 -0.342965364 -1.822140054 -0.173910037 0.984514892 0.022039670 1.167199966 0.341419816 0.039287481 0.939089477 -2.305490301
19786433 0.656995764 1.173206806 0.500000000 0.500000000 0.000000000 0.000000000 0.916022658 0.175511256 -0.360691398 -2.015319941 -0.178354338 0.983631253 0.025677703 1.378350059 0.359294027 0.040809497 0.932331681 -2.645079919
19819800 0.656995764 1.173206806 0.500000000 0.500000000 0.000000000 0.000000000 0.908144414 0.179471254 -0.378237844 -2.190490271 -0.182217121 0.982835054 0.028847402 1.602900188 0.376922667 0.042723764 0.925258934 -2.966700344
19853167 0.656995764 1.173206806 0.500000000 0.500000000 0.000000000 0.000000000 0.899961948 0.183013126 -0.395695269 -2.347250098 -0.185557619 0.982105494 0.032205105 1.814740014 0.394508481 0.044440851 0.917817056 -3.300660332
19886533 0.656995764 1.173206806 0.500000000 0.500000000 0.000000000 0.000000000 0.891382456 0.185949177 -0.413352609 -2.473940106 -0.188246816 0.981477261 0.035574906 2.011280212 0.412311316 0.046101429 0.909875870 -3.559730462
19919900 0.656995764 1.173206806 0.500000000 0.500000000 0.000000000 0.000000000 0.882526278 0.188810170 -0.430694789 -2.596249617 -0.190898895 0.980841756 0.038820092 2.212069649 0.429773062 0.047959458 0.901662290 -3.817349362
19953267 0.656995764 1.173206806 0.500000000 0.500000000 0.000000000 0.000000000 0.873485446 0.191554129 -0.447582781 -2.698860610 -0.193358302 0.980221987 0.042159587 2.403120325 0.446806312 0.049718015 0.893248200 -4.094290522
