https://www.youtube.com/watch?v=7nWgxhwS06U
25992633 0.956098955 1.702642156 0.500000000 0.500000000 0.000000000 0.000000000 0.927735925 0.226762429 0.296453834 4.076109861 -0.247843638 0.968165934 0.035046905 -0.662461994 -0.279069185 -0.105988443 0.954403937 0.099436898
26026000 0.956098955 1.702642156 0.500000000 0.500000000 0.000000000 0.000000000 0.918268442 0.240318209 0.314690441 3.834189380 -0.263224512 0.964211822 0.031755283 -0.694804146 -0.295796841 -0.111994162 0.948662996 0.005066111
26059367 0.956098955 1.702642156 0.500000000 0.500000000 0.000000000 0.000000000 0.908637702 0.252939016 0.332263738 3.591539388 -0.277866095 0.960184157 0.028927475 -0.746600041 -0.311717480 -0.118609503 0.942742765 -0.125134916
26092733 0.956098955 1.702642156 0.500000000 0.500000000 0.000000000 0.000000000 0.898778617 0.265326172 0.348996907 3.344039339 -0.292186648 0.956017017 0.025658518 -0.783130003 -0.326839060 -0.125033647 0.936772466 -0.264846815
26126100 0.956098955 1.702642156 0.500000000 0.500000000 0.000000000 0.000000000 0.888251245 0.278037995 0.365656614 3.084700626 -0.306499869 0.951640368 0.020939637 -0.786188025 -0.342151582 -0.130673289 0.930514336 -0.371726070
26159467 0.956098955 1.702642156 0.500000000 0.500000000 0.000000000 0.000000000 0.877341330 0.290574849 0.381887913 2.827179642 -0.320366502 0.947169900 0.015310779 -0.787247955 -0.357263803 -0.135776907 0.924081802 -0.454390936
26192833 0.956098955 1.702642156 0.500000000 0.500000000 0.000000000 0.000000000 0.866147518 0.302266270 0.398024350 2.561449518 -0.333286017 0.942779779 0.009306684 -0.782593942 -0.372436196 -0.140717030 0.917327523 -0.534639829
26226200 0.956098955 1.702642156 0.500000000 0.500000000 0.000000000 0.000000000 0.854261518 0.314187735 0.414153636 2.287669556 -0.346033067 0.938220143 0.001993090 -0.755826890 -0.387941062 -0.145013541 0.910204768 -0.605657804
26259567 0.956098955 1.702642156 0.500000000 0.500000000 0.000000000 0.000000000 0.841986299 0.326117605 0.429774523 2.022279561 -0.358888417 0.933366299 -0.005137794 -0.745988051 -0.402812541 -0.149915248 0.902921557 -0.668970758
26292933 0.956098955 1.702642156 0.500000000 0.500000000 0.000000000 0.000000000 0.829344273 0.338186771 0.444767118 1.752290000 -0.371287912 0.928418040 -0.013609782 -0.740089964 -0.417532444 -0.153849468 0.895542860 -0.702383982
26326300 0.956098955 1.702642156 0.500000000 0.500000000 0.000000000 0.000000000 0.816316128 0.350279957 0.459273547 1.474380441 -0.383089513 0.923415661 -0.023367003 -0.727566191 -0.432285398 -0.156867906 0.887987614 -0.710268299
26359667 0.956098955 1.702642156 0.500000000 0.500000000 0.000000000 0.000000000 0.802714944 0.362656355 0.473422617 1.196459915 -0.394525170 0.918238759 -0.034459509 -0.694004999 -0.447211951 -0.159116030 0.880161047 -0.683387958
26393033 0.956098955 1.702642156 0.500000000 0.500000000 0.000000000 0.000000000 0.788516700 0.374840528 0.487581998 0.912249268 -0.405937046 0.912780583 -0.045241609 -0.670065114 -0.462013811 -0.162253708 0.871904314 -0.635967251
26426400 0.956098955 1.702642156 0.500000000 0.500000000 0.000000000 0.000000000 0.774018645 0.387335688 0.500865161 0.629129811 -0.416893631 0.907148838 -0.057276290 -0.642453872 -0.476544380 -0.164474726 0.863628030 -0.595857805
26459767 0.956098955 1.702642156 0.500000000 0.500000000 0.000000000 0.000000000 0.759198427 0.399916291 0.513502777 0.342908155 -0.427402973 0.901342332 -0.070063479 -0.612938200 -0.490861356 -0.166280299 0.855222940 -0.529774301
26493133 0.956098955 1.702642156 0.500000000 0.500000000 0.000000000 0.000000000 0.743676305 0.413105667 0.525632024 0.053381208 -0.437560141 0.895210385 -0.084495202 -0.550761907 -0.505456686 -0.167158678 0.846505404 -0.446002872
26526500 0.956098955 1.702642156 0.500000000 0.500000000 0.000000000 0.000000000 0.727930188 0.426042855 0.537219882 -0.238993016 -0.447592139 0.888809025 -0.098385982 -0.480500982 -0.519402504 -0.168837249 0.837684333 -0.363516008
26559867 0.956098955 1.702642156 0.500000000 0.500000000 0.000000000 0.000000000 0.712352216 0.438885570 0.547662020 -0.522425967 -0.456703126 0.882400751 -0.113097958 -0.381176030 -0.532894373 -0.169553429 0.829020560 -0.294182927
26593233 0.956098955 1.702642156 0.500000000 0.500000000 0.000000000 0.000000000 0.696296453 0.451925308 0.557615399 -0.801005134 -0.465419441 0.875704765 -0.128553212 -0.238542073 -0.546402931 -0.170013845 0.820084870 -0.197653983
26626600 0.956098955 1.702642156 0.500000000 0.500000000 0.000000000 0.000000000 0.679293990 0.465415657 0.567404926 -1.073070486 -0.474386752 0.868397355 -0.144372478 -0.072568491 -0.559926212 -0.171097770 0.810683966 -0.047168650
26659967 0.956098955 1.702642156 0.500000000 0.500000000 0.000000000 0.000000000 0.662364960 0.478654623 0.576335073 -1.315489621 -0.482413054 0.861074507 -0.160711721 0.103694977 -0.573192835 -0.171581879 0.801254928 0.103056942
26693333 0.956098955 1.702642156 0.500000000 0.500000000 0.000000000 0.000000000 0.645403266 0.491428196 0.584767044 -1.530419232 -0.490001559 0.853649497 -0.176581129 0.290288903 -0.585963070 -0.172570929 0.791748881 0.246837970
26726700 0.956098955 1.702642156 0.500000000 0.500000000 0.000000000 0.000000000 0.628829837 0.503881574 0.592179775 -1.724050952 -0.496613383 0.846297264 -0.192759529 0.498250153 -0.598288059 -0.172871217 0.782411158 0.365839139
26760067 0.956098955 1.702642156 0.500000000 0.500000000 0.000000000 0.000000000 0.611862659 0.516389966 0.599137008 -1.902899338 -0.503173232 0.838560283 -0.208885685 0.722851739 -0.610279024 -0.173660502 0.772917449 0.518348853
26793433 0.956098955 1.702642156 0.500000000 0.500000000 0.000000000 0.000000000 0.595256329 0.528528929 0.605250120 -2.061131305 -0.509113550 0.830823600 -0.224801719 0.953775390 -0.621670246 -0.174326062 0.763633966 0.664955344
26826800 0.956098955 1.702642156 0.500000000 0.500000000 0.000000000 0.000000000 0.578859150 0.540581524 0.610486925 -2.197531371 -0.514679849 0.822912097 -0.240666881 1.184650514 -0.632477105 -0.174892798 0.754576385 0.829291452
26860167 0.956098955 1.702642156 0.500000000 0.500000000 0.000000000 0.000000000 0.562081695 0.552516162 0.615459621 -2.322181171 -0.519902050 0.814766347 -0.256627977 1.397780579 -0.643246830 -0.175732598 0.745219350 1.018730549
26893533 0.956098955 1.702642156 0.500000000 0.500000000 0.000000000 0.000000000 0.544577003 0.564337850 0.620450318 -2.425439826 -0.524703026 0.806359112 -0.272894949 1.612359907 -0.654310763 -0.176939875 0.735234499 1.242370008
26926900 0.956098955 1.702642156 0.500000000 0.500000000 0.000000000 0.000000000 0.526720166 0.576072037 0.625065267 -2.495589252 -0.529128611 0.797702074 -0.289299607 1.817909598 -0.665273249 -0.178360105 0.724982023 1.465679487
26960267 0.956098955 1.702642156 0.500000000 0.500000000 0.000000000 0.000000000 0.508863330 0.587464094 0.629240274 -2.538248132 -0.533048511 0.788991213 -0.305535376 2.017468649 -0.675956130 -0.179940134 0.714635849 1.688998378
26993633 0.956098955 1.702642156 0.500000000 0.500000000 0.000000000 0.000000000 0.490609288 0.598849595 0.632993877 -2.550878750 -0.536633432 0.779971898 -0.321975410 2.211168851 -0.686532319 -0.181721807 0.704024374 1.935529028
27027000 0.956098955 1.702642156 0.500000000 0.500000000 0.000000000 0.000000000 0.471695781 0.610087037 0.636629105 -2.532779324 -0.540012598 0.770633221 -0.338394344 2.400029342 -0.697057605 -0.184168696 0.692959249 2.203389478
27060367 0.956098955 1.702642156 0.500000000 0.500000000 0.000000000 0.000000000 0.452229023 0.620872557 0.640316904 -2.490618868 -0.543064654 0.761180043 -0.354521602 2.574429197 -0.707509220 -0.187408715 0.681401849 2.484079237
27093733 0.956098955 1.702642156 0.500000000 0.500000000 0.000000000 0.000000000 0.431283534 0.631780028 0.644087315 -2.422730001 -0.545860767 0.751130342 -0.371267080 2.751550216 -0.718352675 -0.191460624 0.668814063 2.776449971
27127100 0.956098955 1.702642156 0.500000000 0.500000000 0.000000000 0.000000000 0.409797549 0.642409384 0.647592902 -2.312770747 -0.548362076 0.740832984 -0.387899041 2.922820868 -0.728948116 -0.196155176 0.655864358 3.047400912
27160467 0.956098955 1.702642156 0.500000000 0.500000000 0.000000000 0.000000000 0.387431800 0.652950287 0.650808752 -2.174469126 -0.550411224 0.730147243 -0.404885501 3.091098485 -0.739556372 -0.201347142 0.642273664 3.338168567
27193833 0.956098955 1.702642156 0.500000000 0.500000000 0.000000000 0.000000000 0.363903701 0.663204193 0.654014230 -2.015260616 -0.552123308 0.719089389 -0.421983838 3.257500986 -0.750156164 -0.207534850 0.627849698 3.669111538
27227200 0.956098955 1.702642156 0.500000000 0.500000000 0.000000000 0.000000000 0.339707613 0.672862172 0.657156765 -1.835530001 -0.553680301 0.707876086 -0.438576669 3.405579646 -0.760287225 -0.214867026 0.613021493 4.019259387
27260567 0.956098955 1.702642156 0.500000000 0.500000000 0.000000000 0.000000000 0.315419793 0.681952536 0.659887195 -1.631989910 -0.554629624 0.696730614 -0.454920202 3.548719821 -0.769997597 -0.222502142 0.597993731 4.378769830
27293933 0.956098955 1.702642156 0.500000000 0.500000000 0.000000000 0.000000000 0.290129900 0.690903962 0.662175596 -1.391280036 -0.555102289 0.685136795 -0.471645206 3.702481443 -0.779542387 -0.230736643 0.582300961 4.731501342
27327300 0.956098955 1.702642156 0.500000000 0.500000000 0.000000000 0.000000000 0.261519313 0.699245691 0.665328026 -1.099268275 -0.555287838 0.672815919 -0.488848984 3.850922333 -0.789469004 -0.241605997 0.564237714 5.105392032
