https://www.youtube.com/watch?v=rdxUpkcAOwk
4838167 0.815940842 1.451057443 0.500000000 0.500000000 0.000000000 0.000000000 0.999954939 -0.001543201 0.009364390 3.432669854 0.001846070 0.999472618 -0.032420650 -1.137920015 -0.009309419 0.032436475 0.999430418 4.285089535
4904900 0.815940842 1.451057443 0.500000000 0.500000000 0.000000000 0.000000000 0.999950290 -0.004053276 0.009109306 3.426580012 0.004370125 0.999376476 -0.035036750 -1.126520123 -0.008961613 0.035074815 0.999344528 4.247350258
4971633 0.815940842 1.451057443 0.500000000 0.500000000 0.000000000 0.000000000 0.999948204 -0.006010160 0.008216986 3.420240196 0.006314110 0.999277472 -0.037479140 -1.106349908 -0.007985792 0.037529081 0.999263644 4.205709455
5038367 0.815940842 1.451057443 0.500000000 0.500000000 0.000000000 0.000000000 0.999934554 -0.007975090 0.008200672 3.409529683 0.008287456 0.999213040 -0.038789526 -1.089210066 -0.007884868 0.038854949 0.999213755 4.164200056
5105100 0.815940842 1.451057443 0.500000000 0.500000000 0.000000000 0.000000000 0.999941111 -0.006491693 0.008693501 3.391069688 0.006835467 0.999171674 -0.040115997 -1.083980009 -0.008425880 0.040173061 0.999157190 4.120960388
5171833 0.815940842 1.451057443 0.500000000 0.500000000 0.000000000 0.000000000 0.999921262 -0.008146513 0.009545396 3.370870195 0.008536933 0.999097824 -0.041600820 -1.070209968 -0.009197882 0.041679036 0.999088705 4.077520053
5238567 0.815940842 1.451057443 0.500000000 0.500000000 0.000000000 0.000000000 0.999915719 -0.008230400 0.010038005 3.342339646 0.008654184 0.999040544 -0.042931940 -1.060269947 -0.009675026 0.043015193 0.999027550 4.033459598
5305300 0.815940842 1.451057443 0.500000000 0.500000000 0.000000000 0.000000000 0.999925315 -0.006661183 0.010246513 3.307240041 0.007112911 0.998975098 -0.044700392 -1.057790035 -0.009938255 0.044769935 0.998947859 3.983089738
5372033 0.815940842 1.451057443 0.500000000 0.500000000 0.000000000 0.000000000 0.999928653 -0.005838162 0.010421856 3.264149965 0.006315030 0.998906434 -0.046325836 -1.052929980 -0.010140001 0.046388347 0.998872042 3.925939895
5438767 0.815940842 1.451057443 0.500000000 0.500000000 0.000000000 0.000000000 0.999931216 -0.005718352 0.010238088 3.217159966 0.006206482 0.998813629 -0.048298750 -1.045140001 -0.009949752 0.048358973 0.998780489 3.860450222
5505500 0.815940842 1.451057443 0.500000000 0.500000000 0.000000000 0.000000000 0.999936521 -0.004386104 0.010376336 3.164989624 0.004899400 0.998738647 -0.049971111 -1.038410025 -0.010144070 0.050018780 0.998696744 3.787800041
5572233 0.815940842 1.451057443 0.500000000 0.500000000 0.000000000 0.000000000 0.999943733 -0.002313546 0.010351795 3.107549966 0.002845258 0.998661280 -0.051647946 -1.030959901 -0.010218446 0.051674493 0.998611689 3.714849674
5638967 0.815940842 1.451057443 0.500000000 0.500000000 0.000000000 0.000000000 0.999950767 0.000466578 0.009914815 3.045340144 0.000060954 0.998587072 -0.053139552 -1.022069975 -0.009925600 0.053137541 0.998537898 3.642010013
5705700 0.815940842 1.451057443 0.500000000 0.500000000 0.000000000 0.000000000 0.999950290 0.001909656 0.009787959 2.985480205 -0.001370946 0.998499036 -0.054752275 -1.003350061 -0.009877826 0.054736137 0.998452008 3.560390036
5772433 0.815940842 1.451057443 0.500000000 0.500000000 0.000000000 0.000000000 0.999943316 0.003141993 0.010171534 2.927750102 -0.002568047 0.998429954 -0.055955920 -0.977134032 -0.010331377 0.055926632 0.998381436 3.471520131
5839167 0.815940842 1.451057443 0.500000000 0.500000000 0.000000000 0.000000000 0.999935627 0.003482874 0.010801068 2.869110233 -0.002868296 0.998404026 -0.056402154 -0.941885074 -0.010980271 0.056367539 0.998349726 3.384040414
5905900 0.815940842 1.451057443 0.500000000 0.500000000 0.000000000 0.000000000 0.999938071 0.001644424 0.011005806 2.812190169 -0.001020912 0.998406589 -0.056420598 -0.903170081 -0.011081047 0.056405868 0.998346448 3.297410133
5972633 0.815940842 1.451057443 0.500000000 0.500000000 0.000000000 0.000000000 0.999931991 0.001200815 0.011600202 2.754359767 -0.000536719 0.998369277 -0.057082988 -0.874697969 -0.011649832 0.057072878 0.998302042 3.208990027
6039367 0.815940842 1.451057443 0.500000000 0.500000000 0.000000000 0.000000000 0.999906659 0.002450341 0.013439155 2.693009976 -0.001649360 0.998239398 -0.059290990 -0.862588090 -0.013560777 0.059263289 0.998150289 3.111820020
6106100 0.815940842 1.451057443 0.500000000 0.500000000 0.000000000 0.000000000 0.999860108 0.004660343 0.016062871 2.630120096 -0.003635217 0.997989953 -0.063268177 -0.860459105 -0.016325433 0.063200928 0.997867286 3.022730258
6172833 0.815940842 1.451057443 0.500000000 0.500000000 0.000000000 0.000000000 0.999803483 0.008603785 0.017860269 2.559750067 -0.007369377 0.997653604 -0.068065569 -0.867067967 -0.018403983 0.067920566 0.997520983 2.946260001
6239567 0.815940842 1.451057443 0.500000000 0.500000000 0.000000000 0.000000000 0.999777377 0.009260532 0.018960059 2.491160020 -0.007844533 0.997268677 -0.073441356 -0.866745019 -0.019588381 0.073276266 0.997119308 2.882740096
6306300 0.815940842 1.451057443 0.500000000 0.500000000 0.000000000 0.000000000 0.999770045 0.009211064 0.019364432 2.424940088 -0.007657976 0.996860981 -0.078800902 -0.866058989 -0.020029485 0.078634486 0.996702254 2.816709654
6373033 0.815940842 1.451057443 0.500000000 0.500000000 0.000000000 0.000000000 0.999684930 0.013035149 0.021450313 2.353400030 -0.011198518 0.996434748 -0.083620518 -0.877630020 -0.022463841 0.083353966 0.996266782 2.733220128
6439767 0.815940842 1.451057443 0.500000000 0.500000000 0.000000000 0.000000000 0.999375761 0.014701635 0.032123514 2.331999949 -0.011809520 0.996011913 -0.088435300 -0.870116959 -0.033295549 0.088000737 0.995563805 2.654430114
6506500 0.815940842 1.451057443 0.500000000 0.500000000 0.000000000 0.000000000 0.998431563 0.014085211 0.054185253 2.280869920 -0.009231405 0.996006072 -0.088806912 -0.851447939 -0.055219706 0.088167414 0.994573891 2.543559905
6573233 0.815940842 1.451057443 0.500000000 0.500000000 0.000000000 0.000000000 0.997834086 0.005800866 0.065524243 2.215919763 -0.000046390 0.996165931 -0.087484181 -0.811659006 -0.065780498 0.087291658 0.994008601 2.476200096
6639967 0.815940842 1.451057443 0.500000000 0.500000000 0.000000000 0.000000000 0.996848643 -0.005255731 0.079152919 2.141040048 0.012013838 0.996295869 -0.085148014 -0.779670988 -0.078412212 0.085830607 0.993219316 2.416819994
6706700 0.815940842 1.451057443 0.500000000 0.500000000 0.000000000 0.000000000 0.996067703 -0.018870693 0.086562216 2.061019907 0.026452560 0.995831192 -0.087295726 -0.752133046 -0.084554017 0.089242250 0.992414474 2.367130200
6773433 0.815940842 1.451057443 0.500000000 0.500000000 0.000000000 0.000000000 0.995271862 -0.021346731 0.094753563 1.962569944 0.030444996 0.994950414 -0.095638700 -0.749961928 -0.092233524 0.098071285 0.990896046 2.305439815
6840167 0.815940842 1.451057443 0.500000000 0.500000000 0.000000000 0.000000000 0.994684339 -0.023813857 0.100179940 1.867920195 0.034044512 0.994233727 -0.101687014 -0.734238912 -0.097180709 0.104557052 0.989759445 2.253160076
6906900 0.815940842 1.451057443 0.500000000 0.500000000 0.000000000 0.000000000 0.993783236 -0.029084831 0.107466355 1.784820134 0.040369384 0.993718863 -0.104370102 -0.716684028 -0.103755757 0.108059600 0.988715291 2.210900255
6973633 0.815940842 1.451057443 0.500000000 0.500000000 0.000000000 0.000000000 0.992939234 -0.032148212 0.114184566 1.701329824 0.044395581 0.993332744 -0.106391288 -0.708917019 -0.110002972 0.110709377 0.987746298 2.169749820
7040367 0.815940842 1.451057443 0.500000000 0.500000000 0.000000000 0.000000000 0.992228687 -0.033019494 0.119966529 1.623540101 0.046253923 0.992935836 -0.109265774 -0.707656049 -0.115511172 0.113965556 0.986746669 2.124259969
7107100 0.815940842 1.451057443 0.500000000 0.500000000 0.000000000 0.000000000 0.991766930 -0.028676933 0.124803647 1.546120118 0.042963225 0.992628098 -0.113329768 -0.718047993 -0.120633647 0.117758691 0.985687792 2.075160264
7173833 0.815940842 1.451057443 0.500000000 0.500000000 0.000000000 0.000000000 0.991369426 -0.023195207 0.129029766 1.475820035 0.038637582 0.992202282 -0.118498005 -0.730355973 -0.125275031 0.122460701 0.984535158 2.024999936
7240567 0.815940842 1.451057443 0.500000000 0.500000000 0.000000000 0.000000000 0.990853310 -0.016843505 0.133888155 1.431720061 0.033679757 0.991648018 -0.124498613 -0.736187029 -0.130672932 0.127869174 0.983144999 1.975030083
7307300 0.815940842 1.451057443 0.500000000 0.500000000 0.000000000 0.000000000 0.988834441 -0.008790313 0.148758769 1.389469987 0.028325308 0.991146386 -0.129717007 -0.747196918 -0.146301448 0.132482275 0.980328679 1.890920053
7374033 0.815940842 1.451057443 0.500000000 0.500000000 0.000000000 0.000000000 0.987684429 -0.003233269 0.156425908 1.339050162 0.024834165 0.990351558 -0.136334524 -0.753892004 -0.154475823 0.138540193 0.978235066 1.810450103
7440767 0.815940842 1.451057443 0.500000000 0.500000000 0.000000000 0.000000000 0.986703098 0.000152268 0.162532881 1.294960015 0.023266751 0.989568114 -0.142174631 -0.757126971 -0.160859004 0.144065768 0.976406395 1.727560134
7507500 0.815940842 1.451057443 0.500000000 0.500000000 0.000000000 0.000000000 0.985492468 0.000712787 0.169717595 1.254730015 0.024684608 0.988755763 -0.147487924 -0.752909048 -0.167914376 0.149537638 0.974393845 1.637630204
7574233 0.815940842 1.451057443 0.500000000 0.500000000 0.000000000 0.000000000 0.984077513 -0.000194553 0.177739814 1.212739889 0.027693164 0.987954736 -0.152244985 -0.742211014 -0.175569281 0.154743046 0.972229421 1.543480068
7640967 0.815940842 1.451057443 0.500000000 0.500000000 0.000000000 0.000000000 0.982644141 -0.002684741 0.185481235 1.168930119 0.032386437 0.987021148 -0.157290667 -0.719605085 -0.182651624 0.160567820 0.969977498 1.443110033
7707700 0.815940842 1.451057443 0.500000000 0.500000000 0.000000000 0.000000000 0.981110334 -0.005868169 0.193359941 1.123849984 0.037581861 0.986277938 -0.160758778 -0.681327958 -0.189763278 0.164988920 0.967868030 1.343909979
7774433 0.815940842 1.451057443 0.500000000 0.500000000 0.000000000 0.000000000 0.979455531 -0.006267432 0.201562777 1.073500098 0.039629444 0.986009061 -0.161912486 -0.635657042 -0.197727934 0.166573897 0.966000438 1.257370022
7841167 0.815940842 1.451057443 0.500000000 0.500000000 0.000000000 0.000000000 0.978518665 -0.007874472 0.206007928 1.022250090 0.041997522 0.985929787 -0.161798030 -0.582480980 -0.201835275 0.166974217 0.965081394 1.173280029
7907900 0.815940842 1.451057443 0.500000000 0.500000000 0.000000000 0.000000000 0.977793038 -0.005254544 0.209507048 0.971392057 0.039919354 0.986052334 -0.161577553 -0.533101082 -0.205735892 0.166352779 0.964364827 1.096750090
7974633 0.815940842 1.451057443 0.500000000 0.500000000 0.000000000 0.000000000 0.976161242 -0.003242362 0.217022419 0.918434998 0.039046481 0.986198664 -0.160896122 -0.491379010 -0.213505536 0.165534526 0.962815523 1.020959980
8041367 0.815940842 1.451057443 0.500000000 0.500000000 0.000000000 0.000000000 0.975508392 -0.007385252 0.219838157 0.870028924 0.043293327 0.986333013 -0.158974588 -0.456456990 -0.215659574 0.164598584 0.962495863 0.955961975
8108100 0.815940842 1.451057443 0.500000000 0.500000000 0.000000000 0.000000000 0.975879967 -0.010249872 0.218067169 0.818329005 0.045899596 0.986202657 -0.159052208 -0.426025071 -0.213428169 0.165225044 0.962885857 0.882773008
8174833 0.815940842 1.451057443 0.500000000 0.500000000 0.000000000 0.000000000 0.976533473 -0.006435830 0.215269566 0.746026979 0.042082038 0.985988140 -0.161420301 -0.400524983 -0.211214364 0.166691318 0.963121235 0.831837983
8241567 0.815940842 1.451057443 0.500000000 0.500000000 0.000000000 0.000000000 0.976538539 -0.003451472 0.215314999 0.667025993 0.039292797 0.985941708 -0.162403703 -0.370106951 -0.211727515 0.167053819 0.962945700 0.784017946
8308300 0.815940842 1.451057443 0.500000000 0.500000000 0.000000000 0.000000000 0.976740062 -0.001389900 0.214422211 0.585436975 0.036664188 0.986335158 -0.160619780 -0.344147978 -0.211268917 0.164745405 0.963443995 0.734258924
8375033 0.815940842 1.451057443 0.500000000 0.500000000 0.000000000 0.000000000 0.977264345 -0.003407778 0.211997002 0.497471958 0.037476413 0.986904025 -0.156894669 -0.315289997 -0.208686024 0.161272451 0.964593828 0.666938958
8441767 0.815940842 1.451057443 0.500000000 0.500000000 0.000000000 0.000000000 0.977976084 -0.009936715 0.208480269 0.394932989 0.042543955 0.987385571 -0.152511358 -0.287060998 -0.204334944 0.158022046 0.966062248 0.600428992
8508500 0.815940842 1.451057443 0.500000000 0.500000000 0.000000000 0.000000000 0.978192508 -0.021149639 0.206620768 0.277967994 0.052410398 0.987744272 -0.147018224 -0.261799982 -0.200979099 0.154641211 0.967312515 0.528354023
8575233 0.815940842 1.451057443 0.500000000 0.500000000 0.000000000 0.000000000 0.977400780 -0.030086478 0.209242672 0.161038983 0.060949400 0.987893939 -0.142655969 -0.234245987 -0.202417552 0.152185291 0.967402041 0.467752972
8641967 0.815940842 1.451057443 0.500000000 0.500000000 0.000000000 0.000000000 0.975551128 -0.037252180 0.216592461 0.036932209 0.068682164 0.987844467 -0.139449045 -0.201580004 -0.208764881 0.150915697 0.966251373 0.391028030
8708700 0.815940842 1.451057443 0.500000000 0.500000000 0.000000000 0.000000000 0.973154306 -0.042424068 0.226209834 -0.090174811 0.075554825 0.987281799 -0.139878839 -0.153705997 -0.217398629 0.153214931 0.963982880 0.309330998
8775433 0.815940842 1.451057443 0.500000000 0.500000000 0.000000000 0.000000000 0.969692409 -0.044407204 0.240259707 -0.217232025 0.080175839 0.986727059 -0.141214430 -0.103516998 -0.230799824 0.156197578 0.960382104 0.247375014
8842167 0.815940842 1.451057443 0.500000000 0.500000000 0.000000000 0.000000000 0.966380656 -0.057322774 0.250644356 -0.337258043 0.094356358 0.985881686 -0.138326302 -0.071123894 -0.239176452 0.157325730 0.958145738 0.202025024
8908900 0.815940842 1.451057443 0.500000000 0.500000000 0.000000000 0.000000000 0.963142931 -0.072591536 0.259009838 -0.450141966 0.110084914 0.984941244 -0.133311823 -0.057384006 -0.245432138 0.156911448 0.956630409 0.156888968
8975633 0.815940842 1.451057443 0.500000000 0.500000000 0.000000000 0.000000000 0.960501969 -0.076811679 0.267462164 -0.567158014 0.115515001 0.984482110 -0.132103473 -0.041884992 -0.253164619 0.157781512 0.954469860 0.101582000
9042367 0.815940842 1.451057443 0.500000000 0.500000000 0.000000000 0.000000000 0.958493114 -0.074018046 0.275340378 -0.681131057 0.114420056 0.984397054 -0.133680761 -0.024157194 -0.261149466 0.159636527 0.952006936 0.042383511
9109100 0.815940842 1.451057443 0.500000000 0.500000000 0.000000000 0.000000000 0.956000268 -0.074577108 0.283728063 -0.790576901 0.116654351 0.984035850 -0.134406894 -0.011336927 -0.269174874 0.161591172 0.949438274 -0.010337821
9175833 0.815940842 1.451057443 0.500000000 0.500000000 0.000000000 0.000000000 0.954019010 -0.072911397 0.290743232 -0.886999023 0.116326213 0.984001935 -0.134938538 0.006628390 -0.276253343 0.162554979 0.947238088 -0.065103707
9242567 0.815940842 1.451057443 0.500000000 0.500000000 0.000000000 0.000000000 0.952891529 -0.067223020 0.295768082 -0.971971938 0.112021200 0.984186530 -0.137215734 0.034781276 -0.281866908 0.163884014 0.945353389 -0.135307982
9309300 0.815940842 1.451057443 0.500000000 0.500000000 0.000000000 0.000000000 0.951458097 -0.065630414 0.300699621 -1.048960116 0.111410134 0.984186769 -0.137710571 0.055661943 -0.286906570 0.164526790 0.943724334 -0.196343025
9376033 0.815940842 1.451057443 0.500000000 0.500000000 0.000000000 0.000000000 0.949655652 -0.065480679 0.306376219 -1.121260085 0.112412602 0.984014153 -0.138128653 0.073703373 -0.292433798 0.165615216 0.941835463 -0.255536982
9442767 0.815940842 1.451057443 0.500000000 0.500000000 0.000000000 0.000000000 0.947866619 -0.066024892 0.311752439 -1.190299956 0.114006273 0.983810604 -0.138272375 0.090855502 -0.297575951 0.166605502 0.940048456 -0.325415975
9509500 0.815940842 1.451057443 0.500000000 0.500000000 0.000000000 0.000000000 0.946461141 -0.061667804 0.316872925 -1.257810094 0.111021668 0.983889103 -0.140130147 0.118427049 -0.303126305 0.167807475 0.938059270 -0.402470036
9576233 0.815940842 1.451057443 0.500000000 0.500000000 0.000000000 0.000000000 0.944573581 -0.060095884 0.322752714 -1.327770133 0.110838927 0.983755291 -0.141209960 0.148760027 -0.309023559 0.169156760 0.935890198 -0.482542951
9642967 0.815940842 1.451057443 0.500000000 0.500000000 0.000000000 0.000000000 0.941797495 -0.063154057 0.330195367 -1.396459943 0.114755720 0.983594596 -0.139186233 0.173610982 -0.315988183 0.168977052 0.933594227 -0.558188892
9709700 0.815940842 1.451057443 0.500000000 0.500000000 0.000000000 0.000000000 0.938249171 -0.066378057 0.339532584 -1.465069954 0.118423194 0.983753920 -0.134922966 0.204333927 -0.325060576 0.166799918 0.930866957 -0.633766920
9776433 0.815940842 1.451057443 0.500000000 0.500000000 0.000000000 0.000000000 0.935903549 -0.071883127 0.344844103 -1.524000178 0.123063415 0.983994842 -0.128878206 0.241534053 -0.330060661 0.163055241 0.929770410 -0.732820983
9843167 0.815940842 1.451057443 0.500000000 0.500000000 0.000000000 0.000000000 0.934155166 -0.073042363 0.349312127 -1.591270062 0.123705149 0.984417617 -0.124975950 0.290586992 -0.334740460 0.159958631 0.928634524 -0.821716000
9909900 0.815940842 1.451057443 0.500000000 0.500000000 0.000000000 0.000000000 0.931144536 -0.072495982 0.357371360 -1.667830108 0.123241633 0.984934449 -0.121308059 0.331637088 -0.343193024 0.156998336 0.926050842 -0.889254000
9976633 0.815940842 1.451057443 0.500000000 0.500000000 0.000000000 0.000000000 0.929283500 -0.073034808 0.362074643 -1.727779870 0.122977674 0.985507429 -0.116839834 0.360870901 -0.348293871 0.153104454 0.924797416 -0.972055804
10043367 0.815940842 1.451057443 0.500000000 0.500000000 0.000000000 0.000000000 0.927582800 -0.074200407 0.366175562 -1.797470147 0.123670608 0.985808969 -0.113517568 0.390738168 -0.352556139 0.150582060 0.923595905 -1.049700162
10110100 0.815940842 1.451057443 0.500000000 0.500000000 0.000000000 0.000000000 0.925068438 -0.072864778 0.372745186 -1.879949775 0.123131432 0.985953271 -0.112848401 0.422941880 -0.359286636 0.150289178 0.921046197 -1.113179761
10176833 0.815940842 1.451057443 0.500000000 0.500000000 0.000000000 0.000000000 0.922126949 -0.071151339 0.380288690 -1.962420162 0.122896366 0.985903323 -0.113539353 0.456226070 -0.366849393 0.151433781 0.917872190 -1.183710055
10243567 0.815940842 1.451057443 0.500000000 0.500000000 0.000000000 0.000000000 0.918734848 -0.071328685 0.388379425 -2.047850197 0.124318302 0.985782802 -0.113036409 0.481097133 -0.374795049 0.152133122 0.914540529 -1.243030189
10310300 0.815940842 1.451057443 0.500000000 0.500000000 0.000000000 0.000000000 0.914459884 -0.070551991 0.398478955 -2.143439897 0.125243202 0.985681415 -0.112899542 0.505639939 -0.384808034 0.153148890 0.910202265 -1.290289829
10377033 0.815940842 1.451057443 0.500000000 0.500000000 0.000000000 0.000000000 0.907334983 -0.073415264 0.413948655 -2.250109978 0.130618572 0.985133111 -0.111586317 0.517357025 -0.399602413 0.155315533 0.903435111 -1.314219965
10443767 0.815940842 1.451057443 0.500000000 0.500000000 0.000000000 0.000000000 0.895739436 -0.078754395 0.437548429 -2.380389897 0.139469564 0.984279811 -0.108358383 0.525728086 -0.422136396 0.158085555 0.892642021 -1.337960025
10510500 0.815940842 1.451057443 0.500000000 0.500000000 0.000000000 0.000000000 0.884972930 -0.087262698 0.457393020 -2.531240602 0.151104242 0.982943535 -0.104830928 0.524090198 -0.440443724 0.161886498 0.883064210 -1.360870254
10577233 0.815940842 1.451057443 0.500000000 0.500000000 0.000000000 0.000000000 0.877638698 -0.096762605 0.469454259 -2.655129925 0.162040591 0.981642842 -0.100599304 0.529504019 -0.451102167 0.164360479 0.877207220 -1.406870117
10643967 0.815940842 1.451057443 0.500000000 0.500000000 0.000000000 0.000000000 0.867345452 -0.101707548 0.487203926 -2.786360606 0.170210302 0.980489254 -0.098332584 0.546960220 -0.467697054 0.168215394 0.867734551 -1.415710347
10710700 0.815940842 1.451057443 0.500000000 0.500000000 0.000000000 0.000000000 0.855831087 -0.110240445 0.505371034 -2.938958982 0.179700002 0.979536533 -0.090642780 0.550729655 -0.485036880 0.168390155 0.858128011 -1.434419496
10777433 0.815940842 1.451057443 0.500000000 0.500000000 0.000000000 0.000000000 0.846434355 -0.117188543 0.519438207 -3.076381090 0.185728282 0.979195774 -0.081735075 0.532775187 -0.499053299 0.165657669 0.850590110 -1.441760105
10844167 0.815940842 1.451057443 0.500000000 0.500000000 0.000000000 0.000000000 0.839450538 -0.122645199 0.529415846 -3.192880404 0.191730559 0.978394389 -0.077355042 0.526054301 -0.508490324 0.166440874 0.844828546 -1.464740259
10910900 0.815940842 1.451057443 0.500000000 0.500000000 0.000000000 0.000000000 0.833144367 -0.129659623 0.537641943 -3.301360014 0.198327631 0.977517605 -0.071592212 0.513310917 -0.516271889 0.166275918 0.840128362 -1.491969871
10977633 0.815940842 1.451057443 0.500000000 0.500000000 0.000000000 0.000000000 0.826987386 -0.131884977 0.546533048 -3.411770592 0.200592920 0.977333724 -0.067685261 0.510937271 -0.525218546 0.165605471 0.834697843 -1.511620281
11044367 0.815940842 1.451057443 0.500000000 0.500000000 0.000000000 0.000000000 0.822417617 -0.127700016 0.554366529 -3.510350954 0.197291389 0.978025496 -0.067396007 0.527891243 -0.533578098 0.164799333 0.829539537 -1.535440396
11111100 0.815940842 1.451057443 0.500000000 0.500000000 0.000000000 0.000000000 0.819331110 -0.117391966 0.561173260 -3.600409046 0.189608723 0.979216814 -0.071992174 0.569451648 -0.541058958 0.165388852 0.824561357 -1.565599631
11177833 0.815940842 1.451057443 0.500000000 0.500000000 0.000000000 0.000000000 0.815314770 -0.110475838 0.568380713 -3.690938842 0.186219066 0.979507029 -0.076735973 0.605813732 -0.548255444 0.168407351 0.819179296 -1.590869722
11244567 0.815940842 1.451057443 0.500000000 0.500000000 0.000000000 0.000000000 0.811021805 -0.108805552 0.574808896 -3.775161088 0.187541559 0.979051590 -0.079285681 0.630817458 -0.554140866 0.172102898 0.814437747 -1.623600593
11311300 0.815940842 1.451057443 0.500000000 0.500000000 0.000000000 0.000000000 0.809697270 -0.111051381 0.576244831 -3.832830659 0.191022724 0.978330672 -0.079871669 0.647536205 -0.554888129 0.174747691 0.813364983 -1.679120192
11378033 0.815940842 1.451057443 0.500000000 0.500000000 0.000000000 0.000000000 0.809630156 -0.110558763 0.576433480 -3.891169167 0.191300198 0.978177130 -0.081078395 0.673286596 -0.554890096 0.175915405 0.813111603 -1.739969460
11444767 0.815940842 1.451057443 0.500000000 0.500000000 0.000000000 0.000000000 0.810031772 -0.110581085 0.575864971 -3.952070343 0.190794095 0.978322566 -0.080514222 0.694388989 -0.554478347 0.175090700 0.813570559 -1.814849902
11511500 0.815940842 1.451057443 0.500000000 0.500000000 0.000000000 0.000000000 0.811079204 -0.113387510 0.573841274 -4.011799662 0.191418782 0.978466392 -0.077216357 0.700531023 -0.552729070 0.172472566 0.815318227 -1.912129882
11578233 0.815940842 1.451057443 0.500000000 0.500000000 0.000000000 0.000000000 0.811005354 -0.110902399 0.574431181 -4.084810575 0.187243879 0.979425728 -0.075266019 0.723276215 -0.554265499 0.168599829 0.815085292 -2.002180609
11644967 0.815940842 1.451057443 0.500000000 0.500000000 0.000000000 0.000000000 0.809100032 -0.112153918 0.576869726 -4.163239959 0.186474234 0.979888439 -0.071035072 0.745315042 -0.557301164 0.165045813 0.813741565 -2.084579815
11711700 0.815940842 1.451057443 0.500000000 0.500000000 0.000000000 0.000000000 0.808362305 -0.117282614 0.576884210 -4.233030592 0.188104913 0.980039418 -0.064337671 0.758551340 -0.557823598 0.160522848 0.814288378 -2.183070550
11778433 0.815940842 1.451057443 0.500000000 0.500000000 0.000000000 0.000000000 0.807545245 -0.116581932 0.578169048 -4.313590670 0.184918180 0.980890274 -0.060493954 0.786712213 -0.560067952 0.155765533 0.813671410 -2.257650395
11845167 0.815940842 1.451057443 0.500000000 0.500000000 0.000000000 0.000000000 0.808107197 -0.114196405 0.577860057 -4.377661186 0.180675521 0.981792867 -0.058644015 0.821173426 -0.560641944 0.151795745 0.814026356 -2.343480530
11911900 0.815940842 1.451057443 0.500000000 0.500000000 0.000000000 0.000000000 0.810023487 -0.110354036 0.575919986 -4.435869819 0.175702006 0.982684195 -0.058826853 0.860178818 -0.559455633 0.148841470 0.815386713 -2.418859949
11978633 0.815940842 1.451057443 0.500000000 0.500000000 0.000000000 0.000000000 0.811266005 -0.107144386 0.574776351 -4.503071100 0.172250390 0.983234107 -0.059837040 0.896290345 -0.558728516 0.147549137 0.816120028 -2.488110582
12045367 0.815940842 1.451057443 0.500000000 0.500000000 0.000000000 0.000000000 0.811640620 -0.105301425 0.574587762 -4.567029900 0.170087889 0.983600557 -0.060000774 0.920575091 -0.558846653 0.146429479 0.816240668 -2.553089943
12112100 0.815940842 1.451057443 0.500000000 0.500000000 0.000000000 0.000000000 0.811677456 -0.104275942 0.574722767 -4.629640548 0.168329954 0.983951032 -0.059206277 0.938774849 -0.559325218 0.144799456 0.816203594 -2.612899806
12178833 0.815940842 1.451057443 0.500000000 0.500000000 0.000000000 0.000000000 0.811918855 -0.101240695 0.574924588 -4.693510788 0.164886713 0.984516859 -0.059488624 0.966373079 -0.560000300 0.143097326 0.816040993 -2.673610041
12245567 0.815940842 1.451057443 0.500000000 0.500000000 0.000000000 0.000000000 0.811764836 -0.096812688 0.575903833 -4.765620796 0.160671532 0.985129237 -0.060868684 0.998286145 -0.561446846 0.141942397 0.815248370 -2.728850583
12312300 0.815940842 1.451057443 0.500000000 0.500000000 0.000000000 0.000000000 0.810869932 -0.095982008 0.577301741 -4.845489502 0.160000533 0.985234678 -0.060929660 1.017059776 -0.562929511 0.141774654 0.814254344 -2.776519519
12379033 0.815940842 1.451057443 0.500000000 0.500000000 0.000000000 0.000000000 0.809398174 -0.098775767 0.578893721 -4.932699859 0.162187308 0.985012710 -0.058695946 1.014479810 -0.564419925 0.141397625 0.813287616 -2.823009278
12445767 0.815940842 1.451057443 0.500000000 0.500000000 0.000000000 0.000000000 0.807273448 -0.103658117 0.581002831 -5.029798801 0.166054904 0.984577954 -0.055063698 0.999019514 -0.566334724 0.140929893 0.812036574 -2.863749340
12512500 0.815940842 1.451057443 0.500000000 0.500000000 0.000000000 0.000000000 0.805772126 -0.107114568 0.582458556 -5.127591368 0.169391915 0.984103262 -0.053359184 1.000710387 -0.567483842 0.141659081 0.811107278 -2.908980554
12579233 0.815940842 1.451057443 0.500000000 0.500000000 0.000000000 0.000000000 0.805477142 -0.107817575 0.582736790 -5.225871413 0.171402737 0.983669102 -0.054920536 1.031000488 -0.567298830 0.144119859 0.810803175 -2.957550532
12645967 0.815940842 1.451057443 0.500000000 0.500000000 0.000000000 0.000000000 0.806923509 -0.105105475 0.581229448 -5.319852074 0.170662567 0.983557224 -0.059072096 1.085040411 -0.565463662 0.146860689 0.811592996 -3.015070723
12712700 0.815940842 1.451057443 0.500000000 0.500000000 0.000000000 0.000000000 0.809372842 -0.103014037 0.578189909 -5.416019083 0.169656023 0.983534813 -0.062258191 1.131999532 -0.562256396 0.148483545 0.813523293 -3.076849157
