https://www.youtube.com/watch?v=911jubjsK5g
13179833 0.828400804 1.473216416 0.500000000 0.500000000 0.000000000 0.000000000 0.998347282 0.019738210 -0.053972680 5.506480072 -0.019656194 0.999804676 0.002050078 -0.479986980 0.054002602 -0.000985792 0.998540282 3.086709968
13246567 0.828400804 1.473216416 0.500000000 0.500000000 0.000000000 0.000000000 0.998209238 0.020182848 -0.056311268 5.097400512 -0.020089503 0.999795735 0.002223271 -0.457416010 0.056344640 -0.001088025 0.998410761 2.840469931
13313300 0.828400804 1.473216416 0.500000000 0.500000000 0.000000000 0.000000000 0.998159111 0.020144491 -0.057206668 4.818449981 -0.020028582 0.999796033 0.002598823 -0.438481023 0.057247348 -0.001448270 0.998358965 2.713390064
13380033 0.828400804 1.473216416 0.500000000 0.500000000 0.000000000 0.000000000 0.998136342 0.020192847 -0.057585463 4.436210313 -0.020067945 0.999794841 0.002746498 -0.382023011 0.057629108 -0.001585757 0.998336792 2.478799989
13446767 0.828400804 1.473216416 0.500000000 0.500000000 0.000000000 0.000000000 0.998178422 0.020180486 -0.056856256 4.170100379 -0.020051558 0.999794900 0.002837239 -0.366116949 0.056901854 -0.001692015 0.998378336 2.310579936
13513500 0.828400804 1.473216416 0.500000000 0.500000000 0.000000000 0.000000000 0.998278856 0.019993497 -0.055132486 3.793640025 -0.019855442 0.999798179 0.003050727 -0.337264980 0.055182353 -0.001950797 0.998474360 2.086049702
13580233 0.828400804 1.473216416 0.500000000 0.500000000 0.000000000 0.000000000 0.998407304 0.019749438 -0.052846853 3.419929791 -0.019609490 0.999802709 0.003165455 -0.304118023 0.052898940 -0.002124114 0.998597622 1.868510150
13646967 0.828400804 1.473216416 0.500000000 0.500000000 0.000000000 0.000000000 0.998500168 0.019377707 -0.051204972 3.153130141 -0.019237848 0.999809742 0.003222868 -0.272432023 0.051257685 -0.002232960 0.998682976 1.716190187
13713700 0.828400804 1.473216416 0.500000000 0.500000000 0.000000000 0.000000000 0.998603046 0.019367527 -0.049162086 2.782610202 -0.019228403 0.999809682 0.003301330 -0.247291015 0.049216669 -0.002351411 0.998785377 1.502190135
13780433 0.828400804 1.473216416 0.500000000 0.500000000 0.000000000 0.000000000 0.998677254 0.019204499 -0.047696054 2.500200005 -0.019068351 0.999812722 0.003307924 -0.230485016 0.047750644 -0.002394062 0.998856425 1.354399957
13847167 0.828400804 1.473216416 0.500000000 0.500000000 0.000000000 0.000000000 0.998760939 0.019223379 -0.045902751 2.113450079 -0.019091221 0.999812245 0.003315829 -0.198257004 0.045957871 -0.002435381 0.998940408 1.140910019
13913900 0.828400804 1.473216416 0.500000000 0.500000000 0.000000000 0.000000000 0.998836577 0.018880092 -0.044373676 1.703670045 -0.018746238 0.999818385 0.003430735 -0.167288994 0.044430390 -0.002594905 0.999009132 0.925508965
13980633 0.828400804 1.473216416 0.500000000 0.500000000 0.000000000 0.000000000 0.998885393 0.018635353 -0.043366492 1.423010000 -0.018501887 0.999822795 0.003476998 -0.139670011 0.043423600 -0.002670760 0.999053180 0.762395928
14514500 0.828400804 1.473216416 0.500000000 0.500000000 0.000000000 0.000000000 0.999247253 0.017226385 -0.034759600 -1.467420003 -0.017105648 0.999846578 0.003767892 0.105881999 0.034819175 -0.003170469 0.999388576 -0.759692009
14581233 0.828400804 1.473216416 0.500000000 0.500000000 0.000000000 0.000000000 0.999297321 0.017004373 -0.033403233 -1.855610105 -0.016883427 0.999849856 0.003899510 0.128472004 0.033464529 -0.003332809 0.999434352 -0.975374039
14647967 0.828400804 1.473216416 0.500000000 0.500000000 0.000000000 0.000000000 0.999333084 0.016891465 -0.032373331 -2.125169730 -0.016769048 0.999851167 0.004049247 0.147857985 0.032436915 -0.003503677 0.999467671 -1.126230178
14714700 0.828400804 1.473216416 0.500000000 0.500000000 0.000000000 0.000000000 0.999390960 0.016774420 -0.030600362 -2.497330211 -0.016653750 0.999852538 0.004194096 0.175569020 0.030666202 -0.003681931 0.999522924 -1.313900053
14781433 0.828400804 1.473216416 0.500000000 0.500000000 0.000000000 0.000000000 0.999428689 0.016657976 -0.029407922 -2.761900047 -0.016540887 0.999854267 0.004220326 0.194239986 0.029473938 -0.003731481 0.999558568 -1.451069935
14848167 0.828400804 1.473216416 0.500000000 0.500000000 0.000000000 0.000000000 0.999485373 0.016476605 -0.027523009 -3.137189946 -0.016363893 0.999856770 0.004315467 0.222804986 0.027590172 -0.003862862 0.999611855 -1.617849828
14914900 0.828400804 1.473216416 0.500000000 0.500000000 0.000000000 0.000000000 0.999541700 0.016134799 -0.025614142 -3.498760101 -0.016028080 0.999862015 0.004366247 0.248150014 0.025681056 -0.003953700 0.999662340 -1.803579899
14981633 0.828400804 1.473216416 0.500000000 0.500000000 0.000000000 0.000000000 0.999579072 0.015955057 -0.024231629 -3.761240385 -0.015853219 0.999864697 0.004389009 0.270537005 0.024298379 -0.004003013 0.999696732 -1.916619930
15048367 0.828400804 1.473216416 0.500000000 0.500000000 0.000000000 0.000000000 0.999629796 0.015743826 -0.022189362 -4.120449814 -0.015644912 0.999866903 0.004624348 0.283273009 0.022259215 -0.004275486 0.999743104 -2.090960134
15115100 0.828400804 1.473216416 0.500000000 0.500000000 0.000000000 0.000000000 0.999664307 0.015550027 -0.020723434 -4.365769475 -0.015457425 0.999869823 0.004621137 0.310737001 0.020792594 -0.004299256 0.999774575 -2.212560010
15181833 0.828400804 1.473216416 0.500000000 0.500000000 0.000000000 0.000000000 0.999709368 0.015341307 -0.018597232 -4.720730116 -0.015254118 0.999872029 0.004821112 0.318737996 0.018668814 -0.004536027 0.999815404 -2.378679961
15248567 0.828400804 1.473216416 0.500000000 0.500000000 0.000000000 0.000000000 0.999754608 0.015027236 -0.016277684 -5.095530351 -0.014949325 0.999876261 0.004897545 0.340128989 0.016349265 -0.004653003 0.999855518 -2.544670090
15315300 0.828400804 1.473216416 0.500000000 0.500000000 0.000000000 0.000000000 0.999779999 0.014873189 -0.014789239 -5.348130202 -0.014802449 0.999878526 0.004881239 0.363049984 0.014860041 -0.004661248 0.999878705 -2.661589901
15382033 0.828400804 1.473216416 0.500000000 0.500000000 0.000000000 0.000000000 0.999814451 0.014585175 -0.012582486 -5.690770180 -0.014522050 0.999881566 0.005093805 0.380902998 0.012655290 -0.004910136 0.999907851 -2.824399813
