https://www.youtube.com/watch?v=qZtVYXWilQo
54788067 0.830021577 1.480293190 0.500000000 0.500000000 0.000000000 0.000000000 0.990807593 0.024955114 -0.132957190 -0.264087964 -0.034521356 0.996939838 -0.070137449 -0.646430028 0.130800039 0.074082576 0.988637030 2.672550029
54821433 0.830021577 1.480293190 0.500000000 0.500000000 0.000000000 0.000000000 0.990365565 0.025006119 -0.136200920 -0.266099980 -0.034977555 0.996840239 -0.071317188 -0.614467050 0.133987203 0.075394057 0.988110900 2.539750054
54854800 0.830021577 1.480293190 0.500000000 0.500000000 0.000000000 0.000000000 0.989888966 0.025170218 -0.139593348 -0.268145986 -0.035562396 0.996737242 -0.072458491 -0.581403028 0.137314096 0.076690137 0.987554252 2.403449985
54888167 0.830021577 1.480293190 0.500000000 0.500000000 0.000000000 0.000000000 0.989386082 0.025167849 -0.143114612 -0.265662983 -0.036052771 0.996607840 -0.073980160 -0.543883042 0.140767232 0.078354619 0.986937284 2.271400088
54921533 0.830021577 1.480293190 0.500000000 0.500000000 0.000000000 0.000000000 0.988871336 0.025029790 -0.146652639 -0.256650034 -0.036366373 0.996509790 -0.075138398 -0.511008971 0.144260079 0.079635434 0.986330211 2.146010044
54954900 0.830021577 1.480293190 0.500000000 0.500000000 0.000000000 0.000000000 0.988300025 0.024993211 -0.150460780 -0.247126055 -0.036896039 0.996360183 -0.076844744 -0.470219016 0.147992522 0.081497066 0.985624909 2.018140236
54988267 0.830021577 1.480293190 0.500000000 0.500000000 0.000000000 0.000000000 0.987766266 0.024992730 -0.153925702 -0.239388985 -0.037367113 0.996250391 -0.078030862 -0.435068988 0.151398346 0.082828008 0.984996498 1.891459975
55021633 0.830021577 1.480293190 0.500000000 0.500000000 0.000000000 0.000000000 0.987182677 0.024958640 -0.157630756 -0.225118989 -0.037863053 0.996123493 -0.079399936 -0.397065988 0.155037984 0.084350623 0.984300852 1.764769911
55055000 0.830021577 1.480293190 0.500000000 0.500000000 0.000000000 0.000000000 0.986666977 0.024828859 -0.160847217 -0.214767990 -0.038220599 0.996004879 -0.080705956 -0.360631989 0.158200771 0.085777581 0.983674049 1.640209919
55155100 0.830021577 1.480293190 0.500000000 0.500000000 0.000000000 0.000000000 0.985134244 0.025111847 -0.169941053 -0.181397004 -0.039693542 0.995762169 -0.082958460 -0.276111987 0.167137638 0.088470772 0.981956184 1.279750040
55188467 0.830021577 1.480293190 0.500000000 0.500000000 0.000000000 0.000000000 0.984602213 0.025402807 -0.172954470 -0.168075988 -0.040358290 0.995689273 -0.083510786 -0.249222001 0.170087516 0.089205042 0.981383085 1.150650175
55221833 0.830021577 1.480293190 0.500000000 0.500000000 0.000000000 0.000000000 0.984116018 0.025759788 -0.175647587 -0.159059979 -0.041012455 0.995640993 -0.083767265 -0.226429985 0.172724128 0.089640453 0.980882764 1.026519985
55255200 0.830021577 1.480293190 0.500000000 0.500000000 0.000000000 0.000000000 0.983687401 0.026129792 -0.177978545 -0.149664982 -0.041648727 0.995592833 -0.084025212 -0.204252982 0.174998611 0.090067126 0.980440378 0.909625920
55288567 0.830021577 1.480293190 0.500000000 0.500000000 0.000000000 0.000000000 0.983178735 0.026437117 -0.180722535 -0.133416993 -0.042328790 0.995511174 -0.084650837 -0.175693992 0.177673370 0.090876676 0.979884446 0.783434944
55321933 0.830021577 1.480293190 0.500000000 0.500000000 0.000000000 0.000000000 0.982646048 0.026856266 -0.183536023 -0.115572977 -0.043058082 0.995461345 -0.084868781 -0.153637995 0.180423766 0.091298677 0.979342520 0.654780917
55355300 0.830021577 1.480293190 0.500000000 0.500000000 0.000000000 0.000000000 0.982135415 0.027264483 -0.186190024 -0.097203786 -0.043775991 0.995405734 -0.085153505 -0.129958998 0.183012947 0.091782928 0.978816748 0.528245945
55388667 0.830021577 1.480293190 0.500000000 0.500000000 0.000000000 0.000000000 0.981662333 0.027613884 -0.188617423 -0.079815998 -0.044453315 0.995333970 -0.085639633 -0.105028007 0.185372487 0.092453875 0.978309453 0.406064982
55422033 0.830021577 1.480293190 0.500000000 0.500000000 0.000000000 0.000000000 0.981200218 0.028132575 -0.190930992 -0.060709090 -0.045257032 0.995272756 -0.085929573 -0.082148204 0.187611014 0.092955083 0.977835059 0.292241960
55455400 0.830021577 1.480293190 0.500000000 0.500000000 0.000000000 0.000000000 0.980729461 0.028737392 -0.193245575 -0.042923099 -0.046152670 0.995205641 -0.086230546 -0.058068105 0.189841047 0.093487635 0.977353811 0.169373012
55488767 0.830021577 1.480293190 0.500000000 0.500000000 0.000000000 0.000000000 0.980118036 0.029267650 -0.196244806 -0.011732099 -0.047121804 0.995098829 -0.086936004 -0.029118402 0.192738563 0.094454952 0.976693451 0.049469900
55522133 0.830021577 1.480293190 0.500000000 0.500000000 0.000000000 0.000000000 0.979561627 0.030068226 -0.198884323 0.014880699 -0.048273250 0.995009184 -0.087329507 -0.003243850 0.195265874 0.095145419 0.976124287 -0.069453496
55555500 0.830021577 1.480293190 0.500000000 0.500000000 0.000000000 0.000000000 0.978943884 0.030739037 -0.201801986 0.044927405 -0.049434356 0.994869590 -0.088265479 0.031316607 0.198053449 0.096382886 0.975441039 -0.195545019
55588867 0.830021577 1.480293190 0.500000000 0.500000000 0.000000000 0.000000000 0.978605747 0.031535506 -0.203313425 0.060576002 -0.050424799 0.994807303 -0.088406548 0.053721699 0.199469730 0.096767187 0.975114346 -0.303754986
55622233 0.830021577 1.480293190 0.500000000 0.500000000 0.000000000 0.000000000 0.978057504 0.031916749 -0.205875859 0.093750611 -0.051255632 0.994685471 -0.089295715 0.086315110 0.201931700 0.097888634 0.974495471 -0.417813023
55655600 0.830021577 1.480293190 0.500000000 0.500000000 0.000000000 0.000000000 0.977473915 0.032052323 -0.208608210 0.133269989 -0.051945947 0.994532168 -0.090594411 0.121622986 0.204563826 0.099390030 0.973794281 -0.525567004
55688967 0.830021577 1.480293190 0.500000000 0.500000000 0.000000000 0.000000000 0.977009594 0.032454997 -0.210710511 0.164598990 -0.052732013 0.994422853 -0.091337129 0.153086004 0.206570998 0.100348443 0.973272085 -0.631268909
55722333 0.830021577 1.480293190 0.500000000 0.500000000 0.000000000 0.000000000 0.976631045 0.032902263 -0.212389410 0.190139981 -0.053561226 0.994293332 -0.092260018 0.187843976 0.208141804 0.101479843 0.972820044 -0.739384942
55755700 0.830021577 1.480293190 0.500000000 0.500000000 0.000000000 0.000000000 0.976467609 0.033293564 -0.213078678 0.204192985 -0.054094125 0.994238019 -0.092545271 0.213229006 0.208769768 0.101893768 0.972642183 -0.842290983
55789067 0.830021577 1.480293190 0.500000000 0.500000000 0.000000000 0.000000000 0.976097703 0.033487517 -0.214736819 0.232982004 -0.054661464 0.994123638 -0.093436278 0.248453028 0.210346013 0.102940761 0.972192287 -0.954866093
55822433 0.830021577 1.480293190 0.500000000 0.500000000 0.000000000 0.000000000 0.975813866 0.033844985 -0.215967163 0.255468965 -0.055308767 0.994022667 -0.094127104 0.281177966 0.211490527 0.103795424 0.971852958 -1.069309816
55855800 0.830021577 1.480293190 0.500000000 0.500000000 0.000000000 0.000000000 0.975557089 0.034031309 -0.217094913 0.279482012 -0.055736311 0.993948877 -0.094652526 0.309583993 0.212560102 0.104439013 0.971550703 -1.171380109
55889167 0.830021577 1.480293190 0.500000000 0.500000000 0.000000000 0.000000000 0.975301623 0.034079112 -0.218232304 0.306774990 -0.055998445 0.993895650 -0.095056057 0.334834037 0.213660717 0.104929000 0.971256435 -1.268190116
55922533 0.830021577 1.480293190 0.500000000 0.500000000 0.000000000 0.000000000 0.975104749 0.034468260 -0.219049469 0.329606014 -0.056452524 0.993884027 -0.094908521 0.354784996 0.214438424 0.104911640 0.971086860 -1.363829925
55955900 0.830021577 1.480293190 0.500000000 0.500000000 0.000000000 0.000000000 0.974965394 0.034417443 -0.219676822 0.350326976 -0.056566924 0.993835568 -0.095346898 0.381125955 0.215041041 0.105386376 0.970902205 -1.459130020
55989267 0.830021577 1.480293190 0.500000000 0.500000000 0.000000000 0.000000000 0.974794567 0.034205213 -0.220466733 0.376086058 -0.056532457 0.993796647 -0.095771857 0.408156000 0.215823203 0.105821408 0.970681310 -1.556540153
56022633 0.830021577 1.480293190 0.500000000 0.500000000 0.000000000 0.000000000 0.974629104 0.033937294 -0.221238375 0.403603008 -0.056386929 0.993786871 -0.095959529 0.432716069 0.216607183 0.105999887 0.970487177 -1.655900026
56056000 0.830021577 1.480293190 0.500000000 0.500000000 0.000000000 0.000000000 0.974588633 0.033746153 -0.221445665 0.422310006 -0.056280725 0.993764460 -0.096253075 0.460695016 0.216816649 0.106270276 0.970410824 -1.755230030
56089367 0.830021577 1.480293190 0.500000000 0.500000000 0.000000000 0.000000000 0.974561691 0.033957221 -0.221532062 0.439558029 -0.056417637 0.993794739 -0.095859565 0.479437034 0.216902271 0.105919369 0.970430076 -1.855350211
56122733 0.830021577 1.480293190 0.500000000 0.500000000 0.000000000 0.000000000 0.974512458 0.034030065 -0.221737295 0.458254990 -0.056410186 0.993840158 -0.095392048 0.497975017 0.217125237 0.105468988 0.970429242 -1.957340080
56156100 0.830021577 1.480293190 0.500000000 0.500000000 0.000000000 0.000000000 0.974430323 0.033955112 -0.222109616 0.479426019 -0.056340009 0.993859112 -0.095236048 0.520638027 0.217511922 0.105314538 0.970359445 -2.065510123
56189467 0.830021577 1.480293190 0.500000000 0.500000000 0.000000000 0.000000000 0.974488556 0.033903874 -0.221861765 0.493244995 -0.056171231 0.993906677 -0.094838060 0.540804956 0.217294529 0.104880847 0.970455110 -2.170000079
56222833 0.830021577 1.480293190 0.500000000 0.500000000 0.000000000 0.000000000 0.974572718 0.033751417 -0.221514985 0.507567015 -0.055892739 0.993958533 -0.094458833 0.561905972 0.216988578 0.104438081 0.970571339 -2.271500165
56256200 0.830021577 1.480293190 0.500000000 0.500000000 0.000000000 0.000000000 0.974718809 0.033836439 -0.220858172 0.518630004 -0.055676453 0.994068563 -0.093422525 0.573245993 0.216387078 0.103357293 0.970821202 -2.368539824
56289567 0.830021577 1.480293190 0.500000000 0.500000000 0.000000000 0.000000000 0.974820197 0.033788979 -0.220417559 0.533138006 -0.055447824 0.994137108 -0.092827477 0.591554039 0.215988725 0.102711760 0.970978498 -2.466180324
56322933 0.830021577 1.480293190 0.500000000 0.500000000 0.000000000 0.000000000 0.975100100 0.033195898 -0.219266623 0.537623036 -0.054757528 0.994159162 -0.093001194 0.618254014 0.214898646 0.102691971 0.971222401 -2.562800055
56356300 0.830021577 1.480293190 0.500000000 0.500000000 0.000000000 0.000000000 0.975389242 0.032676496 -0.218055144 0.540744064 -0.054006852 0.994238675 -0.092588812 0.636153987 0.213773385 0.102086604 0.971534491 -2.657780136
56389667 0.830021577 1.480293190 0.500000000 0.500000000 0.000000000 0.000000000 0.975822628 0.032119244 -0.216191038 0.534892033 -0.053175211 0.994310975 -0.092293680 0.655638021 0.211996719 0.101558268 0.971979082 -2.745180226
56423033 0.830021577 1.480293190 0.500000000 0.500000000 0.000000000 0.000000000 0.976259947 0.031399544 -0.214314222 0.531209030 -0.052194644 0.994383454 -0.092072092 0.676083069 0.210219502 0.101072349 0.972415626 -2.833010114
56456400 0.830021577 1.480293190 0.500000000 0.500000000 0.000000000 0.000000000 0.976610959 0.030552667 -0.212832198 0.531505898 -0.051204834 0.994422257 -0.092208505 0.701911937 0.208827868 0.100949883 0.972728133 -2.922289878
56489767 0.830021577 1.480293190 0.500000000 0.500000000 0.000000000 0.000000000 0.977040946 0.030101858 -0.210914522 0.526602001 -0.050471857 0.994490921 -0.091871634 0.722858038 0.206987083 0.100407586 0.973177612 -3.005000090
56523133 0.830021577 1.480293190 0.500000000 0.500000000 0.000000000 0.000000000 0.977421403 0.029155403 -0.209278196 0.527147015 -0.049333237 0.994549751 -0.091853254 0.747238983 0.205459565 0.100103699 0.973532557 -3.093539981
56556500 0.830021577 1.480293190 0.500000000 0.500000000 0.000000000 0.000000000 0.977819562 0.028078170 -0.207558408 0.526678842 -0.048140556 0.994571567 -0.092248842 0.777362917 0.203841522 0.100194708 0.973863244 -3.181709717
56589867 0.830021577 1.480293190 0.500000000 0.500000000 0.000000000 0.000000000 0.978334725 0.027252529 -0.205227882 0.518926095 -0.046907190 0.994697630 -0.091522306 0.790530029 0.201645464 0.099166110 0.974425614 -3.264270285
56623233 0.830021577 1.480293190 0.500000000 0.500000000 0.000000000 0.000000000 0.978828013 0.026308792 -0.202986524 0.513608864 -0.045727015 0.994747818 -0.091573834 0.816079865 0.199511215 0.098917007 0.974890053 -3.345469594
56656600 0.830021577 1.480293190 0.500000000 0.500000000 0.000000000 0.000000000 0.979264379 0.025336957 -0.200995743 0.512619967 -0.044543266 0.994797647 -0.091616340 0.841182023 0.197628826 0.098669626 0.975298524 -3.428860076
56689967 0.830021577 1.480293190 0.500000000 0.500000000 0.000000000 0.000000000 0.979680896 0.024513558 -0.199058786 0.512145021 -0.043464206 0.994865537 -0.091396846 0.860937898 0.195796266 0.098191686 0.975716233 -3.508039850
56723333 0.830021577 1.480293190 0.500000000 0.500000000 0.000000000 0.000000000 0.980127931 0.023813590 -0.196931928 0.507061963 -0.042535782 0.994906008 -0.091393098 0.884049876 0.193752378 0.097953588 0.976148129 -3.583429991
56756700 0.830021577 1.480293190 0.500000000 0.500000000 0.000000000 0.000000000 0.980525792 0.023076532 -0.195029721 0.504935035 -0.041520953 0.994983077 -0.091019988 0.899935991 0.191950843 0.097345278 0.976564765 -3.659420002
56790067 0.830021577 1.480293190 0.500000000 0.500000000 0.000000000 0.000000000 0.980913639 0.022267159 -0.193164691 0.503341913 -0.040469903 0.995045900 -0.090806626 0.917791007 0.190185741 0.096890815 0.976955235 -3.731499742
56823433 0.830021577 1.480293190 0.500000000 0.500000000 0.000000000 0.000000000 0.981303871 0.021642648 -0.191244081 0.499792008 -0.039640512 0.995080709 -0.090790808 0.938221985 0.188338354 0.096674383 0.977334499 -3.798240041
56856800 0.830021577 1.480293190 0.500000000 0.500000000 0.000000000 0.000000000 0.981614292 0.020953814 -0.189721689 0.501733910 -0.038771853 0.995123446 -0.090698004 0.954903114 0.186896041 0.096386313 0.977639794 -3.867759853
56890167 0.830021577 1.480293190 0.500000000 0.500000000 0.000000000 0.000000000 0.981926203 0.020351898 -0.188166618 0.503600053 -0.038047820 0.995131493 -0.090915836 0.975952931 0.185400218 0.096431978 0.977920055 -3.930170295
56923533 0.830021577 1.480293190 0.500000000 0.500000000 0.000000000 0.000000000 0.982232809 0.019945089 -0.186603665 0.503818010 -0.037487451 0.995148897 -0.090957828 0.993509969 0.183884263 0.096337058 0.978215575 -3.989929666
56956900 0.830021577 1.480293190 0.500000000 0.500000000 0.000000000 0.000000000 0.982516229 0.019619333 -0.185140297 0.505070016 -0.036951862 0.995198131 -0.090637714 1.003759953 0.182473019 0.095894307 0.978523314 -4.051109558
56990267 0.830021577 1.480293190 0.500000000 0.500000000 0.000000000 0.000000000 0.982793570 0.019343790 -0.183691666 0.505634007 -0.036606278 0.995172858 -0.091054790 1.025189981 0.181043610 0.096212335 0.978757560 -4.106460030
57023633 0.830021577 1.480293190 0.500000000 0.500000000 0.000000000 0.000000000 0.983013749 0.019011080 -0.182544634 0.509844062 -0.036191966 0.995169759 -0.091254190 1.041650073 0.179928049 0.096310765 0.978953600 -4.160610212
57057000 0.830021577 1.480293190 0.500000000 0.500000000 0.000000000 0.000000000 0.983244598 0.018736482 -0.181325808 0.511432858 -0.035893004 0.995130062 -0.091803677 1.062250062 0.178722695 0.096773796 0.979128718 -4.209949580
57090367 0.830021577 1.480293190 0.500000000 0.500000000 0.000000000 0.000000000 0.983457267 0.018781293 -0.180163920 0.511569998 -0.035892386 0.995094240 -0.092190832 1.080539890 0.177548617 0.097132266 0.979306817 -4.255870100
57123733 0.830021577 1.480293190 0.500000000 0.500000000 0.000000000 0.000000000 0.983607173 0.018801389 -0.179341763 0.516009046 -0.035866201 0.995076716 -0.092390321 1.094650141 0.176721752 0.097308092 0.979438901 -4.303040418
57157100 0.830021577 1.480293190 0.500000000 0.500000000 0.000000000 0.000000000 0.983719647 0.018814249 -0.178722307 0.521812025 -0.035894521 0.995035529 -0.092821702 1.110749950 0.176088676 0.097725689 0.979511380 -4.349330164
57190467 0.830021577 1.480293190 0.500000000 0.500000000 0.000000000 0.000000000 0.983797789 0.018845994 -0.178288221 0.529199105 -0.035949674 0.994998693 -0.093194395 1.124679942 0.175640196 0.098093852 0.979555070 -4.392210149
57257200 0.830021577 1.480293190 0.500000000 0.500000000 0.000000000 0.000000000 0.983869791 0.019373050 -0.177833840 0.545105975 -0.036628574 0.994872808 -0.094267935 1.155850060 0.175095782 0.099261180 0.979534924 -4.472689754
57290567 0.830021577 1.480293190 0.500000000 0.500000000 0.000000000 0.000000000 0.983832538 0.019413251 -0.178035662 0.557569161 -0.036839750 0.994785309 -0.095105343 1.172610081 0.175260946 0.100126512 0.979417324 -4.515310115
57323933 0.830021577 1.480293190 0.500000000 0.500000000 0.000000000 0.000000000 0.983836710 0.019469455 -0.178006530 0.566410012 -0.037054457 0.994690955 -0.096004635 1.189849984 0.175192326 0.101048812 0.979334891 -4.552200039
57357300 0.830021577 1.480293190 0.500000000 0.500000000 0.000000000 0.000000000 0.983784318 0.019699592 -0.178270355 0.577405943 -0.037440401 0.994608521 -0.096706435 1.203130000 0.175404146 0.101812795 0.979217827 -4.587030330
