https://www.youtube.com/watch?v=NkTReg-GO0s
2535867 0.978303607 1.739801253 0.500000000 0.500000000 0.000000000 0.000000000 0.983281493 0.054530554 -0.173735127 -3.965339895 -0.054381803 0.998504400 0.005619912 -1.901930011 0.173781738 0.003922065 0.984776378 4.963860373
2602600 0.978303607 1.739801253 0.500000000 0.500000000 0.000000000 0.000000000 0.974289060 0.066746622 -0.215187863 -3.882920573 -0.066158324 0.997759581 0.009943628 -1.790410080 0.215369448 0.004548487 0.976522088 4.634190870
2669333 0.978303607 1.739801253 0.500000000 0.500000000 0.000000000 0.000000000 0.963029444 0.079471864 -0.257407248 -3.741739800 -0.077934511 0.996827066 0.016186321 -1.692540086 0.257876873 0.004472998 0.966167450 4.316609881
2736067 0.978303607 1.739801253 0.500000000 0.500000000 0.000000000 0.000000000 0.949928701 0.092964128 -0.298317134 -3.561649949 -0.090027854 0.995659590 0.023601010 -1.600180110 0.299216330 0.004437568 0.954174995 4.093840110
2802800 0.978303607 1.739801253 0.500000000 0.500000000 0.000000000 0.000000000 0.935080051 0.107108325 -0.337865472 -3.345890014 -0.102190107 0.994238198 0.032365724 -1.514659823 0.339385390 0.004261982 0.940637708 3.906229695
2869533 0.978303607 1.739801253 0.500000000 0.500000000 0.000000000 0.000000000 0.919326186 0.120274536 -0.374664247 -3.104579663 -0.113023721 0.992731214 0.041356012 -1.440449723 0.376914978 0.004326316 0.926237702 3.762799442
2936267 0.978303607 1.739801253 0.500000000 0.500000000 0.000000000 0.000000000 0.902783394 0.132759333 -0.409092873 -2.856459583 -0.123158813 0.991133749 0.049857929 -1.361669787 0.412084848 0.005372526 0.911129534 3.633899345
3003000 0.978303607 1.739801253 0.500000000 0.500000000 0.000000000 0.000000000 0.885976076 0.143287942 -0.441038549 -2.630190032 -0.131364956 0.989657164 0.057636060 -1.285260098 0.444735527 0.006872809 0.895635605 3.520200252
3069733 0.978303607 1.739801253 0.500000000 0.500000000 0.000000000 0.000000000 0.868781805 0.152478203 -0.471135318 -2.421699776 -0.138079122 0.988271236 0.065223694 -1.212540007 0.475554645 0.008388815 0.879646122 3.422819766
3136467 0.978303607 1.739801253 0.500000000 0.500000000 0.000000000 0.000000000 0.850876570 0.160159171 -0.500358105 -2.222080275 -0.143859386 0.987026334 0.071298435 -1.146300015 0.505285740 0.011314999 0.862877965 3.263670319
3203200 0.978303607 1.739801253 0.500000000 0.500000000 0.000000000 0.000000000 0.832637310 0.167960420 -0.527734995 -2.043219573 -0.149365440 0.985696614 0.078051977 -1.072769774 0.533296227 0.013836443 0.845815301 3.092639076
3269933 0.978303607 1.739801253 0.500000000 0.500000000 0.000000000 0.000000000 0.813610137 0.175358310 -0.554335952 -1.884530431 -0.154819623 0.984351814 0.084157400 -0.991511326 0.560419321 0.017350689 0.828027487 2.933941102
3336667 0.978303607 1.739801253 0.500000000 0.500000000 0.000000000 0.000000000 0.792748570 0.183292702 -0.581337392 -1.727719606 -0.159850881 0.982853472 0.091905847 -0.920275726 0.588215172 0.020069133 0.808455229 2.708339104
3403400 0.978303607 1.739801253 0.500000000 0.500000000 0.000000000 0.000000000 0.771046758 0.191611856 -0.607265770 -1.583099790 -0.165459394 0.981183350 0.099510670 -0.852610924 0.614906490 0.023750488 0.788242221 2.471849544
3470133 0.978303607 1.739801253 0.500000000 0.500000000 0.000000000 0.000000000 0.748242617 0.200328261 -0.632456899 -1.450420331 -0.171673924 0.979315817 0.107091717 -0.773072027 0.640828490 0.028445758 0.767156899 2.236130035
3536867 0.978303607 1.739801253 0.500000000 0.500000000 0.000000000 0.000000000 0.723429322 0.209378928 -0.657883584 -1.316640315 -0.177702367 0.977268636 0.115619808 -0.700524163 0.667137325 0.033264622 0.744191885 1.953210601
3603600 0.978303607 1.739801253 0.500000000 0.500000000 0.000000000 0.000000000 0.696668506 0.218261495 -0.683384895 -1.177510115 -0.183605626 0.975114524 0.124260433 -0.620153037 0.693499804 0.038904972 0.719405651 1.653920334
3670333 0.978303607 1.739801253 0.500000000 0.500000000 0.000000000 0.000000000 0.668718398 0.227301225 -0.707919538 -1.049040148 -0.188883349 0.972823143 0.133933499 -0.540544042 0.719123781 0.044150371 0.693478107 1.334230143
3737067 0.978303607 1.739801253 0.500000000 0.500000000 0.000000000 0.000000000 0.638028979 0.237692326 -0.732407689 -0.917972679 -0.195963383 0.969968975 0.144078031 -0.420082864 0.744658947 0.051599216 0.665447354 1.022959546
3803800 0.978303607 1.739801253 0.500000000 0.500000000 0.000000000 0.000000000 0.605777740 0.247792825 -0.756063521 -0.800860022 -0.202964768 0.966953993 0.154289588 -0.300661996 0.769310534 0.059989039 0.636052489 0.779710097
3870533 0.978303607 1.739801253 0.500000000 0.500000000 0.000000000 0.000000000 0.570855618 0.259096414 -0.779097676 -0.677077170 -0.210205346 0.963398039 0.166366935 -0.209436057 0.793686271 0.068798915 0.604424596 0.569496114
3937267 0.978303607 1.739801253 0.500000000 0.500000000 0.000000000 0.000000000 0.532821715 0.268252105 -0.802584767 -0.502163233 -0.217972964 0.959929526 0.176133946 -0.109496031 0.817673087 0.081093654 0.569942951 0.388977174
4004000 0.978303607 1.739801253 0.500000000 0.500000000 0.000000000 0.000000000 0.495403647 0.278341323 -0.822861016 -0.373742582 -0.226545125 0.955890954 0.186948463 -0.030105053 0.838600934 0.093800500 0.536608815 0.232511747
4070733 0.978303607 1.739801253 0.500000000 0.500000000 0.000000000 0.000000000 0.455212891 0.288068265 -0.842495382 -0.201043109 -0.234413609 0.951609552 0.198719710 0.007234347 0.858971536 0.107032441 0.500712037 0.098060150
4137467 0.978303607 1.739801253 0.500000000 0.500000000 0.000000000 0.000000000 0.414495587 0.297674537 -0.859990597 -0.017162409 -0.242259666 0.946984529 0.211022854 0.016349301 0.877213955 0.120872863 0.464635372 0.021308911
4204200 0.978303607 1.739801253 0.500000000 0.500000000 0.000000000 0.000000000 0.373203158 0.306295693 -0.875730336 0.180801238 -0.251117468 0.942043543 0.222472712 0.035825304 0.893118560 0.136883304 0.428489685 -0.048992879
4270933 0.978303607 1.739801253 0.500000000 0.500000000 0.000000000 0.000000000 0.332608223 0.315462768 -0.888737619 0.359638813 -0.258856773 0.936736166 0.235623509 0.034844794 0.906843126 0.151685596 0.393225849 -0.073161243
4337667 0.978303607 1.739801253 0.500000000 0.500000000 0.000000000 0.000000000 0.291023910 0.324007124 -0.900179327 0.567578010 -0.267110378 0.931008220 0.248747930 0.033702593 0.918670475 0.168056145 0.357491493 -0.057422669
4404400 0.978303607 1.739801253 0.500000000 0.500000000 0.000000000 0.000000000 0.250447929 0.332461089 -0.909254670 0.766404905 -0.274841279 0.924962282 0.262501270 0.021920023 0.928297758 0.184158236 0.323029101 0.009063000
4471133 0.978303607 1.739801253 0.500000000 0.500000000 0.000000000 0.000000000 0.210200429 0.340347439 -0.916503727 0.989402704 -0.283138663 0.918466210 0.276138246 0.016499146 0.935760677 0.201453343 0.289427519 0.097983508
4537867 0.978303607 1.739801253 0.500000000 0.500000000 0.000000000 0.000000000 0.171861708 0.347854942 -0.921660781 1.221997693 -0.290583402 0.911854744 0.289968938 -0.003345131 0.941287875 0.217985362 0.257793963 0.253489604
4604600 0.978303607 1.739801253 0.500000000 0.500000000 0.000000000 0.000000000 0.136836112 0.353753388 -0.925274551 1.449327853 -0.295720160 0.906056643 0.302672714 -0.064834732 0.945422709 0.232206196 0.228593409 0.414827502
4671333 0.978303607 1.739801253 0.500000000 0.500000000 0.000000000 0.000000000 0.104548693 0.358511001 -0.927652478 1.670419487 -0.301801294 0.900214911 0.313893378 -0.108839873 0.947620869 0.247149646 0.202315450 0.561043809
4738067 0.978303607 1.739801253 0.500000000 0.500000000 0.000000000 0.000000000 0.074523389 0.360639602 -0.929722667 1.893367854 -0.306432635 0.895488977 0.322797716 -0.164627644 0.948970079 0.260841727 0.177246749 0.706972293
4804800 0.978303607 1.739801253 0.500000000 0.500000000 0.000000000 0.000000000 0.048118711 0.362671047 -0.930674851 2.101812858 -0.311132103 0.890839696 0.331061423 -0.199103468 0.949148476 0.273632109 0.155704498 0.778020043
4871533 0.978303607 1.739801253 0.500000000 0.500000000 0.000000000 0.000000000 0.024109244 0.363859296 -0.931142211 2.316321509 -0.314234436 0.886962354 0.338459134 -0.234271251 0.949039578 0.284436762 0.135721028 0.802051555
4938267 0.978303607 1.739801253 0.500000000 0.500000000 0.000000000 0.000000000 0.002551615 0.364376664 -0.931247115 2.533515207 -0.316694558 0.883611321 0.344870031 -0.256523428 0.948523164 0.294041514 0.117650926 0.822027592
5005000 0.978303607 1.739801253 0.500000000 0.500000000 0.000000000 0.000000000 -0.017495394 0.363918543 -0.931267381 2.783324683 -0.318175018 0.880964100 0.350238621 -0.271298584 0.947871447 0.302433014 0.100376785 0.846456313
5071733 0.978303607 1.739801253 0.500000000 0.500000000 0.000000000 0.000000000 -0.034670949 0.363768518 -0.930843771 3.030149106 -0.318860710 0.878699541 0.355267376 -0.281205971 0.947167099 0.309127003 0.085526168 0.824128668
5138467 0.978303607 1.739801253 0.500000000 0.500000000 0.000000000 0.000000000 -0.050911188 0.363921016 -0.930036008 3.280401743 -0.319389850 0.876406074 0.360419422 -0.291693133 0.946253479 0.315394253 0.071614087 0.765826119
5205200 0.978303607 1.739801253 0.500000000 0.500000000 0.000000000 0.000000000 -0.066460371 0.363483518 -0.929226875 3.537069506 -0.318859130 0.874716222 0.364966244 -0.306263987 0.945469022 0.320548326 0.057766080 0.709722891
5271933 0.978303607 1.739801253 0.500000000 0.500000000 0.000000000 0.000000000 -0.081741929 0.362995118 -0.928197861 3.800864229 -0.319703072 0.872549653 0.369387180 -0.294888669 0.943984509 0.326942652 0.044726908 0.644507228
5338667 0.978303607 1.739801253 0.500000000 0.500000000 0.000000000 0.000000000 -0.096247673 0.362199008 -0.927117407 4.065143362 -0.319677353 0.870848060 0.373403072 -0.282627493 0.942624629 0.332318127 0.031969905 0.519893203
5405400 0.978303607 1.739801253 0.500000000 0.500000000 0.000000000 0.000000000 -0.111623049 0.361634105 -0.925614178 4.334882321 -0.319360584 0.868971825 0.378016979 -0.262603264 0.941036522 0.337799937 0.018494308 0.391048359
5472133 0.978303607 1.739801253 0.500000000 0.500000000 0.000000000 0.000000000 -0.127669215 0.359963566 -0.924189150 4.607693979 -0.318835765 0.867459774 0.381912500 -0.228372589 0.939171493 0.343423396 0.004021525 0.297620470
5538867 0.978303607 1.739801253 0.500000000 0.500000000 0.000000000 0.000000000 -0.143943787 0.357887506 -0.922603905 4.879706352 -0.318195641 0.866062880 0.385599285 -0.176519244 0.937034070 0.349072784 -0.010786295 0.205470446
5605600 0.978303607 1.739801253 0.500000000 0.500000000 0.000000000 0.000000000 -0.161085248 0.355378449 -0.920737743 5.152131454 -0.317444026 0.864689529 0.389283061 -0.139434183 0.934495091 0.354990423 -0.026476026 0.162096266
5672333 0.978303607 1.739801253 0.500000000 0.500000000 0.000000000 0.000000000 -0.177891254 0.352811486 -0.918628991 5.420802780 -0.317258984 0.863108754 0.392925024 -0.109186305 0.931505144 0.361341059 -0.041607022 0.144292416
5739067 0.978303607 1.739801253 0.500000000 0.500000000 0.000000000 0.000000000 -0.195451021 0.349306405 -0.916396737 5.698264294 -0.318088651 0.861324191 0.396156758 -0.077608762 0.927694798 0.368924886 -0.057236195 0.134954778
5805800 0.978303607 1.739801253 0.500000000 0.500000000 0.000000000 0.000000000 -0.213580608 0.344168633 -0.914294183 5.986455511 -0.319560438 0.859789252 0.398301184 -0.045345426 0.923183143 0.377240837 -0.073651910 0.189624172
5872533 0.978303607 1.739801253 0.500000000 0.500000000 0.000000000 0.000000000 -0.231005430 0.338847607 -0.912040710 6.274796208 -0.320445806 0.858597517 0.400155872 -0.046896339 0.918667793 0.384698004 -0.089758396 0.274980296
