https://www.youtube.com/watch?v=vaT0byPxja8
939738800 0.937378629 1.667020794 0.500000000 0.500000000 0.000000000 0.000000000 0.073752999 -0.191761255 0.978666246 -1.275879497 0.106294982 0.977260530 0.183475360 -0.837679521 -0.991595328 0.090495542 0.092459142 5.474246970
939805533 0.937378629 1.667020794 0.500000000 0.500000000 0.000000000 0.000000000 0.033592522 -0.195270360 0.980174959 -1.176981999 0.104354382 0.976052165 0.190872669 -0.828840709 -0.993973672 0.095873356 0.053165376 5.238700437
939872267 0.937378629 1.667020794 0.500000000 0.500000000 0.000000000 0.000000000 -0.003242373 -0.198475480 0.980100274 -1.087229416 0.101739496 0.974954426 0.197769955 -0.801838640 -0.994805574 0.100356206 0.017031670 4.935407786
939939000 0.937378629 1.667020794 0.500000000 0.500000000 0.000000000 0.000000000 -0.040105343 -0.201222301 0.978724718 -1.025911317 0.097257815 0.974075019 0.204251736 -0.763816756 -0.994451284 0.103380077 -0.019495249 4.753074151
940005733 0.937378629 1.667020794 0.500000000 0.500000000 0.000000000 0.000000000 -0.076353669 -0.201017633 0.976608396 -0.979882636 0.097160116 0.973305404 0.207934082 -0.686822456 -0.992336631 0.110763609 -0.054784536 4.455998343
940072467 0.937378629 1.667020794 0.500000000 0.500000000 0.000000000 0.000000000 -0.112647414 -0.200364992 0.973223507 -0.931359061 0.095441356 0.972747326 0.211313963 -0.606880669 -0.989040434 0.116689831 -0.090454459 4.229227854
940139200 0.937378629 1.667020794 0.500000000 0.500000000 0.000000000 0.000000000 -0.150189757 -0.198488683 0.968527377 -0.886515316 0.093534678 0.972392499 0.213785231 -0.535212046 -0.984222710 0.122699253 -0.127477884 4.007420392
940205933 0.937378629 1.667020794 0.500000000 0.500000000 0.000000000 0.000000000 -0.189115882 -0.195501685 0.962297261 -0.840369670 0.092604488 0.972061992 0.215684727 -0.474038055 -0.977579296 0.129902199 -0.165728092 3.782316232
940272667 0.937378629 1.667020794 0.500000000 0.500000000 0.000000000 0.000000000 -0.228323221 -0.194119364 0.954037011 -0.797640325 0.090462893 0.971451700 0.219312638 -0.441790247 -0.969373763 0.136379063 -0.204244375 3.518181705
940339400 0.937378629 1.667020794 0.500000000 0.500000000 0.000000000 0.000000000 -0.270488501 -0.190236911 0.943740427 -0.776601085 0.089315370 0.971095741 0.221350104 -0.417658107 -0.958571255 0.144163162 -0.245679140 3.274050499
940406133 0.937378629 1.667020794 0.500000000 0.500000000 0.000000000 0.000000000 -0.314818263 -0.187452912 0.930456281 -0.775379408 0.087584198 0.970384002 0.225130782 -0.403798014 -0.945101261 0.152368829 -0.289076567 3.031743301
940472867 0.937378629 1.667020794 0.500000000 0.500000000 0.000000000 0.000000000 -0.357900739 -0.185692668 0.915109456 -0.760752929 0.085272826 0.969431877 0.230066031 -0.391061035 -0.929857910 0.160374761 -0.331125855 2.744780392
940539600 0.937378629 1.667020794 0.500000000 0.500000000 0.000000000 0.000000000 -0.401889563 -0.181351557 0.897551179 -0.750144290 0.085555658 0.968467593 0.233988971 -0.333114656 -0.911683440 0.170828074 -0.373701453 2.451444556
940606333 0.937378629 1.667020794 0.500000000 0.500000000 0.000000000 0.000000000 -0.448430896 -0.179553226 0.875597596 -0.747342522 0.080872998 0.967446327 0.239806592 -0.300370299 -0.890151739 0.178348780 -0.419311881 2.162912017
940673067 0.937378629 1.667020794 0.500000000 0.500000000 0.000000000 0.000000000 -0.488812685 -0.178557813 0.853919804 -0.682184770 0.077962518 0.965972066 0.246616751 -0.251558876 -0.868897974 0.187123179 -0.458258510 1.902409324
940739800 0.937378629 1.667020794 0.500000000 0.500000000 0.000000000 0.000000000 -0.530994892 -0.177389711 0.828600645 -0.655174233 0.073556513 0.964502752 0.253621638 -0.203547513 -0.844177485 0.195620507 -0.499097943 1.621083041
940839900 0.937378629 1.667020794 0.500000000 0.500000000 0.000000000 0.000000000 -0.585579038 -0.176102564 0.791254163 -0.606407815 0.067351222 0.962171972 0.263986439 -0.150402573 -0.807811260 0.207877159 -0.551566958 1.192097652
940906633 0.937378629 1.667020794 0.500000000 0.500000000 0.000000000 0.000000000 -0.617884278 -0.175159201 0.766511202 -0.596292734 0.062377751 0.960877717 0.269857556 -0.130609206 -0.783791542 0.214553803 -0.582785249 0.874813100
940973367 0.937378629 1.667020794 0.500000000 0.500000000 0.000000000 0.000000000 -0.645606637 -0.173860908 0.743616343 -0.593409459 0.057298165 0.959966838 0.274190873 -0.113067077 -0.761518121 0.219627187 -0.609799027 0.508862384
941040100 0.937378629 1.667020794 0.500000000 0.500000000 0.000000000 0.000000000 -0.671300650 -0.172095329 0.720928967 -0.623097989 0.051087953 0.959613621 0.276643604 -0.103054993 -0.739422381 0.222541809 -0.635397315 0.218175001
941106833 0.937378629 1.667020794 0.500000000 0.500000000 0.000000000 0.000000000 -0.692063808 -0.170058250 0.701518297 -0.661702004 0.047159649 0.959123790 0.279029638 -0.049111807 -0.720294118 0.226189658 -0.655754924 -0.217623955
941173567 0.937378629 1.667020794 0.500000000 0.500000000 0.000000000 0.000000000 -0.709707499 -0.167185783 0.684373558 -0.698195078 0.042750657 0.959423065 0.278711051 -0.011832631 -0.703200281 0.227060303 -0.673762560 -0.544718640
941240300 0.937378629 1.667020794 0.500000000 0.500000000 0.000000000 0.000000000 -0.724996805 -0.162768811 0.669245720 -0.752104865 0.040290736 0.959987879 0.277128249 0.061339527 -0.687575579 0.227880925 -0.689430237 -0.889204493
941307033 0.937378629 1.667020794 0.500000000 0.500000000 0.000000000 0.000000000 -0.738767982 -0.158783898 0.654985845 -0.811112505 0.037374929 0.960702479 0.275052339 0.138081511 -0.672920406 0.227680355 -0.703801632 -1.225866232
941373767 0.937378629 1.667020794 0.500000000 0.500000000 0.000000000 0.000000000 -0.751382470 -0.152873784 0.641916096 -0.867480965 0.036173798 0.961788118 0.271394700 0.208570437 -0.658876359 0.227141455 -0.717140794 -1.531393385
941440500 0.937378629 1.667020794 0.500000000 0.500000000 0.000000000 0.000000000 -0.762681842 -0.147352159 0.629763544 -0.925597365 0.034439258 0.963068008 0.267046750 0.262975614 -0.645855010 0.225360513 -0.729439735 -1.896126773
941507233 0.937378629 1.667020794 0.500000000 0.500000000 0.000000000 0.000000000 -0.773686171 -0.141130954 0.617650867 -1.011031168 0.033106983 0.964536786 0.261863828 0.284712210 -0.632704139 0.223048866 -0.741576314 -2.272481958
941573967 0.937378629 1.667020794 0.500000000 0.500000000 0.000000000 0.000000000 -0.782984376 -0.135613397 0.607077479 -1.097618693 0.031780694 0.965949774 0.256770283 0.306265464 -0.621227860 0.220340654 -0.752013564 -2.702225807
941640700 0.937378629 1.667020794 0.500000000 0.500000000 0.000000000 0.000000000 -0.791549563 -0.132091627 0.596659958 -1.182922517 0.027976152 0.967503548 0.251305103 0.313018763 -0.610465944 0.215612426 -0.762131572 -3.165766344
941707433 0.937378629 1.667020794 0.500000000 0.500000000 0.000000000 0.000000000 -0.796543241 -0.131175190 0.590180695 -1.251641599 0.024431031 0.968397498 0.248212367 0.357412614 -0.604088843 0.212130427 -0.768165827 -3.555294951
941774167 0.937378629 1.667020794 0.500000000 0.500000000 0.000000000 0.000000000 -0.793656349 -0.134861171 0.593227804 -1.244726646 0.019795310 0.968878746 0.246742830 0.399174533 -0.608041823 0.207572505 -0.766287088 -4.080307809
941840900 0.937378629 1.667020794 0.500000000 0.500000000 0.000000000 0.000000000 -0.785509586 -0.139918685 0.602824867 -1.190500319 0.015367769 0.969394624 0.245026320 0.430443288 -0.618658960 0.201734543 -0.759318590 -4.493891974
941907633 0.937378629 1.667020794 0.500000000 0.500000000 0.000000000 0.000000000 -0.772396088 -0.146281004 0.618069112 -1.076583659 0.012160517 0.969532609 0.244660407 0.452940877 -0.635027349 0.196490377 -0.747084379 -4.929696019
941974367 0.937378629 1.667020794 0.500000000 0.500000000 0.000000000 0.000000000 -0.756640196 -0.151733458 0.635981262 -0.922470242 0.009969883 0.969908893 0.243263826 0.465895767 -0.653755128 0.190403894 -0.732359290 -5.333257694
942074467 0.937378629 1.667020794 0.500000000 0.500000000 0.000000000 0.000000000 -0.724717855 -0.160116732 0.670185983 -0.574733846 0.008527599 0.970467806 0.241079882 0.474367008 -0.688994825 0.180429652 -0.701950073 -6.024525569
942141200 0.937378629 1.667020794 0.500000000 0.500000000 0.000000000 0.000000000 -0.696459174 -0.163138226 0.698805273 -0.219968484 0.010991752 0.971275926 0.237702057 0.506067679 -0.717510998 0.173231080 -0.674660802 -6.454858438
942207933 0.937378629 1.667020794 0.500000000 0.500000000 0.000000000 0.000000000 -0.666754723 -0.163462162 0.727132380 0.158898820 0.014133878 0.972701907 0.231627584 0.544121598 -0.745145380 0.164715588 -0.646243215 -6.885031747
