https://www.youtube.com/watch?v=EOdFN85Suak
7741067 0.983120684 1.748992374 0.500000000 0.500000000 0.000000000 0.000000000 0.994932592 -0.003379280 0.100487217 -1.614099951 -0.000250397 0.999348640 0.036086287 0.190841998 -0.100543708 -0.035928588 0.994283736 1.244140085
8675333 0.983120684 1.748992374 0.500000000 0.500000000 0.000000000 0.000000000 0.999803841 -0.003081281 -0.019564809 1.644979866 0.002147102 0.998864591 -0.047590677 -0.122751000 0.019689238 0.047539335 0.998675287 -1.758200017
8742067 0.983120684 1.748992374 0.500000000 0.500000000 0.000000000 0.000000000 0.998864174 -0.008754556 -0.046837159 2.129770027 0.005938576 0.998185039 -0.059927594 -0.056230291 0.047276795 0.059581380 0.997103274 -2.269140043
8808800 0.983120684 1.748992374 0.500000000 0.500000000 0.000000000 0.000000000 0.997088253 -0.013021806 -0.075135894 2.690599706 0.007576032 0.997353137 -0.072313920 0.030206211 0.075878672 0.071534127 0.994547784 -2.898350104
8875533 0.983120684 1.748992374 0.500000000 0.500000000 0.000000000 0.000000000 0.994579732 -0.015534408 -0.102809496 3.345009984 0.006770123 0.996353388 -0.085053682 0.161183981 0.103755854 0.083896637 0.991058052 -3.608079797
8942267 0.983120684 1.748992374 0.500000000 0.500000000 0.000000000 0.000000000 0.991255701 -0.015062945 -0.131092682 4.118430601 0.002349531 0.995320559 -0.096599400 0.304837023 0.131934300 0.095446691 0.986652553 -4.350220018
9009000 0.983120684 1.748992374 0.500000000 0.500000000 0.000000000 0.000000000 0.987033308 -0.010941422 -0.160142168 4.996950035 -0.006213767 0.994321764 -0.106233761 0.495127026 0.160395190 0.105851352 0.981360734 -5.111199971
9075733 0.983120684 1.748992374 0.500000000 0.500000000 0.000000000 0.000000000 0.982464075 -0.004501986 -0.186397508 5.910719563 -0.017069127 0.993338764 -0.113959610 0.730669959 0.185668901 0.115142867 0.975842774 -5.911610088
9142467 0.983120684 1.748992374 0.500000000 0.500000000 0.000000000 0.000000000 0.978113174 0.003782067 -0.208039150 6.963789756 -0.029515386 0.992246449 -0.120730475 0.977218276 0.205969498 0.124228418 0.970640957 -6.793370468
