https://www.youtube.com/watch?v=vzqs7bvLoQ8
39516667 0.925936583 1.649251073 0.500000000 0.500000000 0.000000000 0.000000000 0.999985635 -0.004695026 -0.002590932 0.012513496 0.004657342 0.999885976 -0.014363799 -2.467179743 0.002658075 0.014351526 0.999893486 8.116311176
39550000 0.925936583 1.649251073 0.500000000 0.500000000 0.000000000 0.000000000 0.999982715 -0.005595614 -0.001797905 -0.022365497 0.005566345 0.999858201 -0.015891628 -2.275119964 0.001886574 0.015881347 0.999872088 7.398999542
39583333 0.925936583 1.649251073 0.500000000 0.500000000 0.000000000 0.000000000 0.999976158 -0.006869919 -0.000684489 -0.061336000 0.006856395 0.999812424 -0.018113932 -2.078000023 0.000808801 0.018108806 0.999835670 6.621429347
39616667 0.925936583 1.649251073 0.500000000 0.500000000 0.000000000 0.000000000 0.999969244 -0.007841654 0.000131265 -0.097373003 0.007842723 0.999778748 -0.019516412 -1.920169838 0.000021805 0.019516841 0.999809504 5.966039761
39650000 0.925936583 1.649251073 0.500000000 0.500000000 0.000000000 0.000000000 0.999957204 -0.009182077 0.001145149 -0.126332003 0.009204654 0.999724805 -0.021577701 -1.752810011 -0.000946706 0.021587320 0.999766529 5.353520473
39683333 0.925936583 1.649251073 0.500000000 0.500000000 0.000000000 0.000000000 0.999942005 -0.010427526 0.002695463 -0.154823998 0.010486978 0.999678791 -0.023073265 -1.595590100 -0.002454000 0.023100195 0.999730170 4.666510452
39716667 0.925936583 1.649251073 0.500000000 0.500000000 0.000000000 0.000000000 0.999923050 -0.011721697 0.004058482 -0.187338995 0.011821110 0.999607325 -0.025405245 -1.436439874 -0.003759096 0.025451267 0.999669015 4.016010203
39750000 0.925936583 1.649251073 0.500000000 0.500000000 0.000000000 0.000000000 0.999904573 -0.012882119 0.004984529 -0.214942995 0.013013784 0.999541163 -0.027351439 -1.288740149 -0.004629897 0.027413696 0.999613464 3.483730196
39783333 0.925936583 1.649251073 0.500000000 0.500000000 0.000000000 0.000000000 0.999881387 -0.014082871 0.006237376 -0.233656018 0.014258472 0.999475837 -0.029065296 -1.139290119 -0.005824783 0.029150784 0.999558032 2.958679558
39816667 0.925936583 1.649251073 0.500000000 0.500000000 0.000000000 0.000000000 0.999851584 -0.015148758 0.008206537 -0.270243999 0.015394998 0.999406278 -0.030822899 -1.009219998 -0.007734736 0.030944664 0.999491155 2.367039905
39850000 0.925936583 1.649251073 0.500000000 0.500000000 0.000000000 0.000000000 0.999818265 -0.016345762 0.009811109 -0.304703017 0.016658656 0.999326169 -0.032705750 -0.889028003 -0.009269897 0.032863248 0.999416888 1.888530012
39883333 0.925936583 1.649251073 0.500000000 0.500000000 0.000000000 0.000000000 0.999789894 -0.017087501 0.011322055 -0.332477988 0.017467670 0.999256313 -0.034376197 -0.766883060 -0.010726232 0.034566745 0.999344826 1.483429967
39916667 0.925936583 1.649251073 0.500000000 0.500000000 0.000000000 0.000000000 0.999753952 -0.018076761 0.012855432 -0.337343982 0.018534774 0.999163628 -0.036449373 -0.636015982 -0.012185792 0.036678679 0.999252796 1.057559904
39950000 0.925936583 1.649251073 0.500000000 0.500000000 0.000000000 0.000000000 0.999707520 -0.018935245 0.015042904 -0.363079008 0.019499876 0.999075234 -0.038319606 -0.500091018 -0.014303402 0.038601737 0.999152303 0.620706989
39983333 0.925936583 1.649251073 0.500000000 0.500000000 0.000000000 0.000000000 0.999657452 -0.020187527 0.016657066 -0.384936015 0.020839892 0.998983622 -0.039967757 -0.371016010 -0.015833285 0.040301200 0.999062121 0.240805986
40016667 0.925936583 1.649251073 0.500000000 0.500000000 0.000000000 0.000000000 0.999606609 -0.021084983 0.018494874 -0.404717022 0.021836292 0.998903692 -0.041407906 -0.256061020 -0.017601512 0.041795477 0.998971105 -0.094101892
40050000 0.925936583 1.649251073 0.500000000 0.500000000 0.000000000 0.000000000 0.999549687 -0.021893630 0.020521391 -0.417467003 0.022750342 0.998837948 -0.042487763 -0.151549010 -0.019567333 0.042935498 0.998886228 -0.428876035
40083333 0.925936583 1.649251073 0.500000000 0.500000000 0.000000000 0.000000000 0.999495327 -0.022721043 0.022200221 -0.413367981 0.023686795 0.998739481 -0.044253588 -0.036391000 -0.021166751 0.044757105 0.998773634 -0.731651971
40116667 0.925936583 1.649251073 0.500000000 0.500000000 0.000000000 0.000000000 0.999442518 -0.023442497 0.023773134 -0.381325033 0.024493759 0.998689413 -0.044938516 0.058587901 -0.022688508 0.045495752 0.998706877 -0.990954008
40150000 0.925936583 1.649251073 0.500000000 0.500000000 0.000000000 0.000000000 0.999356449 -0.024658391 0.026051542 -0.353747025 0.025846532 0.998593152 -0.046300430 0.170375026 -0.024873195 0.046943974 0.998587787 -1.287000027
40183333 0.925936583 1.649251073 0.500000000 0.500000000 0.000000000 0.000000000 0.999282122 -0.025353726 0.028150681 -0.318421015 0.026656792 0.998542845 -0.046921529 0.279257000 -0.026920028 0.047638252 0.998501837 -1.539029958
40216667 0.925936583 1.649251073 0.500000000 0.500000000 0.000000000 0.000000000 0.999189854 -0.026519585 0.030271934 -0.276959006 0.027943660 0.998474002 -0.047631744 0.404615981 -0.028962566 0.048439059 0.998406172 -1.772000040
40250000 0.925936583 1.649251073 0.500000000 0.500000000 0.000000000 0.000000000 0.999098539 -0.027559377 0.032288328 -0.228391989 0.029087320 0.998430967 -0.047848996 0.517738981 -0.030918978 0.048745040 0.998332560 -1.974759938
40283333 0.925936583 1.649251073 0.500000000 0.500000000 0.000000000 0.000000000 0.998969674 -0.028925875 0.034969680 -0.178032001 0.030604890 0.998355567 -0.048471902 0.631183981 -0.033510081 0.049492206 0.998212218 -2.181120030
40316667 0.925936583 1.649251073 0.500000000 0.500000000 0.000000000 0.000000000 0.998847961 -0.030216409 0.037278220 -0.122712997 0.032004986 0.998317361 -0.048353925 0.749903957 -0.035754412 0.049491309 0.998134375 -2.336189964
40350000 0.925936583 1.649251073 0.500000000 0.500000000 0.000000000 0.000000000 0.998715580 -0.031273507 0.039863996 -0.047287910 0.033176303 0.998296201 -0.047999933 0.869615939 -0.038294949 0.049260817 0.998051524 -2.508780141
40383333 0.925936583 1.649251073 0.500000000 0.500000000 0.000000000 0.000000000 0.998552442 -0.032640986 0.042749569 0.039957407 0.034674026 0.998259127 -0.047711998 0.981309981 -0.041117780 0.049125232 0.997945905 -2.695459786
40416667 0.925936583 1.649251073 0.500000000 0.500000000 0.000000000 0.000000000 0.998380244 -0.034049310 0.045579679 0.146352001 0.036201507 0.998226583 -0.047256682 1.090660022 -0.043889791 0.048830193 0.997842312 -2.817029769
40450000 0.925936583 1.649251073 0.500000000 0.500000000 0.000000000 0.000000000 0.998163521 -0.035528112 0.049064003 0.261521018 0.037819821 0.998197496 -0.046598129 1.202779917 -0.047320023 0.048368149 0.997708023 -2.951619865
40483333 0.925936583 1.649251073 0.500000000 0.500000000 0.000000000 0.000000000 0.997937679 -0.036959082 0.052482631 0.388749052 0.039366327 0.998183846 -0.045599457 1.308039970 -0.050702002 0.047571469 0.997580230 -3.089739971
40516667 0.925936583 1.649251073 0.500000000 0.500000000 0.000000000 0.000000000 0.997642815 -0.038505759 0.056799259 0.510675006 0.041082535 0.998145580 -0.044918623 1.421640162 -0.054964300 0.047146197 0.997374654 -3.248059989
40550000 0.925936583 1.649251073 0.500000000 0.500000000 0.000000000 0.000000000 0.997324228 -0.040389918 0.060934179 0.659651994 0.043102786 0.998106420 -0.043883704 1.524400181 -0.059046336 0.046392716 0.997176647 -3.372910091
40583333 0.925936583 1.649251073 0.500000000 0.500000000 0.000000000 0.000000000 0.996998310 -0.042482033 0.064727202 0.825372904 0.045330063 0.998038173 -0.043185938 1.651930066 -0.062765583 0.045990396 0.996968091 -3.528759962
40616667 0.925936583 1.649251073 0.500000000 0.500000000 0.000000000 0.000000000 0.996582568 -0.044519134 0.069579065 0.980816023 0.047508262 0.997991145 -0.041912083 1.750849974 -0.067573398 0.045074429 0.996695578 -3.662519567
40650000 0.925936583 1.649251073 0.500000000 0.500000000 0.000000000 0.000000000 0.996154070 -0.046733160 0.074115284 1.180240000 0.049830180 0.997936130 -0.040502101 1.860399992 -0.072069533 0.044039510 0.996426880 -3.784800004
40683333 0.925936583 1.649251073 0.500000000 0.500000000 0.000000000 0.000000000 0.995670199 -0.049281236 0.078817584 1.397760041 0.052467432 0.997865558 -0.038877182 1.960999829 -0.076733433 0.042844214 0.996130705 -3.934340281
