https://www.youtube.com/watch?v=33Bf-aG0--g
32365667 0.803042789 1.428119905 0.500000000 0.500000000 0.000000000 0.000000000 0.999476612 0.032212071 -0.002972213 1.041900077 -0.032291092 0.998960912 -0.032162420 -1.013850039 0.001933106 0.032241561 0.999478221 5.576670461
32432400 0.803042789 1.428119905 0.500000000 0.500000000 0.000000000 0.000000000 0.999572992 0.029141616 0.002146842 1.083780107 -0.029044155 0.998913944 -0.036432855 -0.763067977 -0.003206222 0.036354944 0.999333799 5.250279663
32499133 0.803042789 1.428119905 0.500000000 0.500000000 0.000000000 0.000000000 0.999742270 0.012009379 0.019265706 1.194000009 -0.011182074 0.999034345 -0.042489536 -0.524872012 -0.019757373 0.042263158 0.998911142 4.936509804
32565867 0.803042789 1.428119905 0.500000000 0.500000000 0.000000000 0.000000000 0.999596715 0.009314289 0.026825715 1.222899996 -0.008169146 0.999063671 -0.042485960 -0.425658989 -0.027196322 0.042249687 0.998736858 4.611929634
32632600 0.803042789 1.428119905 0.500000000 0.500000000 0.000000000 0.000000000 0.999067426 0.017850390 0.039315119 1.291270011 -0.015835060 0.998573661 -0.050988976 -0.430606971 -0.040169217 0.050318871 0.997925043 4.238449904
32699333 0.803042789 1.428119905 0.500000000 0.500000000 0.000000000 0.000000000 0.996818900 0.041706350 0.067916535 1.377949912 -0.037495803 0.997363329 -0.062132921 -0.480886995 -0.070328794 0.059388686 0.995754421 3.731209830
32766067 0.803042789 1.428119905 0.500000000 0.500000000 0.000000000 0.000000000 0.996719778 0.039993953 0.070357345 1.336249868 -0.036763694 0.998235762 -0.046623372 -0.376887956 -0.072097875 0.043883845 0.996431708 3.193519955
32899533 0.803042789 1.428119905 0.500000000 0.500000000 0.000000000 0.000000000 0.999328494 0.013963147 0.033876143 1.129830002 -0.013291937 0.999712467 -0.019958559 -0.074704005 -0.034145087 0.019494876 0.999226749 2.267520148
32966267 0.803042789 1.428119905 0.500000000 0.500000000 0.000000000 0.000000000 0.999106646 0.015644653 0.039257623 1.046170000 -0.014471126 0.999445081 -0.030001128 -0.061670897 -0.039705195 0.029406225 0.998778641 1.859159964
33033000 0.803042789 1.428119905 0.500000000 0.500000000 0.000000000 0.000000000 0.998565316 0.020300671 0.049549628 0.920530996 -0.017709650 0.998480558 -0.052181676 -0.097814404 -0.050533663 0.051229306 0.997407615 1.435370019
33099733 0.803042789 1.428119905 0.500000000 0.500000000 0.000000000 0.000000000 0.996757269 0.027598400 0.075585872 0.735918963 -0.022672251 0.997609854 -0.065272838 -0.128775984 -0.077206641 0.063347474 0.995000601 0.982134866
33166467 0.803042789 1.428119905 0.500000000 0.500000000 0.000000000 0.000000000 0.992478907 0.026291985 0.119559124 0.476751017 -0.017420270 0.997057438 -0.074652381 -0.118589005 -0.121170074 0.072008155 0.990016460 0.499077981
33233200 0.803042789 1.428119905 0.500000000 0.500000000 0.000000000 0.000000000 0.986306548 0.028105428 0.162509739 0.139273003 -0.015275734 0.996704698 -0.079664446 -0.041338300 -0.164213210 0.076091103 0.983485699 0.063116294
33299933 0.803042789 1.428119905 0.500000000 0.500000000 0.000000000 0.000000000 0.979114473 0.011686332 0.202973738 -0.215421005 0.005239001 0.996564865 -0.082650021 0.088759303 -0.203242376 0.081987217 0.975689828 -0.321534982
33366667 0.803042789 1.428119905 0.500000000 0.500000000 0.000000000 0.000000000 0.971578300 0.007497822 0.236599699 -0.533151986 0.008478045 0.997754872 -0.066433229 0.154672994 -0.236566588 0.066550992 0.969333410 -0.636220989
33433400 0.803042789 1.428119905 0.500000000 0.500000000 0.000000000 0.000000000 0.966835678 0.014674556 0.254977316 -0.809573978 0.005081463 0.997045100 -0.076650478 0.186381020 -0.255348712 0.075404070 0.963904202 -0.958614044
33500133 0.803042789 1.428119905 0.500000000 0.500000000 0.000000000 0.000000000 0.965843976 0.014971140 0.258691460 -1.045729999 0.007170447 0.996403098 -0.084435850 0.210281006 -0.259025067 0.083406791 0.962262630 -1.314690021
33566867 0.803042789 1.428119905 0.500000000 0.500000000 0.000000000 0.000000000 0.962704003 0.011126417 0.270327896 -1.285069856 0.013823730 0.995826185 -0.090216793 0.218550952 -0.270203382 0.090589009 0.958532035 -1.720709757
33633600 0.803042789 1.428119905 0.500000000 0.500000000 0.000000000 0.000000000 0.957895458 0.006005124 0.287054569 -1.521380097 0.020611811 0.995763421 -0.089612439 0.224036027 -0.286376566 0.091756061 0.953713477 -2.135790268
33700333 0.803042789 1.428119905 0.500000000 0.500000000 0.000000000 0.000000000 0.956285000 0.002561342 0.292425245 -1.734490104 0.023812557 0.995958984 -0.086595155 0.282306049 -0.291465372 0.089773037 0.952359617 -2.525090025
