https://www.youtube.com/watch?v=Yj73_MuFV8Y
103436667 0.767171653 1.366196093 0.500000000 0.500000000 0.000000000 0.000000000 0.999523103 -0.006419179 0.030205088 -2.346450082 0.006641856 0.999951482 -0.007277637 0.073297398 -0.030156905 0.007474784 0.999517202 -3.954309722
103470033 0.767171653 1.366196093 0.500000000 0.500000000 0.000000000 0.000000000 0.999520540 -0.006599063 0.030251108 -2.309760031 0.006821992 0.999950290 -0.007272020 0.077961297 -0.030201614 0.007474906 0.999515891 -3.993220105
103503400 0.767171653 1.366196093 0.500000000 0.500000000 0.000000000 0.000000000 0.999521971 -0.006427223 0.030240821 -2.266999943 0.006653235 0.999950647 -0.007379074 0.081156595 -0.030191900 0.007576746 0.999515414 -4.026730167
103536767 0.767171653 1.366196093 0.500000000 0.500000000 0.000000000 0.000000000 0.999515951 -0.006700250 0.030379793 -2.221030025 0.006927246 0.999948800 -0.007372864 0.084792092 -0.030328838 0.007579743 0.999511242 -4.062339695
103570133 0.767171653 1.366196093 0.500000000 0.500000000 0.000000000 0.000000000 0.999515176 -0.006684941 0.030408468 -2.170439850 0.006913359 0.999948621 -0.007412743 0.093473896 -0.030357353 0.007619374 0.999510050 -4.098400192
103603500 0.767171653 1.366196093 0.500000000 0.500000000 0.000000000 0.000000000 0.999519706 -0.006719515 0.030252542 -2.113500086 0.006947589 0.999948204 -0.007440237 0.098583107 -0.030200981 0.007646846 0.999514580 -4.130699766
103636867 0.767171653 1.366196093 0.500000000 0.500000000 0.000000000 0.000000000 0.999525785 -0.006749320 0.030043779 -2.051899852 0.006976430 0.999947846 -0.007460916 0.102199008 -0.029991856 0.007666977 0.999520719 -4.156519720
103670233 0.767171653 1.366196093 0.500000000 0.500000000 0.000000000 0.000000000 0.999531567 -0.006889018 0.029818492 -1.981319901 0.007115246 0.999946654 -0.007487410 0.108988011 -0.029765321 0.007696068 0.999527276 -4.173849878
103703600 0.767171653 1.366196093 0.500000000 0.500000000 0.000000000 0.000000000 0.999538004 -0.007026250 0.029570883 -1.903990094 0.007252354 0.999945223 -0.007545872 0.119900993 -0.029516244 0.007756845 0.999534190 -4.182729771
103736967 0.767171653 1.366196093 0.500000000 0.500000000 0.000000000 0.000000000 0.999546409 -0.007066626 0.029275052 -1.816859914 0.007293037 0.999944270 -0.007634383 0.130505002 -0.029219471 0.007844425 0.999542236 -4.175340229
103770333 0.767171653 1.366196093 0.500000000 0.500000000 0.000000000 0.000000000 0.999556959 -0.006910378 0.028949762 -1.722650000 0.007135844 0.999944925 -0.007692114 0.140489992 -0.028895011 0.007895287 0.999551296 -4.156799825
103803700 0.767171653 1.366196093 0.500000000 0.500000000 0.000000000 0.000000000 0.999570727 -0.007074746 0.028430521 -1.619229931 0.007296002 0.999943852 -0.007686140 0.153291005 -0.028374549 0.007890269 0.999566197 -4.126520277
103837067 0.767171653 1.366196093 0.500000000 0.500000000 0.000000000 0.000000000 0.999592483 -0.007042584 0.027663719 -1.508139985 0.007258684 0.999943852 -0.007719052 0.170168000 -0.027607802 0.007916708 0.999587476 -4.087480364
103870433 0.767171653 1.366196093 0.500000000 0.500000000 0.000000000 0.000000000 0.999622643 -0.007367799 0.026463222 -1.387210023 0.007575237 0.999941289 -0.007747049 0.186589013 -0.026404589 0.007944590 0.999619782 -4.040550259
103903800 0.767171653 1.366196093 0.500000000 0.500000000 0.000000000 0.000000000 0.999664366 -0.007254807 0.024870666 -1.262440004 0.007451760 0.999941528 -0.007835541 0.204006996 -0.024812365 0.008018240 0.999659956 -3.992549826
103937167 0.767171653 1.366196093 0.500000000 0.500000000 0.000000000 0.000000000 0.999711215 -0.007482863 0.022836497 -1.134150156 0.007661885 0.999940515 -0.007761868 0.222514005 -0.022777056 0.007934596 0.999709070 -3.942830139
103970533 0.767171653 1.366196093 0.500000000 0.500000000 0.000000000 0.000000000 0.999766648 -0.007418527 0.020287052 -1.003949958 0.007578403 0.999940753 -0.007815200 0.242426000 -0.020227872 0.007967119 0.999763668 -3.890440276
104003900 0.767171653 1.366196093 0.500000000 0.500000000 0.000000000 0.000000000 0.999818444 -0.007491797 0.017519569 -0.871323992 0.007629282 0.999940515 -0.007793921 0.254996005 -0.017460136 0.007926167 0.999816120 -3.837140044
104037267 0.767171653 1.366196093 0.500000000 0.500000000 0.000000000 0.000000000 0.999862432 -0.007493693 0.014797892 -0.741040004 0.007610831 0.999940038 -0.007875456 0.273370013 -0.014737988 0.007986997 0.999859512 -3.781660329
104070633 0.767171653 1.366196093 0.500000000 0.500000000 0.000000000 0.000000000 0.999902368 -0.007596129 0.011730666 -0.610743050 0.007688543 0.999939620 -0.007853075 0.288709979 -0.011670305 0.007942501 0.999900341 -3.719640019
104104000 0.767171653 1.366196093 0.500000000 0.500000000 0.000000000 0.000000000 0.999937177 -0.007678617 0.008166433 -0.479689017 0.007743252 0.999938726 -0.007912740 0.302435997 -0.008105175 0.007975478 0.999935329 -3.647479987
104137367 0.767171653 1.366196093 0.500000000 0.500000000 0.000000000 0.000000000 0.999964416 -0.007428132 0.004002564 -0.348412021 0.007459655 0.999940813 -0.007919397 0.315000000 -0.003943501 0.007948972 0.999960601 -3.565789721
104170733 0.767171653 1.366196093 0.500000000 0.500000000 0.000000000 0.000000000 0.999971211 -0.007541692 -0.000820610 -0.216973996 0.007534922 0.999939919 -0.007963087 0.326709014 0.000880616 0.007956674 0.999967933 -3.473519878
104204100 0.767171653 1.366196093 0.500000000 0.500000000 0.000000000 0.000000000 0.999957442 -0.007332692 -0.005600155 -0.089738798 0.007287350 0.999940872 -0.008074324 0.339342013 0.005659031 0.008033170 0.999951720 -3.378859960
104237467 0.767171653 1.366196093 0.500000000 0.500000000 0.000000000 0.000000000 0.999915540 -0.007218405 -0.010807498 0.036116901 0.007130779 0.999941587 -0.008124541 0.351566996 0.010865512 0.008046789 0.999908566 -3.276439522
104270833 0.767171653 1.366196093 0.500000000 0.500000000 0.000000000 0.000000000 0.999848247 -0.006761815 -0.016055310 0.151800002 0.006631889 0.999944925 -0.008131884 0.358261989 0.016109413 0.008024173 0.999838054 -3.176449841
104304200 0.767171653 1.366196093 0.500000000 0.500000000 0.000000000 0.000000000 0.999741614 -0.006698438 -0.021721983 0.260159992 0.006523236 0.999945700 -0.008126510 0.363768007 0.021775240 0.007982712 0.999731004 -3.073579897
104337567 0.767171653 1.366196093 0.500000000 0.500000000 0.000000000 0.000000000 0.999604702 -0.006119391 -0.027441345 0.358577035 0.005897083 0.999949217 -0.008174862 0.363840006 0.027489975 0.008009805 0.999589980 -2.974699730
104370933 0.767171653 1.366196093 0.500000000 0.500000000 0.000000000 0.000000000 0.999423563 -0.005933698 -0.033426836 0.452051977 0.005660459 0.999949813 -0.008262966 0.365105964 0.033474192 0.008068992 0.999406993 -2.869659859
104404300 0.767171653 1.366196093 0.500000000 0.500000000 0.000000000 0.000000000 0.999200881 -0.005298391 -0.039617144 0.538990022 0.004974152 0.999953389 -0.008278376 0.362412997 0.039659157 0.008074700 0.999180615 -2.767949930
104437667 0.767171653 1.366196093 0.500000000 0.500000000 0.000000000 0.000000000 0.998931944 -0.004688046 -0.045967072 0.625062953 0.004307110 0.999955595 -0.008382683 0.358135008 0.046004333 0.008175745 0.998907804 -2.654999999
104471033 0.767171653 1.366196093 0.500000000 0.500000000 0.000000000 0.000000000 0.998610437 -0.003673743 -0.052570846 0.706641999 0.003234437 0.999959171 -0.008439110 0.350903007 0.052599702 0.008257345 0.998581529 -2.540179908
104504400 0.767171653 1.366196093 0.500000000 0.500000000 0.000000000 0.000000000 0.998246074 -0.003086942 -0.059120134 0.777466980 0.002594718 0.999961317 -0.008400788 0.341497998 0.059143782 0.008232654 0.998215556 -2.417830284
104537767 0.767171653 1.366196093 0.500000000 0.500000000 0.000000000 0.000000000 0.997828484 -0.002045108 -0.065834381 0.839833025 0.001490120 0.999962926 -0.008478066 0.331905016 0.065849282 0.008361554 0.997794569 -2.295990208
104571133 0.767171653 1.366196093 0.500000000 0.500000000 0.000000000 0.000000000 0.997363567 -0.001619922 -0.072548553 0.893056993 0.001006746 0.999963462 -0.008487726 0.320903985 0.072559655 0.008392310 0.997328758 -2.165009855
104604500 0.767171653 1.366196093 0.500000000 0.500000000 0.000000000 0.000000000 0.996866643 -0.000796920 -0.079096273 0.938303907 0.000126076 0.999963999 -0.008485980 0.306673023 0.079100192 0.008449418 0.996830881 -2.033420034
104637867 0.767171653 1.366196093 0.500000000 0.500000000 0.000000000 0.000000000 0.996311545 -0.000149521 -0.085809872 0.978328007 -0.000581953 0.999963701 -0.008499269 0.292746008 0.085808024 0.008517857 0.996275246 -1.894869917
104671233 0.767171653 1.366196093 0.500000000 0.500000000 0.000000000 0.000000000 0.995727539 0.000247826 -0.092339329 1.013180027 -0.001041666 0.999962926 -0.008548890 0.277012993 0.092333786 0.008608553 0.995690882 -1.752449991
104704600 0.767171653 1.366196093 0.500000000 0.500000000 0.000000000 0.000000000 0.995100796 0.000816557 -0.098861925 1.043189884 -0.001669373 0.999962091 -0.008543910 0.258926995 0.098851196 0.008667088 0.995064497 -1.605410106
104737967 0.767171653 1.366196093 0.500000000 0.500000000 0.000000000 0.000000000 0.994443953 0.001645897 -0.105254799 1.064049983 -0.002552381 0.999960780 -0.008478175 0.239057997 0.105236724 0.008699720 0.994409144 -1.457430035
104771333 0.767171653 1.366196093 0.500000000 0.500000000 0.000000000 0.000000000 0.993741572 0.002182551 -0.111682303 1.074910049 -0.003143887 0.999959528 -0.008432391 0.218054998 0.111659370 0.008730735 0.993708193 -1.302679951
104804700 0.767171653 1.366196093 0.500000000 0.500000000 0.000000000 0.000000000 0.993011832 0.003198773 -0.117971510 1.078150078 -0.004219044 0.999955833 -0.008399727 0.195910000 0.117939427 0.008838756 0.992981434 -1.148809952
104838067 0.767171653 1.366196093 0.500000000 0.500000000 0.000000000 0.000000000 0.992236733 0.003911299 -0.124301784 1.075789957 -0.004977317 0.999953449 -0.008266653 0.173235003 0.124263667 0.008821166 0.992210031 -0.985050022
104871433 0.767171653 1.366196093 0.500000000 0.500000000 0.000000000 0.000000000 0.991455674 0.004288666 -0.130373269 1.064489945 -0.005409936 0.999951363 -0.008247503 0.151757004 0.130331546 0.008882345 0.991430700 -0.820062054
104904800 0.767171653 1.366196093 0.500000000 0.500000000 0.000000000 0.000000000 0.990625918 0.005512647 -0.136491150 1.051189959 -0.006694205 0.999943972 -0.008199167 0.130820999 0.136438310 0.009036009 0.990607381 -0.641950070
104938167 0.767171653 1.366196093 0.500000000 0.500000000 0.000000000 0.000000000 0.989782751 0.006118542 -0.142452240 1.030380048 -0.007360290 0.999939382 -0.008191639 0.108663002 0.142393470 0.009156433 0.989767790 -0.465220998
104971533 0.767171653 1.366196093 0.500000000 0.500000000 0.000000000 0.000000000 0.988907039 0.006548380 -0.148391128 1.000910014 -0.007856281 0.999935269 -0.008229442 0.090269007 0.148327619 0.009303955 0.988894522 -0.280602042
105004900 0.767171653 1.366196093 0.500000000 0.500000000 0.000000000 0.000000000 0.988010824 0.007131795 -0.154219896 0.967545983 -0.008494158 0.999930501 -0.008176759 0.069420000 0.154150873 0.009388695 0.988002717 -0.097377372
105038267 0.767171653 1.366196093 0.500000000 0.500000000 0.000000000 0.000000000 0.987091064 0.007345187 -0.159991488 0.923468991 -0.008772190 0.999927759 -0.008214775 0.053219500 0.159919605 0.009512207 0.987084210 0.093554016
105071633 0.767171653 1.366196093 0.500000000 0.500000000 0.000000000 0.000000000 0.986160994 0.007935891 -0.165600449 0.867929979 -0.009414986 0.999922454 -0.008148614 0.030462197 0.165522933 0.009594973 0.986159265 0.282457984
105105000 0.767171653 1.366196093 0.500000000 0.500000000 0.000000000 0.000000000 0.985191762 0.008488483 -0.171245947 0.805719002 -0.010034614 0.999916315 -0.008165142 0.009725171 0.171162292 0.009762617 0.985194504 0.482558037
105138367 0.767171653 1.366196093 0.500000000 0.500000000 0.000000000 0.000000000 0.984197199 0.009139317 -0.176839724 0.733296931 -0.010734408 0.999909878 -0.008065385 -0.010814800 0.176750079 0.009836200 0.984206617 0.680461994
105171733 0.767171653 1.366196093 0.500000000 0.500000000 0.000000000 0.000000000 0.983170033 0.009745057 -0.182432681 0.658061029 -0.011397594 0.999902964 -0.008012056 -0.032033204 0.182336897 0.009956509 0.983185709 0.894049988
105205100 0.767171653 1.366196093 0.500000000 0.500000000 0.000000000 0.000000000 0.982118905 0.010309883 -0.187978998 0.581199957 -0.012013531 0.999896407 -0.007925886 -0.055055498 0.187877819 0.010042456 0.982141078 1.099969952
105238467 0.767171653 1.366196093 0.500000000 0.500000000 0.000000000 0.000000000 0.981032610 0.010965007 -0.193532184 0.504329010 -0.012739005 0.999887466 -0.007924294 -0.075418005 0.193423524 0.010239400 0.981061935 1.311280016
105271833 0.767171653 1.366196093 0.500000000 0.500000000 0.000000000 0.000000000 0.979941189 0.011363916 -0.198962569 0.419145976 -0.013183190 0.999882519 -0.007821416 -0.095688798 0.198850304 0.010287490 0.979975879 1.508789971
105305200 0.767171653 1.366196093 0.500000000 0.500000000 0.000000000 0.000000000 0.978754818 0.011758288 -0.204696611 0.337961992 -0.013640776 0.999876618 -0.007787812 -0.117741995 0.204579785 0.010414579 0.978794515 1.713410154
105338567 0.767171653 1.366196093 0.500000000 0.500000000 0.000000000 0.000000000 0.977568448 0.012142939 -0.210267767 0.249522007 -0.014090901 0.999870539 -0.007768444 -0.141884999 0.210146204 0.010557045 0.977612972 1.904710074
105371933 0.767171653 1.366196093 0.500000000 0.500000000 0.000000000 0.000000000 0.976301968 0.012468889 -0.216053322 0.158187010 -0.014482668 0.999865174 -0.007739984 -0.165300989 0.215927675 0.010685590 0.976350904 2.097939912
105405300 0.767171653 1.366196093 0.500000000 0.500000000 0.000000000 0.000000000 0.975003362 0.013059126 -0.221805945 0.061823336 -0.015114345 0.999857128 -0.007570916 -0.191402004 0.221675381 0.010734123 0.975061417 2.278969898
105438667 0.767171653 1.366196093 0.500000000 0.500000000 0.000000000 0.000000000 0.973625004 0.013423678 -0.227759004 -0.031679441 -0.015552763 0.999850512 -0.007555755 -0.214872000 0.227623522 0.010898750 0.973688245 2.467510250
105472033 0.767171653 1.366196093 0.500000000 0.500000000 0.000000000 0.000000000 0.972203493 0.014080127 -0.233713701 -0.129993058 -0.016265251 0.999840140 -0.007424725 -0.238994010 0.233571813 0.011019753 0.972277105 2.642800246
105505400 0.767171653 1.366196093 0.500000000 0.500000000 0.000000000 0.000000000 0.970728278 0.014472740 -0.239744008 -0.229981050 -0.016747223 0.999831975 -0.007452516 -0.260385999 0.239595860 0.011249414 0.970807552 2.821760075
105538767 0.767171653 1.366196093 0.500000000 0.500000000 0.000000000 0.000000000 0.969165444 0.015205010 -0.245941415 -0.329807030 -0.017539324 0.999819517 -0.007303526 -0.283045016 0.245785967 0.011391972 0.969257176 2.992219908
105572133 0.767171653 1.366196093 0.500000000 0.500000000 0.000000000 0.000000000 0.967524946 0.015525931 -0.252298325 -0.430192942 -0.017941033 0.999812603 -0.007274631 -0.302757026 0.252138108 0.011564877 0.967622161 3.163650044
105605500 0.767171653 1.366196093 0.500000000 0.500000000 0.000000000 0.000000000 0.965817273 0.016220188 -0.258715808 -0.535777019 -0.018701101 0.999799669 -0.007131014 -0.321161991 0.258548319 0.011725528 0.965927184 3.328670192
105638867 0.767171653 1.366196093 0.500000000 0.500000000 0.000000000 0.000000000 0.964013994 0.016509071 -0.265338331 -0.638351055 -0.019087713 0.999792278 -0.007142510 -0.339174958 0.265165299 0.011950182 0.964128911 3.489960047
105672233 0.767171653 1.366196093 0.500000000 0.500000000 0.000000000 0.000000000 0.962112308 0.017066464 -0.272118807 -0.751217091 -0.019724581 0.999780715 -0.007035683 -0.354932023 0.271939039 0.012136546 0.962237954 3.648830012
105705600 0.767171653 1.366196093 0.500000000 0.500000000 0.000000000 0.000000000 0.960089982 0.017479438 -0.279144555 -0.865280926 -0.020222478 0.999771357 -0.006949641 -0.370326018 0.278959244 0.012317277 0.960223913 3.792350023
105738967 0.767171653 1.366196093 0.500000000 0.500000000 0.000000000 0.000000000 0.957910776 0.018478155 -0.286470771 -0.982373029 -0.021297708 0.999750555 -0.006729350 -0.382926034 0.286274970 0.012547286 0.958065391 3.922500190
105772333 0.767171653 1.366196093 0.500000000 0.500000000 0.000000000 0.000000000 0.955618143 0.019214189 -0.293980807 -1.100450063 -0.022128792 0.999733388 -0.006590934 -0.392036972 0.293775767 0.012803858 0.955788612 4.046549932
105805700 0.767171653 1.366196093 0.500000000 0.500000000 0.000000000 0.000000000 0.953160107 0.019806417 -0.301816911 -1.217359912 -0.022837920 0.999717951 -0.006518398 -0.396351016 0.301602691 0.013105950 0.953343630 4.160780149
105839067 0.767171653 1.366196093 0.500000000 0.500000000 0.000000000 0.000000000 0.950459599 0.020561360 -0.310167253 -1.334079586 -0.023761481 0.999696255 -0.006542316 -0.398416994 0.309938550 0.013588242 0.950659454 4.269389375
105872433 0.767171653 1.366196093 0.500000000 0.500000000 0.000000000 0.000000000 0.947522402 0.021097952 -0.318992436 -1.453019968 -0.024416680 0.999681354 -0.006408061 -0.401548020 0.318755567 0.013860518 0.947735608 4.383299614
105905800 0.767171653 1.366196093 0.500000000 0.500000000 0.000000000 0.000000000 0.944415450 0.021672064 -0.328039467 -1.570370056 -0.025089642 0.999666035 -0.006188956 -0.403445993 0.327795804 0.014075331 0.944643795 4.483590277
