https://www.youtube.com/watch?v=H_w2nthiSfE
36169467 0.886515713 1.576567136 0.500000000 0.500000000 0.000000000 0.000000000 0.971120119 0.089792967 -0.221049502 -0.873766906 -0.136872426 0.968530178 -0.207882702 -2.113899826 0.195426717 0.232134670 0.952849388 5.789330046
36236200 0.886515713 1.576567136 0.500000000 0.500000000 0.000000000 0.000000000 0.971762240 0.090228163 -0.218029901 -0.802432183 -0.137922555 0.966919541 -0.214578554 -2.058399906 0.191456333 0.238590583 0.952060401 5.470200564
36302933 0.886515713 1.576567136 0.500000000 0.500000000 0.000000000 0.000000000 0.969291151 0.090906411 -0.228496581 -0.796389890 -0.141215041 0.966452658 -0.214540273 -1.932759827 0.201328039 0.240219146 0.949611366 5.130569653
36369667 0.886515713 1.576567136 0.500000000 0.500000000 0.000000000 0.000000000 0.967111766 0.099361181 -0.234141484 -0.736802043 -0.147921920 0.968574286 -0.199957535 -1.715639989 0.206915393 0.228015944 0.951417208 4.780199840
36436400 0.886515713 1.576567136 0.500000000 0.500000000 0.000000000 0.000000000 0.964229882 0.107041858 -0.242493063 -0.648459892 -0.155230403 0.969581127 -0.189251080 -1.525780104 0.214858949 0.220123813 0.951515198 4.425459832
36503133 0.886515713 1.576567136 0.500000000 0.500000000 0.000000000 0.000000000 0.961376429 0.114008680 -0.250514477 -0.556128109 -0.161600456 0.970588624 -0.178446263 -1.329890300 0.222802088 0.212037235 0.951524854 4.037120340
36569867 0.886515713 1.576567136 0.500000000 0.500000000 0.000000000 0.000000000 0.958610296 0.115827426 -0.260096818 -0.432501029 -0.162940517 0.972306907 -0.167540103 -1.150840042 0.233488202 0.202985972 0.950936377 3.664710348
36636600 0.886515713 1.576567136 0.500000000 0.500000000 0.000000000 0.000000000 0.954512119 0.118090034 -0.273790628 -0.344270994 -0.165746003 0.973432064 -0.157981768 -0.984858910 0.247860506 0.196175233 0.948725700 3.267750070
36703333 0.886515713 1.576567136 0.500000000 0.500000000 0.000000000 0.000000000 0.948949695 0.118448570 -0.292343050 -0.234378066 -0.169600025 0.973043442 -0.156276479 -0.829957194 0.265951782 0.197879866 0.943458140 2.906960443
36770067 0.886515713 1.576567136 0.500000000 0.500000000 0.000000000 0.000000000 0.943540812 0.120690838 -0.308487415 -0.150453934 -0.174941823 0.972355902 -0.154658809 -0.696730064 0.281293690 0.199894235 0.938571334 2.556420054
36836800 0.886515713 1.576567136 0.500000000 0.500000000 0.000000000 0.000000000 0.936921358 0.123958424 -0.326822072 -0.051270307 -0.180296555 0.972406626 -0.148048997 -0.583187988 0.299452037 0.197635174 0.933417797 2.278660091
36903533 0.886515713 1.576567136 0.500000000 0.500000000 0.000000000 0.000000000 0.932164192 0.128638819 -0.338410765 0.049630360 -0.189793274 0.969638407 -0.154206991 -0.532469863 0.308299035 0.207974374 0.928277016 2.015329802
36970267 0.886515713 1.576567136 0.500000000 0.500000000 0.000000000 0.000000000 0.929553986 0.130847335 -0.344685882 0.099799966 -0.196714550 0.966728866 -0.163519517 -0.504335942 0.311821729 0.219804958 0.924366236 1.703839852
37037000 0.886515713 1.576567136 0.500000000 0.500000000 0.000000000 0.000000000 0.924109578 0.132416576 -0.358451605 0.103737018 -0.203728408 0.964332998 -0.168987334 -0.442948116 0.323289990 0.229189515 0.918126285 1.399180213
37103733 0.886515713 1.576567136 0.500000000 0.500000000 0.000000000 0.000000000 0.914643943 0.131602526 -0.382239819 0.108408042 -0.208053768 0.963934004 -0.165966511 -0.363680036 0.346612394 0.231326669 0.909036815 1.132240118
37170467 0.886515713 1.576567136 0.500000000 0.500000000 0.000000000 0.000000000 0.906786323 0.125627130 -0.402437955 0.131689932 -0.207748026 0.963778675 -0.167246357 -0.310390950 0.366850406 0.235262439 0.900040150 0.893422934
37237200 0.886515713 1.576567136 0.500000000 0.500000000 0.000000000 0.000000000 0.896779060 0.120268360 -0.425820112 0.143113997 -0.210674182 0.962326884 -0.171881795 -0.257966003 0.389106214 0.243849307 0.888332069 0.629476016
37303933 0.886515713 1.576567136 0.500000000 0.500000000 0.000000000 0.000000000 0.884009778 0.113004938 -0.453603745 0.194875970 -0.214907244 0.959965289 -0.179670453 -0.185609992 0.415140152 0.256313235 0.872904301 0.355112883
37370667 0.886515713 1.576567136 0.500000000 0.500000000 0.000000000 0.000000000 0.872282267 0.113873973 -0.475558668 0.267881925 -0.220017090 0.959905028 -0.173708722 -0.097010219 0.436710209 0.256154180 0.862362385 0.083265859
37437400 0.886515713 1.576567136 0.500000000 0.500000000 0.000000000 0.000000000 0.863855004 0.111569956 -0.491229802 0.349914018 -0.219697818 0.960977972 -0.168090016 -0.009123886 0.453307241 0.253127515 0.854657292 -0.229988000
37504133 0.886515713 1.576567136 0.500000000 0.500000000 0.000000000 0.000000000 0.854485273 0.106898189 -0.508357942 0.457099020 -0.216740072 0.962715626 -0.161871552 0.080012351 0.472100347 0.248498350 0.845795453 -0.550986069
37570867 0.886515713 1.576567136 0.500000000 0.500000000 0.000000000 0.000000000 0.847007513 0.101374954 -0.521825254 0.567995094 -0.212588966 0.964327872 -0.157726765 0.174949086 0.487221092 0.244529992 0.838344097 -0.889753094
37637600 0.886515713 1.576567136 0.500000000 0.500000000 0.000000000 0.000000000 0.833467603 0.094458506 -0.544435024 0.654406133 -0.214167401 0.963486910 -0.160702601 0.267970129 0.509376287 0.250540614 0.823265076 -1.242350306
37704333 0.886515713 1.576567136 0.500000000 0.500000000 0.000000000 0.000000000 0.814355135 0.092346266 -0.572973013 0.796976002 -0.221573398 0.961947739 -0.159880474 0.388072160 0.536405802 0.257155001 0.803828537 -1.554560269
37771067 0.886515713 1.576567136 0.500000000 0.500000000 0.000000000 0.000000000 0.797757149 0.095034987 -0.595442653 0.927235066 -0.228647918 0.961428821 -0.152888253 0.532151065 0.557945967 0.258114398 0.788716257 -1.894700153
37837800 0.886515713 1.576567136 0.500000000 0.500000000 0.000000000 0.000000000 0.778735995 0.094951019 -0.620124400 1.092579530 -0.232760474 0.961656511 -0.145049244 0.653402622 0.582574069 0.257295609 0.770977378 -2.214339098
37904533 0.886515713 1.576567136 0.500000000 0.500000000 0.000000000 0.000000000 0.761690140 0.089873739 -0.641678035 1.254169837 -0.230084598 0.963308394 -0.138195500 0.771571819 0.605713665 0.252902418 0.754421115 -2.544969722
37971267 0.886515713 1.576567136 0.500000000 0.500000000 0.000000000 0.000000000 0.743897319 0.081796288 -0.663269699 1.439840750 -0.224959046 0.965210736 -0.133272961 0.874093545 0.629293859 0.248349801 0.736418486 -2.823381614
38038000 0.886515713 1.576567136 0.500000000 0.500000000 0.000000000 0.000000000 0.727248073 0.073931016 -0.682381451 1.666479714 -0.221065670 0.966434956 -0.130894601 0.964236876 0.649800122 0.246043950 0.719181538 -3.069479441
38104733 0.886515713 1.576567136 0.500000000 0.500000000 0.000000000 0.000000000 0.714701533 0.065873489 -0.696320653 1.878430100 -0.221447095 0.965650797 -0.135939956 1.060909976 0.663447738 0.251354665 0.704739630 -3.316190217
38171467 0.886515713 1.576567136 0.500000000 0.500000000 0.000000000 0.000000000 0.705005229 0.061890244 -0.706496596 2.057610585 -0.223650634 0.964755177 -0.138664514 1.163110406 0.673014283 0.255767554 0.693999231 -3.550330504
38238200 0.886515713 1.576567136 0.500000000 0.500000000 0.000000000 0.000000000 0.698426127 0.056649730 -0.713436604 2.231639912 -0.227847829 0.962594330 -0.146620125 1.303549877 0.678444028 0.264958322 0.685208559 -3.781339817
38304933 0.886515713 1.576567136 0.500000000 0.500000000 0.000000000 0.000000000 0.686814666 0.053813010 -0.724837899 2.428040420 -0.227457464 0.963078320 -0.144025400 1.415050440 0.690325260 0.263788521 0.673696518 -3.992101129
38371667 0.886515713 1.576567136 0.500000000 0.500000000 0.000000000 0.000000000 0.668376088 0.050155774 -0.742130578 2.682940214 -0.224483714 0.964803874 -0.136969194 1.488689770 0.709140599 0.258143187 0.656111002 -4.181419902
38438400 0.886515713 1.576567136 0.500000000 0.500000000 0.000000000 0.000000000 0.652489185 0.049261108 -0.756195605 2.984841644 -0.225897059 0.965160668 -0.132043406 1.561700904 0.723345697 0.256979167 0.640884757 -4.361872102
38505133 0.886515713 1.576567136 0.500000000 0.500000000 0.000000000 0.000000000 0.631785929 0.051176839 -0.773451567 3.325839491 -0.229156613 0.965549111 -0.123296849 1.633639764 0.740495563 0.255138785 0.621747851 -4.544929239
38571867 0.886515713 1.576567136 0.500000000 0.500000000 0.000000000 0.000000000 0.602550626 0.053275980 -0.796300650 3.779881259 -0.231805712 0.966437578 -0.110745654 1.678900562 0.763674736 0.251316845 0.594677210 -4.690731311
