https://www.youtube.com/watch?v=Q-0noXK4eyQ
57390667 0.962296839 1.725497714 0.500000000 0.500000000 0.000000000 0.000000000 0.999931335 0.007011882 0.009392234 -1.412760093 -0.006776822 0.999668717 -0.024829349 -2.210779853 -0.009563223 0.024763992 0.999647558 6.775429679
57457400 0.962296839 1.725497714 0.500000000 0.500000000 0.000000000 0.000000000 0.999942183 0.008625675 0.006416868 -1.375419870 -0.008450331 0.999603271 -0.026868269 -2.125680028 -0.006646080 0.026812490 0.999618411 6.339530336
57524133 0.962296839 1.725497714 0.500000000 0.500000000 0.000000000 0.000000000 0.999932945 0.011193808 0.002963393 -1.347919917 -0.011099996 0.999488950 -0.029977387 -2.001820035 -0.003297440 0.029942485 0.999546170 5.913129650
57590867 0.962296839 1.725497714 0.500000000 0.500000000 0.000000000 0.000000000 0.999903560 0.013673670 -0.002438918 -1.267380103 -0.013745439 0.999382198 -0.032346584 -1.904580073 0.001995115 0.032376990 0.999473751 5.461520617
57657600 0.962296839 1.725497714 0.500000000 0.500000000 0.000000000 0.000000000 0.999826849 0.016892737 -0.007804330 -1.206719944 -0.017160708 0.999216974 -0.035650469 -1.770869918 0.007195984 0.035778224 0.999333858 5.009139863
57724333 0.962296839 1.725497714 0.500000000 0.500000000 0.000000000 0.000000000 0.999687850 0.020517867 -0.014256836 -1.143650058 -0.021053914 0.999035776 -0.038525879 -1.655500034 0.013452620 0.038814016 0.999155879 4.531500052
57791067 0.962296839 1.725497714 0.500000000 0.500000000 0.000000000 0.000000000 0.999451458 0.024719713 -0.022040280 -1.046210141 -0.025634805 0.998778105 -0.042251449 -1.508520006 0.020968905 0.042793270 0.998863876 4.057139596
57857800 0.962296839 1.725497714 0.500000000 0.500000000 0.000000000 0.000000000 0.999116302 0.029385598 -0.030051842 -0.959846952 -0.030748921 0.998470008 -0.045957532 -1.358519978 0.028655376 0.046840977 0.998491287 3.581290191
57924533 0.962296839 1.725497714 0.500000000 0.500000000 0.000000000 0.000000000 0.998639643 0.033542227 -0.039922159 -0.824245972 -0.035495859 0.998154163 -0.049277339 -1.210359997 0.038195599 0.050627377 0.997986972 3.126249906
57991267 0.962296839 1.725497714 0.500000000 0.500000000 0.000000000 0.000000000 0.998063147 0.037630480 -0.049537376 -0.698907990 -0.040241908 0.997792900 -0.052819438 -1.052270044 0.047440417 0.054710612 0.997374654 2.644540230
58058000 0.962296839 1.725497714 0.500000000 0.500000000 0.000000000 0.000000000 0.997371137 0.041423019 -0.059455186 -0.556186923 -0.044806633 0.997382283 -0.056752943 -0.885456945 0.056948677 0.059267730 0.996616364 2.168089871
58124733 0.962296839 1.725497714 0.500000000 0.500000000 0.000000000 0.000000000 0.996563315 0.044943292 -0.069582097 -0.384523980 -0.049192730 0.996948481 -0.060612291 -0.719294019 0.066645645 0.063826919 0.995733142 1.725129869
58191467 0.962296839 1.725497714 0.500000000 0.500000000 0.000000000 0.000000000 0.995757341 0.049159113 -0.077786185 -0.245654999 -0.054258469 0.996418178 -0.064860329 -0.545262001 0.074319087 0.068805709 0.994858027 1.293319925
58258200 0.962296839 1.725497714 0.500000000 0.500000000 0.000000000 0.000000000 0.994934976 0.052159954 -0.085928410 -0.041560794 -0.058138993 0.995947719 -0.068614505 -0.424378989 0.082001284 0.073262759 0.993935823 0.882114071
58324933 0.962296839 1.725497714 0.500000000 0.500000000 0.000000000 0.000000000 0.994203269 0.055387668 -0.092152640 0.142269011 -0.062322825 0.995296717 -0.074163713 -0.265747015 0.087611467 0.079477020 0.992979169 0.491434008
58391667 0.962296839 1.725497714 0.500000000 0.500000000 0.000000000 0.000000000 0.993515313 0.058935434 -0.097231179 0.321673979 -0.066885263 0.994496882 -0.080636941 -0.083349704 0.091943726 0.086617373 0.991989791 0.146000985
58458400 0.962296839 1.725497714 0.500000000 0.500000000 0.000000000 0.000000000 0.992966294 0.061741479 -0.101024657 0.481392040 -0.070603050 0.993735611 -0.086629733 0.052289194 0.095043153 0.093153045 0.991105080 -0.208465988
58525133 0.962296839 1.725497714 0.500000000 0.500000000 0.000000000 0.000000000 0.992572844 0.064035393 -0.103433900 0.625972909 -0.073655181 0.993028224 -0.092031613 0.145661990 0.096819513 0.098966524 0.990369439 -0.570041024
58591867 0.962296839 1.725497714 0.500000000 0.500000000 0.000000000 0.000000000 0.992180169 0.066127293 -0.105856910 0.737328967 -0.076629274 0.992189467 -0.098427609 0.251260021 0.098521367 0.105769664 0.989498019 -0.830555034
58658600 0.962296839 1.725497714 0.500000000 0.500000000 0.000000000 0.000000000 0.991932034 0.067206703 -0.107489794 0.845897945 -0.078502588 0.991415083 -0.104563393 0.355274021 0.099539652 0.112158008 0.988692284 -1.105550155
58725333 0.962296839 1.725497714 0.500000000 0.500000000 0.000000000 0.000000000 0.991801739 0.067263186 -0.108650833 0.946294044 -0.079323456 0.990673304 -0.110788710 0.445546963 0.100185469 0.118499003 0.987887084 -1.364920104
58792067 0.962296839 1.725497714 0.500000000 0.500000000 0.000000000 0.000000000 0.991820991 0.067231074 -0.108494468 1.007359927 -0.079864472 0.989957333 -0.116645187 0.526901972 0.099562712 0.124356002 0.987229884 -1.614220036
58858800 0.962296839 1.725497714 0.500000000 0.500000000 0.000000000 0.000000000 0.991918147 0.066567324 -0.108015001 1.063190078 -0.079760589 0.989218712 -0.122819424 0.616708002 0.098674715 0.130442142 0.986533403 -1.843059904
58925533 0.962296839 1.725497714 0.500000000 0.500000000 0.000000000 0.000000000 0.992133081 0.066219747 -0.106240012 1.076799993 -0.079749748 0.988481104 -0.128627539 0.708751924 0.096498556 0.136088252 0.985985816 -2.058140061
58992267 0.962296839 1.725497714 0.500000000 0.500000000 0.000000000 0.000000000 0.992405593 0.064368948 -0.104822755 1.119730034 -0.078265920 0.987834811 -0.134375885 0.806285055 0.094897926 0.141559437 0.985370636 -2.270090031
59059000 0.962296839 1.725497714 0.500000000 0.500000000 0.000000000 0.000000000 0.992805719 0.061876878 -0.102508701 1.133419963 -0.075960666 0.987269700 -0.139744341 0.913778977 0.092556782 0.146525621 0.984867215 -2.459770033
59125733 0.962296839 1.725497714 0.500000000 0.500000000 0.000000000 0.000000000 0.993303716 0.057889007 -0.099983163 1.148160063 -0.072070189 0.986859560 -0.144616872 1.022099915 0.090297602 0.150854290 0.984423339 -2.640959967
59192467 0.962296839 1.725497714 0.500000000 0.500000000 0.000000000 0.000000000 0.993893385 0.052982081 -0.096792474 1.143499910 -0.067144036 0.986483037 -0.149475351 1.152889982 0.087564617 0.155061617 0.984016418 -2.837850263
59259200 0.962296839 1.725497714 0.500000000 0.500000000 0.000000000 0.000000000 0.994563997 0.047199868 -0.092814833 1.113960000 -0.061169803 0.986182034 -0.153958455 1.290979900 0.084265500 0.158799008 0.983708382 -3.008319923
59325933 0.962296839 1.725497714 0.500000000 0.500000000 0.000000000 0.000000000 0.995472848 0.041048367 -0.085725330 0.948037082 -0.054267582 0.985935032 -0.158073366 1.434860062 0.078030951 0.162009835 0.983699143 -3.202590028
59392667 0.962296839 1.725497714 0.500000000 0.500000000 0.000000000 0.000000000 0.996541560 0.034842659 -0.075438119 0.644130037 -0.046751227 0.985624254 -0.162355125 1.605119967 0.068696745 0.165320456 0.983844459 -3.408719922
59459400 0.962296839 1.725497714 0.500000000 0.500000000 0.000000000 0.000000000 0.997550964 0.028125310 -0.064039759 0.299239031 -0.038453043 0.985335171 -0.166240752 1.776260091 0.058425061 0.168296129 0.984003544 -3.590330023
59526133 0.962296839 1.725497714 0.500000000 0.500000000 0.000000000 0.000000000 0.998488843 0.020109423 -0.051143151 -0.049544890 -0.028519411 0.985126853 -0.169445470 1.946689929 0.046975035 0.170647994 0.984211683 -3.774100093
59592867 0.962296839 1.725497714 0.500000000 0.500000000 0.000000000 0.000000000 0.999260783 0.010727707 -0.036915589 -0.380636967 -0.016920127 0.984992146 -0.171768025 2.097120209 0.034518886 0.172265664 0.984445512 -3.963279846
59659600 0.962296839 1.725497714 0.500000000 0.500000000 0.000000000 0.000000000 0.999798656 0.001457261 -0.020012142 -0.762673011 -0.004907267 0.984830320 -0.173450857 2.246520226 0.019455800 0.173514128 0.984639168 -4.102920300
59726333 0.962296839 1.725497714 0.500000000 0.500000000 0.000000000 0.000000000 0.999961555 -0.008691068 -0.001157968 -1.153910021 0.008357408 0.984735847 -0.173854843 2.366360173 0.002651277 0.173838481 0.984770596 -4.236890011
