https://www.youtube.com/watch?v=jMV8T0N3ZmE
50433333 0.839672989 1.509785399 0.500000000 0.500000000 0.000000000 0.000000000 0.926127911 -0.066119350 0.371369362 4.817159778 0.063534521 0.997794807 0.019205803 -0.344879979 -0.371820271 0.005807757 0.928286552 1.227650080
50500000 0.839672989 1.509785399 0.500000000 0.500000000 0.000000000 0.000000000 0.916171312 -0.070872717 0.394470721 4.588630146 0.068020709 0.997458041 0.021228295 -0.302825978 -0.394972473 0.007383429 0.918663263 1.061809975
50566667 0.839672989 1.509785399 0.500000000 0.500000000 0.000000000 0.000000000 0.906129122 -0.075210288 0.416261286 4.367320276 0.071773872 0.997133970 0.023923278 -0.271706945 -0.416867524 0.008199103 0.908930302 0.909607216
50633333 0.839672989 1.509785399 0.500000000 0.500000000 0.000000000 0.000000000 0.895563602 -0.079718627 0.437733829 4.139480626 0.075934730 0.996769249 0.026172735 -0.246823027 -0.438406050 0.009799834 0.898723662 0.765605162
50700000 0.839672989 1.509785399 0.500000000 0.500000000 0.000000000 0.000000000 0.884418547 -0.083850689 0.459099919 3.896659585 0.079628550 0.996414542 0.028588705 -0.233560030 -0.459850997 0.011273107 0.887924433 0.626566916
50766667 0.839672989 1.509785399 0.500000000 0.500000000 0.000000000 0.000000000 0.872402966 -0.088317104 0.480742365 3.629160125 0.083883144 0.996000946 0.030752473 -0.224071972 -0.481535822 0.013497614 0.876322508 0.498582981
50833333 0.839672989 1.509785399 0.500000000 0.500000000 0.000000000 0.000000000 0.859770179 -0.092488416 0.502236068 3.343709724 0.087803505 0.995590031 0.033031676 -0.217261067 -0.503076255 0.015698437 0.864099443 0.381390201
50900000 0.839672989 1.509785399 0.500000000 0.500000000 0.000000000 0.000000000 0.846053839 -0.096627243 0.524267197 3.056169917 0.091631643 0.995158434 0.035543166 -0.209196981 -0.525163412 0.017968036 0.850811720 0.273074875
50966667 0.839672989 1.509785399 0.500000000 0.500000000 0.000000000 0.000000000 0.831049025 -0.100993216 0.546953201 2.770909696 0.095421225 0.994685173 0.038681071 -0.196922038 -0.547952771 0.020045087 0.836269021 0.176721021
51033333 0.839672989 1.509785399 0.500000000 0.500000000 0.000000000 0.000000000 0.814773083 -0.105588384 0.570084572 2.476121189 0.099408694 0.994157493 0.042056851 -0.179180976 -0.571194530 0.022404499 0.820509136 0.092444355
51100000 0.839672989 1.509785399 0.500000000 0.500000000 0.000000000 0.000000000 0.797346950 -0.109599903 0.593486071 2.190040121 0.102483064 0.993678987 0.045818366 -0.156851015 -0.594756365 0.024289124 0.803539038 0.019322510
51166667 0.839672989 1.509785399 0.500000000 0.500000000 0.000000000 0.000000000 0.778238356 -0.114608325 0.617421925 1.902169595 0.105984621 0.993071914 0.050748132 -0.126721017 -0.618960559 0.025943125 0.784993410 -0.049235010
51233333 0.839672989 1.509785399 0.500000000 0.500000000 0.000000000 0.000000000 0.758710802 -0.119271986 0.640415847 1.600360514 0.109191172 0.992471337 0.055478811 -0.091865713 -0.642211497 0.027835317 0.766022205 -0.117525018
51300000 0.839672989 1.509785399 0.500000000 0.500000000 0.000000000 0.000000000 0.739021540 -0.123620808 0.662242115 1.294709484 0.111623347 0.991901517 0.060593553 -0.058017314 -0.664369643 0.029141821 0.746835589 -0.175774984
51366667 0.839672989 1.509785399 0.500000000 0.500000000 0.000000000 0.000000000 0.718925416 -0.127623469 0.683269978 0.999272388 0.113759138 0.991348684 0.065471925 -0.021540348 -0.685714602 0.030658877 0.727224112 -0.219525886
51433333 0.839672989 1.509785399 0.500000000 0.500000000 0.000000000 0.000000000 0.698522568 -0.131900534 0.703326464 0.699848780 0.115902118 0.990741849 0.070691392 0.010288681 -0.706139207 0.032137562 0.707343102 -0.241064914
51500000 0.839672989 1.509785399 0.500000000 0.500000000 0.000000000 0.000000000 0.678079426 -0.135664806 0.722359776 0.406284121 0.116845347 0.990215838 0.076287501 0.032828918 -0.725641608 0.032675341 0.687296748 -0.236934053
51566667 0.839672989 1.509785399 0.500000000 0.500000000 0.000000000 0.000000000 0.657516956 -0.138916880 0.740522325 0.120201979 0.117181897 0.989750504 0.081623413 0.049305091 -0.744271219 0.033107072 0.667056262 -0.206446963
51633333 0.839672989 1.509785399 0.500000000 0.500000000 0.000000000 0.000000000 0.635927677 -0.142446876 0.758488774 -0.165102064 0.116970979 0.989254177 0.087715343 0.054747303 -0.762832999 0.032940514 0.645756245 -0.153770071
51700000 0.839672989 1.509785399 0.500000000 0.500000000 0.000000000 0.000000000 0.613345921 -0.145830214 0.776234984 -0.459242192 0.116519623 0.988759637 0.093688414 0.049676088 -0.781172395 0.032983143 0.623443782 -0.079023946
51766667 0.839672989 1.509785399 0.500000000 0.500000000 0.000000000 0.000000000 0.590155840 -0.148943767 0.793430030 -0.750042507 0.116413169 0.988261580 0.098929279 0.039981718 -0.798851311 0.033982106 0.600567400 0.018647973
51833333 0.839672989 1.509785399 0.500000000 0.500000000 0.000000000 0.000000000 0.565530658 -0.152464509 0.810511589 -1.035299374 0.116265714 0.987687528 0.104669005 0.024231644 -0.816490531 0.035041276 0.576294065 0.144884947
51900000 0.839672989 1.509785399 0.500000000 0.500000000 0.000000000 0.000000000 0.539931595 -0.155639648 0.827194154 -1.305009990 0.115826048 0.987145007 0.110132247 0.006305850 -0.833701551 0.036346748 0.551017880 0.298759112
51966667 0.839672989 1.509785399 0.500000000 0.500000000 0.000000000 0.000000000 0.512344778 -0.159122109 0.843909025 -1.569269266 0.115457974 0.986525536 0.115917370 -0.014514944 -0.850982785 0.038046453 0.523813128 0.469786730
52033333 0.839672989 1.509785399 0.500000000 0.500000000 0.000000000 0.000000000 0.486167908 -0.162208095 0.858679473 -1.822242051 0.115360156 0.985934794 0.120932505 -0.033975818 -0.866218150 0.040263727 0.498042166 0.654319768
52100000 0.839672989 1.509785399 0.500000000 0.500000000 0.000000000 0.000000000 0.461459577 -0.165046096 0.871673584 -2.053249956 0.115108192 0.985375762 0.125637203 -0.052883161 -0.879661918 0.042360272 0.473709285 0.848315915
52166667 0.839672989 1.509785399 0.500000000 0.500000000 0.000000000 0.000000000 0.439445138 -0.167403474 0.882532716 -2.271799908 0.114825919 0.984889686 0.129643083 -0.071475462 -0.890900016 0.044366620 0.452027261 1.052339754
52233333 0.839672989 1.509785399 0.500000000 0.500000000 0.000000000 0.000000000 0.420381129 -0.169242010 0.891424119 -2.473820310 0.114221230 0.984505653 0.133049205 -0.090883649 -0.900129616 0.045888167 0.433198631 1.264030138
52300000 0.839672989 1.509785399 0.500000000 0.500000000 0.000000000 0.000000000 0.403652608 -0.170993671 0.898790777 -2.669027593 0.113881752 0.984130085 0.136084288 -0.113233676 -0.907796562 0.047425229 0.416719735 1.489248510
52366667 0.839672989 1.509785399 0.500000000 0.500000000 0.000000000 0.000000000 0.389557779 -0.172226295 0.904755771 -2.855490652 0.113438681 0.983852625 0.138439998 -0.137503121 -0.913989365 0.048703898 0.402804554 1.718860260
52433333 0.839672989 1.509785399 0.500000000 0.500000000 0.000000000 0.000000000 0.377773941 -0.173438549 0.909509361 -3.035063770 0.112350784 0.983627319 0.140906483 -0.169426554 -0.919056833 0.048953086 0.391074717 1.960352450
52500000 0.839672989 1.509785399 0.500000000 0.500000000 0.000000000 0.000000000 0.367137194 -0.174296051 0.913690746 -3.209378725 0.111090332 0.983472705 0.142969608 -0.203260799 -0.923508942 0.049012817 0.380432010 2.201148950
52566667 0.839672989 1.509785399 0.500000000 0.500000000 0.000000000 0.000000000 0.357519627 -0.175288215 0.917307675 -3.392508558 0.109803960 0.983304620 0.145103574 -0.245125719 -0.927427828 0.048846707 0.370798051 2.434029052
52633333 0.839672989 1.509785399 0.500000000 0.500000000 0.000000000 0.000000000 0.348821938 -0.175541520 0.920602202 -3.572699750 0.108535357 0.983258665 0.146364197 -0.290587872 -0.930883050 0.048862856 0.362034678 2.669869391
52700000 0.839672989 1.509785399 0.500000000 0.500000000 0.000000000 0.000000000 0.340183735 -0.176239476 0.923696280 -3.744420662 0.107455656 0.983131588 0.148005292 -0.342126093 -0.934199333 0.048907381 0.353383243 2.902930393
52766667 0.839672989 1.509785399 0.500000000 0.500000000 0.000000000 0.000000000 0.332072020 -0.176519513 0.926589966 -3.912810011 0.106684864 0.983058691 0.149043262 -0.395316002 -0.937201381 0.049360044 0.345278263 3.139880056
52833333 0.839672989 1.509785399 0.500000000 0.500000000 0.000000000 0.000000000 0.323822618 -0.177367523 0.929344237 -4.091344195 0.105904773 0.982892692 0.150685757 -0.455472717 -0.940172374 0.049626384 0.337066948 3.370513271
52900000 0.839672989 1.509785399 0.500000000 0.500000000 0.000000000 0.000000000 0.316080987 -0.177671045 0.931947112 -4.270998252 0.105234943 0.982812226 0.151676536 -0.513265792 -0.942877531 0.050131403 0.329345465 3.597818611
52966667 0.839672989 1.509785399 0.500000000 0.500000000 0.000000000 0.000000000 0.309155703 -0.178034872 0.934198260 -4.447130458 0.104539871 0.982729733 0.152688220 -0.566591108 -0.945248246 0.050456524 0.322428286 3.817029850
53033333 0.839672989 1.509785399 0.500000000 0.500000000 0.000000000 0.000000000 0.302614152 -0.178224862 0.936301351 -4.621548633 0.104353607 0.982651114 0.153320253 -0.614367745 -0.947383046 0.051309600 0.315962493 4.033438694
53100000 0.839672989 1.509785399 0.500000000 0.500000000 0.000000000 0.000000000 0.296614707 -0.178539127 0.938159466 -4.784218777 0.104414485 0.982542574 0.153973192 -0.648451728 -0.949271798 0.052286781 0.310078621 4.264358680
