https://www.youtube.com/watch?v=KwpBIAxAd74
88588500 0.671211716 1.201894179 0.500000000 0.500000000 0.000000000 0.000000000 0.809900403 0.104460247 0.577191293 3.133221183 -0.060577430 0.993648648 -0.094830170 -0.101292879 -0.583431304 0.041838277 0.811084390 4.983512006
88621867 0.671211716 1.201894179 0.500000000 0.500000000 0.000000000 0.000000000 0.809955776 0.104525559 0.577101409 3.092879979 -0.060584940 0.993637800 -0.094938979 -0.000352414 -0.583353341 0.041932717 0.811135352 4.789780098
88655233 0.671211716 1.201894179 0.500000000 0.500000000 0.000000000 0.000000000 0.810000420 0.104429752 0.577056170 3.030159977 -0.060399011 0.993639648 -0.095038101 0.093003670 -0.583310723 0.042127296 0.811155975 4.603240330
88688600 0.671211716 1.201894179 0.500000000 0.500000000 0.000000000 0.000000000 0.809995651 0.104390226 0.577069819 2.944949373 -0.060410030 0.993646979 -0.094954111 0.161033995 -0.583316028 0.042051591 0.811155915 4.421729195
88721967 0.671211716 1.201894179 0.500000000 0.500000000 0.000000000 0.000000000 0.810117722 0.104359664 0.576903939 2.850209594 -0.060391761 0.993649244 -0.094942048 0.209973952 -0.583148241 0.042073965 0.811275363 4.224149620
88755333 0.671211716 1.201894179 0.500000000 0.500000000 0.000000000 0.000000000 0.810248792 0.104587547 0.576678514 2.736859529 -0.060558431 0.993622184 -0.095119007 0.234351892 -0.582948804 0.042147286 0.811414838 4.008579229
88788700 0.671211716 1.201894179 0.500000000 0.500000000 0.000000000 0.000000000 0.810294509 0.104785591 0.576578557 2.606910029 -0.060723960 0.993600905 -0.095235541 0.242867984 -0.582868278 0.042156696 0.811472356 3.769350018
88822067 0.671211716 1.201894179 0.500000000 0.500000000 0.000000000 0.000000000 0.810276866 0.104756966 0.576608658 2.462740649 -0.060415301 0.993583441 -0.095613688 0.248806048 -0.582924962 0.042637601 0.811406612 3.522070717
88855433 0.671211716 1.201894179 0.500000000 0.500000000 0.000000000 0.000000000 0.810361743 0.104660712 0.576506615 2.314919609 -0.060044549 0.993571103 -0.095974669 0.240606049 -0.582845092 0.043158099 0.811436296 3.272099455
88888800 0.671211716 1.201894179 0.500000000 0.500000000 0.000000000 0.000000000 0.810416162 0.104945056 0.576378524 2.156229896 -0.060226046 0.993536472 -0.096219033 0.215008046 -0.582750857 0.043264460 0.811498404 3.012409932
88922167 0.671211716 1.201894179 0.500000000 0.500000000 0.000000000 0.000000000 0.810462296 0.105069123 0.576290786 1.988049316 -0.060078926 0.993504167 -0.096643701 0.190002993 -0.582701623 0.043703109 0.811510086 2.718219157
88955533 0.671211716 1.201894179 0.500000000 0.500000000 0.000000000 0.000000000 0.810367942 0.105390489 0.576365173 1.801190270 -0.060056463 0.993449628 -0.097216718 0.159601006 -0.582835495 0.044166870 0.811389089 2.393020281
88988900 0.671211716 1.201894179 0.500000000 0.500000000 0.000000000 0.000000000 0.810367942 0.105736516 0.576301455 1.610729628 -0.060293831 0.993409157 -0.097482689 0.127787985 -0.582810640 0.044249393 0.811402202 2.063099464
89022267 0.671211716 1.201894179 0.500000000 0.500000000 0.000000000 0.000000000 0.810213804 0.105975159 0.576474786 1.419240424 -0.059922449 0.993342161 -0.098390482 0.119699046 -0.583063602 0.045173593 0.811169803 1.740350548
89055633 0.671211716 1.201894179 0.500000000 0.500000000 0.000000000 0.000000000 0.810051203 0.106057763 0.576687336 1.247489345 -0.059731152 0.993315279 -0.098777011 0.110556976 -0.583308458 0.045568183 0.810971260 1.432329382
89089000 0.671211716 1.201894179 0.500000000 0.500000000 0.000000000 0.000000000 0.809899867 0.106245577 0.576865554 1.089409746 -0.059855565 0.993294835 -0.098907180 0.108161976 -0.583505988 0.045576267 0.810828745 1.138389610
89122367 0.671211716 1.201894179 0.500000000 0.500000000 0.000000000 0.000000000 0.809575260 0.106129810 0.577342272 0.932308719 -0.059496760 0.993290961 -0.099162407 0.115820991 -0.583992958 0.045929410 0.810458183 0.858948754
89155733 0.671211716 1.201894179 0.500000000 0.500000000 0.000000000 0.000000000 0.809280992 0.106201082 0.577741861 0.774517127 -0.059377372 0.993273318 -0.099410705 0.124388004 -0.584413052 0.046146415 0.810143173 0.592128068
89189100 0.671211716 1.201894179 0.500000000 0.500000000 0.000000000 0.000000000 0.808883667 0.106446907 0.578252554 0.606891819 -0.059453119 0.993242323 -0.099674240 0.118439001 -0.584954977 0.046245914 0.809746146 0.331343952
89222467 0.671211716 1.201894179 0.500000000 0.500000000 0.000000000 0.000000000 0.808319271 0.106782444 0.578979433 0.416146876 -0.059375815 0.993185997 -0.100280195 0.104570018 -0.585742414 0.046680998 0.809151649 0.055091071
89255833 0.671211716 1.201894179 0.500000000 0.500000000 0.000000000 0.000000000 0.807765961 0.106949575 0.579720736 0.214281032 -0.059288301 0.993157685 -0.100611806 0.082138584 -0.586514473 0.046900179 0.808579862 -0.218189051
89289200 0.671211716 1.201894179 0.500000000 0.500000000 0.000000000 0.000000000 0.807014823 0.107320197 0.580697179 0.003483382 -0.059368424 0.993110120 -0.101032950 0.049686016 -0.587539077 0.047059976 0.807826042 -0.487310874
89322567 0.671211716 1.201894179 0.500000000 0.500000000 0.000000000 0.000000000 0.806136847 0.107417092 0.581897676 -0.201887963 -0.059469834 0.993113577 -0.100939646 0.020290401 -0.588733137 0.046765804 0.806973517 -0.754182986
89355933 0.671211716 1.201894179 0.500000000 0.500000000 0.000000000 0.000000000 0.805192471 0.107413463 0.583204687 -0.398160108 -0.059539147 0.993132591 -0.100711420 -0.002385788 -0.590017378 0.046368603 0.806058168 -1.015700343
89389300 0.671211716 1.201894179 0.500000000 0.500000000 0.000000000 0.000000000 0.804098845 0.107713483 0.584656417 -0.600941137 -0.059737913 0.993111134 -0.100805022 -0.025545034 -0.591486871 0.046131082 0.804994106 -1.278910434
89422667 0.671211716 1.201894179 0.500000000 0.500000000 0.000000000 0.000000000 0.802678704 0.107834496 0.586581767 -0.816304594 -0.059407599 0.993083596 -0.101270460 -0.047410558 -0.593445241 0.046440177 0.803533256 -1.550339493
89456033 0.671211716 1.201894179 0.500000000 0.500000000 0.000000000 0.000000000 0.801103950 0.108129799 0.588676691 -1.040539903 -0.059505265 0.993061423 -0.101430237 -0.088572067 -0.595559716 0.046226785 0.801979721 -1.823889632
89489400 0.671211716 1.201894179 0.500000000 0.500000000 0.000000000 0.000000000 0.799421191 0.108458064 0.590899646 -1.269759734 -0.059593417 0.993034124 -0.101645507 -0.120064950 -0.597807825 0.046043806 0.800315917 -2.086329448
89522767 0.671211716 1.201894179 0.500000000 0.500000000 0.000000000 0.000000000 0.797438920 0.108898133 0.593491673 -1.490309889 -0.059474468 0.992975533 -0.102286056 -0.130616025 -0.600461483 0.046269283 0.798313975 -2.328150125
89556133 0.671211716 1.201894179 0.500000000 0.500000000 0.000000000 0.000000000 0.794940114 0.109371372 0.596747994 -1.713050071 -0.059724592 0.992946088 -0.102425836 -0.135973048 -0.603741050 0.045781888 0.795864820 -2.521620037
89589500 0.671211716 1.201894179 0.500000000 0.500000000 0.000000000 0.000000000 0.791692257 0.110027939 0.600930035 -1.942989432 -0.060007960 0.992896736 -0.102738261 -0.142952959 -0.607965529 0.045276474 0.792671204 -2.691269372
89622867 0.671211716 1.201894179 0.500000000 0.500000000 0.000000000 0.000000000 0.787819266 0.110709257 0.605874717 -2.188529756 -0.060292341 0.992850125 -0.103021674 -0.151032968 -0.612948239 0.044632845 0.788861394 -2.831299921
89656233 0.671211716 1.201894179 0.500000000 0.500000000 0.000000000 0.000000000 0.783194840 0.111791551 0.611644506 -2.448021214 -0.060922693 0.992768109 -0.103440493 -0.170421063 -0.618784904 0.043751091 0.784341455 -2.946011366
89689600 0.671211716 1.201894179 0.500000000 0.500000000 0.000000000 0.000000000 0.777354658 0.113164023 0.618799746 -2.723358459 -0.062066108 0.992683828 -0.103569314 -0.214735965 -0.625992835 0.042103529 0.778691053 -3.048428221
89722967 0.671211716 1.201894179 0.500000000 0.500000000 0.000000000 0.000000000 0.770228386 0.114713982 0.627366781 -3.016390640 -0.062559679 0.992536366 -0.104679719 -0.254134008 -0.634692550 0.041379455 0.771656156 -3.138960517
89756333 0.671211716 1.201894179 0.500000000 0.500000000 0.000000000 0.000000000 0.761332154 0.116520785 0.637805820 -3.342730157 -0.063568734 0.992393851 -0.105420157 -0.314088994 -0.645238280 0.039715257 0.762948453 -3.200710231
89789700 0.671211716 1.201894179 0.500000000 0.500000000 0.000000000 0.000000000 0.751020551 0.118639424 0.649532616 -3.681108989 -0.064677536 0.992212534 -0.106447838 -0.362323008 -0.657103360 0.037934326 0.752845287 -3.228889358
89823067 0.671211716 1.201894179 0.500000000 0.500000000 0.000000000 0.000000000 0.738864422 0.120509677 0.662990332 -4.030287584 -0.065647893 0.992071569 -0.107164867 -0.382981004 -0.670648336 0.035656311 0.740917623 -3.211508123
89856433 0.671211716 1.201894179 0.500000000 0.500000000 0.000000000 0.000000000 0.724895477 0.123069838 0.677776039 -4.386499827 -0.067319945 0.991858006 -0.108100437 -0.393554897 -0.685561478 0.032733656 0.727278411 -3.135809434
89889800 0.671211716 1.201894179 0.500000000 0.500000000 0.000000000 0.000000000 0.709301949 0.125353023 0.693669319 -4.742669180 -0.068774343 0.991672814 -0.108880967 -0.390996017 -0.701541543 0.029522806 0.712016582 -3.033519533
89923167 0.671211716 1.201894179 0.500000000 0.500000000 0.000000000 0.000000000 0.692358613 0.128057346 0.710099459 -5.092321847 -0.070143506 0.991409302 -0.110396951 -0.375953922 -0.718136311 0.026625466 0.695393205 -2.920611462
