https://www.youtube.com/watch?v=VxOdmlcaHiI
27360667 0.949511315 1.688597356 0.500000000 0.500000000 0.000000000 0.000000000 0.991269708 0.000921054 0.131846771 2.832930289 0.001230347 0.999867439 -0.016235046 1.118180057 -0.131844237 0.016255528 0.991137147 4.874280048
27427400 0.949511315 1.688597356 0.500000000 0.500000000 0.000000000 0.000000000 0.990249574 0.000045334 0.139304549 2.738630061 0.002358353 0.999851167 -0.017089777 1.087229994 -0.139284581 0.017251674 0.990102112 4.578530070
27494133 0.949511315 1.688597356 0.500000000 0.500000000 0.000000000 0.000000000 0.989144087 -0.000788535 0.146946609 2.620830077 0.003563013 0.999820292 -0.018618602 1.016559981 -0.146905512 0.018940054 0.988969207 4.213910588
27560867 0.949511315 1.688597356 0.500000000 0.500000000 0.000000000 0.000000000 0.988035500 -0.002441485 0.154207245 2.478969891 0.005709562 0.999768317 -0.020753423 0.940396065 -0.154120848 0.021385575 0.987820506 3.862079877
27627600 0.949511315 1.688597356 0.500000000 0.500000000 0.000000000 0.000000000 0.986874759 -0.004230902 0.161432058 2.313709887 0.008039541 0.999704361 -0.022946926 0.846780027 -0.161287248 0.023943583 0.986617029 3.586080089
27694333 0.949511315 1.688597356 0.500000000 0.500000000 0.000000000 0.000000000 0.985584795 -0.006542121 0.169055656 2.142020073 0.010953195 0.999623120 -0.025173068 0.749802016 -0.168827251 0.026661891 0.985284984 3.310090081
27761067 0.949511315 1.688597356 0.500000000 0.500000000 0.000000000 0.000000000 0.984200001 -0.009864123 0.176785499 1.923779988 0.015119030 0.999482214 -0.028402410 0.677426987 -0.176413804 0.030626476 0.983839512 2.996589857
27827800 0.949511315 1.688597356 0.500000000 0.500000000 0.000000000 0.000000000 0.982882738 -0.012818191 0.183785766 1.692090083 0.018813744 0.999344885 -0.030915963 0.573645993 -0.183269083 0.033844464 0.982480049 2.727350013
27894533 0.949511315 1.688597356 0.500000000 0.500000000 0.000000000 0.000000000 0.981570125 -0.016366016 0.190400302 1.444600001 0.023277301 0.999146640 -0.034118887 0.464066984 -0.189679444 0.037922088 0.981113434 2.390189915
27961267 0.949511315 1.688597356 0.500000000 0.500000000 0.000000000 0.000000000 0.980361402 -0.020139905 0.196178183 1.179930021 0.027968070 0.998915851 -0.037214860 0.345026013 -0.195215985 0.041970737 0.979861796 2.079730026
28028000 0.949511315 1.688597356 0.500000000 0.500000000 0.000000000 0.000000000 0.979195952 -0.023353638 0.201568499 0.909372993 0.032047741 0.998686552 -0.039976776 0.221767009 -0.200370148 0.045604907 0.978658259 1.788540040
28094733 0.949511315 1.688597356 0.500000000 0.500000000 0.000000000 0.000000000 0.978028953 -0.026351942 0.206796795 0.667403989 0.035960719 0.998434424 -0.042843718 0.097623702 -0.205344021 0.049338955 0.977445424 1.511960166
28161467 0.949511315 1.688597356 0.500000000 0.500000000 0.000000000 0.000000000 0.977058053 -0.029375672 0.210937411 0.436472968 0.040132470 0.998093247 -0.046895850 -0.005881284 -0.209157616 0.054285411 0.976373971 1.212939897
28228200 0.949511315 1.688597356 0.500000000 0.500000000 0.000000000 0.000000000 0.976293385 -0.031619620 0.214129493 0.227029010 0.043408085 0.997776449 -0.050575577 -0.090343703 -0.212054178 0.058671549 0.975495100 0.953683025
28294933 0.949511315 1.688597356 0.500000000 0.500000000 0.000000000 0.000000000 0.975602806 -0.033424456 0.216983706 0.028778209 0.046295132 0.997439682 -0.054505348 -0.150288989 -0.214606345 0.063220866 0.974652350 0.731316951
28361667 0.949511315 1.688597356 0.500000000 0.500000000 0.000000000 0.000000000 0.975123763 -0.034472086 0.218964413 -0.149501033 0.048449591 0.997094095 -0.058787860 -0.201013003 -0.216301575 0.067934163 0.973960280 0.549287033
28428400 0.949511315 1.688597356 0.500000000 0.500000000 0.000000000 0.000000000 0.974789798 -0.034891803 0.220380053 -0.312848968 0.050055239 0.996719420 -0.063599199 -0.263372970 -0.217437997 0.073027030 0.973338485 0.362614008
28495133 0.949511315 1.688597356 0.500000000 0.500000000 0.000000000 0.000000000 0.974789023 -0.035623863 0.220266253 -0.448246948 0.051772051 0.996342659 -0.067977920 -0.301593987 -0.217039019 0.077667773 0.973068178 0.127734996
28561867 0.949511315 1.688597356 0.500000000 0.500000000 0.000000000 0.000000000 0.975140631 -0.035504110 0.218723878 -0.570667977 0.052611798 0.995951056 -0.072893411 -0.341522011 -0.215250269 0.082588792 0.973060310 -0.162289995
28628600 0.949511315 1.688597356 0.500000000 0.500000000 0.000000000 0.000000000 0.975833118 -0.035167009 0.215668768 -0.685683067 0.053069249 0.995556653 -0.077785835 -0.367638021 -0.211974978 0.087351382 0.973363400 -0.436301984
28695333 0.949511315 1.688597356 0.500000000 0.500000000 0.000000000 0.000000000 0.976898670 -0.034300637 0.210932374 -0.788175980 0.052710008 0.995214224 -0.082281545 -0.402376003 -0.207100600 0.091498986 0.974031448 -0.744221962
28762067 0.949511315 1.688597356 0.500000000 0.500000000 0.000000000 0.000000000 0.978361011 -0.033827145 0.204121217 -0.880487029 0.052506130 0.994841278 -0.086797893 -0.428038990 -0.200132087 0.095637292 0.975090027 -1.083769921
28828800 0.949511315 1.688597356 0.500000000 0.500000000 0.000000000 0.000000000 0.980214655 -0.033630729 0.195059374 -0.981370918 0.052207656 0.994491398 -0.090891525 -0.448931993 -0.190928116 0.099276796 0.976570845 -1.476240063
28895533 0.949511315 1.688597356 0.500000000 0.500000000 0.000000000 0.000000000 0.982226014 -0.033212557 0.184740514 -1.099609923 0.051394589 0.994195640 -0.094518200 -0.475539061 -0.180529028 0.102332890 0.978231728 -1.933969885
28962267 0.949511315 1.688597356 0.500000000 0.500000000 0.000000000 0.000000000 0.984604716 -0.032960594 0.171660095 -1.207480048 0.050253518 0.993976831 -0.097388908 -0.468780903 -0.167416155 0.104516104 0.980330706 -2.430960069
29029000 0.949511315 1.688597356 0.500000000 0.500000000 0.000000000 0.000000000 0.986974418 -0.032811590 0.157495648 -1.302629883 0.049101070 0.993706644 -0.100678347 -0.374408969 -0.153201044 0.107100166 0.982374132 -3.035979627
29095733 0.949511315 1.688597356 0.500000000 0.500000000 0.000000000 0.000000000 0.989565134 -0.032068469 0.140472189 -1.372969945 0.046794742 0.993598759 -0.102819361 -0.217235990 -0.136275724 0.108319812 0.984731317 -3.579250218
29162467 0.949511315 1.688597356 0.500000000 0.500000000 0.000000000 0.000000000 0.991959810 -0.030585663 0.122801594 -1.404360065 0.043535925 0.993603051 -0.104199670 -0.070907387 -0.118829034 0.108708166 0.986945927 -4.116530026
29229200 0.949511315 1.688597356 0.500000000 0.500000000 0.000000000 0.000000000 0.994105458 -0.029133487 0.104429767 -1.401669991 0.040181924 0.993627548 -0.105307445 0.042900382 -0.100696325 0.108882889 0.988941252 -4.653549981
29295933 0.949511315 1.688597356 0.500000000 0.500000000 0.000000000 0.000000000 0.995873690 -0.028017949 0.086316988 -1.389430018 0.037145775 0.993669212 -0.106026918 0.125658956 -0.082799882 0.108795732 0.990609765 -5.205319983
29362667 0.949511315 1.688597356 0.500000000 0.500000000 0.000000000 0.000000000 0.997365713 -0.026570287 0.067495458 -1.349429920 0.033687659 0.993730843 -0.106602788 0.195890997 -0.064239852 0.108595729 0.992008150 -5.768409980
29429400 0.949511315 1.688597356 0.500000000 0.500000000 0.000000000 0.000000000 0.998439491 -0.025828334 0.049512763 -1.309070047 0.031018363 0.993764579 -0.107097208 0.286634040 -0.046437893 0.108465880 0.993014932 -6.223629976
29496133 0.949511315 1.688597356 0.500000000 0.500000000 0.000000000 0.000000000 0.999186933 -0.024733085 0.031839244 -1.258789914 0.028004020 0.993889928 -0.106764011 0.389422991 -0.029004101 0.107568838 0.993774474 -6.581820412
29562867 0.949511315 1.688597356 0.500000000 0.500000000 0.000000000 0.000000000 0.999590099 -0.023979615 0.015641140 -1.201019943 0.025515348 0.993954718 -0.106784977 0.499466030 -0.012985923 0.107140295 0.994159102 -6.942460363
