https://www.youtube.com/watch?v=aOal6eOLltI
38905533 0.997562605 1.774051205 0.500000000 0.500000000 0.000000000 0.000000000 0.234549522 0.392450482 -0.889364004 5.090056019 -0.395378619 0.874307692 0.281534433 -2.351258566 0.888066173 0.285602033 0.360235155 2.933637460
38972267 0.997562605 1.774051205 0.500000000 0.500000000 0.000000000 0.000000000 0.218017697 0.396521002 -0.891761899 4.881039726 -0.393476218 0.871899486 0.291492254 -2.222629904 0.893109560 0.287336677 0.346111119 2.768919710
39039000 0.997562605 1.774051205 0.500000000 0.500000000 0.000000000 0.000000000 0.201183319 0.402281851 -0.893137991 4.700174069 -0.391974598 0.868659735 0.302962482 -2.061121048 0.897709310 0.289136052 0.332443953 2.636762341
39105733 0.997562605 1.774051205 0.500000000 0.500000000 0.000000000 0.000000000 0.186059833 0.409891009 -0.892957211 4.496676255 -0.389027417 0.865285933 0.316129953 -1.918891588 0.902242184 0.288565189 0.320453584 2.481654374
39172467 0.997562605 1.774051205 0.500000000 0.500000000 0.000000000 0.000000000 0.168395758 0.417749465 -0.892820179 4.296988280 -0.386631608 0.861165404 0.330015212 -1.776229284 0.906729519 0.289619476 0.306531787 2.380168975
39272567 0.997562605 1.774051205 0.500000000 0.500000000 0.000000000 0.000000000 0.138138771 0.427465320 -0.893416047 4.002265030 -0.385218561 0.854224682 0.349151850 -1.644371493 0.912428379 0.295928597 0.282668948 2.208452901
39339300 0.997562605 1.774051205 0.500000000 0.500000000 0.000000000 0.000000000 0.120142341 0.434100568 -0.892817855 3.834924485 -0.386127889 0.848951995 0.360812962 -1.579511343 0.914588571 0.301392496 0.269613206 2.086122514
39406033 0.997562605 1.774051205 0.500000000 0.500000000 0.000000000 0.000000000 0.103438973 0.439761609 -0.892138600 3.650064341 -0.387533039 0.843886554 0.371044278 -1.496701529 0.916034818 0.307352304 0.257712662 1.999532783
39472767 0.997562605 1.774051205 0.500000000 0.500000000 0.000000000 0.000000000 0.088048339 0.442659616 -0.892356396 3.489830183 -0.388103426 0.840288818 0.378537208 -1.424140169 0.917400241 0.312997013 0.245783746 1.895050205
39539500 0.997562605 1.774051205 0.500000000 0.500000000 0.000000000 0.000000000 0.074462771 0.445152044 -0.892354012 3.352312329 -0.388056874 0.837241411 0.385277539 -1.354360743 0.918622851 0.317594975 0.235087514 1.828761572
39606233 0.997562605 1.774051205 0.500000000 0.500000000 0.000000000 0.000000000 0.064803243 0.447799891 -0.891783357 3.208455689 -0.388090104 0.834618688 0.390893936 -1.282651715 0.919341326 0.320760429 0.227872372 1.716683677
39672967 0.997562605 1.774051205 0.500000000 0.500000000 0.000000000 0.000000000 0.058427811 0.450688839 -0.890766978 3.092449990 -0.386822581 0.832803130 0.395988911 -1.226619895 0.920301318 0.321431965 0.222995520 1.643840016
39739700 0.997562605 1.774051205 0.500000000 0.500000000 0.000000000 0.000000000 0.055680394 0.454611897 -0.888947368 2.948838986 -0.386439860 0.830751300 0.400644958 -1.161929539 0.920632124 0.321216762 0.221936822 1.518259396
39806433 0.997562605 1.774051205 0.500000000 0.500000000 0.000000000 0.000000000 0.054543614 0.458517820 -0.887010574 2.810653988 -0.385191172 0.829234838 0.404966176 -1.097821249 0.921224236 0.319579840 0.221846223 1.420672163
39873167 0.997562605 1.774051205 0.500000000 0.500000000 0.000000000 0.000000000 0.053950667 0.461521864 -0.885487199 2.648932047 -0.383585274 0.828317404 0.408353657 -1.031460574 0.921928644 0.317628652 0.221721113 1.313371219
39939900 0.997562605 1.774051205 0.500000000 0.500000000 0.000000000 0.000000000 0.054759145 0.463216394 -0.884551764 2.475829573 -0.381284565 0.828450561 0.410233796 -0.947467832 0.922834396 0.314801931 0.221982539 1.211419750
40006633 0.997562605 1.774051205 0.500000000 0.500000000 0.000000000 0.000000000 0.056194603 0.463894665 -0.884105444 2.287536514 -0.379350305 0.829018712 0.410878420 -0.849038964 0.923544288 0.312297046 0.222565234 1.111838323
40073367 0.997562605 1.774051205 0.500000000 0.500000000 0.000000000 0.000000000 0.058817565 0.463302463 -0.884246349 2.066000527 -0.377001137 0.830493629 0.410061598 -0.751523107 0.924343467 0.309242964 0.223513126 0.964273193
40140100 0.997562605 1.774051205 0.500000000 0.500000000 0.000000000 0.000000000 0.061087966 0.462522835 -0.884499311 1.835496564 -0.374933511 0.831893086 0.409119099 -0.637647088 0.925035834 0.306636900 0.224234283 0.847610391
40206833 0.997562605 1.774051205 0.500000000 0.500000000 0.000000000 0.000000000 0.063660324 0.460397124 -0.885428667 1.569543335 -0.373267889 0.833815396 0.406722724 -0.513609897 0.925537944 0.304609179 0.224932075 0.706433485
40273567 0.997562605 1.774051205 0.500000000 0.500000000 0.000000000 0.000000000 0.065573335 0.457683682 -0.886693597 1.301819691 -0.370874166 0.836127996 0.404156208 -0.386970944 0.926365018 0.302349985 0.224570811 0.618199809
40340300 0.997562605 1.774051205 0.500000000 0.500000000 0.000000000 0.000000000 0.067957640 0.454077542 -0.888367057 0.996065709 -0.368916571 0.838751197 0.400495976 -0.268011185 0.926975131 0.300516337 0.224516213 0.484003260
40407033 0.997562605 1.774051205 0.500000000 0.500000000 0.000000000 0.000000000 0.071170092 0.449998260 -0.890189350 0.694984488 -0.365989983 0.841986716 0.396370828 -0.158749185 0.927893817 0.297590375 0.224618971 0.385190347
40473767 0.997562605 1.774051205 0.500000000 0.500000000 0.000000000 0.000000000 0.075288653 0.445428759 -0.892146707 0.389880319 -0.363702208 0.845317721 0.391355127 -0.051716704 0.928468227 0.295010775 0.225646138 0.312980233
40540500 0.997562605 1.774051205 0.500000000 0.500000000 0.000000000 0.000000000 0.082092941 0.441229850 -0.893632472 0.069939335 -0.361417025 0.848801732 0.385893434 0.027209261 0.928784430 0.291294068 0.229148269 0.188476284
40607233 0.997562605 1.774051205 0.500000000 0.500000000 0.000000000 0.000000000 0.089760184 0.437160552 -0.894893289 -0.228529071 -0.359522641 0.852158308 0.380223215 0.096156403 0.928809404 0.287605405 0.233658969 0.111989030
40673967 0.997562605 1.774051205 0.500000000 0.500000000 0.000000000 0.000000000 0.098778367 0.434203416 -0.895383537 -0.514317711 -0.358521551 0.854884982 0.375012338 0.133884037 0.928281486 0.283970654 0.240115225 0.039139906
40740700 0.997562605 1.774051205 0.500000000 0.500000000 0.000000000 0.000000000 0.108202577 0.431643009 -0.895531416 -0.771850001 -0.357869864 0.857340336 0.369995445 0.158199009 0.927481174 0.280449301 0.247238457 -0.043925099
40807433 0.997562605 1.774051205 0.500000000 0.500000000 0.000000000 0.000000000 0.117972553 0.430029571 -0.895073473 -1.001779490 -0.357581019 0.859296918 0.365711093 0.180097905 0.926400483 0.276917577 0.255143940 -0.106511955
40874167 0.997562605 1.774051205 0.500000000 0.500000000 0.000000000 0.000000000 0.127393544 0.429206401 -0.894177020 -1.211729675 -0.358069688 0.860626757 0.362087965 0.198069952 0.924963176 0.274050057 0.263324142 -0.176926966
40940900 0.997562605 1.774051205 0.500000000 0.500000000 0.000000000 0.000000000 0.135325730 0.429271579 -0.892979264 -1.396118681 -0.358901024 0.861300826 0.359653741 0.215979752 0.923512936 0.271821052 0.270622313 -0.252285734
41007633 0.997562605 1.774051205 0.500000000 0.500000000 0.000000000 0.000000000 0.142753959 0.430347741 -0.891303420 -1.551659346 -0.360096931 0.861394048 0.358232349 0.243576936 0.921927929 0.269816667 0.277934372 -0.300111886
41074367 0.997562605 1.774051205 0.500000000 0.500000000 0.000000000 0.000000000 0.148593128 0.432025552 -0.889534771 -1.696126828 -0.361547172 0.860981464 0.357762873 0.276009583 0.920435727 0.268448353 0.284133852 -0.393020266
41141100 0.997562605 1.774051205 0.500000000 0.500000000 0.000000000 0.000000000 0.153782725 0.434330702 -0.887528479 -1.819438414 -0.362942874 0.860255301 0.358096570 0.317828736 0.919033468 0.267053396 0.289929807 -0.483492552
41207833 0.997562605 1.774051205 0.500000000 0.500000000 0.000000000 0.000000000 0.157546282 0.436078519 -0.886011064 -1.918151689 -0.363983005 0.859688878 0.358401507 0.366276306 0.917985022 0.266027778 0.294165790 -0.583891560
41274567 0.997562605 1.774051205 0.500000000 0.500000000 0.000000000 0.000000000 0.159811258 0.437771857 -0.884769380 -2.016981331 -0.364916503 0.858998120 0.359107643 0.414174243 0.917222440 0.265477210 0.297027647 -0.692477375
41341300 0.997562605 1.774051205 0.500000000 0.500000000 0.000000000 0.000000000 0.157538354 0.437784165 -0.885170877 -2.117981639 -0.365972728 0.858418345 0.359419048 0.475861448 0.917194903 0.267325819 0.295450747 -0.844907661
41408033 0.997562605 1.774051205 0.500000000 0.500000000 0.000000000 0.000000000 0.154795289 0.436996669 -0.886043131 -2.231430252 -0.365636915 0.858510911 0.359539509 0.555527996 0.917795241 0.268315017 0.292675555 -1.009010054
41474767 0.997562605 1.774051205 0.500000000 0.500000000 0.000000000 0.000000000 0.152204514 0.435731500 -0.887114167 -2.349729306 -0.364984602 0.858907282 0.359255463 0.656243801 0.918487787 0.269102782 0.289764881 -1.175149776
41541500 0.997562605 1.774051205 0.500000000 0.500000000 0.000000000 0.000000000 0.150374651 0.434763610 -0.887901068 -2.473680704 -0.364288509 0.859286010 0.359056413 0.767613325 0.919065595 0.269459069 0.287594199 -1.387620093
41608233 0.997562605 1.774051205 0.500000000 0.500000000 0.000000000 0.000000000 0.149561882 0.434592217 -0.888121665 -2.598067796 -0.362633973 0.859742880 0.359636903 0.881996449 0.919851720 0.268275380 0.286182761 -1.585568929
41674967 0.997562605 1.774051205 0.500000000 0.500000000 0.000000000 0.000000000 0.151247740 0.433917195 -0.888166249 -2.725837979 -0.358714789 0.861347258 0.359728307 0.991108231 0.921111882 0.264190525 0.285929501 -1.810068594
41741700 0.997562605 1.774051205 0.500000000 0.500000000 0.000000000 0.000000000 0.154960811 0.434599578 -0.887193263 -2.824744069 -0.353827775 0.862881780 0.360889435 1.112201487 0.922385275 0.257989347 0.287486017 -1.987573159
41808433 0.997562605 1.774051205 0.500000000 0.500000000 0.000000000 0.000000000 0.158719897 0.435894758 -0.885891676 -2.933640870 -0.350124747 0.863802195 0.362296104 1.239470203 0.923158169 0.252668917 0.289720058 -2.214680716
41875167 0.997562605 1.774051205 0.500000000 0.500000000 0.000000000 0.000000000 0.158955932 0.437336981 -0.885137916 -3.017559228 -0.347956717 0.863826871 0.364320219 1.360819690 0.923936605 0.250078917 0.289484799 -2.426439364
41941900 0.997562605 1.774051205 0.500000000 0.500000000 0.000000000 0.000000000 0.157463491 0.439418793 -0.884374022 -3.121763193 -0.348310053 0.862704515 0.366635025 1.488621536 0.924059749 0.250304341 0.288898289 -2.679332983
42008633 0.997562605 1.774051205 0.500000000 0.500000000 0.000000000 0.000000000 0.155367434 0.442615688 -0.883148968 -3.217759481 -0.350163817 0.860631406 0.369728029 1.599189828 0.923713148 0.251803160 0.288702130 -2.892359087
42075367 0.997562605 1.774051205 0.500000000 0.500000000 0.000000000 0.000000000 0.153603733 0.446463794 -0.881519139 -3.335560335 -0.354420692 0.857639849 0.372612208 1.724600025 0.922383845 0.255194038 0.289972663 -3.098860529
42142100 0.997562605 1.774051205 0.500000000 0.500000000 0.000000000 0.000000000 0.153449059 0.450661659 -0.879406154 -3.490971891 -0.358038545 0.854831934 0.375593394 1.834635976 0.921010077 0.257227689 0.292527795 -3.297992430
42208833 0.997562605 1.774051205 0.500000000 0.500000000 0.000000000 0.000000000 0.152951121 0.454372048 -0.877583027 -3.636079885 -0.360835671 0.852395952 0.378442466 1.943549565 0.920001864 0.258780122 0.294328570 -3.441419362
42275567 0.997562605 1.774051205 0.500000000 0.500000000 0.000000000 0.000000000 0.153477728 0.457191169 -0.876025796 -3.821521483 -0.361939251 0.850929379 0.380682647 2.035650967 0.919480801 0.258641660 0.296074092 -3.599161354
42342300 0.997562605 1.774051205 0.500000000 0.500000000 0.000000000 0.000000000 0.154408872 0.459548295 -0.874627471 -4.018119642 -0.361424208 0.850159526 0.382885545 2.127429791 0.919527292 0.256990641 0.297364056 -3.711209656
42409033 0.997562605 1.774051205 0.500000000 0.500000000 0.000000000 0.000000000 0.157552838 0.461246073 -0.873172045 -4.260040919 -0.359946847 0.850207925 0.384167641 2.207400227 0.919573545 0.253768772 0.299976707 -3.823320209
42475767 0.997562605 1.774051205 0.500000000 0.500000000 0.000000000 0.000000000 0.161679864 0.462115943 -0.871956408 -4.538597626 -0.358348370 0.850761056 0.384437233 2.280688828 0.919481099 0.250308603 0.303149521 -3.917317873
