https://www.youtube.com/watch?v=Sg9rBMoRLNc
36480000 0.674092786 1.202085888 0.500000000 0.500000000 0.000000000 0.000000000 0.894635975 0.029190559 -0.445841342 -4.966060890 -0.042817641 0.998872161 -0.020519802 -0.548897115 0.444739491 0.037447616 0.894876838 2.354880503
36560000 0.674092786 1.202085888 0.500000000 0.500000000 0.000000000 0.000000000 0.883212328 0.031432807 -0.467918485 -4.792798403 -0.045910627 0.998753905 -0.019565754 -0.510330857 0.466720432 0.038763165 0.883554876 2.239819352
36640000 0.674092786 1.202085888 0.500000000 0.500000000 0.000000000 0.000000000 0.871795356 0.033511229 -0.488722473 -4.624209153 -0.048801661 0.998635709 -0.018578107 -0.473677918 0.487433106 0.040046789 0.872241378 2.123659641
36720000 0.674092786 1.202085888 0.500000000 0.500000000 0.000000000 0.000000000 0.860583305 0.035629231 -0.508062184 -4.460870706 -0.051613595 0.998515487 -0.017402334 -0.438456086 0.506687939 0.041199058 0.861144662 2.013559966
36800000 0.674092786 1.202085888 0.500000000 0.500000000 0.000000000 0.000000000 0.848868370 0.037559070 -0.527268112 -4.306789141 -0.054320894 0.998389900 -0.016334545 -0.404652955 0.525805652 0.042507567 0.849541903 1.899910038
36880000 0.674092786 1.202085888 0.500000000 0.500000000 0.000000000 0.000000000 0.837023497 0.039387859 -0.545747459 -4.153129962 -0.056727670 0.998277664 -0.014956323 -0.377924054 0.544218361 0.043477774 0.837816238 1.787240127
36960000 0.674092786 1.202085888 0.500000000 0.500000000 0.000000000 0.000000000 0.825468838 0.041038811 -0.562954128 -3.996331437 -0.058999173 0.998163402 -0.013746343 -0.360738136 0.561356008 0.044560973 0.826374054 1.663190761
37040000 0.674092786 1.202085888 0.500000000 0.500000000 0.000000000 0.000000000 0.814136267 0.042758230 -0.579097629 -3.835570865 -0.061163429 0.998052001 -0.012295753 -0.352523064 0.577443838 0.045429997 0.815165579 1.532470259
37120000 0.674092786 1.202085888 0.500000000 0.500000000 0.000000000 0.000000000 0.802463174 0.044521295 -0.595038652 -3.669291023 -0.063376129 0.997931242 -0.010802377 -0.347586080 0.593326688 0.046379734 0.803624630 1.390520309
37200000 0.674092786 1.202085888 0.500000000 0.500000000 0.000000000 0.000000000 0.789830089 0.046235833 -0.611580253 -3.497518931 -0.065709323 0.997794271 -0.009426959 -0.327700918 0.609795451 0.047632243 0.791126072 1.249219785
37280000 0.674092786 1.202085888 0.500000000 0.500000000 0.000000000 0.000000000 0.775922537 0.047770798 -0.629017055 -3.302571138 -0.068258263 0.997632027 -0.008434530 -0.293617088 0.627124608 0.049480129 0.777345896 1.107520264
37360000 0.674092786 1.202085888 0.500000000 0.500000000 0.000000000 0.000000000 0.761463523 0.049436741 -0.646319866 -3.104270260 -0.070936523 0.997454286 -0.007279193 -0.249743003 0.644314647 0.051390514 0.763031960 0.976482247
37440000 0.674092786 1.202085888 0.500000000 0.500000000 0.000000000 0.000000000 0.746828556 0.051407147 -0.663026690 -2.920990011 -0.073696367 0.997264504 -0.005689114 -0.212752021 0.660920501 0.053111449 0.748574138 0.877598131
37520000 0.674092786 1.202085888 0.500000000 0.500000000 0.000000000 0.000000000 0.731827319 0.052879974 -0.679435968 -2.729602019 -0.076033548 0.997096002 -0.004293339 -0.180241133 0.677235842 0.054801844 0.733722746 0.785043703
37600000 0.674092786 1.202085888 0.500000000 0.500000000 0.000000000 0.000000000 0.716425955 0.054411050 -0.695538044 -2.539329704 -0.078363881 0.996921062 -0.002729388 -0.157264970 0.693248034 0.056460477 0.718484044 0.705448112
37760000 0.674092786 1.202085888 0.500000000 0.500000000 0.000000000 0.000000000 0.683959067 0.057434380 -0.727256119 -2.151390430 -0.082759351 0.996569157 0.000870833 -0.132649012 0.724811018 0.059591621 0.686365724 0.563923013
38160000 0.674092786 1.202085888 0.500000000 0.500000000 0.000000000 0.000000000 0.581151426 0.065408610 -0.811162949 -0.856402523 -0.094218977 0.995469630 0.012767812 -0.085211446 0.808323145 0.069006853 0.584681332 0.453587276
38240000 0.674092786 1.202085888 0.500000000 0.500000000 0.000000000 0.000000000 0.555387199 0.067015313 -0.828886807 -0.589320594 -0.096816085 0.995180190 0.015589485 -0.055052858 0.825936496 0.071591437 0.559198499 0.487060667
38320000 0.674092786 1.202085888 0.500000000 0.500000000 0.000000000 0.000000000 0.528905213 0.068374962 -0.845922709 -0.340205384 -0.099179372 0.994899333 0.018405564 -0.027309664 0.842866421 0.074163184 0.532988787 0.537122572
38400000 0.674092786 1.202085888 0.500000000 0.500000000 0.000000000 0.000000000 0.502501130 0.069665536 -0.861765146 -0.103065001 -0.101134434 0.994641840 0.021435186 -0.010975684 0.858640909 0.076382950 0.506854177 0.591193815
38480000 0.674092786 1.202085888 0.500000000 0.500000000 0.000000000 0.000000000 0.476758718 0.070962802 -0.876164973 0.130678916 -0.103087261 0.994371951 0.024442509 0.009779107 0.872968376 0.078668304 0.481390893 0.638399807
38560000 0.674092786 1.202085888 0.500000000 0.500000000 0.000000000 0.000000000 0.452036321 0.071684703 -0.889114022 0.354729715 -0.104500741 0.994157553 0.027024405 0.022366648 0.885856628 0.080697134 0.456886470 0.683558468
38640000 0.674092786 1.202085888 0.500000000 0.500000000 0.000000000 0.000000000 0.427585900 0.072807312 -0.901038289 0.567183347 -0.106355950 0.993880332 0.029838290 0.015887873 0.897696614 0.083072290 0.432712674 0.707077318
38720000 0.674092786 1.202085888 0.500000000 0.500000000 0.000000000 0.000000000 0.403039217 0.073737472 -0.912207067 0.778867654 -0.107562259 0.993657231 0.032797351 -0.004254503 0.908839524 0.084900476 0.408414245 0.728088649
38800000 0.674092786 1.202085888 0.500000000 0.500000000 0.000000000 0.000000000 0.377290606 0.074768148 -0.923071206 0.981354945 -0.108618788 0.993428826 0.036070913 -0.033330039 0.919702470 0.086653769 0.382932603 0.739206126
38880000 0.674092786 1.202085888 0.500000000 0.500000000 0.000000000 0.000000000 0.350907683 0.076103583 -0.933313072 1.181171449 -0.109700397 0.993170023 0.039739132 -0.063059954 0.929962814 0.088439927 0.356859565 0.745851890
38960000 0.674092786 1.202085888 0.500000000 0.500000000 0.000000000 0.000000000 0.323459625 0.077134445 -0.943093419 1.389851419 -0.110837072 0.992899537 0.043193396 -0.088386439 0.939728737 0.090558290 0.329712272 0.762046795
39040000 0.674092786 1.202085888 0.500000000 0.500000000 0.000000000 0.000000000 0.294358611 0.078017578 -0.952504635 1.615418010 -0.112085178 0.992602348 0.046663515 -0.114148937 0.949098945 0.093025960 0.300925672 0.785296140
39120000 0.674092786 1.202085888 0.500000000 0.500000000 0.000000000 0.000000000 0.263160825 0.078418709 -0.961559117 1.836428292 -0.113270797 0.992308974 0.049926396 -0.110205980 0.958078921 0.095777988 0.270019412 0.823348245
39200000 0.674092786 1.202085888 0.500000000 0.500000000 0.000000000 0.000000000 0.231330395 0.079520397 -0.969620168 2.022621048 -0.115237989 0.991877079 0.053852431 -0.099340231 0.966026366 0.099279322 0.238615036 0.866026440
39280000 0.674092786 1.202085888 0.500000000 0.500000000 0.000000000 0.000000000 0.200648308 0.080095619 -0.976384044 2.211551822 -0.116917938 0.991486788 0.057307728 -0.085036359 0.972661972 0.102658026 0.208304763 0.929224903
39360000 0.674092786 1.202085888 0.500000000 0.500000000 0.000000000 0.000000000 0.170912504 0.080642477 -0.981979966 2.404557724 -0.118238091 0.991121292 0.060814008 -0.074460876 0.978165388 0.105713665 0.178930044 1.000838808
39440000 0.674092786 1.202085888 0.500000000 0.500000000 0.000000000 0.000000000 0.142044246 0.080992065 -0.986540914 2.603298120 -0.119273745 0.990785718 0.064167283 -0.065196650 0.982647657 0.108553909 0.150395691 1.084188988
39520000 0.674092786 1.202085888 0.500000000 0.500000000 0.000000000 0.000000000 0.113563716 0.081400841 -0.990190566 2.808880497 -0.120133638 0.990450501 0.067644231 -0.072858489 0.986241043 0.111273251 0.122258246 1.171890149
39600000 0.674092786 1.202085888 0.500000000 0.500000000 0.000000000 0.000000000 0.084382892 0.081611209 -0.993084431 3.017762717 -0.120630153 0.990146637 0.071119823 -0.094955626 0.989103317 0.113794871 0.093396246 1.264536683
39680000 0.674092786 1.202085888 0.500000000 0.500000000 0.000000000 0.000000000 0.052829146 0.081884503 -0.995240808 3.199620877 -0.120973289 0.989817142 0.075016774 -0.117438994 0.991249084 0.116434447 0.062197030 1.392030287
39760000 0.674092786 1.202085888 0.500000000 0.500000000 0.000000000 0.000000000 0.018142819 0.081845246 -0.996479928 3.367740089 -0.121177875 0.989477038 0.079063788 -0.132411981 0.992465079 0.119316876 0.027869701 1.554440437
39840000 0.674092786 1.202085888 0.500000000 0.500000000 0.000000000 0.000000000 -0.018504381 0.081683464 -0.996486187 3.528137588 -0.121695809 0.989062905 0.083334818 -0.141649889 0.992394567 0.122810319 -0.008361459 1.720788781
39920000 0.674092786 1.202085888 0.500000000 0.500000000 0.000000000 0.000000000 -0.055029631 0.081713758 -0.995135486 3.665290180 -0.122178085 0.988605142 0.087933816 -0.131712054 0.990981519 0.126422703 -0.044418931 1.885730243
40000000 0.674092786 1.202085888 0.500000000 0.500000000 0.000000000 0.000000000 -0.090824008 0.081570901 -0.992521405 3.773086046 -0.122077920 0.988211274 0.092387795 -0.133310240 0.988356948 0.129555821 -0.079795361 2.053373254
40080000 0.674092786 1.202085888 0.500000000 0.500000000 0.000000000 0.000000000 -0.125860929 0.081087321 -0.988729060 3.876684912 -0.121961117 0.987828851 0.096538603 -0.146884209 0.984523118 0.132736802 -0.114439607 2.192382733
40160000 0.674092786 1.202085888 0.500000000 0.500000000 0.000000000 0.000000000 -0.159962893 0.080767170 -0.983813822 3.962204405 -0.121548429 0.987451017 0.100828879 -0.166010179 0.979611576 0.135709792 -0.148138404 2.308452191
40240000 0.674092786 1.202085888 0.500000000 0.500000000 0.000000000 0.000000000 -0.192969918 0.080463454 -0.977899671 4.024448256 -0.120875701 0.987091124 0.105072275 -0.191507927 0.973730564 0.138480157 -0.180752873 2.408579461
40320000 0.674092786 1.202085888 0.500000000 0.500000000 0.000000000 0.000000000 -0.224860430 0.080305353 -0.971076131 4.067080038 -0.119917780 0.986741185 0.109368719 -0.219130955 0.966983676 0.141041979 -0.212248921 2.490479379
40400000 0.674092786 1.202085888 0.500000000 0.500000000 0.000000000 0.000000000 -0.255329251 0.079744667 -0.963560522 4.097644782 -0.118870944 0.986442924 0.113137446 -0.245695281 0.959519565 0.143426538 -0.242388487 2.559113256
40480000 0.674092786 1.202085888 0.500000000 0.500000000 0.000000000 0.000000000 -0.284212708 0.079323009 -0.955474555 4.117012729 -0.117737055 0.986141264 0.116890654 -0.276388121 0.951505005 0.145716503 -0.270934582 2.607401386
40560000 0.674092786 1.202085888 0.500000000 0.500000000 0.000000000 0.000000000 -0.311528206 0.078859203 -0.946958065 4.149072135 -0.116863601 0.985805750 0.120539859 -0.300603563 0.943022370 0.148216680 -0.297890425 2.635284319
40640000 0.674092786 1.202085888 0.500000000 0.500000000 0.000000000 0.000000000 -0.336776495 0.078121156 -0.938339949 4.198663416 -0.116113946 0.985500157 0.123721480 -0.314961646 0.934399486 0.150620520 -0.322822332 2.645378282
40720000 0.674092786 1.202085888 0.500000000 0.500000000 0.000000000 0.000000000 -0.359893203 0.077190906 -0.929794848 4.251840274 -0.115359366 0.985242903 0.126446009 -0.304930031 0.925834239 0.152767599 -0.345677614 2.655300208
40800000 0.674092786 1.202085888 0.500000000 0.500000000 0.000000000 0.000000000 -0.380511999 0.076354519 -0.921617806 4.304534771 -0.115042090 0.984935999 0.129098222 -0.300926616 0.917591751 0.155148402 -0.365995884 2.641115975
40880000 0.674092786 1.202085888 0.500000000 0.500000000 0.000000000 0.000000000 -0.398284793 0.075200126 -0.914174259 4.361581651 -0.114771366 0.984715641 0.131006122 -0.302058056 0.910053432 0.157098740 -0.383566499 2.615991241
