https://www.youtube.com/watch?v=BIVrOL9q-P4
15882533 0.810127989 1.441142624 0.500000000 0.500000000 0.000000000 0.000000000 0.998776495 -0.049234524 0.004635665 -0.330457957 0.049428880 0.996791184 -0.062960826 -3.165400046 -0.001520942 0.063112922 0.998005211 6.626389155
15949267 0.810127989 1.441142624 0.500000000 0.500000000 0.000000000 0.000000000 0.999243498 -0.038798004 -0.002681841 -0.343674034 0.038528934 0.996977150 -0.067468867 -3.145339891 0.005291391 0.067314491 0.997717798 6.433630459
16016000 0.810127989 1.441142624 0.500000000 0.500000000 0.000000000 0.000000000 0.999394536 -0.034469590 -0.004739513 -0.316622018 0.034050271 0.996930480 -0.070499644 -3.119220157 0.007155058 0.070295572 0.997500539 6.249450172
16082733 0.810127989 1.441142624 0.500000000 0.500000000 0.000000000 0.000000000 0.999604642 -0.027537081 -0.005685131 -0.302551017 0.027070243 0.997161925 -0.070251636 -3.065579823 0.007603521 0.070069961 0.997513115 6.051240360
16149467 0.810127989 1.441142624 0.500000000 0.500000000 0.000000000 0.000000000 0.999797285 -0.019847382 -0.003386970 -0.234108012 0.019567776 0.997442722 -0.068739377 -2.987599871 0.004742607 0.068659164 0.997628927 5.854340207
16216200 0.810127989 1.441142624 0.500000000 0.500000000 0.000000000 0.000000000 0.999768555 -0.017836090 0.012027444 -0.085350401 0.018621963 0.997460246 -0.068747915 -2.863130164 -0.010770705 0.068955980 0.997561574 5.676300077
16282933 0.810127989 1.441142624 0.500000000 0.500000000 0.000000000 0.000000000 0.999306083 -0.019981058 0.031435121 0.025394700 0.021768169 0.998103797 -0.057575479 -2.748319943 -0.030225094 0.058219813 0.997846127 5.506970013
16349667 0.810127989 1.441142624 0.500000000 0.500000000 0.000000000 0.000000000 0.999345720 -0.021668950 0.028958447 0.046059181 0.023243176 0.998205900 -0.055178825 -2.657489709 -0.027710825 0.055815805 0.998056471 5.308729791
16416400 0.810127989 1.441142624 0.500000000 0.500000000 0.000000000 0.000000000 0.999316812 -0.019412268 0.031449869 0.108647007 0.021055717 0.998383284 -0.052796692 -2.552930296 -0.030374121 0.053422824 0.998109937 5.139940084
16483133 0.810127989 1.441142624 0.500000000 0.500000000 0.000000000 0.000000000 0.999020636 -0.023631176 0.037408330 0.183648016 0.025234906 0.998756528 -0.042995747 -2.369690260 -0.036345772 0.043897633 0.998374701 4.967680417
16549867 0.810127989 1.441142624 0.500000000 0.500000000 0.000000000 0.000000000 0.999214888 -0.020859992 0.033681698 0.174646988 0.021826757 0.999352753 -0.028595127 -2.240229945 -0.033063404 0.029307839 0.999023438 4.835869493
16616600 0.810127989 1.441142624 0.500000000 0.500000000 0.000000000 0.000000000 0.999554753 -0.013707910 0.026502021 0.176065996 0.014280692 0.999665856 -0.021545667 -2.179339864 -0.026197821 0.021914542 0.999416530 4.696250051
16683333 0.810127989 1.441142624 0.500000000 0.500000000 0.000000000 0.000000000 0.999716222 -0.008713527 0.022170322 0.174083001 0.009221176 0.999695241 -0.022899481 -2.129399965 -0.021964030 0.023097420 0.999491930 4.526260105
16750067 0.810127989 1.441142624 0.500000000 0.500000000 0.000000000 0.000000000 0.999920666 -0.001404709 0.012519789 0.164252011 0.001659510 0.999791265 -0.020364752 -2.062580099 -0.012488569 0.020383911 0.999714196 4.363000072
16816800 0.810127989 1.441142624 0.500000000 0.500000000 0.000000000 0.000000000 0.999957085 0.008659729 0.003290524 0.171498989 -0.008607284 0.999840796 -0.015631096 -2.014180034 -0.003425361 0.015602103 0.999872386 4.217499437
16883533 0.810127989 1.441142624 0.500000000 0.500000000 0.000000000 0.000000000 0.999841988 0.017658571 -0.002030801 0.195070976 -0.017679321 0.999786437 -0.010699215 -1.948659933 0.001841434 0.010733428 0.999940693 4.059529679
16950267 0.810127989 1.441142624 0.500000000 0.500000000 0.000000000 0.000000000 0.999579251 0.027372276 -0.009593786 0.232367990 -0.027396319 0.999621809 -0.002383818 -1.898669891 0.009524907 0.002645649 0.999951124 3.917380138
17017000 0.810127989 1.441142624 0.500000000 0.500000000 0.000000000 0.000000000 0.999355555 0.033198576 -0.013651041 0.287702029 -0.033143807 0.999441683 0.004219072 -1.854820009 0.013783487 -0.003763906 0.999897897 3.777009651
17083733 0.810127989 1.441142624 0.500000000 0.500000000 0.000000000 0.000000000 0.998878777 0.042149447 -0.021553922 0.334999990 -0.041938387 0.999068618 0.010152407 -1.821959982 0.021961767 -0.009237088 0.999716163 3.621280274
17150467 0.810127989 1.441142624 0.500000000 0.500000000 0.000000000 0.000000000 0.997969031 0.053580347 -0.034451839 0.354872984 -0.052912723 0.998398721 0.020007310 -1.765480119 0.035468671 -0.018143738 0.999206066 3.482919913
17217200 0.810127989 1.441142624 0.500000000 0.500000000 0.000000000 0.000000000 0.996641278 0.066636361 -0.047600046 0.379988002 -0.065129019 0.997345924 0.032546796 -1.708749957 0.049642511 -0.029337337 0.998336077 3.354700297
17283933 0.810127989 1.441142624 0.500000000 0.500000000 0.000000000 0.000000000 0.994793653 0.079239376 -0.064083457 0.395298964 -0.076323591 0.995987058 0.046738569 -1.662570147 0.067529827 -0.041604158 0.996849477 3.240210217
17350667 0.810127989 1.441142624 0.500000000 0.500000000 0.000000000 0.000000000 0.992649078 0.095575534 -0.074250437 0.410918984 -0.091229461 0.994028091 0.059877381 -1.614869822 0.079529829 -0.052663393 0.995440364 3.146979925
17417400 0.810127989 1.441142624 0.500000000 0.500000000 0.000000000 0.000000000 0.989492774 0.113865845 -0.089098863 0.403728950 -0.107446112 0.991466761 0.073817380 -1.573390093 0.096743844 -0.063468434 0.993283629 3.052000056
17484133 0.810127989 1.441142624 0.500000000 0.500000000 0.000000000 0.000000000 0.986841202 0.124301009 -0.103410274 0.388533978 -0.115978979 0.989781737 0.082951397 -1.560889877 0.112664551 -0.069866434 0.991173744 2.981000012
17550867 0.810127989 1.441142624 0.500000000 0.500000000 0.000000000 0.000000000 0.983801603 0.131712854 -0.121597931 0.382208921 -0.121493585 0.988686204 0.087970942 -1.546639938 0.131809101 -0.071772575 0.988673389 2.896310064
17617600 0.810127989 1.441142624 0.500000000 0.500000000 0.000000000 0.000000000 0.981336474 0.137492657 -0.134441629 0.381432066 -0.125855744 0.987813711 0.091566317 -1.521620009 0.145392969 -0.072937123 0.986681879 2.810710171
17684333 0.810127989 1.441142624 0.500000000 0.500000000 0.000000000 0.000000000 0.978514910 0.144415632 -0.147148654 0.364977040 -0.130559877 0.986397088 0.099874318 -1.485559975 0.159570411 -0.078516796 0.984059155 2.741690016
17751067 0.810127989 1.441142624 0.500000000 0.500000000 0.000000000 0.000000000 0.976386845 0.149524495 -0.155920044 0.358687928 -0.133617386 0.985130966 0.107997164 -1.447260034 0.169749901 -0.084613353 0.981848001 2.676369830
17817800 0.810127989 1.441142624 0.500000000 0.500000000 0.000000000 0.000000000 0.975023210 0.152157769 -0.161795288 0.358703973 -0.134575412 0.984250307 0.114633471 -1.413040055 0.176689446 -0.089996621 0.980143547 2.610819901
17884533 0.810127989 1.441142624 0.500000000 0.500000000 0.000000000 0.000000000 0.973056555 0.155655742 -0.170095056 0.350199953 -0.135996282 0.983200133 0.121747702 -1.371230027 0.186188191 -0.095335111 0.977877915 2.537290330
17951267 0.810127989 1.441142624 0.500000000 0.500000000 0.000000000 0.000000000 0.970978856 0.160263285 -0.177526638 0.335206079 -0.138338104 0.981851101 0.129734337 -1.320790124 0.195096388 -0.101410590 0.975527167 2.462459761
18018000 0.810127989 1.441142624 0.500000000 0.500000000 0.000000000 0.000000000 0.968005598 0.164896443 -0.189140826 0.312836990 -0.140170977 0.980537832 0.137468487 -1.268889883 0.208127826 -0.106558189 0.972279847 2.373869880
18084733 0.810127989 1.441142624 0.500000000 0.500000000 0.000000000 0.000000000 0.965095758 0.168737859 -0.200294077 0.300571989 -0.141065985 0.979281723 0.145284966 -1.209340154 0.220659405 -0.111959234 0.968903780 2.275549777
18151467 0.810127989 1.441142624 0.500000000 0.500000000 0.000000000 0.000000000 0.962493420 0.174115255 -0.208063215 0.295310902 -0.143456891 0.977536082 0.154412851 -1.138179935 0.230274916 -0.118773267 0.965850115 2.165570240
18218200 0.810127989 1.441142624 0.500000000 0.500000000 0.000000000 0.000000000 0.959169984 0.177619591 -0.220100448 0.283596984 -0.142329708 0.975618899 0.167063013 -1.065160108 0.244407818 -0.128914997 0.961064935 2.061540050
18284933 0.810127989 1.441142624 0.500000000 0.500000000 0.000000000 0.000000000 0.954364240 0.186095402 -0.233575061 0.287712020 -0.146287158 0.973163664 0.177630350 -1.001759921 0.260362983 -0.135354981 0.955976009 1.947649922
18351667 0.810127989 1.441142624 0.500000000 0.500000000 0.000000000 0.000000000 0.951360285 0.194850400 -0.238635510 0.321444994 -0.151834175 0.970527828 0.187142015 -0.945876074 0.268067092 -0.141806453 0.952906609 1.832890035
18418400 0.810127989 1.441142624 0.500000000 0.500000000 0.000000000 0.000000000 0.950506032 0.198084265 -0.239375934 0.365585969 -0.150767297 0.967689633 0.202104017 -0.871373944 0.271675229 -0.156011000 0.949659467 1.728150025
18485133 0.810127989 1.441142624 0.500000000 0.500000000 0.000000000 0.000000000 0.948297560 0.195133731 -0.250308931 0.390033987 -0.139701650 0.964788377 0.222860724 -0.824524007 0.284982800 -0.176369727 0.942166924 1.627340045
18551867 0.810127989 1.441142624 0.500000000 0.500000000 0.000000000 0.000000000 0.944658339 0.195602417 -0.263363481 0.442736039 -0.134726912 0.963293433 0.232194871 -0.815883992 0.299114168 -0.183862686 0.936336100 1.532090029
18618600 0.810127989 1.441142624 0.500000000 0.500000000 0.000000000 0.000000000 0.941316724 0.195262432 -0.275309831 0.494135072 -0.130355716 0.962701976 0.237091377 -0.806920155 0.311336309 -0.187289909 0.931661010 1.418830211
18685333 0.810127989 1.441142624 0.500000000 0.500000000 0.000000000 0.000000000 0.936155856 0.200356439 -0.288910806 0.547664001 -0.130416021 0.961002052 0.243857861 -0.795276889 0.326502383 -0.190610319 0.925777376 1.300049848
18752067 0.810127989 1.441142624 0.500000000 0.500000000 0.000000000 0.000000000 0.926623344 0.216263637 -0.307569802 0.602966999 -0.138620272 0.956898391 0.255205572 -0.792143010 0.349504769 -0.193844005 0.916662931 1.181370022
18818800 0.810127989 1.441142624 0.500000000 0.500000000 0.000000000 0.000000000 0.917055786 0.229968846 -0.325765073 0.687268836 -0.143259734 0.952411473 0.269052029 -0.799991870 0.372135997 -0.200066656 0.906359732 1.068909816
18885533 0.810127989 1.441142624 0.500000000 0.500000000 0.000000000 0.000000000 0.908351958 0.242493063 -0.340725631 0.770483111 -0.146668196 0.947699904 0.283466667 -0.819436118 0.391644329 -0.207513914 0.896411061 0.968730021
18952267 0.810127989 1.441142624 0.500000000 0.500000000 0.000000000 0.000000000 0.895030558 0.263215572 -0.360052526 0.859125951 -0.156442165 0.941270649 0.299224615 -0.843811932 0.417667449 -0.211487770 0.883644044 0.881176977
19019000 0.810127989 1.441142624 0.500000000 0.500000000 0.000000000 0.000000000 0.880506516 0.287216693 -0.377114058 0.959401230 -0.168211758 0.933082581 0.317902207 -0.873485277 0.443185329 -0.216480002 0.869898438 0.802868149
19085733 0.810127989 1.441142624 0.500000000 0.500000000 0.000000000 0.000000000 0.869172752 0.308258891 -0.386671782 1.082809834 -0.178437352 0.924757779 0.336129665 -0.896419863 0.461192727 -0.223158017 0.858779192 0.739693942
19152467 0.810127989 1.441142624 0.500000000 0.500000000 0.000000000 0.000000000 0.864089906 0.321282446 -0.387461632 1.196300466 -0.184564710 0.918410242 0.349940985 -0.952471434 0.468278557 -0.230868846 0.852886319 0.678260315
19219200 0.810127989 1.441142624 0.500000000 0.500000000 0.000000000 0.000000000 0.855969429 0.338542938 -0.390775204 1.262860283 -0.196108446 0.911923051 0.360469162 -1.005090452 0.478391111 -0.231916413 0.846969306 0.595048140
19285933 0.810127989 1.441142624 0.500000000 0.500000000 0.000000000 0.000000000 0.844401896 0.358437866 -0.398129910 1.317119406 -0.210619301 0.905461073 0.368482798 -1.043239439 0.492569417 -0.227293581 0.840067029 0.517116791
19352667 0.810127989 1.441142624 0.500000000 0.500000000 0.000000000 0.000000000 0.833060980 0.374267340 -0.407348990 1.341609670 -0.219613731 0.899619341 0.377431661 -1.063009514 0.507719457 -0.224964052 0.831632078 0.430688909
19419400 0.810127989 1.441142624 0.500000000 0.500000000 0.000000000 0.000000000 0.821268976 0.383811295 -0.422144979 1.362780351 -0.220701993 0.896017134 0.385284394 -1.059220205 0.526125550 -0.223253995 0.820578933 0.343531092
19486133 0.810127989 1.441142624 0.500000000 0.500000000 0.000000000 0.000000000 0.807183921 0.393723339 -0.439813524 1.375619824 -0.220125526 0.892091274 0.394611061 -1.042419839 0.547721386 -0.221709430 0.806750298 0.256493939
19552867 0.810127989 1.441142624 0.500000000 0.500000000 0.000000000 0.000000000 0.794489264 0.401299566 -0.455791146 1.388440179 -0.216527075 0.888412297 0.404771149 -1.004440131 0.567364931 -0.222895265 0.792726219 0.168472012
19619600 0.810127989 1.441142624 0.500000000 0.500000000 0.000000000 0.000000000 0.783710480 0.408952594 -0.467499614 1.406070443 -0.214101061 0.884399712 0.414726436 -0.965707363 0.583059907 -0.224933386 0.780670464 0.061542685
19686333 0.810127989 1.441142624 0.500000000 0.500000000 0.000000000 0.000000000 0.774406075 0.417199492 -0.475647092 1.421950630 -0.211706176 0.879319787 0.426588088 -0.924109414 0.596218109 -0.229655176 0.769274235 -0.056156231
19753067 0.810127989 1.441142624 0.500000000 0.500000000 0.000000000 0.000000000 0.764278293 0.427500308 -0.482826799 1.444409190 -0.209855556 0.872820258 0.440619051 -0.845493511 0.609785914 -0.235431433 0.756790996 -0.179130881
19886533 0.810127989 1.441142624 0.500000000 0.500000000 0.000000000 0.000000000 0.752837539 0.440617621 -0.488970459 1.451430638 -0.195428059 0.859015226 0.473181665 -0.717480422 0.628525198 -0.260670483 0.732807875 -0.461933200
19953267 0.810127989 1.441142624 0.500000000 0.500000000 0.000000000 0.000000000 0.743088663 0.447818190 -0.497270405 1.468269460 -0.191558152 0.854339182 0.483125091 -0.661404834 0.641189873 -0.263748467 0.720633030 -0.596628735
20020000 0.810127989 1.441142624 0.500000000 0.500000000 0.000000000 0.000000000 0.735652447 0.454991639 -0.501795530 1.483061334 -0.187500253 0.848648667 0.494610488 -0.587914493 0.650891542 -0.269774914 0.709621310 -0.730955583
20086733 0.810127989 1.441142624 0.500000000 0.500000000 0.000000000 0.000000000 0.727929354 0.453208596 -0.514510036 1.491969416 -0.173349112 0.847663820 0.501413882 -0.544902719 0.663376689 -0.275803864 0.695602775 -0.863252631
20153467 0.810127989 1.441142624 0.500000000 0.500000000 0.000000000 0.000000000 0.713239551 0.454452872 -0.533630371 1.531788925 -0.165156186 0.848856032 0.502161920 -0.488975631 0.681184411 -0.270029187 0.680493474 -0.967369310
20220200 0.810127989 1.441142624 0.500000000 0.500000000 0.000000000 0.000000000 0.696543157 0.458324701 -0.552056134 1.579169714 -0.162098616 0.850025594 0.501179039 -0.459923907 0.698964655 -0.259605259 0.666373372 -1.058819872
20286933 0.810127989 1.441142624 0.500000000 0.500000000 0.000000000 0.000000000 0.681702971 0.462017417 -0.567293286 1.607131428 -0.160516918 0.850939333 0.500136852 -0.401757334 0.713804007 -0.249884889 0.654249310 -1.173430959
20353667 0.810127989 1.441142624 0.500000000 0.500000000 0.000000000 0.000000000 0.667183697 0.463854194 -0.582842588 1.642810587 -0.154870465 0.851731658 0.500568032 -0.360699111 0.728615999 -0.243705854 0.640098810 -1.257930576
20420400 0.810127989 1.441142624 0.500000000 0.500000000 0.000000000 0.000000000 0.652731419 0.466099501 -0.597237706 1.677079911 -0.150407076 0.852375507 0.500832975 -0.322411957 0.742508769 -0.237080634 0.626477003 -1.338279942
20487133 0.810127989 1.441142624 0.500000000 0.500000000 0.000000000 0.000000000 0.636280656 0.469301879 -0.612293422 1.719521117 -0.145558953 0.852459967 0.502120376 -0.276489216 0.757601559 -0.230364919 0.610714793 -1.434131110
20553867 0.810127989 1.441142624 0.500000000 0.500000000 0.000000000 0.000000000 0.619677186 0.471079171 -0.627762198 1.776241672 -0.135980412 0.852186203 0.505260706 -0.226058309 0.772987843 -0.227735430 0.592137754 -1.501071393
20620600 0.810127989 1.441142624 0.500000000 0.500000000 0.000000000 0.000000000 0.604352117 0.474041820 -0.640346169 1.823530675 -0.125180617 0.850245893 0.511284471 -0.188722941 0.786821842 -0.228837043 0.573188663 -1.588230427
20687333 0.810127989 1.441142624 0.500000000 0.500000000 0.000000000 0.000000000 0.583829165 0.483670682 -0.652078748 1.899101041 -0.117621571 0.845090508 0.521524131 -0.172309101 0.803311348 -0.227782622 0.550278485 -1.660190700
20754067 0.810127989 1.441142624 0.500000000 0.500000000 0.000000000 0.000000000 0.564372301 0.499089539 -0.657565832 1.969708137 -0.114440873 0.836157441 0.536417484 -0.155559445 0.817549109 -0.227486521 0.529020429 -1.733398327
20820800 0.810127989 1.441142624 0.500000000 0.500000000 0.000000000 0.000000000 0.547188282 0.513965487 -0.660623789 2.054818387 -0.108650893 0.826205075 0.552792788 -0.132910736 0.829927325 -0.230704114 0.507932663 -1.801548585
20887533 0.810127989 1.441142624 0.500000000 0.500000000 0.000000000 0.000000000 0.533554912 0.531326413 -0.658035874 2.114429344 -0.106246501 0.813979745 0.571094155 -0.120202933 0.839065313 -0.234795973 0.490754485 -1.874529261
20954267 0.810127989 1.441142624 0.500000000 0.500000000 0.000000000 0.000000000 0.521494567 0.553342938 -0.649504364 2.169432420 -0.105681077 0.797233760 0.594348550 -0.174680346 0.846685231 -0.241309568 0.474230826 -1.969222433
21021000 0.810127989 1.441142624 0.500000000 0.500000000 0.000000000 0.000000000 0.507850945 0.576360106 -0.640231550 2.221699809 -0.109119728 0.780260563 0.615862250 -0.218150798 0.854505837 -0.242904335 0.459148288 -2.049919811
21087733 0.810127989 1.441142624 0.500000000 0.500000000 0.000000000 0.000000000 0.492198706 0.597507656 -0.633028448 2.269710125 -0.112516835 0.764784515 0.634385228 -0.258205962 0.863180339 -0.241017267 0.443655610 -2.116399994
21154467 0.810127989 1.441142624 0.500000000 0.500000000 0.000000000 0.000000000 0.478356898 0.616236806 -0.625641048 2.308659545 -0.113037467 0.749722719 0.652026296 -0.294547917 0.870859921 -0.241180345 0.428292930 -2.189289599
21221200 0.810127989 1.441142624 0.500000000 0.500000000 0.000000000 0.000000000 0.464491367 0.631740928 -0.620605588 2.341510576 -0.111807138 0.737018406 0.666560650 -0.337091996 0.878491282 -0.240223557 0.412971854 -2.247400324
21287933 0.810127989 1.441142624 0.500000000 0.500000000 0.000000000 0.000000000 0.449484825 0.643462896 -0.619611621 2.373218995 -0.114231855 0.729339838 0.674547553 -0.338516941 0.885953784 -0.232419387 0.401331186 -2.302228983
21354667 0.810127989 1.441142624 0.500000000 0.500000000 0.000000000 0.000000000 0.437627137 0.654161811 -0.616890311 2.392326340 -0.120415866 0.722535849 0.680765331 -0.323885560 0.891056299 -0.223637536 0.394973040 -2.380866687
21421400 0.810127989 1.441142624 0.500000000 0.500000000 0.000000000 0.000000000 0.426322758 0.666411579 -0.611673951 2.404721634 -0.126411378 0.713459134 0.689199865 -0.305793103 0.895694971 -0.216499209 0.388405800 -2.475671537
21488133 0.810127989 1.441142624 0.500000000 0.500000000 0.000000000 0.000000000 0.419220924 0.677120328 -0.604783118 2.406362350 -0.132286161 0.704593539 0.697171926 -0.282620090 0.898195326 -0.212264910 0.384953856 -2.590602180
21554867 0.810127989 1.441142624 0.500000000 0.500000000 0.000000000 0.000000000 0.415045738 0.685071230 -0.598676562 2.406527406 -0.139515787 0.698173165 0.702203035 -0.239532972 0.899039268 -0.207921177 0.385352254 -2.721067424
21621600 0.810127989 1.441142624 0.500000000 0.500000000 0.000000000 0.000000000 0.410398185 0.692421317 -0.593402147 2.392659989 -0.147676319 0.692602038 0.706041098 -0.175676001 0.899869442 -0.202126533 0.386496842 -2.881579831
21688333 0.810127989 1.441142624 0.500000000 0.500000000 0.000000000 0.000000000 0.410167336 0.698218882 -0.586730421 2.355497936 -0.151223302 0.686500430 0.711230159 -0.101653041 0.899385154 -0.202995747 0.387167156 -3.066657465
21755067 0.810127989 1.441142624 0.500000000 0.500000000 0.000000000 0.000000000 0.413895130 0.699108362 -0.583041847 2.315558252 -0.145227700 0.682984054 0.715850115 -0.044606442 0.898665249 -0.211612821 0.384213805 -3.255107963
21821800 0.810127989 1.441142624 0.500000000 0.500000000 0.000000000 0.000000000 0.411771178 0.703510344 -0.579238415 2.337618410 -0.143075347 0.677653074 0.721328974 0.028463603 0.899985194 -0.214147538 0.379693151 -3.418587798
21888533 0.810127989 1.441142624 0.500000000 0.500000000 0.000000000 0.000000000 0.405502498 0.713233829 -0.571720958 2.351398863 -0.149375975 0.668747663 0.728329003 0.110222548 0.901805997 -0.209937692 0.377718985 -3.578068001
21955267 0.810127989 1.441142624 0.500000000 0.500000000 0.000000000 0.000000000 0.406280279 0.716944337 -0.566504717 2.323671128 -0.154737711 0.665006876 0.730631471 0.200671432 0.900551558 -0.209181696 0.381117404 -3.746912389
22022000 0.810127989 1.441142624 0.500000000 0.500000000 0.000000000 0.000000000 0.403428793 0.719595134 -0.565179944 2.309210959 -0.155699015 0.662654281 0.732562184 0.255707363 0.901666999 -0.207538843 0.379373968 -3.905911494
22088733 0.810127989 1.441142624 0.500000000 0.500000000 0.000000000 0.000000000 0.395098865 0.724580407 -0.564694345 2.334038372 -0.158345729 0.659223974 0.735085130 0.305235454 0.904888451 -0.201014161 0.375192940 -4.030777626
22155467 0.810127989 1.441142624 0.500000000 0.500000000 0.000000000 0.000000000 0.381737411 0.731731057 -0.564664245 2.392118054 -0.165289491 0.655127227 0.737215996 0.358087808 0.909370899 -0.188089669 0.371034145 -4.134737426
22222200 0.810127989 1.441142624 0.500000000 0.500000000 0.000000000 0.000000000 0.368406057 0.740237832 -0.562428057 2.448661533 -0.177218705 0.649803758 0.739154220 0.411705402 0.912617624 -0.172636300 0.370575547 -4.235742588
22288933 0.810127989 1.441142624 0.500000000 0.500000000 0.000000000 0.000000000 0.354944110 0.748064280 -0.560726881 2.493870550 -0.187283844 0.644517660 0.741297364 0.469323443 0.915936470 -0.158104151 0.368868053 -4.341751013
22355667 0.810127989 1.441142624 0.500000000 0.500000000 0.000000000 0.000000000 0.343375325 0.753665209 -0.560429573 2.535386733 -0.191438973 0.640348315 0.743844509 0.485948102 0.919480085 -0.148129374 0.364160895 -4.451285253
22422400 0.810127989 1.441142624 0.500000000 0.500000000 0.000000000 0.000000000 0.326895118 0.760421455 -0.561159730 2.635725458 -0.197823167 0.635684550 0.746171474 0.522373720 0.924124956 -0.132910073 0.358230770 -4.531687332
22489133 0.810127989 1.441142624 0.500000000 0.500000000 0.000000000 0.000000000 0.309282601 0.767975330 -0.560854673 2.731399395 -0.203235358 0.629523993 0.749929905 0.543909846 0.928999186 -0.117954701 0.350780606 -4.630098721
22555867 0.810127989 1.441142624 0.500000000 0.500000000 0.000000000 0.000000000 0.293846846 0.774651170 -0.559972882 2.813440327 -0.205910623 0.623382211 0.754317880 0.569092553 0.933410287 -0.106349558 0.342687845 -4.749379981
22622600 0.810127989 1.441142624 0.500000000 0.500000000 0.000000000 0.000000000 0.281286478 0.779682636 -0.559440374 2.895242578 -0.200893223 0.617904902 0.760155082 0.563161111 0.938360572 -0.101433903 0.330440998 -4.874893397
22689333 0.810127989 1.441142624 0.500000000 0.500000000 0.000000000 0.000000000 0.261945844 0.784830689 -0.561627805 3.051062446 -0.191399753 0.612635374 0.766840458 0.529050948 0.945912898 -0.093375504 0.310693502 -4.953133628
22756067 0.810127989 1.441142624 0.500000000 0.500000000 0.000000000 0.000000000 0.241415381 0.790076315 -0.563470364 3.209323919 -0.187291741 0.607661724 0.771796286 0.519107450 0.952177167 -0.080790579 0.294673383 -5.037305246
22822800 0.810127989 1.441142624 0.500000000 0.500000000 0.000000000 0.000000000 0.218515158 0.794852555 -0.566091657 3.379696644 -0.182160616 0.603139758 0.776556194 0.516351905 0.958680272 -0.066569328 0.276586294 -5.101375048
22889533 0.810127989 1.441142624 0.500000000 0.500000000 0.000000000 0.000000000 0.200045943 0.798011959 -0.568469524 3.518015546 -0.175604820 0.600005031 0.780484736 0.513867048 0.963920951 -0.056306422 0.260163546 -5.175794158
22956267 0.810127989 1.441142624 0.500000000 0.500000000 0.000000000 0.000000000 0.183465958 0.799265146 -0.572289646 3.641439846 -0.163433999 0.598869503 0.783992767 0.484361027 0.969344914 -0.050304413 0.240499258 -5.241200114
