https://www.youtube.com/watch?v=mscn23hMdP4
84200000 0.686058640 1.252104279 0.500000000 0.500000000 0.000000000 0.000000000 0.833521962 -0.407194227 0.373408914 -7.395841839 0.397871464 0.911336005 0.105664723 0.609852153 -0.383327067 0.060494788 0.921629429 0.935587959
84266667 0.686058640 1.252104279 0.500000000 0.500000000 0.000000000 0.000000000 0.821391225 -0.414057016 0.392266512 -6.269618669 0.408394039 0.907057047 0.102282666 0.544505808 -0.398158967 0.076185308 0.914147258 0.893360005
84333333 0.686058640 1.252104279 0.500000000 0.500000000 0.000000000 0.000000000 0.809401333 -0.420226932 0.410218298 -5.231690888 0.417582870 0.902997315 0.101096533 0.262516053 -0.412909508 0.089472346 0.906366706 0.867687016
84400000 0.686058640 1.252104279 0.500000000 0.500000000 0.000000000 0.000000000 0.799348831 -0.424632072 0.425122678 -3.985241016 0.425014615 0.899699569 0.099515632 0.023645708 -0.424740255 0.101135492 0.899648547 0.743792139
84466667 0.686058640 1.252104279 0.500000000 0.500000000 0.000000000 0.000000000 0.787149131 -0.426386058 0.445635945 -2.802470480 0.432428658 0.896736145 0.094179869 -0.143958043 -0.439774841 0.118572041 0.890246511 0.589917044
84533333 0.686058640 1.252104279 0.500000000 0.500000000 0.000000000 0.000000000 0.774589777 -0.426983744 0.466578513 -1.944519916 0.438086540 0.894302547 0.091121383 -0.272923918 -0.456169695 0.133820117 0.879773438 0.405375019
84600000 0.686058640 1.252104279 0.500000000 0.500000000 0.000000000 0.000000000 0.763421059 -0.431436032 0.480677754 -1.174319842 0.446902186 0.890128195 0.089163378 -0.390966957 -0.466333121 0.146746844 0.872352362 0.216029942
84666667 0.686058640 1.252104279 0.500000000 0.500000000 0.000000000 0.000000000 0.757697999 -0.434901178 0.486574620 -0.284768022 0.453041553 0.887186110 0.087488294 -0.509529026 -0.469731003 0.154148757 0.869247377 -0.050648968
84733333 0.686058640 1.252104279 0.500000000 0.500000000 0.000000000 0.000000000 0.750781059 -0.436462820 0.495810777 0.453389124 0.458034754 0.884828746 0.085337073 -0.507470023 -0.475954086 0.163028941 0.864227653 -0.288969946
84800000 0.686058640 1.252104279 0.500000000 0.500000000 0.000000000 0.000000000 0.745542407 -0.436771840 0.503385782 1.218840369 0.460786670 0.883513093 0.084145471 -0.611208967 -0.481500298 0.169219270 0.859954953 -0.494723987
84866667 0.686058640 1.252104279 0.500000000 0.500000000 0.000000000 0.000000000 0.739553332 -0.435208052 0.513473451 1.883330379 0.462765485 0.882712781 0.081647754 -0.549791051 -0.488783330 0.177234858 0.854212344 -0.659288073
84933333 0.686058640 1.252104279 0.500000000 0.500000000 0.000000000 0.000000000 0.735338211 -0.432719827 0.521565914 2.488889204 0.463750124 0.882495522 0.078341261 -0.478683983 -0.494179398 0.184269026 0.849606693 -0.821129764
85000000 0.686058640 1.252104279 0.500000000 0.500000000 0.000000000 0.000000000 0.731644392 -0.427322537 0.531123042 3.190419160 0.460215181 0.884409606 0.077598482 -0.443035954 -0.502889872 0.187656522 0.843733728 -0.970773833
85066667 0.686058640 1.252104279 0.500000000 0.500000000 0.000000000 0.000000000 0.726485968 -0.420439720 0.543551505 3.884888656 0.455987513 0.886699498 0.076414451 -0.434227844 -0.514094532 0.192338869 0.835890174 -1.102559860
85133333 0.686058640 1.252104279 0.500000000 0.500000000 0.000000000 0.000000000 0.720379591 -0.415736169 0.555172861 4.318420865 0.455107063 0.887360275 0.073955171 -0.557794944 -0.523384154 0.199387223 0.828440607 -1.252729968
85200000 0.686058640 1.252104279 0.500000000 0.500000000 0.000000000 0.000000000 0.715982080 -0.410763651 0.564484596 5.093789742 0.454303473 0.888091326 0.070015177 -0.434245224 -0.530073524 0.206317738 0.822468817 -1.427719710
