https://www.youtube.com/watch?v=Pm2kG_pTL4c
47466667 0.995948319 1.773606627 0.500000000 0.500000000 0.000000000 0.000000000 0.572865009 0.230827719 -0.786475658 3.567488676 -0.025243498 0.964040160 0.264554918 0.231218350 0.819260716 -0.131700844 0.558091819 5.491407676
47533333 0.995948319 1.773606627 0.500000000 0.500000000 0.000000000 0.000000000 0.575689793 0.230217308 -0.784589708 3.565578792 -0.024366856 0.963949680 0.264966637 0.249118478 0.817304909 -0.133420557 0.560545683 5.342588510
47600000 0.995948319 1.773606627 0.500000000 0.500000000 0.000000000 0.000000000 0.580546856 0.229131848 -0.781321824 3.586799399 -0.024202406 0.964019656 0.264726937 0.269911187 0.813866913 -0.134776503 0.565204144 5.177548394
47666667 0.995948319 1.773606627 0.500000000 0.500000000 0.000000000 0.000000000 0.586157322 0.227897778 -0.777484715 3.598780932 -0.024753734 0.964213252 0.263969868 0.250293498 0.809819162 -0.135482281 0.570821941 4.971931433
47733333 0.995948319 1.773606627 0.500000000 0.500000000 0.000000000 0.000000000 0.590079665 0.227118686 -0.774740577 3.580059619 -0.025458410 0.964372635 0.263319790 0.202061224 0.806943417 -0.135655969 0.574838758 4.761469275
47800000 0.995948319 1.773606627 0.500000000 0.500000000 0.000000000 0.000000000 0.590735197 0.227214098 -0.774213254 3.520221726 -0.029584311 0.964985788 0.260628462 0.144999183 0.806323230 -0.131057918 0.576773047 4.548272361
47866667 0.995948319 1.773606627 0.500000000 0.500000000 0.000000000 0.000000000 0.587819457 0.228548437 -0.776036978 3.421708327 -0.037196420 0.965885282 0.256285042 0.056248820 0.808136225 -0.121783458 0.576267362 4.298207623
47933333 0.995948319 1.773606627 0.500000000 0.500000000 0.000000000 0.000000000 0.580607295 0.232552931 -0.780266166 3.315752872 -0.047831193 0.966428220 0.252445638 -0.011370681 0.812778115 -0.109250881 0.572238505 4.085583432
48000000 0.995948319 1.773606627 0.500000000 0.500000000 0.000000000 0.000000000 0.572912574 0.237412885 -0.784478426 3.200110225 -0.056969687 0.966348648 0.250848174 -0.069367003 0.817634225 -0.099022619 0.567158639 3.847650426
48066667 0.995948319 1.773606627 0.500000000 0.500000000 0.000000000 0.000000000 0.568977058 0.241522700 -0.786085844 3.113947341 -0.064443894 0.966054261 0.250172079 -0.102713829 0.819823861 -0.091683589 0.565227389 3.611786612
48133333 0.995948319 1.773606627 0.500000000 0.500000000 0.000000000 0.000000000 0.572327375 0.245030612 -0.782560229 3.049097422 -0.071405880 0.965579808 0.250113547 -0.110233037 0.816909909 -0.087267280 0.570124388 3.414437378
48200000 0.995948319 1.773606627 0.500000000 0.500000000 0.000000000 0.000000000 0.576825500 0.246102691 -0.778912961 2.985308970 -0.074254118 0.965386331 0.250031054 -0.106749473 0.813485205 -0.086386710 0.575133562 3.232928404
48266667 0.995948319 1.773606627 0.500000000 0.500000000 0.000000000 0.000000000 0.578682542 0.245515734 -0.777720392 2.901111213 -0.075040668 0.965594769 0.248989329 -0.099410048 0.812093556 -0.085725233 0.577196479 3.057951684
48333333 0.995948319 1.773606627 0.500000000 0.500000000 0.000000000 0.000000000 0.579842925 0.244264096 -0.777249515 2.796568930 -0.075708389 0.966025233 0.247110128 -0.107648498 0.811202824 -0.084440656 0.578635752 2.865708990
48400000 0.995948319 1.773606627 0.500000000 0.500000000 0.000000000 0.000000000 0.581099868 0.244015992 -0.776388645 2.678260529 -0.078608878 0.966359615 0.244887173 -0.125752169 0.810027003 -0.081272900 0.580733299 2.681390506
48466667 0.995948319 1.773606627 0.500000000 0.500000000 0.000000000 0.000000000 0.583088875 0.244406611 -0.774772346 2.545468594 -0.081803046 0.966490209 0.243320554 -0.140918427 0.808279097 -0.078498662 0.583542943 2.495169017
48533333 0.995948319 1.773606627 0.500000000 0.500000000 0.000000000 0.000000000 0.586565018 0.245580852 -0.771771729 2.404370173 -0.085833155 0.966402650 0.242277965 -0.149086070 0.805341065 -0.075868204 0.587936997 2.300770307
48600000 0.995948319 1.773606627 0.500000000 0.500000000 0.000000000 0.000000000 0.592315078 0.246312499 -0.767132819 2.248679525 -0.089452714 0.966342211 0.241207153 -0.139730699 0.800725162 -0.074248441 0.594412386 2.106769411
48666667 0.995948319 1.773606627 0.500000000 0.500000000 0.000000000 0.000000000 0.598333538 0.246455640 -0.762401998 2.073780459 -0.092407487 0.966395199 0.239877522 -0.113451143 0.795900762 -0.073075153 0.601001024 1.917040435
48733333 0.995948319 1.773606627 0.500000000 0.500000000 0.000000000 0.000000000 0.603263974 0.245736092 -0.758740544 1.883901614 -0.094691403 0.966688216 0.237797260 -0.081203798 0.791900873 -0.071608484 0.606437206 1.742601391
48800000 0.995948319 1.773606627 0.500000000 0.500000000 0.000000000 0.000000000 0.607105196 0.243676931 -0.756336868 1.686360924 -0.096332289 0.967369497 0.234342545 -0.059156066 0.788761079 -0.069411039 0.610768974 1.562531055
48866667 0.995948319 1.773606627 0.500000000 0.500000000 0.000000000 0.000000000 0.610563040 0.240783036 -0.754476964 1.482308918 -0.098309763 0.968336582 0.229476288 -0.029705284 0.785841644 -0.065937147 0.614901900 1.398389029
48933333 0.995948319 1.773606627 0.500000000 0.500000000 0.000000000 0.000000000 0.613149762 0.237981215 -0.753267765 1.278489885 -0.100384519 0.969285965 0.224516600 0.000781298 0.783562541 -0.062045880 0.618207097 1.229259859
49000000 0.995948319 1.773606627 0.500000000 0.500000000 0.000000000 0.000000000 0.615404487 0.235209718 -0.752299309 1.081460515 -0.101820335 0.970163763 0.220033899 0.023124388 0.781607628 -0.058810607 0.620992243 1.065330545
49066667 0.995948319 1.773606627 0.500000000 0.500000000 0.000000000 0.000000000 0.618574739 0.233684078 -0.750171125 0.896250667 -0.104898229 0.970763624 0.215903476 0.049557520 0.778692067 -0.054860756 0.625002980 0.927425740
49133333 0.995948319 1.773606627 0.500000000 0.500000000 0.000000000 0.000000000 0.623634875 0.233161375 -0.746133327 0.727745830 -0.108542636 0.971063972 0.212728173 0.063197590 0.774143219 -0.051677354 0.630897284 0.793494835
49200000 0.995948319 1.773606627 0.500000000 0.500000000 0.000000000 0.000000000 0.630248785 0.234043896 -0.740277231 0.569903313 -0.113196641 0.970993340 0.210614473 0.065760473 0.768097341 -0.048942715 0.638460279 0.683385327
49266667 0.995948319 1.773606627 0.500000000 0.500000000 0.000000000 0.000000000 0.637377560 0.236369520 -0.733402669 0.422033070 -0.119112998 0.970571935 0.209289804 0.066650067 0.761289775 -0.046038881 0.646775424 0.586708089
49333333 0.995948319 1.773606627 0.500000000 0.500000000 0.000000000 0.000000000 0.644644737 0.239856735 -0.725880086 0.289663006 -0.125588611 0.969832063 0.208933577 0.068847199 0.754095972 -0.043525651 0.655320406 0.500136985
49400000 0.995948319 1.773606627 0.500000000 0.500000000 0.000000000 0.000000000 0.651709557 0.244815752 -0.717872202 0.164410095 -0.133022353 0.968698144 0.209592611 0.074787633 0.746712983 -0.041100591 0.663875699 0.434055207
49466667 0.995948319 1.773606627 0.500000000 0.500000000 0.000000000 0.000000000 0.658011556 0.250727355 -0.710039914 0.047054807 -0.140424699 0.967255235 0.211419508 0.079341496 0.739798486 -0.039409354 0.671673417 0.365938064
49533333 0.995948319 1.773606627 0.500000000 0.500000000 0.000000000 0.000000000 0.664026380 0.257772326 -0.701870441 -0.056970085 -0.147949815 0.965432048 0.214596659 0.085449018 0.732925296 -0.038656168 0.679209709 0.328967870
49600000 0.995948319 1.773606627 0.500000000 0.500000000 0.000000000 0.000000000 0.669172883 0.265394837 -0.694098592 -0.161056923 -0.155230492 0.963366807 0.218695864 0.094985921 0.726712346 -0.038599983 0.685856342 0.295781915
49666667 0.995948319 1.773606627 0.500000000 0.500000000 0.000000000 0.000000000 0.672533512 0.272901207 -0.687912643 -0.255936045 -0.162102014 0.961276412 0.222869128 0.098851197 0.722095430 -0.038374968 0.690728426 0.270188060
49733333 0.995948319 1.773606627 0.500000000 0.500000000 0.000000000 0.000000000 0.673950076 0.280027926 -0.683648527 -0.355517864 -0.168819338 0.959269404 0.226499945 0.098333596 0.719229400 -0.037236445 0.693773806 0.235036903
49800000 0.995948319 1.773606627 0.500000000 0.500000000 0.000000000 0.000000000 0.673351049 0.285955757 -0.681782842 -0.456768091 -0.175001711 0.957612336 0.228807747 0.091782099 0.718312502 -0.034754783 0.694851995 0.194899008
49866667 0.995948319 1.773606627 0.500000000 0.500000000 0.000000000 0.000000000 0.671331882 0.291034400 -0.681625009 -0.551098082 -0.181066304 0.956211865 0.229943156 0.084910317 0.718699336 -0.030948907 0.694632053 0.136352039
49933333 0.995948319 1.773606627 0.500000000 0.500000000 0.000000000 0.000000000 0.668676615 0.294894487 -0.682574630 -0.640435508 -0.186515093 0.955163717 0.229944229 0.073442830 0.719779849 -0.026447646 0.693697929 0.099213380
50000000 0.995948319 1.773606627 0.500000000 0.500000000 0.000000000 0.000000000 0.666376591 0.297758043 -0.683580220 -0.723159691 -0.191336796 0.954389215 0.229197174 0.054604965 0.720646918 -0.021937430 0.692954779 0.030831815
50066667 0.995948319 1.773606627 0.500000000 0.500000000 0.000000000 0.000000000 0.664661527 0.299908549 -0.684309840 -0.798670066 -0.195447668 0.953799725 0.228180483 0.041120113 0.721127748 -0.017916009 0.692570388 -0.044072162
50133333 0.995948319 1.773606627 0.500000000 0.500000000 0.000000000 0.000000000 0.663809419 0.302275747 -0.684095263 -0.871350937 -0.199755996 0.953114152 0.227312446 0.033122293 0.720731974 -0.014239974 0.693067551 -0.131442012
50200000 0.995948319 1.773606627 0.500000000 0.500000000 0.000000000 0.000000000 0.663797736 0.304256827 -0.683227599 -0.934701586 -0.203558639 0.952524006 0.226410806 0.033742605 0.719677746 -0.011213958 0.694217443 -0.224949957
50266667 0.995948319 1.773606627 0.500000000 0.500000000 0.000000000 0.000000000 0.664001942 0.306374758 -0.682081878 -0.990885724 -0.206859022 0.951867580 0.226180136 0.034957214 0.718547523 -0.009089179 0.695418298 -0.341904970
50333333 0.995948319 1.773606627 0.500000000 0.500000000 0.000000000 0.000000000 0.664511740 0.308036804 -0.680836022 -1.043260212 -0.209310353 0.951342821 0.226132929 0.030783262 0.717365682 -0.007762015 0.696653724 -0.474045047
50400000 0.995948319 1.773606627 0.500000000 0.500000000 0.000000000 0.000000000 0.665716648 0.308665395 -0.679372489 -1.097309929 -0.210917071 0.951146364 0.225465328 0.032339675 0.715776026 -0.006804764 0.698296726 -0.625603959
50466667 0.995948319 1.773606627 0.500000000 0.500000000 0.000000000 0.000000000 0.667450368 0.308388829 -0.677795053 -1.159839810 -0.210918799 0.951232493 0.225099906 0.039651827 0.714159012 -0.007283241 0.699945509 -0.784053913
50533333 0.995948319 1.773606627 0.500000000 0.500000000 0.000000000 0.000000000 0.670374990 0.307626158 -0.675250351 -1.226849475 -0.209982246 0.951464295 0.224995643 0.057973827 0.711691201 -0.009040676 0.702433944 -0.959038591
50600000 0.995948319 1.773606627 0.500000000 0.500000000 0.000000000 0.000000000 0.674091101 0.306358993 -0.672120571 -1.296740944 -0.208276093 0.951844633 0.224973336 0.087980697 0.708676934 -0.011666089 0.705437124 -1.141030730
50666667 0.995948319 1.773606627 0.500000000 0.500000000 0.000000000 0.000000000 0.678285956 0.304073185 -0.668930173 -1.364479765 -0.204184189 0.952502906 0.225935876 0.123571932 0.705858946 -0.016664155 0.708156347 -1.336799773
50733333 0.995948319 1.773606627 0.500000000 0.500000000 0.000000000 0.000000000 0.683197558 0.301787257 -0.664955795 -1.435680890 -0.199612930 0.953105628 0.227474004 0.172114403 0.702421844 -0.022676103 0.711400032 -1.505081013
50800000 0.995948319 1.773606627 0.500000000 0.500000000 0.000000000 0.000000000 0.687545300 0.298551083 -0.661927819 -1.503489507 -0.194059372 0.953959405 0.228697091 0.205049772 0.699730039 -0.028786242 0.713827014 -1.701939576
50866667 0.995948319 1.773606627 0.500000000 0.500000000 0.000000000 0.000000000 0.691827595 0.295382828 -0.658880174 -1.574969384 -0.188346341 0.954730392 0.230250791 0.239042572 0.697065055 -0.035196021 0.716143131 -1.862188979
50933333 0.995948319 1.773606627 0.500000000 0.500000000 0.000000000 0.000000000 0.696523428 0.293378353 -0.654816568 -1.668510620 -0.184930980 0.955160797 0.231232449 0.271615500 0.693293631 -0.039963111 0.719546556 -1.998120554
51000000 0.995948319 1.773606627 0.500000000 0.500000000 0.000000000 0.000000000 0.700744152 0.291619450 -0.651087761 -1.773269217 -0.182410792 0.955541611 0.231660217 0.296159612 0.689698100 -0.043568991 0.722784758 -2.133989093
51066667 0.995948319 1.773606627 0.500000000 0.500000000 0.000000000 0.000000000 0.704048395 0.291153938 -0.647723556 -1.903121229 -0.182070076 0.955609798 0.231647417 0.326712609 0.686416030 -0.045160070 0.725805879 -2.274361326
51133333 0.995948319 1.773606627 0.500000000 0.500000000 0.000000000 0.000000000 0.706435263 0.291395664 -0.645009875 -2.051160083 -0.182794020 0.955514431 0.231470287 0.352975947 0.683765650 -0.045614801 0.728274465 -2.421979588
51200000 0.995948319 1.773606627 0.500000000 0.500000000 0.000000000 0.000000000 0.707852542 0.292242438 -0.643069863 -2.208959265 -0.183854535 0.955246806 0.231734842 0.386618504 0.682013154 -0.045802660 0.729903996 -2.555489050
51266667 0.995948319 1.773606627 0.500000000 0.500000000 0.000000000 0.000000000 0.709340572 0.292581141 -0.641273499 -2.374228664 -0.185059160 0.955169380 0.231094062 0.424889393 0.680138588 -0.045250721 0.731685281 -2.687268547
51333333 0.995948319 1.773606627 0.500000000 0.500000000 0.000000000 0.000000000 0.712515831 0.292042345 -0.637990773 -2.557869554 -0.185861558 0.955340743 0.229737788 0.448047667 0.676591814 -0.045113765 0.734974861 -2.788009355
51400000 0.995948319 1.773606627 0.500000000 0.500000000 0.000000000 0.000000000 0.717216849 0.290814936 -0.633266330 -2.757528891 -0.187535301 0.955780387 0.226526603 0.490379459 0.671140909 -0.043708786 0.740039945 -2.868958872
51466667 0.995948319 1.773606627 0.500000000 0.500000000 0.000000000 0.000000000 0.723380387 0.290080637 -0.626557469 -2.963450567 -0.190996468 0.956122339 0.222149655 0.555054401 0.663506866 -0.041028515 0.747044504 -2.927330471
51533333 0.995948319 1.773606627 0.500000000 0.500000000 0.000000000 0.000000000 0.731351256 0.290504694 -0.617034972 -3.188029409 -0.195784181 0.956091166 0.218078315 0.625137701 0.653294504 -0.038686097 0.756114781 -2.932769752
51600000 0.995948319 1.773606627 0.500000000 0.500000000 0.000000000 0.000000000 0.740331471 0.290964127 -0.606011093 -3.418850862 -0.202255145 0.956116676 0.211976051 0.693271444 0.641094744 -0.034363769 0.766692162 -2.914060809
51666667 0.995948319 1.773606627 0.500000000 0.500000000 0.000000000 0.000000000 0.750526190 0.289503872 -0.594052494 -3.627361840 -0.208747238 0.956767201 0.202536985 0.751296825 0.627005160 -0.028002650 0.778511882 -2.885831178
51733333 0.995948319 1.773606627 0.500000000 0.500000000 0.000000000 0.000000000 0.759571254 0.285812646 -0.584262788 -3.812181471 -0.212054759 0.958017230 0.192965910 0.784200764 0.614885867 -0.022675782 0.788290262 -2.858791030
51800000 0.995948319 1.773606627 0.500000000 0.500000000 0.000000000 0.000000000 0.765648365 0.281249851 -0.578516126 -3.975028906 -0.212131798 0.959437430 0.185687572 0.804570764 0.607274652 -0.019449681 0.794253826 -2.820539429
51866667 0.995948319 1.773606627 0.500000000 0.500000000 0.000000000 0.000000000 0.768016875 0.277541578 -0.577166259 -4.121030427 -0.210143238 0.960531831 0.182259396 0.812513244 0.604971111 -0.018690750 0.796028137 -2.803370545
51933333 0.995948319 1.773606627 0.500000000 0.500000000 0.000000000 0.000000000 0.766922235 0.275452852 -0.579617262 -4.243930318 -0.207487196 0.961117148 0.182216674 0.815065298 0.607272148 -0.019482911 0.794255018 -2.822199946
52000000 0.995948319 1.773606627 0.500000000 0.500000000 0.000000000 0.000000000 0.764779449 0.274729282 -0.582783639 -4.352202098 -0.205028236 0.961285472 0.184102565 0.816652779 0.610799730 -0.021310918 0.791498542 -2.867490906
52066667 0.995948319 1.773606627 0.500000000 0.500000000 0.000000000 0.000000000 0.764846563 0.273967147 -0.583053529 -4.452958388 -0.203290209 0.961462915 0.185100317 0.826506336 0.611295760 -0.023044139 0.791066468 -2.882049042
52133333 0.995948319 1.773606627 0.500000000 0.500000000 0.000000000 0.000000000 0.766425729 0.272127926 -0.581839740 -4.546327704 -0.201908603 0.961973846 0.183954313 0.824245182 0.609773695 -0.023508713 0.792226553 -2.897498277
