https://www.youtube.com/watch?v=vaT0byPxja8
1245811233 0.962366529 1.711458754 0.500000000 0.500000000 0.000000000 0.000000000 0.912931025 -0.066239312 0.402702600 -0.500571589 0.046390880 0.997187972 0.058855794 -1.014439829 -0.405468732 -0.035049565 0.913436770 5.739290901
1245944700 0.962366529 1.711458754 0.500000000 0.500000000 0.000000000 0.000000000 0.924068093 -0.025458746 0.381379157 -0.141290984 0.007525866 0.998797774 0.048439268 -0.727081020 -0.382153839 -0.041890975 0.923148751 4.475679943
1246345100 0.962366529 1.711458754 0.500000000 0.500000000 0.000000000 0.000000000 0.970704138 0.011576076 0.239998773 0.483833988 -0.023151923 0.998697400 0.045469642 -0.116044017 -0.239159778 -0.049694009 0.969707727 0.834805991
1246411833 0.962366529 1.711458754 0.500000000 0.500000000 0.000000000 0.000000000 0.974213362 0.003327749 0.225604087 0.447983989 -0.014398003 0.998770237 0.047441836 -0.133877001 -0.225168765 -0.049466718 0.973063231 0.264455975
1246478567 0.962366529 1.711458754 0.500000000 0.500000000 0.000000000 0.000000000 0.975949168 -0.003087659 0.217976406 0.416739029 -0.007834319 0.998757005 0.049224202 -0.127553996 -0.217857465 -0.049748015 0.974711895 -0.339700039
1246545300 0.962366529 1.711458754 0.500000000 0.500000000 0.000000000 0.000000000 0.976391792 -0.006474332 0.215910241 0.354560048 -0.004869744 0.998636901 0.051967397 -0.093677991 -0.215952381 -0.051791966 0.975029349 -0.874523020
1246612033 0.962366529 1.711458754 0.500000000 0.500000000 0.000000000 0.000000000 0.976090074 -0.006814848 0.217259631 0.245374975 -0.005201224 0.998489976 0.054687683 -0.067828607 -0.217304245 -0.054510120 0.974580705 -1.455870153
1246878967 0.962366529 1.711458754 0.500000000 0.500000000 0.000000000 0.000000000 0.971706152 0.000970894 0.236190975 -0.640768867 -0.017376989 0.997575402 0.067389429 0.324225981 -0.235552877 -0.069587007 0.969367027 -4.344209538
1246945700 0.962366529 1.711458754 0.500000000 0.500000000 0.000000000 0.000000000 0.970211327 0.001902015 0.242252797 -0.883010011 -0.019148100 0.997442842 0.068856016 0.494445026 -0.241502345 -0.071443558 0.967766762 -4.932700058
1247012433 0.962366529 1.711458754 0.500000000 0.500000000 0.000000000 0.000000000 0.968761504 0.002029205 0.247985914 -1.076409847 -0.020224590 0.997282147 0.070847161 0.634094085 -0.247168168 -0.073649414 0.966169536 -5.600359379
1247079167 0.962366529 1.711458754 0.500000000 0.500000000 0.000000000 0.000000000 0.967152715 0.000995259 0.254193902 -1.263789936 -0.020400129 0.997070730 0.073714152 0.706694054 -0.253375947 -0.076478437 0.964339972 -6.171939124
