https://www.youtube.com/watch?v=9eaiLVpGplg
69527789 0.846021420 1.506613547 0.500000000 0.500000000 0.000000000 0.000000000 0.980497360 -0.015904211 0.195887744 7.877990073 0.017463055 0.999828100 -0.006233189 -0.725852072 -0.195754945 0.009532420 0.980606556 -2.046789977
69611211 0.846021420 1.506613547 0.500000000 0.500000000 0.000000000 0.000000000 0.974063814 -0.018721685 0.225497738 7.468070479 0.020864837 0.999756932 -0.007124456 -0.720224039 -0.225309536 0.011644645 0.974217653 -2.105379964
69694622 0.846021420 1.506613547 0.500000000 0.500000000 0.000000000 0.000000000 0.969564915 -0.020871393 0.243943214 7.199719743 0.023494899 0.999693155 -0.007849538 -0.706434049 -0.243704528 0.013342054 0.969757795 -2.133150245
69778044 0.846021420 1.506613547 0.500000000 0.500000000 0.000000000 0.000000000 0.962855399 -0.023650931 0.268979847 6.820360395 0.027104428 0.999590874 -0.009132238 -0.694649955 -0.268653810 0.016083568 0.963102520 -2.130919934
69861456 0.846021420 1.506613547 0.500000000 0.500000000 0.000000000 0.000000000 0.958447933 -0.025382390 0.284136236 6.569030254 0.029643396 0.999503195 -0.010705683 -0.691218023 -0.283723354 0.018683596 0.958724201 -2.110380014
69944878 0.846021420 1.506613547 0.500000000 0.500000000 0.000000000 0.000000000 0.951481700 -0.027486831 0.306475133 6.200159914 0.032893568 0.999380827 -0.012489788 -0.687818984 -0.305942088 0.021964874 0.951796651 -2.076339948
70028289 0.846021420 1.506613547 0.500000000 0.500000000 0.000000000 0.000000000 0.946180880 -0.028963536 0.322339594 5.958660172 0.035330735 0.999278724 -0.013918908 -0.683077912 -0.321703970 0.024558304 0.946521759 -2.053700120
70111711 0.846021420 1.506613547 0.500000000 0.500000000 0.000000000 0.000000000 0.937238514 -0.030179977 0.347380191 5.593179605 0.038531184 0.999110103 -0.017156379 -0.671647021 -0.346553296 0.029464597 0.937567353 -2.042019976
70195122 0.846021420 1.506613547 0.500000000 0.500000000 0.000000000 0.000000000 0.930672526 -0.031357355 0.364506781 5.343258807 0.040930234 0.998989522 -0.018564727 -0.661428986 -0.363556325 0.032197040 0.931015611 -2.041089725
70278544 0.846021420 1.506613547 0.500000000 0.500000000 0.000000000 0.000000000 0.920054376 -0.032657340 0.390427262 4.967070086 0.044110693 0.998818278 -0.020401964 -0.654526925 -0.389299601 0.035992935 0.920407653 -2.039519947
70361956 0.846021420 1.506613547 0.500000000 0.500000000 0.000000000 0.000000000 0.912402093 -0.034063216 0.407875240 4.713280807 0.046804938 0.998676956 -0.021297649 -0.642175959 -0.406610131 0.038522586 0.912789285 -2.036620067
70445378 0.846021420 1.506613547 0.500000000 0.500000000 0.000000000 0.000000000 0.900408864 -0.035735920 0.433574319 4.326589612 0.050466962 0.998472035 -0.022509579 -0.628069980 -0.432107449 0.042149011 0.900836587 -2.010419956
70528789 0.846021420 1.506613547 0.500000000 0.500000000 0.000000000 0.000000000 0.891266346 -0.036239091 0.452029884 4.067770149 0.052493032 0.998345613 -0.023463350 -0.617629006 -0.450431764 0.044640515 0.891694129 -1.991210038
70612211 0.846021420 1.506613547 0.500000000 0.500000000 0.000000000 0.000000000 0.876102924 -0.037840240 0.480636835 3.694519817 0.056580082 0.998096049 -0.024554471 -0.603629927 -0.478792608 0.048706710 0.876575947 -1.958350145
70695622 0.846021420 1.506613547 0.500000000 0.500000000 0.000000000 0.000000000 0.865547061 -0.038720388 0.499328285 3.461159041 0.059130322 0.997934341 -0.025113033 -0.600545978 -0.497324437 0.051261984 0.866048694 -1.925739482
70779044 0.846021420 1.506613547 0.500000000 0.500000000 0.000000000 0.000000000 0.849569440 -0.040119581 0.525949061 3.128610629 0.063118450 0.997671127 -0.025853045 -0.599774046 -0.523686945 0.055161022 0.850123227 -1.863810238
70862456 0.846021420 1.506613547 0.500000000 0.500000000 0.000000000 0.000000000 0.839050114 -0.040655736 0.542532921 2.915539741 0.065463334 0.997503221 -0.026492007 -0.594876984 -0.540101290 0.057744138 0.839616656 -1.809349854
70945878 0.846021420 1.506613547 0.500000000 0.500000000 0.000000000 0.000000000 0.822824478 -0.041972797 0.566743255 2.606889193 0.069545582 0.997210145 -0.027116483 -0.579196975 -0.564023972 0.061726622 0.823447943 -1.708339540
71029289 0.846021420 1.506613547 0.500000000 0.500000000 0.000000000 0.000000000 0.812509477 -0.042568065 0.581391931 2.410250550 0.071910605 0.997031987 -0.027496675 -0.566703963 -0.578495860 0.064149529 0.813159049 -1.627060485
71112711 0.846021420 1.506613547 0.500000000 0.500000000 0.000000000 0.000000000 0.798067331 -0.043643735 0.600985765 2.124150438 0.075661898 0.996737778 -0.028090402 -0.538178939 -0.597799301 0.067889743 0.798766017 -1.478950404
71196122 0.846021420 1.506613547 0.500000000 0.500000000 0.000000000 0.000000000 0.788115144 -0.044184126 0.613939941 1.938969771 0.077986836 0.996550024 -0.028391873 -0.512110009 -0.610567391 0.070255302 0.788841963 -1.370679865
71279544 0.846021420 1.506613547 0.500000000 0.500000000 0.000000000 0.000000000 0.771400154 -0.044409573 0.634798765 1.664219775 0.081339702 0.996260166 -0.029146183 -0.462129999 -0.631130338 0.074117720 0.772127509 -1.216629764
71362956 0.846021420 1.506613547 0.500000000 0.500000000 0.000000000 0.000000000 0.759337187 -0.044965792 0.649141669 1.486209786 0.083403260 0.996106505 -0.028561492 -0.422689969 -0.645329952 0.075828359 0.760131001 -1.115269897
71446378 0.846021420 1.506613547 0.500000000 0.500000000 0.000000000 0.000000000 0.739682198 -0.045502447 0.671416283 1.221510141 0.086063586 0.995914996 -0.027320053 -0.364318018 -0.667430401 0.077992648 0.740576625 -0.952235949
71529789 0.846021420 1.506613547 0.500000000 0.500000000 0.000000000 0.000000000 0.724609256 -0.045555260 0.687652588 1.035369950 0.087903142 0.995772183 -0.026659934 -0.323222006 -0.683530807 0.079764865 0.725550234 -0.844012921
71613211 0.846021420 1.506613547 0.500000000 0.500000000 0.000000000 0.000000000 0.701663733 -0.045796946 0.711034894 0.758436981 0.090173200 0.995615840 -0.024858279 -0.270049991 -0.706779122 0.081558444 0.702717185 -0.675944944
71696622 0.846021420 1.506613547 0.500000000 0.500000000 0.000000000 0.000000000 0.685882926 -0.046391249 0.726231456 0.568859781 0.091756687 0.995514274 -0.023065886 -0.235919027 -0.721903682 0.082457118 0.687062979 -0.563228811
71780044 0.846021420 1.506613547 0.500000000 0.500000000 0.000000000 0.000000000 0.661305130 -0.046364434 0.748682976 0.285752102 0.093901746 0.995353520 -0.021302380 -0.187936988 -0.744216561 0.084389977 0.662586093 -0.372100094
71863456 0.846021420 1.506613547 0.500000000 0.500000000 0.000000000 0.000000000 0.644229412 -0.046123695 0.763440430 0.108500006 0.095656440 0.995201349 -0.020594072 -0.150491996 -0.758827031 0.086295277 0.645550013 -0.243977019
71946878 0.846021420 1.506613547 0.500000000 0.500000000 0.000000000 0.000000000 0.618091822 -0.046591714 0.784723461 -0.125094896 0.098427147 0.994973183 -0.018451665 -0.096510607 -0.779919088 0.088642985 0.619570673 -0.053401854
72030289 0.846021420 1.506613547 0.500000000 0.500000000 0.000000000 0.000000000 0.601421893 -0.046419926 0.797581553 -0.262056871 0.100141324 0.994817317 -0.017613005 -0.060297805 -0.792630315 0.090463772 0.602953494 0.071566948
72113711 0.846021420 1.506613547 0.500000000 0.500000000 0.000000000 0.000000000 0.576546669 -0.046266355 0.815753877 -0.445020392 0.102447607 0.994609773 -0.015996162 -0.014553185 -0.810616672 0.092794478 0.578178883 0.271583224
72197122 0.846021420 1.506613547 0.500000000 0.500000000 0.000000000 0.000000000 0.560343862 -0.046152867 0.826972783 -0.551028628 0.104145892 0.994447887 -0.015068021 0.012584498 -0.821685851 0.094569147 0.562039375 0.396515690
72280544 0.846021420 1.506613547 0.500000000 0.500000000 0.000000000 0.000000000 0.538671196 -0.047098309 0.841198504 -0.699012901 0.106817916 0.994197011 -0.012737457 0.050234501 -0.835717142 0.096716389 0.540576220 0.588037961
72363956 0.846021420 1.506613547 0.500000000 0.500000000 0.000000000 0.000000000 0.525880456 -0.047640540 0.849223137 -0.800562868 0.108419664 0.994040132 -0.011374116 0.068339891 -0.843620062 0.098053925 0.527911425 0.727927013
72447378 0.846021420 1.506613547 0.500000000 0.500000000 0.000000000 0.000000000 0.509892464 -0.048810683 0.858852267 -0.953176047 0.111038007 0.993771315 -0.009443764 0.090102314 -0.853041768 0.100180537 0.512136340 0.954019039
72530789 0.846021420 1.506613547 0.500000000 0.500000000 0.000000000 0.000000000 0.500672758 -0.049267944 0.864233017 -1.044829178 0.112666711 0.993595362 -0.008628123 0.099459043 -0.858272791 0.101690233 0.503017008 1.100409082
72614211 0.846021420 1.506613547 0.500000000 0.500000000 0.000000000 0.000000000 0.488555193 -0.049483586 0.871128619 -1.167249917 0.114762098 0.993361294 -0.007935155 0.111511974 -0.864952862 0.103849307 0.490990698 1.298279938
72697622 0.846021420 1.506613547 0.500000000 0.500000000 0.000000000 0.000000000 0.481770575 -0.049547326 0.874895215 -1.242129269 0.115739837 0.993251383 -0.007483255 0.121373045 -0.868620038 0.104865491 0.484253883 1.418189057
72781044 0.846021420 1.506613547 0.500000000 0.500000000 0.000000000 0.000000000 0.474573612 -0.050573993 0.878762007 -1.352650718 0.117918834 0.993001759 -0.006533209 0.130976961 -0.872281790 0.106723025 0.477216065 1.593620622
72864456 0.846021420 1.506613547 0.500000000 0.500000000 0.000000000 0.000000000 0.471896768 -0.052157208 0.880109727 -1.431520147 0.119472444 0.992823780 -0.005221788 0.134107974 -0.873521507 0.107612997 0.474741638 1.694900232
72947878 0.846021420 1.506613547 0.500000000 0.500000000 0.000000000 0.000000000 0.471434593 -0.053116374 0.880300164 -1.549730383 0.121053629 0.992633700 -0.004934434 0.154119968 -0.873553514 0.108889759 0.474391818 1.842690561
73031289 0.846021420 1.506613547 0.500000000 0.500000000 0.000000000 0.000000000 0.472143888 -0.054380387 0.879842222 -1.627309068 0.122443229 0.992465913 -0.004364539 0.167875068 -0.872976124 0.109791473 0.475245237 1.945679063
73114711 0.846021420 1.506613547 0.500000000 0.500000000 0.000000000 0.000000000 0.472635984 -0.054919384 0.879544318 -1.722618554 0.123898305 0.992284179 -0.004619550 0.175780047 -0.872504175 0.111157507 0.475793600 2.092918264
73198122 0.846021420 1.506613547 0.500000000 0.500000000 0.000000000 0.000000000 0.473639309 -0.055743527 0.878952503 -1.772218237 0.124930739 0.992155731 -0.004398175 0.172970123 -0.871812582 0.111891441 0.476888061 2.195857804
73281544 0.846021420 1.506613547 0.500000000 0.500000000 0.000000000 0.000000000 0.477520168 -0.057450939 0.876740396 -1.837409623 0.126718208 0.991930604 -0.004018456 0.169013001 -0.869434774 0.113017879 0.480946958 2.335729813
73364956 0.846021420 1.506613547 0.500000000 0.500000000 0.000000000 0.000000000 0.482354164 -0.058838680 0.873998761 -1.871072707 0.128015339 0.991764605 -0.003884096 0.170725806 -0.866572499 0.113758624 0.485914052 2.416303392
73448378 0.846021420 1.506613547 0.500000000 0.500000000 0.000000000 0.000000000 0.492630899 -0.060012788 0.868166506 -1.893679453 0.129516140 0.991564989 -0.004949573 0.181964054 -0.860546410 0.114879906 0.496248186 2.530149300
73531789 0.846021420 1.506613547 0.500000000 0.500000000 0.000000000 0.000000000 0.500675917 -0.061604179 0.863439262 -1.899077793 0.130850673 0.991388738 -0.005142231 0.190317185 -0.855687201 0.115556329 0.504425406 2.603117149
73615211 0.846021420 1.506613547 0.500000000 0.500000000 0.000000000 0.000000000 0.515106499 -0.063785270 0.854749620 -1.911540453 0.132772028 0.991128147 -0.006051339 0.194163963 -0.846780360 0.116603903 0.519005418 2.714680383
73698622 0.846021420 1.506613547 0.500000000 0.500000000 0.000000000 0.000000000 0.525607705 -0.065357938 0.848213434 -1.920392194 0.134430945 0.990898609 -0.006949808 0.190025836 -0.840039253 0.117678881 0.529610038 2.776742892
73782044 0.846021420 1.506613547 0.500000000 0.500000000 0.000000000 0.000000000 0.542284012 -0.067283802 0.837496936 -1.925560248 0.136302382 0.990629315 -0.008670259 0.185780932 -0.829065621 0.118854538 0.546373427 2.860660365
73865456 0.846021420 1.506613547 0.500000000 0.500000000 0.000000000 0.000000000 0.554328382 -0.068659469 0.829461157 -1.922559694 0.137280479 0.990484178 -0.009756140 0.182000041 -0.820898235 0.119276948 0.558479071 2.913159450
73948878 0.846021420 1.506613547 0.500000000 0.500000000 0.000000000 0.000000000 0.573172867 -0.070251957 0.816417992 -1.917271528 0.138567552 0.990279436 -0.012069993 0.175656779 -0.807634056 0.120047130 0.577335954 2.986402581
74032289 0.846021420 1.506613547 0.500000000 0.500000000 0.000000000 0.000000000 0.584833503 -0.071306132 0.808012784 -1.906939040 0.139720142 0.990095496 -0.013753608 0.168711059 -0.799029052 0.120939299 0.589003921 3.043128165
74282544 0.846021420 1.506613547 0.500000000 0.500000000 0.000000000 0.000000000 0.629136562 -0.075110227 0.773657322 -1.846509960 0.151375070 0.988102973 -0.027168289 0.155165049 -0.762412429 0.134204999 0.633021474 3.216279610
74616211 0.846021420 1.506613547 0.500000000 0.500000000 0.000000000 0.000000000 0.680966496 -0.081588864 0.727755308 -1.714499844 0.174826264 0.983152032 -0.053364839 0.190783963 -0.711140156 0.163570419 0.683757484 3.304409786
74699622 0.846021420 1.506613547 0.500000000 0.500000000 0.000000000 0.000000000 0.691905141 -0.082734995 0.717232168 -1.681519619 0.177564025 0.982400298 -0.057970829 0.214967228 -0.699812829 0.167465001 0.694418550 3.286808687
74783044 0.846021420 1.506613547 0.500000000 0.500000000 0.000000000 0.000000000 0.708806634 -0.084163986 0.700363815 -1.624569547 0.180151492 0.981530368 -0.064370915 0.249018182 -0.682010591 0.171798140 0.710877538 3.253849426
74866456 0.846021420 1.506613547 0.500000000 0.500000000 0.000000000 0.000000000 0.720366001 -0.084786505 0.688392401 -1.583190064 0.180390447 0.981247783 -0.067912683 0.278824056 -0.669725418 0.173101410 0.722152174 3.226969900
74949878 0.846021420 1.506613547 0.500000000 0.500000000 0.000000000 0.000000000 0.738029063 -0.086041421 0.669260919 -1.527560599 0.179519296 0.981128573 -0.071829699 0.309771874 -0.650450766 0.173157603 0.739547491 3.178920922
75033289 0.846021420 1.506613547 0.500000000 0.500000000 0.000000000 0.000000000 0.750467300 -0.087424308 0.655100107 -1.496780564 0.179419041 0.980937898 -0.074630380 0.320383858 -0.636088014 0.173545018 0.751847386 3.134021330
