https://www.youtube.com/watch?v=WiXhzx2tNIw
789221767 0.867973526 1.545706519 0.500000000 0.500000000 0.000000000 0.000000000 0.998118162 -0.056193113 0.024544740 -2.870490038 0.055693075 0.998235345 0.020602439 -1.065680144 -0.025659142 -0.019196697 0.999486387 5.764639637
789288500 0.867973526 1.545706519 0.500000000 0.500000000 0.000000000 0.000000000 0.997370899 -0.064450786 0.033127073 -2.683020301 0.063706324 0.997702241 0.023058726 -1.050649992 -0.034537110 -0.020887697 0.999185085 5.613689541
789355233 0.867973526 1.545706519 0.500000000 0.500000000 0.000000000 0.000000000 0.996574283 -0.071150370 0.042157754 -2.492849784 0.070116676 0.997212470 0.025512572 -1.038849896 -0.043855466 -0.022469211 0.998785198 5.450950457
789421967 0.867973526 1.545706519 0.500000000 0.500000000 0.000000000 0.000000000 0.995844483 -0.075653218 0.050699014 -2.310250047 0.074310429 0.996845663 0.027869264 -1.015759815 -0.052647490 -0.023985984 0.998325050 5.280569882
789488700 0.867973526 1.545706519 0.500000000 0.500000000 0.000000000 0.000000000 0.995476067 -0.074189082 0.059358314 -2.135480097 0.072528824 0.996925354 0.029654996 -0.971888034 -0.061375886 -0.025215650 0.997796178 5.114160234
789555433 0.867973526 1.545706519 0.500000000 0.500000000 0.000000000 0.000000000 0.995485723 -0.067903131 0.066312417 -1.978449902 0.065919384 0.997322500 0.031661056 -0.899629986 -0.068284750 -0.027146852 0.997296453 4.945039773
789622167 0.867973526 1.545706519 0.500000000 0.500000000 0.000000000 0.000000000 0.994937003 -0.070364460 0.071758181 -1.832130155 0.068035543 0.997089624 0.034401651 -0.841318075 -0.073969990 -0.029345369 0.996828616 4.761700642
789688900 0.867973526 1.545706519 0.500000000 0.500000000 0.000000000 0.000000000 0.994745433 -0.069396272 0.075270623 -1.706719874 0.066812992 0.997104466 0.036314558 -0.784108072 -0.077572763 -0.031094689 0.996501684 4.577270607
789755633 0.867973526 1.545706519 0.500000000 0.500000000 0.000000000 0.000000000 0.994911313 -0.062654860 0.078904152 -1.592489914 0.059934270 0.997538745 0.036390536 -0.726549935 -0.080990002 -0.031476289 0.996217787 4.382249850
789822367 0.867973526 1.545706519 0.500000000 0.500000000 0.000000000 0.000000000 0.994908214 -0.058646604 0.081965119 -1.484000102 0.055998951 0.997843623 0.034238055 -0.693957038 -0.083796322 -0.029473761 0.996046901 4.172910005
789889100 0.867973526 1.545706519 0.500000000 0.500000000 0.000000000 0.000000000 0.994755805 -0.057576884 0.084532909 -1.377709958 0.055084337 0.997983754 0.031530146 -0.685283008 -0.086177878 -0.026708359 0.995921731 3.953520258
789955833 0.867973526 1.545706519 0.500000000 0.500000000 0.000000000 0.000000000 0.994581163 -0.058040850 0.086253121 -1.278499974 0.055665746 0.998007834 0.029693039 -0.667910938 -0.087804705 -0.024730789 0.995830655 3.722670014
790022567 0.867973526 1.545706519 0.500000000 0.500000000 0.000000000 0.000000000 0.994234502 -0.060576584 0.088477522 -1.182230079 0.058170702 0.997869968 0.029524263 -0.651314977 -0.090077534 -0.024207242 0.995640516 3.483489921
790089300 0.867973526 1.545706519 0.500000000 0.500000000 0.000000000 0.000000000 0.994035482 -0.062272396 0.089529932 -1.087410074 0.059922997 0.997790396 0.028696680 -0.618827918 -0.091119125 -0.023160612 0.995570660 3.253910098
790156033 0.867973526 1.545706519 0.500000000 0.500000000 0.000000000 0.000000000 0.993928015 -0.064204730 0.089358069 -1.001669982 0.062087204 0.997724652 0.026281122 -0.574584013 -0.090842120 -0.020573553 0.995652795 3.014720035
790222767 0.867973526 1.545706519 0.500000000 0.500000000 0.000000000 0.000000000 0.993870318 -0.065950714 0.088725828 -0.913330888 0.064091258 0.997663796 0.023648581 -0.515682961 -0.090078183 -0.017817067 0.995775282 2.787999865
790289500 0.867973526 1.545706519 0.500000000 0.500000000 0.000000000 0.000000000 0.993900359 -0.069418706 0.085691795 -0.833577983 0.067768507 0.997457981 0.022021990 -0.461021990 -0.087002710 -0.016080458 0.996078253 2.563070047
790356233 0.867973526 1.545706519 0.500000000 0.500000000 0.000000000 0.000000000 0.993989646 -0.072793730 0.081766136 -0.745644011 0.071472727 0.997262120 0.018972097 -0.427105037 -0.082923315 -0.013014017 0.996470928 2.344459798
790422967 0.867973526 1.545706519 0.500000000 0.500000000 0.000000000 0.000000000 0.993942857 -0.076693892 0.078712448 -0.660412069 0.075797886 0.997020483 0.014313057 -0.398928020 -0.079575643 -0.008260129 0.996794581 2.124029897
790489700 0.867973526 1.545706519 0.500000000 0.500000000 0.000000000 0.000000000 0.993911326 -0.081081837 0.074605644 -0.577285006 0.080465496 0.996694088 0.011235274 -0.373688042 -0.075269982 -0.005163683 0.997149825 1.907950088
790556433 0.867973526 1.545706519 0.500000000 0.500000000 0.000000000 0.000000000 0.993941247 -0.085138418 0.069514155 -0.496724997 0.084651567 0.996361196 0.009925070 -0.350270019 -0.070106208 -0.003980453 0.997531593 1.692389951
790623167 0.867973526 1.545706519 0.500000000 0.500000000 0.000000000 0.000000000 0.994128406 -0.088081010 0.062852569 -0.423700026 0.087610893 0.996102512 0.010202331 -0.318915985 -0.063506238 -0.004635856 0.997970700 1.479080067
790689900 0.867973526 1.545706519 0.500000000 0.500000000 0.000000000 0.000000000 0.994707763 -0.089673147 0.050151657 -0.366983024 0.089277387 0.995955765 0.010081017 -0.272910000 -0.050852831 -0.005550254 0.998690724 1.267129922
790756633 0.867973526 1.545706519 0.500000000 0.500000000 0.000000000 0.000000000 0.995853364 -0.085067928 0.032241918 -0.310465966 0.084866405 0.996363580 0.007570391 -0.210681005 -0.032768667 -0.004802743 0.999451399 1.060290031
790823367 0.867973526 1.545706519 0.500000000 0.500000000 0.000000000 0.000000000 0.997208476 -0.073671795 0.012153444 -0.259412982 0.073642768 0.997280717 0.002818965 -0.160166982 -0.012328072 -0.001916083 0.999922156 0.861416945
790890100 0.867973526 1.545706519 0.500000000 0.500000000 0.000000000 0.000000000 0.997404337 -0.071327999 -0.009842148 -0.194787986 0.071251214 0.997426748 -0.007944604 -0.124578004 0.010383494 0.007222719 0.999920011 0.660515047
790956833 0.867973526 1.545706519 0.500000000 0.500000000 0.000000000 0.000000000 0.996730685 -0.074965350 -0.030135205 -0.129997987 0.074299373 0.996978819 -0.022644890 -0.088808095 0.031741746 0.020331828 0.999289274 0.459444994
791023567 0.867973526 1.545706519 0.500000000 0.500000000 0.000000000 0.000000000 0.995818138 -0.072829850 -0.055154704 -0.074774098 0.071209110 0.996985614 -0.030804038 -0.046554696 0.057231903 0.026747700 0.998002529 0.256661968
791090300 0.867973526 1.545706519 0.500000000 0.500000000 0.000000000 0.000000000 0.994274974 -0.066808000 -0.083390623 0.011526500 0.064168140 0.997361481 -0.033948164 -0.014059099 0.085438609 0.028402790 0.995938540 0.043805303
791157033 0.867973526 1.545706519 0.500000000 0.500000000 0.000000000 0.000000000 0.992533743 -0.058533873 -0.107007161 0.093425198 0.055169005 0.997893155 -0.034142058 0.022730901 0.108780175 0.027983664 0.993671894 -0.162583005
791223767 0.867973526 1.545706519 0.500000000 0.500000000 0.000000000 0.000000000 0.989697397 -0.058233865 -0.130797103 0.190547010 0.054312170 0.997966707 -0.033355840 0.067439309 0.132473603 0.025908308 0.990847886 -0.366514029
791290500 0.867973526 1.545706519 0.500000000 0.500000000 0.000000000 0.000000000 0.985753715 -0.060828570 -0.156810194 0.293673973 0.056321505 0.997866154 -0.033031244 0.124550007 0.158484817 0.023728881 0.987076223 -0.558404978
791357233 0.867973526 1.545706519 0.500000000 0.500000000 0.000000000 0.000000000 0.982393622 -0.063308470 -0.175769046 0.407562980 0.058166333 0.997718871 -0.034259830 0.190580988 0.177537039 0.023432791 0.983835101 -0.747584017
791423967 0.867973526 1.545706519 0.500000000 0.500000000 0.000000000 0.000000000 0.977218270 -0.062933385 -0.202691451 0.526436951 0.056773510 0.997735381 -0.036068369 0.251154009 0.204502329 0.023739152 0.978578150 -0.921724891
791490700 0.867973526 1.545706519 0.500000000 0.500000000 0.000000000 0.000000000 0.971348464 -0.062585108 -0.229271293 0.667035043 0.054642159 0.997670591 -0.040836979 0.303660979 0.231293023 0.027139064 0.972505569 -1.085910045
791557433 0.867973526 1.545706519 0.500000000 0.500000000 0.000000000 0.000000000 0.963610113 -0.062063731 -0.260006905 0.816853911 0.051738143 0.997583270 -0.046376966 0.358585038 0.262256861 0.031237034 0.964492381 -1.241090057
791624167 0.867973526 1.545706519 0.500000000 0.500000000 0.000000000 0.000000000 0.956939518 -0.057867870 -0.284460902 0.987465884 0.045682423 0.997739136 -0.049292244 0.395621957 0.286670208 0.034174830 0.957419574 -1.401709957
791690900 0.867973526 1.545706519 0.500000000 0.500000000 0.000000000 0.000000000 0.949288547 -0.050698321 -0.310291886 1.157650061 0.036403541 0.997999370 -0.051691473 0.429881977 0.312291801 0.037774406 0.949234962 -1.543980089
791757633 0.867973526 1.545706519 0.500000000 0.500000000 0.000000000 0.000000000 0.941199422 -0.036830794 -0.335837781 1.346439825 0.020843681 0.998476744 -0.051086027 0.451274014 0.337207735 0.041082036 0.940533400 -1.674609727
791824367 0.867973526 1.545706519 0.500000000 0.500000000 0.000000000 0.000000000 0.930156827 -0.029210860 -0.365998775 1.542520308 0.010902705 0.998588085 -0.051990338 0.481047021 0.367000669 0.044368796 0.929161966 -1.776090053
791891100 0.867973526 1.545706519 0.500000000 0.500000000 0.000000000 0.000000000 0.915937304 -0.028594302 -0.400301427 1.755139942 0.006613644 0.998398483 -0.056184724 0.531828977 0.401266903 0.048814237 0.914659500 -1.856749844
791957833 0.867973526 1.545706519 0.500000000 0.500000000 0.000000000 0.000000000 0.900822103 -0.017140817 -0.433849692 1.972299680 -0.007849327 0.998414218 -0.055743873 0.563936918 0.434117198 0.053620741 0.899259090 -1.918749805
792024567 0.867973526 1.545706519 0.500000000 0.500000000 0.000000000 0.000000000 0.884975672 -0.005268162 -0.465607405 2.190179915 -0.022886390 0.998235345 -0.054794557 0.584202961 0.465074420 0.059147924 0.883293390 -1.962309825
792091300 0.867973526 1.545706519 0.500000000 0.500000000 0.000000000 0.000000000 0.868645191 -0.006273671 -0.495395094 2.406260256 -0.027527500 0.997763991 -0.060903490 0.628968023 0.494669467 0.066540509 0.866530180 -1.991440241
792158033 0.867973526 1.545706519 0.500000000 0.500000000 0.000000000 0.000000000 0.854601979 -0.005773380 -0.519251585 2.610300168 -0.033970032 0.997174799 -0.066996314 0.668464077 0.518171430 0.074894167 0.851991415 -2.024450312
792224767 0.867973526 1.545706519 0.500000000 0.500000000 0.000000000 0.000000000 0.836394310 -0.000491476 -0.548127711 2.829629117 -0.044022553 0.996708930 -0.068068132 0.685998825 0.546357214 0.081061795 0.833620071 -2.029529456
792291500 0.867973526 1.545706519 0.500000000 0.500000000 0.000000000 0.000000000 0.818998098 0.011259362 -0.573685944 3.055700828 -0.057398818 0.996400118 -0.062387295 0.668319079 0.570918262 0.084023960 0.816696048 -2.034200274
792358233 0.867973526 1.545706519 0.500000000 0.500000000 0.000000000 0.000000000 0.806096792 0.021891944 -0.591378450 3.254749490 -0.069025554 0.995972693 -0.057217978 0.657851894 0.587744117 0.086943470 0.804361522 -2.049629643
792424967 0.867973526 1.545706519 0.500000000 0.500000000 0.000000000 0.000000000 0.784405172 0.021232773 -0.619885445 3.467611008 -0.072198257 0.995745718 -0.057252951 0.675122194 0.616032600 0.089664139 0.782601058 -2.001190494
792491700 0.867973526 1.545706519 0.500000000 0.500000000 0.000000000 0.000000000 0.762418151 0.028577324 -0.646453202 3.683039321 -0.083213940 0.995059192 -0.054153465 0.668282881 0.641711652 0.095081516 0.761029243 -1.937749536
792558433 0.867973526 1.545706519 0.500000000 0.500000000 0.000000000 0.000000000 0.740667462 0.033153590 -0.671053469 3.886800716 -0.093446940 0.994157434 -0.054024391 0.675083090 0.665341675 0.102721982 0.739438176 -1.860750116
792625167 0.867973526 1.545706519 0.500000000 0.500000000 0.000000000 0.000000000 0.716288924 0.027488042 -0.697262168 4.086709776 -0.096546918 0.993517458 -0.060014203 0.715697000 0.691092491 0.110306025 0.714299500 -1.748069998
792691900 0.867973526 1.545706519 0.500000000 0.500000000 0.000000000 0.000000000 0.691838384 0.026592545 -0.721562743 4.277451541 -0.103730179 0.992616117 -0.062875152 0.735633216 0.714562774 0.118347242 0.689488411 -1.619300748
792758633 0.867973526 1.545706519 0.500000000 0.500000000 0.000000000 0.000000000 0.663937926 0.028752577 -0.747235239 4.466863310 -0.112869263 0.991665483 -0.062129490 0.733569605 0.739221036 0.125589937 0.661649585 -1.458111135
792825367 0.867973526 1.545706519 0.500000000 0.500000000 0.000000000 0.000000000 0.634500980 0.031653948 -0.772273242 4.656287201 -0.121882282 0.990757763 -0.059529405 0.718509571 0.763251364 0.131897941 0.632494807 -1.273629021
792892100 0.867973526 1.545706519 0.500000000 0.500000000 0.000000000 0.000000000 0.598782718 0.041661527 -0.799827337 4.848650792 -0.133970603 0.989786029 -0.048739649 0.650457121 0.789627314 0.136337787 0.598248124 -1.045169746
792958833 0.867973526 1.545706519 0.500000000 0.500000000 0.000000000 0.000000000 0.560965300 0.059495293 -0.825698435 5.044368894 -0.151052833 0.988025904 -0.031430967 0.532288955 0.813941419 0.142355800 0.563235223 -0.792536059
793025567 0.867973526 1.545706519 0.500000000 0.500000000 0.000000000 0.000000000 0.520472646 0.087089092 -0.849425018 5.227305469 -0.172679245 0.984966278 -0.004820809 0.347230411 0.836235106 0.149187297 0.527686477 -0.528744505
793092300 0.867973526 1.545706519 0.500000000 0.500000000 0.000000000 0.000000000 0.475152671 0.116071537 -0.872214377 5.397043355 -0.194154605 0.980659068 0.024734147 0.141211288 0.858215868 0.157591820 0.488498569 -0.229042333
