https://www.youtube.com/watch?v=aaxX6usSqBA
209609400 1.065315340 1.899739202 0.500000000 0.500000000 0.000000000 0.000000000 0.982770205 -0.078643970 0.167265952 0.772636986 0.070321314 0.996000350 0.055120196 -0.647231999 -0.170931816 -0.042408127 0.984369755 0.409710977
209676133 1.065315340 1.899739202 0.500000000 0.500000000 0.000000000 0.000000000 0.979721189 -0.084204793 0.181813046 0.527828003 0.074326321 0.995397568 0.060491677 -0.334875954 -0.186069950 -0.045751486 0.981470704 -0.224774994
209742867 1.065315340 1.899739202 0.500000000 0.500000000 0.000000000 0.000000000 0.976303935 -0.088812217 0.197339818 0.215826964 0.076983720 0.994789481 0.066838749 -0.076807705 -0.202247664 -0.050062981 0.978053987 -0.661610029
209809600 1.065315340 1.899739202 0.500000000 0.500000000 0.000000000 0.000000000 0.972225130 -0.093551777 0.214537501 -0.142040996 0.079520218 0.994145989 0.073146001 0.177675006 -0.220124543 -0.054054316 0.973972976 -1.185330055
209909700 1.065315340 1.899739202 0.500000000 0.500000000 0.000000000 0.000000000 0.964972734 -0.098068535 0.243331656 -0.915812094 0.080911592 0.993541479 0.079552710 0.552558014 -0.249561712 -0.057077866 0.966675282 -1.733330054
209976433 1.065315340 1.899739202 0.500000000 0.500000000 0.000000000 0.000000000 0.959532797 -0.102800585 0.262161970 -1.523300077 0.083500601 0.992981672 0.083755650 0.812248015 -0.268932164 -0.058475636 0.961382389 -2.162159906
210043167 1.065315340 1.899739202 0.500000000 0.500000000 0.000000000 0.000000000 0.953837514 -0.108896062 0.279885292 -2.141400243 0.087408513 0.992262185 0.088178799 1.047030011 -0.287321925 -0.059643913 0.955975294 -2.529580061
210109900 1.065315340 1.899739202 0.500000000 0.500000000 0.000000000 0.000000000 0.947864175 -0.115024298 0.297191650 -2.794609883 0.091587737 0.991569161 0.091664121 1.277380058 -0.305229694 -0.059666023 0.950407684 -2.929279633
210176633 1.065315340 1.899739202 0.500000000 0.500000000 0.000000000 0.000000000 0.941918254 -0.119978681 0.313680172 -3.440790365 0.094958350 0.991040885 0.093919858 1.486160091 -0.322138250 -0.058678303 0.944872439 -3.249110017
210243367 1.065315340 1.899739202 0.500000000 0.500000000 0.000000000 0.000000000 0.935533166 -0.126277626 0.329896510 -4.112600151 0.099582292 0.990321755 0.096675672 1.620710075 -0.338911653 -0.057591476 0.939053893 -3.675950423
210310100 1.065315340 1.899739202 0.500000000 0.500000000 0.000000000 0.000000000 0.928247035 -0.131403357 0.347980857 -4.902610185 0.103031695 0.989748478 0.098906077 1.721379901 -0.357410133 -0.055956252 0.932269812 -4.044310449
