https://www.youtube.com/watch?v=vaT0byPxja8
974139833 0.952341605 1.693630779 0.500000000 0.500000000 0.000000000 0.000000000 0.999329507 -0.031496231 0.018668555 -2.394950070 0.031528775 0.999501765 -0.001451467 -0.947785914 -0.018613540 0.002039090 0.999824703 5.368740337
974206567 0.952341605 1.693630779 0.500000000 0.500000000 0.000000000 0.000000000 0.999743462 -0.020396873 0.009848419 -2.467039934 0.020425271 0.999787509 -0.002791712 -0.878049073 -0.009789384 0.002992152 0.999947608 4.981360448
974273300 0.952341605 1.693630779 0.500000000 0.500000000 0.000000000 0.000000000 0.999945760 -0.009371954 0.004543291 -2.511530093 0.009384104 0.999952435 -0.002660437 -0.778593053 -0.004518142 0.002702928 0.999986112 4.597269587
974340033 0.952341605 1.693630779 0.500000000 0.500000000 0.000000000 0.000000000 0.999988437 -0.000531173 0.004775480 -2.518340038 0.000541044 0.999997735 -0.002066074 -0.694840111 -0.004774372 0.002068634 0.999986470 4.268390430
974406767 0.952341605 1.693630779 0.500000000 0.500000000 0.000000000 0.000000000 0.999964833 0.004067210 0.007337756 -2.484790196 -0.004059196 0.999991179 -0.001106826 -0.606690998 -0.007342192 0.001077002 0.999972463 3.951819821
974473500 0.952341605 1.693630779 0.500000000 0.500000000 0.000000000 0.000000000 0.999851108 0.006639489 0.015926361 -2.425599874 -0.006612688 0.999976635 -0.001734865 -0.528417046 -0.015937507 0.001629291 0.999871671 3.653030045
974540233 0.952341605 1.693630779 0.500000000 0.500000000 0.000000000 0.000000000 0.999625146 0.004970226 0.026922682 -2.328519987 -0.004950842 0.999987423 -0.000786579 -0.473621972 -0.026926255 0.000652994 0.999637187 3.463730019
974606967 0.952341605 1.693630779 0.500000000 0.500000000 0.000000000 0.000000000 0.999080062 0.004476957 0.042649917 -2.220489873 -0.004394841 0.999988317 -0.002018932 -0.414235010 -0.042658456 0.001829635 0.999088049 3.278660188
974673700 0.952341605 1.693630779 0.500000000 0.500000000 0.000000000 0.000000000 0.998311698 0.004993725 0.057869382 -2.078379987 -0.004625726 0.999968231 -0.006491350 -0.362461016 -0.057899959 0.006212703 0.998303056 2.981650181
974740433 0.952341605 1.693630779 0.500000000 0.500000000 0.000000000 0.000000000 0.997600317 0.004425935 0.069094285 -1.921869906 -0.003783926 0.999948502 -0.009419894 -0.330514016 -0.069132417 0.009135840 0.997565687 2.744920240
974807167 0.952341605 1.693630779 0.500000000 0.500000000 0.000000000 0.000000000 0.996946335 0.004805878 0.077942036 -1.762580181 -0.003690054 0.999888718 -0.014453792 -0.307175994 -0.078002833 0.014122044 0.996853113 2.453429800
974873900 0.952341605 1.693630779 0.500000000 0.500000000 0.000000000 0.000000000 0.996729016 0.005631535 0.080619968 -1.591860117 -0.004219106 0.999834836 -0.017679250 -0.304446043 -0.080706216 0.017281277 0.996588111 2.129659932
974940633 0.952341605 1.693630779 0.500000000 0.500000000 0.000000000 0.000000000 0.996884644 0.007948145 0.078471668 -1.414679955 -0.006361089 0.999770582 -0.020453887 -0.278466987 -0.078616239 0.019890999 0.996706486 1.824249932
975007367 0.952341605 1.693630779 0.500000000 0.500000000 0.000000000 0.000000000 0.997343183 0.011736370 0.071894504 -1.232409911 -0.010095463 0.999681175 -0.023144852 -0.243573997 -0.072143219 0.022357553 0.997143686 1.520200084
975074100 0.952341605 1.693630779 0.500000000 0.500000000 0.000000000 0.000000000 0.998059332 0.015702296 0.060257632 -1.042310021 -0.014242425 0.999596417 -0.024580687 -0.201720020 -0.060619283 0.023674771 0.997880161 1.221320081
975140833 0.952341605 1.693630779 0.500000000 0.500000000 0.000000000 0.000000000 0.998780251 0.018360885 0.045835871 -0.872606001 -0.017161818 0.999503672 -0.026417879 -0.159236993 -0.046298180 0.025599027 0.998599589 0.940315011
975207567 0.952341605 1.693630779 0.500000000 0.500000000 0.000000000 0.000000000 0.999406219 0.021309994 0.027075903 -0.705022039 -0.020495575 0.999339461 -0.030008677 -0.108728994 -0.027697505 0.029435921 0.999182880 0.661813054
975274300 0.952341605 1.693630779 0.500000000 0.500000000 0.000000000 0.000000000 0.999671400 0.023605067 0.009995647 -0.566113018 -0.023264807 0.999188244 -0.032888599 -0.053538304 -0.010763869 0.032645248 0.999409020 0.410763012
975341033 0.952341605 1.693630779 0.500000000 0.500000000 0.000000000 0.000000000 0.999605775 0.026903208 -0.008030599 -0.407694978 -0.027171344 0.999004066 -0.035391584 -0.000211316 0.007070454 0.035595834 0.999341249 0.182845002
975407767 0.952341605 1.693630779 0.500000000 0.500000000 0.000000000 0.000000000 0.999259233 0.029616015 -0.024574218 -0.245241013 -0.030522889 0.998834550 -0.037387863 0.033917698 0.023438299 0.038110241 0.998998642 -0.066919202
975474500 0.952341605 1.693630779 0.500000000 0.500000000 0.000000000 0.000000000 0.998689055 0.033412892 -0.038777910 -0.074484196 -0.034953121 0.998598337 -0.039745443 0.070265504 0.037395544 0.041048750 0.998457074 -0.303229971
975541233 0.952341605 1.693630779 0.500000000 0.500000000 0.000000000 0.000000000 0.998028636 0.037762217 -0.050128404 0.100859996 -0.039865449 0.998336971 -0.041641954 0.105464007 0.048472550 0.043558251 0.997874260 -0.522954969
975607967 0.952341605 1.693630779 0.500000000 0.500000000 0.000000000 0.000000000 0.997402370 0.042338759 -0.058274653 0.283508997 -0.044868894 0.998074949 -0.042816062 0.131079006 0.056349691 0.045319561 0.997381985 -0.763607989
975674700 0.952341605 1.693630779 0.500000000 0.500000000 0.000000000 0.000000000 0.996813834 0.047104258 -0.064368971 0.478117014 -0.049977709 0.997790158 -0.043783627 0.155540999 0.062164333 0.046861134 0.996965230 -1.010320059
975741433 0.952341605 1.693630779 0.500000000 0.500000000 0.000000000 0.000000000 0.996388972 0.051351279 -0.067616716 0.678357980 -0.054418825 0.997533500 -0.044333640 0.175373984 0.065173343 0.047853176 0.996725917 -1.275900061
975808167 0.952341605 1.693630779 0.500000000 0.500000000 0.000000000 0.000000000 0.996078908 0.054752860 -0.069490805 0.887624086 -0.057923604 0.997330368 -0.044463288 0.200082002 0.066870794 0.048314106 0.996591210 -1.528770072
975874900 0.952341605 1.693630779 0.500000000 0.500000000 0.000000000 0.000000000 0.995861113 0.057670895 -0.070247680 1.101269923 -0.060963783 0.997094691 -0.045668706 0.228302021 0.067409828 0.049762256 0.996483624 -1.831960029
975941633 0.952341605 1.693630779 0.500000000 0.500000000 0.000000000 0.000000000 0.995749116 0.059192140 -0.070569046 1.317080022 -0.062598340 0.996928036 -0.047073577 0.277766999 0.067565881 0.051290978 0.996395528 -2.058500065
976008367 0.952341605 1.693630779 0.500000000 0.500000000 0.000000000 0.000000000 0.995715499 0.060386375 -0.070029438 1.531249965 -0.063907117 0.996743619 -0.049173217 0.330698024 0.066832006 0.053437915 0.996332228 -2.274210118
976075100 0.952341605 1.693630779 0.500000000 0.500000000 0.000000000 0.000000000 0.995701253 0.060732242 -0.069932796 1.757300026 -0.064425543 0.996575892 -0.051825587 0.362623027 0.066545852 0.056108262 0.996204555 -2.475650105
976141833 0.952341605 1.693630779 0.500000000 0.500000000 0.000000000 0.000000000 0.995666564 0.060224932 -0.070859492 1.996260110 -0.064163856 0.996439695 -0.054689761 0.389667990 0.067313522 0.058999386 0.995985925 -2.664109818
976208567 0.952341605 1.693630779 0.500000000 0.500000000 0.000000000 0.000000000 0.995586753 0.059771031 -0.072349317 2.240799847 -0.064050607 0.996239245 -0.058351517 0.412270040 0.068589501 0.062728018 0.995670974 -2.836580279
976275300 0.952341605 1.693630779 0.500000000 0.500000000 0.000000000 0.000000000 0.995389521 0.059722539 -0.075053141 2.505620111 -0.064503014 0.995928645 -0.062971875 0.425152007 0.070986733 0.067522690 0.995189190 -3.008749745
976342033 0.952341605 1.693630779 0.500000000 0.500000000 0.000000000 0.000000000 0.995062351 0.059442990 -0.079482786 2.779730238 -0.064846195 0.995628655 -0.067220449 0.415845060 0.075139560 0.072042689 0.994567215 -3.202850129
976408767 0.952341605 1.693630779 0.500000000 0.500000000 0.000000000 0.000000000 0.994475842 0.060004130 -0.086124033 3.086720067 -0.066277608 0.995205045 -0.071931824 0.410499949 0.081394866 0.077242553 0.993684292 -3.353519767
976475500 0.952341605 1.693630779 0.500000000 0.500000000 0.000000000 0.000000000 0.993785501 0.060311493 -0.093557209 3.397710153 -0.067575783 0.994775057 -0.076525018 0.418719001 0.088453040 0.082371652 0.992668629 -3.482060322
976542233 0.952341605 1.693630779 0.500000000 0.500000000 0.000000000 0.000000000 0.992772758 0.061203413 -0.103229865 3.730920235 -0.069670789 0.994315326 -0.080517165 0.435169019 0.097715124 0.087127350 0.991393268 -3.619009773
976642333 0.952341605 1.693630779 0.500000000 0.500000000 0.000000000 0.000000000 0.991095901 0.062553190 -0.117541701 4.226349935 -0.073062263 0.993496239 -0.087333731 0.485165011 0.111314222 0.095143966 0.989220262 -3.800749869
976709067 0.952341605 1.693630779 0.500000000 0.500000000 0.000000000 0.000000000 0.989637494 0.062661745 -0.129194424 4.563370560 -0.074861206 0.992955863 -0.091839254 0.530722103 0.122529551 0.100559220 0.987357259 -3.857220043
976775800 0.952341605 1.693630779 0.500000000 0.500000000 0.000000000 0.000000000 0.988460243 0.060961824 -0.138672486 4.872489990 -0.074716806 0.992549062 -0.096248351 0.572245047 0.131771788 0.105498828 0.985650122 -3.961229741
