https://www.youtube.com/watch?v=Ew04wyjKrcM
67100367 0.971162360 1.740279828 0.500000000 0.500000000 0.000000000 0.000000000 0.999291360 -0.005806575 0.037189074 -2.782439776 0.005919338 0.999978185 -0.002922748 -0.787803007 -0.037171289 0.003140812 0.999303997 5.574370325
67167100 0.971162360 1.740279828 0.500000000 0.500000000 0.000000000 0.000000000 0.999252141 -0.009653988 0.037442572 -2.651609874 0.009887979 0.999932706 -0.006069174 -0.798685045 -0.037381463 0.006434866 0.999280334 5.363279467
67233833 0.971162360 1.740279828 0.500000000 0.500000000 0.000000000 0.000000000 0.999298453 -0.009416169 0.036248755 -2.519970061 0.009731247 0.999916315 -0.008525468 -0.789803956 -0.036165442 0.008872233 0.999306440 5.142759911
67300567 0.971162360 1.740279828 0.500000000 0.500000000 0.000000000 0.000000000 0.999365151 -0.008011091 0.034714878 -2.383089799 0.008378954 0.999910116 -0.010464191 -0.762884976 -0.034627929 0.010748421 0.999342501 4.914400585
67367300 0.971162360 1.740279828 0.500000000 0.500000000 0.000000000 0.000000000 0.999439597 -0.005296800 0.033052456 -2.237510035 0.005667929 0.999921858 -0.011144880 -0.713585008 -0.032990839 0.011325974 0.999391496 4.691380100
67434033 0.971162360 1.740279828 0.500000000 0.500000000 0.000000000 0.000000000 0.999527633 -0.000550105 0.030728623 -2.095770062 0.000866666 0.999946713 -0.010289465 -0.645795076 -0.030721325 0.010311236 0.999474823 4.474450103
67500767 0.971162360 1.740279828 0.500000000 0.500000000 0.000000000 0.000000000 0.999566138 0.010341036 0.027579935 -1.975500051 -0.010085813 0.999905169 -0.009377099 -0.566120019 -0.027674289 0.009094863 0.999575615 4.254669810
67567500 0.971162360 1.740279828 0.500000000 0.500000000 0.000000000 0.000000000 0.999487221 0.021122426 0.024065755 -1.878330006 -0.020934653 0.999748588 -0.008027885 -0.497844965 -0.024229273 0.007519960 0.999678135 4.053590253
67634233 0.971162360 1.740279828 0.500000000 0.500000000 0.000000000 0.000000000 0.999332249 0.030355008 0.020338263 -1.795670080 -0.030216513 0.999518275 -0.007082709 -0.450062989 -0.020543464 0.006463428 0.999768078 3.871930148
67700967 0.971162360 1.740279828 0.500000000 0.500000000 0.000000000 0.000000000 0.999290884 0.034010060 0.016156342 -1.721669990 -0.033895515 0.999398649 -0.007311798 -0.425264029 -0.016395301 0.006758987 0.999842763 3.691780255
67767700 0.971162360 1.740279828 0.500000000 0.500000000 0.000000000 0.000000000 0.999249697 0.036717709 0.012322410 -1.649799886 -0.036612246 0.999291897 -0.008677787 -0.413040054 -0.012632313 0.008220124 0.999886394 3.512919839
67834433 0.971162360 1.740279828 0.500000000 0.500000000 0.000000000 0.000000000 0.999286056 0.036590524 0.009407640 -1.570260018 -0.036481626 0.999268174 -0.011497299 -0.406589022 -0.009821448 0.011145885 0.999889672 3.336080201
67901167 0.971162360 1.740279828 0.500000000 0.500000000 0.000000000 0.000000000 0.999308705 0.036435202 0.007391486 -1.480120101 -0.036320969 0.999226987 -0.015040936 -0.394163987 -0.007933793 0.014762072 0.999859571 3.145249954
67967900 0.971162360 1.740279828 0.500000000 0.500000000 0.000000000 0.000000000 0.999362350 0.034944504 0.007334592 -1.389729969 -0.034801729 0.999218047 -0.018765768 -0.379209995 -0.007984618 0.018498546 0.999796987 2.943629663
68034633 0.971162360 1.740279828 0.500000000 0.500000000 0.000000000 0.000000000 0.999384224 0.033939749 0.008899971 -1.293569995 -0.033728234 0.999168038 -0.022926362 -0.367259011 -0.009670681 0.022612063 0.999697566 2.730420199
68101367 0.971162360 1.740279828 0.500000000 0.500000000 0.000000000 0.000000000 0.999428034 0.031702381 0.011768951 -1.187749858 -0.031388562 0.999170184 -0.025955103 -0.359885942 -0.012582024 0.025570847 0.999593854 2.515759946
68168100 0.971162360 1.740279828 0.500000000 0.500000000 0.000000000 0.000000000 0.999354243 0.032136165 0.016073538 -1.088019966 -0.031688884 0.999123573 -0.027347852 -0.334899010 -0.016938305 0.026820838 0.999496758 2.296370289
68234833 0.971162360 1.740279828 0.500000000 0.500000000 0.000000000 0.000000000 0.999293089 0.030543562 0.021917960 -0.994442016 -0.029923927 0.999158144 -0.028062684 -0.311772982 -0.022756642 0.027386976 0.999365866 2.103280183
68301567 0.971162360 1.740279828 0.500000000 0.500000000 0.000000000 0.000000000 0.999205887 0.028952552 0.027375033 -0.905877048 -0.028126607 0.999151409 -0.030089954 -0.295480984 -0.028222984 0.029296091 0.999172270 1.904780054
68368300 0.971162360 1.740279828 0.500000000 0.500000000 0.000000000 0.000000000 0.999159753 0.025410036 0.032157209 -0.822399011 -0.024337145 0.999148130 -0.033326712 -0.280873985 -0.032976646 0.032516096 0.998927057 1.695489964
68435033 0.971162360 1.740279828 0.500000000 0.500000000 0.000000000 0.000000000 0.999040723 0.024816200 0.036080476 -0.746801997 -0.023513310 0.999071598 -0.036097270 -0.255189989 -0.036942776 0.035214271 0.998696744 1.499580019
68501767 0.971162360 1.740279828 0.500000000 0.500000000 0.000000000 0.000000000 0.998924494 0.026556345 0.038007904 -0.690304996 -0.025094854 0.998946309 -0.038426124 -0.232393995 -0.038988311 0.037430994 0.998538375 1.327749986
68568500 0.971162360 1.740279828 0.500000000 0.500000000 0.000000000 0.000000000 0.998909652 0.027671902 0.037600461 -0.639399999 -0.026109764 0.998800635 -0.041420121 -0.213255016 -0.038701538 0.040393222 0.998434067 1.169540030
68635233 0.971162360 1.740279828 0.500000000 0.500000000 0.000000000 0.000000000 0.999017358 0.025449870 0.036285508 -0.584734978 -0.023806186 0.998701811 -0.045032803 -0.195263009 -0.037384484 0.044124734 0.998326302 1.006060005
68701967 0.971162360 1.740279828 0.500000000 0.500000000 0.000000000 0.000000000 0.999163985 0.021683551 0.034657441 -0.528949007 -0.019973006 0.998600900 -0.048962221 -0.171960987 -0.035670631 0.048229076 0.998199165 0.835206998
68768700 0.971162360 1.740279828 0.500000000 0.500000000 0.000000000 0.000000000 0.999325573 0.017026598 0.032534756 -0.463177003 -0.015289319 0.998481691 -0.052919980 -0.143250002 -0.033386409 0.052386854 0.998068631 0.659099004
68835433 0.971162360 1.740279828 0.500000000 0.500000000 0.000000000 0.000000000 0.999477327 0.013821735 0.029224154 -0.393940979 -0.012150158 0.998321772 -0.056622069 -0.113961017 -0.029957723 0.056237396 0.997967899 0.483340028
68902167 0.971162360 1.740279828 0.500000000 0.500000000 0.000000000 0.000000000 0.999653101 0.011606079 0.023641888 -0.317933987 -0.010169545 0.998146474 -0.060001571 -0.084969202 -0.024294451 0.059740331 0.997918248 0.300853001
68968900 0.971162360 1.740279828 0.500000000 0.500000000 0.000000000 0.000000000 0.999819994 0.010294640 0.015936086 -0.232126985 -0.009274146 0.997980714 -0.062836967 -0.050809904 -0.016550789 0.062677868 0.997896552 0.106319994
69035633 0.971162360 1.740279828 0.500000000 0.500000000 0.000000000 0.000000000 0.999919653 0.010695037 0.006807562 -0.128607016 -0.010231212 0.997841656 -0.064863816 -0.014305699 -0.007486590 0.064788952 0.997870922 -0.093366002
69102367 0.971162360 1.740279828 0.500000000 0.500000000 0.000000000 0.000000000 0.999871969 0.015597189 -0.003569539 -0.011592900 -0.015796943 0.997743726 -0.065252878 0.015748498 0.002543725 0.065300919 0.997862399 -0.291401008
69169100 0.971162360 1.740279828 0.500000000 0.500000000 0.000000000 0.000000000 0.999630988 0.023045134 -0.014379564 0.120485996 -0.023934636 0.997591376 -0.065104641 0.042554398 0.012844582 0.065424792 0.997774839 -0.495941006
69235833 0.971162360 1.740279828 0.500000000 0.500000000 0.000000000 0.000000000 0.999244452 0.029419217 -0.025396770 0.257790987 -0.031002410 0.997443974 -0.064376980 0.067211295 0.023437934 0.065115705 0.997602403 -0.686784936
69302567 0.971162360 1.740279828 0.500000000 0.500000000 0.000000000 0.000000000 0.998798728 0.031546686 -0.037495967 0.404638005 -0.033905741 0.997371137 -0.064040296 0.099257890 0.035377134 0.065234698 0.997242630 -0.870952989
69369300 0.971162360 1.740279828 0.500000000 0.500000000 0.000000000 0.000000000 0.998228014 0.032792851 -0.049653947 0.553612032 -0.035957322 0.997286499 -0.064239360 0.145275990 0.047412619 0.065910958 0.996698439 -1.060080118
69436033 0.971162360 1.740279828 0.500000000 0.500000000 0.000000000 0.000000000 0.997405291 0.036881961 -0.061825298 0.701764975 -0.040859252 0.997090459 -0.064352132 0.190362017 0.059271984 0.066711299 0.996010244 -1.229159899
69502767 0.971162360 1.740279828 0.500000000 0.500000000 0.000000000 0.000000000 0.996587992 0.037081137 -0.073738672 0.839862022 -0.041907489 0.997003615 -0.065019727 0.237743013 0.071106710 0.067888081 0.995155811 -1.392550013
69569500 0.971162360 1.740279828 0.500000000 0.500000000 0.000000000 0.000000000 0.995825648 0.033865858 -0.084760748 0.969190015 -0.039564226 0.997003198 -0.066477701 0.290619993 0.082255416 0.069553688 0.994181216 -1.566119941
69636233 0.971162360 1.740279828 0.500000000 0.500000000 0.000000000 0.000000000 0.995077074 0.032290600 -0.093696281 1.096350071 -0.038740203 0.996942878 -0.067853339 0.340891984 0.091218814 0.071149103 0.993285954 -1.739610144
69702967 0.971162360 1.740279828 0.500000000 0.500000000 0.000000000 0.000000000 0.994138837 0.038891375 -0.100873560 1.215590018 -0.045936704 0.996593833 -0.068487324 0.372608022 0.097866401 0.072719701 0.992539167 -1.905139930
69769700 0.971162360 1.740279828 0.500000000 0.500000000 0.000000000 0.000000000 0.993478775 0.038803976 -0.107210778 1.327829830 -0.046524372 0.996428072 -0.070474371 0.404510023 0.104093142 0.075002700 0.991735458 -2.074109833
69836433 0.971162360 1.740279828 0.500000000 0.500000000 0.000000000 0.000000000 0.992851138 0.035082076 -0.114086956 1.439819957 -0.043642309 0.996345639 -0.073421650 0.436255985 0.111094251 0.077875786 0.990753949 -2.263049884
69903167 0.971162360 1.740279828 0.500000000 0.500000000 0.000000000 0.000000000 0.992230833 0.030612193 -0.120585762 1.554780101 -0.040066071 0.996243358 -0.076771930 0.469903024 0.117782600 0.081006870 0.989729822 -2.465310031
69969900 0.971162360 1.740279828 0.500000000 0.500000000 0.000000000 0.000000000 0.991445422 0.030148176 -0.126992285 1.678139949 -0.040470935 0.996012449 -0.079506971 0.504149033 0.124088906 0.083966322 0.988712072 -2.679230039
70036633 0.971162360 1.740279828 0.500000000 0.500000000 0.000000000 0.000000000 0.990571856 0.032886300 -0.132988200 1.797209903 -0.043938305 0.995741665 -0.081043229 0.535425042 0.129756674 0.086122423 0.987798631 -2.887280120
70103367 0.971162360 1.740279828 0.500000000 0.500000000 0.000000000 0.000000000 0.989698768 0.037260927 -0.138231710 1.917580147 -0.048983842 0.995395064 -0.082397118 0.573969964 0.134524956 0.088319451 0.986966431 -3.100970131
70170100 0.971162360 1.740279828 0.500000000 0.500000000 0.000000000 0.000000000 0.989287436 0.036420230 -0.141364768 2.036600139 -0.048628692 0.995287716 -0.083890401 0.623950018 0.137643322 0.089866094 0.986396670 -3.326339979
70236833 0.971162360 1.740279828 0.500000000 0.500000000 0.000000000 0.000000000 0.988771021 0.038521610 -0.144388378 2.156440222 -0.051142953 0.995089293 -0.084745221 0.666252996 0.140414804 0.091178067 0.985885501 -3.531439977
70303567 0.971162360 1.740279828 0.500000000 0.500000000 0.000000000 0.000000000 0.988115430 0.041130021 -0.148108706 2.284639912 -0.054130659 0.994922817 -0.084844127 0.711085095 0.143867090 0.091853008 0.985324979 -3.728189957
70370300 0.971162360 1.740279828 0.500000000 0.500000000 0.000000000 0.000000000 0.987509191 0.042386509 -0.151752919 2.407009941 -0.055611238 0.994913638 -0.083989777 0.756636043 0.147421002 0.091379844 0.984843552 -3.901350332
70437033 0.971162360 1.740279828 0.500000000 0.500000000 0.000000000 0.000000000 0.987120092 0.038020253 -0.155397579 2.528269967 -0.051575415 0.995117545 -0.084148794 0.811558052 0.151439503 0.091079652 0.984261453 -4.054820289
70503767 0.971162360 1.740279828 0.500000000 0.500000000 0.000000000 0.000000000 0.986656845 0.033785526 -0.159269422 2.655739968 -0.047756601 0.995259285 -0.084724426 0.866242898 0.155651897 0.091200113 0.983592927 -4.207390365
70570500 0.971162360 1.740279828 0.500000000 0.500000000 0.000000000 0.000000000 0.985979795 0.031849951 -0.163797140 2.792210395 -0.046389028 0.995238900 -0.085717887 0.917643947 0.160287172 0.092114493 0.982762933 -4.360479982
70637233 0.971162360 1.740279828 0.500000000 0.500000000 0.000000000 0.000000000 0.985262334 0.028882794 -0.168593928 2.933140069 -0.043844506 0.995355189 -0.085707098 0.967553894 0.165335372 0.091835901 0.981952310 -4.501979912
70703967 0.971162360 1.740279828 0.500000000 0.500000000 0.000000000 0.000000000 0.984382749 0.028152749 -0.173775837 3.089139986 -0.043416031 0.995463014 -0.084666349 1.004920016 0.170603827 0.090888746 0.981138885 -4.651110108
70770700 0.971162360 1.740279828 0.500000000 0.500000000 0.000000000 0.000000000 0.983232379 0.025505261 -0.180564538 3.262550013 -0.041060559 0.995708168 -0.082941420 1.034740018 0.177674130 0.088964768 0.980059803 -4.792950106
70837433 0.971162360 1.740279828 0.500000000 0.500000000 0.000000000 0.000000000 0.981749415 0.024958242 -0.188534245 3.450820071 -0.040728267 0.995943129 -0.080239922 1.047669977 0.185766742 0.086454168 0.978783131 -4.923440150
70904167 0.971162360 1.740279828 0.500000000 0.500000000 0.000000000 0.000000000 0.979711950 0.027078347 -0.198572904 3.649219822 -0.043229431 0.996058106 -0.077456549 1.051090030 0.195692748 0.084469303 0.977020621 -5.039680114
