https://www.youtube.com/watch?v=qJKVrc1iHaU
31097733 1.024620240 1.822170142 0.500000000 0.500000000 0.000000000 0.000000000 0.979335725 0.112272806 -0.168215215 0.391614973 -0.115763374 0.993215263 -0.011058060 -1.661530036 0.165832400 0.030302722 0.985688269 4.533229990
31164467 1.024620240 1.822170142 0.500000000 0.500000000 0.000000000 0.000000000 0.973100185 0.137137979 -0.185119480 0.511604019 -0.138800949 0.990312159 0.004009170 -1.552069804 0.183875889 0.021793447 0.982707858 4.242439981
31231200 1.024620240 1.822170142 0.500000000 0.500000000 0.000000000 0.000000000 0.965240955 0.160256475 -0.206464872 0.618873001 -0.159736514 0.986971021 0.019297594 -1.445949895 0.206867412 0.014353173 0.978263676 3.946369748
31297933 1.024620240 1.822170142 0.500000000 0.500000000 0.000000000 0.000000000 0.956056654 0.185465589 -0.227063999 0.699370807 -0.181985751 0.982628822 0.036355931 -1.337899791 0.229862407 0.006564121 0.973200977 3.673259883
31364667 1.024620240 1.822170142 0.500000000 0.500000000 0.000000000 0.000000000 0.945088983 0.214833573 -0.246279120 0.761788104 -0.207671955 0.976650298 0.055014040 -1.234760110 0.252347440 -0.000847895 0.967636347 3.456450197
31431400 1.024620240 1.822170142 0.500000000 0.500000000 0.000000000 0.000000000 0.934036016 0.241658315 -0.263017058 0.797159249 -0.228748813 0.970264018 0.079130791 -1.120909968 0.274318635 -0.013746157 0.961540580 3.298129989
31498133 1.024620240 1.822170142 0.500000000 0.500000000 0.000000000 0.000000000 0.921080470 0.267820805 -0.282635272 0.805482902 -0.248127371 0.963126361 0.104020968 -0.999104863 0.300072491 -0.025682088 0.953570604 3.111949913
31564867 1.024620240 1.822170142 0.500000000 0.500000000 0.000000000 0.000000000 0.906433702 0.295043737 -0.302203476 0.777238879 -0.268084317 0.954838157 0.128120124 -0.893679597 0.326356471 -0.035116307 0.944594204 2.905619967
31631600 1.024620240 1.822170142 0.500000000 0.500000000 0.000000000 0.000000000 0.890466809 0.320703387 -0.322828293 0.733982900 -0.285069168 0.946122885 0.153580651 -0.789567765 0.354689062 -0.044730023 0.933913708 2.671929840
31698333 1.024620240 1.822170142 0.500000000 0.500000000 0.000000000 0.000000000 0.873251677 0.345377445 -0.343723923 0.656815931 -0.299272954 0.936838388 0.181023896 -0.707702115 0.384535283 -0.055212207 0.921457708 2.424220488
31765067 1.024620240 1.822170142 0.500000000 0.500000000 0.000000000 0.000000000 0.855272472 0.369401395 -0.363389105 0.576004007 -0.312491477 0.927101135 0.206960335 -0.657509096 0.413349897 -0.063451514 0.908358872 2.175800216
31831800 1.024620240 1.822170142 0.500000000 0.500000000 0.000000000 0.000000000 0.836803854 0.392081290 -0.382140756 0.493127073 -0.323282331 0.917147040 0.233087674 -0.617657118 0.441868603 -0.071509317 0.894225121 1.925600116
31898533 1.024620240 1.822170142 0.500000000 0.500000000 0.000000000 0.000000000 0.816860616 0.412181079 -0.403541207 0.418486977 -0.330484390 0.907792032 0.258251190 -0.581130900 0.472777724 -0.077591158 0.877758980 1.634849847
31965267 1.024620240 1.822170142 0.500000000 0.500000000 0.000000000 0.000000000 0.796224713 0.430902094 -0.424675763 0.358007977 -0.337114900 0.898866117 0.279987872 -0.532069878 0.502374053 -0.079768717 0.860962987 1.354580100
32032000 1.024620240 1.822170142 0.500000000 0.500000000 0.000000000 0.000000000 0.775938451 0.447296619 -0.444797844 0.310233983 -0.341261268 0.890685201 0.300367296 -0.479287908 0.530528188 -0.081274211 0.843761981 1.103259958
32098733 1.024620240 1.822170142 0.500000000 0.500000000 0.000000000 0.000000000 0.756754041 0.461125910 -0.463342190 0.281140936 -0.342372656 0.883395493 0.319989413 -0.418036804 0.556869864 -0.083517455 0.826390088 0.861291783
32165467 1.024620240 1.822170142 0.500000000 0.500000000 0.000000000 0.000000000 0.737763703 0.474215299 -0.480441809 0.264659930 -0.343418688 0.876380205 0.337670416 -0.354238904 0.581178188 -0.084128171 0.809415936 0.605937875
32232200 1.024620240 1.822170142 0.500000000 0.500000000 0.000000000 0.000000000 0.719591558 0.485652387 -0.496316552 0.267433090 -0.342888117 0.870038867 0.354203671 -0.293145109 0.603834510 -0.084701091 0.792596936 0.351236104
32298933 1.024620240 1.822170142 0.500000000 0.500000000 0.000000000 0.000000000 0.703279972 0.493655115 -0.511568606 0.275179167 -0.338252515 0.865279973 0.369967580 -0.231809109 0.625286400 -0.087151691 0.775514007 0.051377164
32365667 1.024620240 1.822170142 0.500000000 0.500000000 0.000000000 0.000000000 0.686184168 0.500723124 -0.527662873 0.295319174 -0.333422691 0.861193061 0.383635223 -0.185072025 0.646514535 -0.087309852 0.757889330 -0.244051036
32432400 1.024620240 1.822170142 0.500000000 0.500000000 0.000000000 0.000000000 0.670704603 0.506251752 -0.542093039 0.330989189 -0.326754391 0.857781231 0.396790981 -0.169672943 0.665873289 -0.088998437 0.740737677 -0.566604184
32499133 1.024620240 1.822170142 0.500000000 0.500000000 0.000000000 0.000000000 0.656997025 0.509124756 -0.556009293 0.384734720 -0.319951534 0.856105030 0.405850887 -0.128864209 0.682631135 -0.088746518 0.725353897 -0.954307492
32565867 1.024620240 1.822170142 0.500000000 0.500000000 0.000000000 0.000000000 0.641462207 0.511266530 -0.571955264 0.488176078 -0.310337931 0.854764044 0.416015387 -0.107593963 0.701581538 -0.089358792 0.706964254 -1.353540135
32632600 1.024620240 1.822170142 0.500000000 0.500000000 0.000000000 0.000000000 0.626845598 0.510717750 -0.588414311 0.595475460 -0.299091488 0.855076551 0.423542380 -0.076188053 0.719449997 -0.089505717 0.688752472 -1.814079255
32699333 1.024620240 1.822170142 0.500000000 0.500000000 0.000000000 0.000000000 0.610516608 0.509058118 -0.606736302 0.736545483 -0.287015349 0.856210053 0.429565370 -0.050713642 0.738167524 -0.088113979 0.668838024 -2.208169002
32766067 1.024620240 1.822170142 0.500000000 0.500000000 0.000000000 0.000000000 0.596185923 0.504638433 -0.624421418 0.870854629 -0.273675054 0.858918548 0.432851881 -0.032438396 0.754760921 -0.087171525 0.650182188 -2.617609463
32832800 1.024620240 1.822170142 0.500000000 0.500000000 0.000000000 0.000000000 0.581377745 0.500335693 -0.641610682 1.001680493 -0.261692286 0.861660659 0.434808135 -0.002222593 0.770400703 -0.084883288 0.631884336 -3.021550480
32899533 1.024620240 1.822170142 0.500000000 0.500000000 0.000000000 0.000000000 0.565571606 0.495617151 -0.659160614 1.138820711 -0.250030220 0.864702225 0.435631841 0.020276141 0.785884142 -0.081571072 0.612970233 -3.404990857
33433400 1.024620240 1.822170142 0.500000000 0.500000000 0.000000000 0.000000000 0.425432086 0.439760029 -0.790960848 2.536201197 -0.160686657 0.896817744 0.412186563 -0.088398739 0.890610874 -0.048260704 0.452198565 -6.058861891
33500133 1.024620240 1.822170142 0.500000000 0.500000000 0.000000000 0.000000000 0.404534578 0.431047082 -0.806566119 2.771175459 -0.152616873 0.901405752 0.405185878 -0.077417220 0.901697636 -0.040815711 0.430435002 -6.361242432
