https://www.youtube.com/watch?v=rAvmze8Jph0
289022067 1.016106986 1.807030174 0.500000000 0.500000000 0.000000000 0.000000000 0.999622703 0.015439168 0.022717971 -2.731820307 -0.015789879 0.999757648 0.015340112 -1.410620014 -0.022475626 -0.015693039 0.999624193 5.490129945
289088800 1.016106986 1.807030174 0.500000000 0.500000000 0.000000000 0.000000000 0.999506652 0.014499150 0.027860340 -2.612379766 -0.014938125 0.999766529 0.015613269 -1.317900026 -0.027627457 -0.016021747 0.999489903 5.221489966
289155533 1.016106986 1.807030174 0.500000000 0.500000000 0.000000000 0.000000000 0.999222636 0.012893983 0.037253417 -2.433119790 -0.013458501 0.999797761 0.014942593 -1.196249874 -0.037053213 -0.015432353 0.999194145 4.815610226
289222267 1.016106986 1.807030174 0.500000000 0.500000000 0.000000000 0.000000000 0.998916984 0.011497744 0.045085445 -2.313990241 -0.012179614 0.999815106 0.014878526 -1.127310130 -0.044906043 -0.015411535 0.998872340 4.551869813
289289000 1.016106986 1.807030174 0.500000000 0.500000000 0.000000000 0.000000000 0.998327315 0.008422726 0.057198267 -2.148070080 -0.009263921 0.999852598 0.014457443 -1.033920218 -0.057068061 -0.014963140 0.998258173 4.188560466
289355733 1.016106986 1.807030174 0.500000000 0.500000000 0.000000000 0.000000000 0.997865856 0.005807691 0.065038092 -2.047479853 -0.006729296 0.999879897 0.013960144 -0.981935886 -0.064949207 -0.014368013 0.997785151 3.958560294
289422467 1.016106986 1.807030174 0.500000000 0.500000000 0.000000000 0.000000000 0.997129500 0.001659883 0.075696543 -1.897029780 -0.002623593 0.999916732 0.012633563 -0.917127022 -0.075669274 -0.012795896 0.997050881 3.625160163
289489200 1.016106986 1.807030174 0.500000000 0.500000000 0.000000000 0.000000000 0.996620655 -0.000963748 0.082136482 -1.797270235 0.000064923 0.999940097 0.010945037 -0.878340996 -0.082142115 -0.010902718 0.996560991 3.412790085
289555933 1.016106986 1.807030174 0.500000000 0.500000000 0.000000000 0.000000000 0.995932043 -0.005697889 0.089926958 -1.648509866 0.005187855 0.999969125 0.005904364 -0.840951001 -0.089957818 -0.005413817 0.995930851 3.095749888
289622667 1.016106986 1.807030174 0.500000000 0.500000000 0.000000000 0.000000000 0.995615721 -0.008977816 0.093105942 -1.549439999 0.008856718 0.999959290 0.001713768 -0.815976024 -0.093117535 -0.000881641 0.995654702 2.878119875
289689400 1.016106986 1.807030174 0.500000000 0.500000000 0.000000000 0.000000000 0.995547712 -0.013566954 0.093277305 -1.388949965 0.014171252 0.999882638 -0.005819161 -0.785607946 -0.093187407 0.007115109 0.995623171 2.529500027
289756133 1.016106986 1.807030174 0.500000000 0.500000000 0.000000000 0.000000000 0.995694995 -0.015979983 0.091302440 -1.269700093 0.017009001 0.999800146 -0.010503409 -0.751349956 -0.091116354 0.012011155 0.995767832 2.289400102
289822867 1.016106986 1.807030174 0.500000000 0.500000000 0.000000000 0.000000000 0.996217072 -0.019537892 0.084674962 -1.091100122 0.021071188 0.999629140 -0.017252237 -0.675138024 -0.084306486 0.018971175 0.996259272 1.926599932
289889600 1.016106986 1.807030174 0.500000000 0.500000000 0.000000000 0.000000000 0.996873379 -0.021738080 0.075966470 -0.978348937 0.023357252 0.999517143 -0.020491127 -0.600330009 -0.075484358 0.022201426 0.996899784 1.670669997
289956333 1.016106986 1.807030174 0.500000000 0.500000000 0.000000000 0.000000000 0.997904778 -0.024009235 0.060080450 -0.807827031 0.025548663 0.999361277 -0.024987062 -0.477290994 -0.059442151 0.026469683 0.997880757 1.306939930
290023067 1.016106986 1.807030174 0.500000000 0.500000000 0.000000000 0.000000000 0.998500407 -0.024111414 0.049149022 -0.692753990 0.025493411 0.999291480 -0.027688228 -0.407465011 -0.048446596 0.028899681 0.998407602 1.071570011
290089800 1.016106986 1.807030174 0.500000000 0.500000000 0.000000000 0.000000000 0.999228358 -0.023502355 0.031469606 -0.520703951 0.024455572 0.999242961 -0.030255772 -0.317421011 -0.030734701 0.031002034 0.999046683 0.731187992
290156533 1.016106986 1.807030174 0.500000000 0.500000000 0.000000000 0.000000000 0.999557793 -0.022593396 0.019332521 -0.405128975 0.023172213 0.999273479 -0.030259183 -0.259669036 -0.018634818 0.030693779 0.999355137 0.517665040
290223267 1.016106986 1.807030174 0.500000000 0.500000000 0.000000000 0.000000000 0.999759912 -0.021315277 0.005073386 -0.230623002 0.021460351 0.999304295 -0.030502213 -0.182948009 -0.004419693 0.030603768 0.999521852 0.202220004
290290000 1.016106986 1.807030174 0.500000000 0.500000000 0.000000000 0.000000000 0.999757767 -0.021730246 -0.003496164 -0.115619001 0.021610664 0.999278903 -0.031219086 -0.131158995 0.004172041 0.031135967 0.999506474 -0.009278290
290356733 1.016106986 1.807030174 0.500000000 0.500000000 0.000000000 0.000000000 0.999653518 -0.022953000 -0.012885642 0.069489595 0.022501696 0.999163747 -0.034139235 -0.040459400 0.013658465 0.033837456 0.999334037 -0.320715997
290423467 1.016106986 1.807030174 0.500000000 0.500000000 0.000000000 0.000000000 0.999608874 -0.023438446 -0.015254976 0.191226012 0.022866927 0.999067664 -0.036618154 0.025321100 0.016099026 0.036254998 0.999212861 -0.524317025
290490200 1.016106986 1.807030174 0.500000000 0.500000000 0.000000000 0.000000000 0.999600410 -0.024728661 -0.013693942 0.375909001 0.024164813 0.998910904 -0.039913427 0.134926999 0.014666032 0.039566565 0.999109328 -0.841946084
290556933 1.016106986 1.807030174 0.500000000 0.500000000 0.000000000 0.000000000 0.999613941 -0.026494840 -0.008365845 0.504220003 0.026124740 0.998791933 -0.041619159 0.213611997 0.009458432 0.041384533 0.999098539 -1.061210089
290623667 1.016106986 1.807030174 0.500000000 0.500000000 0.000000000 0.000000000 0.999595761 -0.027671246 0.006525760 0.680595951 0.027925892 0.998691559 -0.042840082 0.344076964 -0.005331782 0.043005001 0.999060631 -1.427759946
290690400 1.016106986 1.807030174 0.500000000 0.500000000 0.000000000 0.000000000 0.999449849 -0.028234011 0.017402060 0.769025061 0.028949564 0.998683810 -0.042339250 0.442291030 -0.016183749 0.042819738 0.998951733 -1.670269831
290757133 1.016106986 1.807030174 0.500000000 0.500000000 0.000000000 0.000000000 0.998987556 -0.028495351 0.034811690 0.880566006 0.029809559 0.998839259 -0.037835132 0.572561990 -0.033693157 0.038834546 0.998677433 -2.039760086
290823867 1.016106986 1.807030174 0.500000000 0.500000000 0.000000000 0.000000000 0.998463511 -0.028492624 0.047526840 0.956055075 0.030029846 0.999038219 -0.031950016 0.643792997 -0.046570789 0.033328149 0.998358846 -2.283809654
290890600 1.016106986 1.807030174 0.500000000 0.500000000 0.000000000 0.000000000 0.997346282 -0.027659059 0.067344919 1.062339969 0.029227272 0.999321461 -0.022413267 0.725636013 -0.066679299 0.024322098 0.997477949 -2.611549954
290957333 1.016106986 1.807030174 0.500000000 0.500000000 0.000000000 0.000000000 0.996165216 -0.029082561 0.082517222 1.112099991 0.030579260 0.999388933 -0.016932270 0.786710059 -0.081974357 0.019390656 0.996445775 -2.821949922
291024067 1.016106986 1.807030174 0.500000000 0.500000000 0.000000000 0.000000000 0.993885398 -0.029952835 0.106276475 1.179469914 0.031469904 0.999424934 -0.012626179 0.862142956 -0.105837174 0.015893484 0.994256437 -3.123549688
291090800 1.016106986 1.807030174 0.500000000 0.500000000 0.000000000 0.000000000 0.992142677 -0.031137455 0.121174820 1.222159922 0.032657195 0.999410629 -0.010575553 0.916580942 -0.120774113 0.014449688 0.992574871 -3.317600305
291157533 1.016106986 1.807030174 0.500000000 0.500000000 0.000000000 0.000000000 0.989554286 -0.034226589 0.140038744 1.290630119 0.036029331 0.999297082 -0.010357483 1.003119995 -0.139585808 0.015294799 0.990091860 -3.607209896
291224267 1.016106986 1.807030174 0.500000000 0.500000000 0.000000000 0.000000000 0.988065839 -0.035939801 0.149780452 1.345190066 0.038039420 0.999213755 -0.011175722 1.059550103 -0.149261028 0.016739914 0.988656104 -3.804159988
291291000 1.016106986 1.807030174 0.500000000 0.500000000 0.000000000 0.000000000 0.986484230 -0.038899630 0.159172013 1.455420297 0.041421056 0.999062896 -0.012552719 1.157869912 -0.158534572 0.018976131 0.987171054 -4.096570264
291357733 1.016106986 1.807030174 0.500000000 0.500000000 0.000000000 0.000000000 0.985890269 -0.041028209 0.162286907 1.546699980 0.043703586 0.998960614 -0.012948491 1.233419957 -0.161586970 0.019858316 0.986658633 -4.287009584
291424467 1.016106986 1.807030174 0.500000000 0.500000000 0.000000000 0.000000000 0.985825658 -0.044132333 0.161864474 1.722000113 0.046881717 0.998813152 -0.013203919 1.370489743 -0.161089644 0.020605247 0.986724675 -4.576479921
291491200 1.016106986 1.807030174 0.500000000 0.500000000 0.000000000 0.000000000 0.986197531 -0.045942020 0.159071326 1.847819868 0.048405048 0.998759925 -0.011641886 1.456919825 -0.158339202 0.019181060 0.987198412 -4.760399032
291557933 1.016106986 1.807030174 0.500000000 0.500000000 0.000000000 0.000000000 0.987997413 -0.048113476 0.146786183 2.047559959 0.050105419 0.998694837 -0.009901090 1.572799979 -0.146118224 0.017137030 0.989118695 -5.009420119
291624667 1.016106986 1.807030174 0.500000000 0.500000000 0.000000000 0.000000000 0.989715219 -0.048510205 0.134575725 2.183240185 0.049979340 0.998721659 -0.007557980 1.617789988 -0.134037048 0.014206246 0.990874469 -5.162669687
