https://www.youtube.com/watch?v=cG_RniNiBBk
138771967 0.986657782 1.754657996 0.500000000 0.500000000 0.000000000 0.000000000 0.992269218 -0.037302271 0.118365198 -3.160949756 0.042364798 0.998279154 -0.040545754 -1.100609994 -0.116649061 0.045246817 0.992141962 4.654449937
138838700 0.986657782 1.754657996 0.500000000 0.500000000 0.000000000 0.000000000 0.992578030 -0.036130168 0.116118252 -3.123469820 0.040974557 0.998374879 -0.039606154 -1.094900012 -0.114498571 0.044070087 0.992445409 4.600470126
138905433 0.986657782 1.754657996 0.500000000 0.500000000 0.000000000 0.000000000 0.992979348 -0.034565523 0.113124922 -3.088819825 0.039182723 0.998476565 -0.038848836 -1.082860031 -0.111609757 0.043008629 0.992820978 4.527800323
138972167 0.986657782 1.754657996 0.500000000 0.500000000 0.000000000 0.000000000 0.993441522 -0.032228950 0.109705344 -3.053050176 0.036575485 0.998614192 -0.037840642 -1.064900090 -0.108333752 0.041604988 0.993243575 4.454430278
139038900 0.986657782 1.754657996 0.500000000 0.500000000 0.000000000 0.000000000 0.994029760 -0.029695336 0.104990467 -3.014999967 0.033654097 0.998780012 -0.036137257 -1.041520020 -0.103789270 0.039454866 0.993816435 4.358019830
139105633 0.986657782 1.754657996 0.500000000 0.500000000 0.000000000 0.000000000 0.994588494 -0.026780376 0.100381970 -2.972399884 0.030433672 0.998922408 -0.035040759 -1.015819991 -0.099335387 0.037906125 0.994331717 4.251979633
139172367 0.986657782 1.754657996 0.500000000 0.500000000 0.000000000 0.000000000 0.995174408 -0.023836665 0.095182717 -2.926670208 0.027139168 0.999068379 -0.033553861 -0.982104035 -0.094294235 0.035975121 0.994894147 4.121899921
139239100 0.986657782 1.754657996 0.500000000 0.500000000 0.000000000 0.000000000 0.995765388 -0.020882469 0.089527518 -2.880469931 0.023889296 0.999181390 -0.032646492 -0.944851875 -0.088772491 0.034646995 0.995449185 3.988999986
139305833 0.986657782 1.754657996 0.500000000 0.500000000 0.000000000 0.000000000 0.996372581 -0.017437512 0.083292626 -2.829660115 0.020200478 0.999269366 -0.032444980 -0.907995001 -0.082666002 0.034009840 0.995996833 3.850460184
139372567 0.986657782 1.754657996 0.500000000 0.500000000 0.000000000 0.000000000 0.996937156 -0.014736483 0.076805472 -2.771449960 0.017304430 0.999309599 -0.032876804 -0.872012032 -0.076267958 0.034105182 0.996503890 3.709739684
139439300 0.986657782 1.754657996 0.500000000 0.500000000 0.000000000 0.000000000 0.997484565 -0.011726351 0.069907360 -2.714780110 0.014106773 0.999333918 -0.033655189 -0.835439895 -0.069466151 0.034556702 0.996985614 3.564440212
139506033 0.986657782 1.754657996 0.500000000 0.500000000 0.000000000 0.000000000 0.997988164 -0.008826919 0.062783025 -2.647599992 0.011052093 0.999319732 -0.035183772 -0.804707996 -0.062429752 0.035806872 0.997406840 3.453050075
139572767 0.986657782 1.754657996 0.500000000 0.500000000 0.000000000 0.000000000 0.998428881 -0.005588966 0.055753853 -2.575989916 0.007673857 0.999276459 -0.037250862 -0.776949954 -0.055505324 0.037620187 0.997749388 3.305339807
139639500 0.986657782 1.754657996 0.500000000 0.500000000 0.000000000 0.000000000 0.998815835 -0.001264637 0.048634265 -2.498699890 0.003244054 0.999168456 -0.040642697 -0.752151028 -0.048542429 0.040752340 0.997989416 3.175410196
139706233 0.986657782 1.754657996 0.500000000 0.500000000 0.000000000 0.000000000 0.999159336 0.002696515 0.040906154 -2.401789780 -0.000920874 0.999058902 -0.043364573 -0.737622067 -0.040984593 0.043290447 0.998221517 3.056610080
139772967 0.986657782 1.754657996 0.500000000 0.500000000 0.000000000 0.000000000 0.999466479 0.007471062 0.031796217 -2.299859905 -0.005992377 0.998907328 -0.046348881 -0.723549011 -0.032107748 0.046133619 0.998419166 2.900260228
139839700 0.986657782 1.754657996 0.500000000 0.500000000 0.000000000 0.000000000 0.999669075 0.012844551 0.022286842 -2.167309858 -0.011702817 0.998649180 -0.050624281 -0.721226958 -0.022906983 0.050346710 0.998469055 2.733669971
139906433 0.986657782 1.754657996 0.500000000 0.500000000 0.000000000 0.000000000 0.999798954 0.016188655 0.011831146 -2.033269789 -0.015503948 0.998319507 -0.055837248 -0.714093024 -0.012715193 0.055642594 0.998369813 2.591759955
139973167 0.986657782 1.754657996 0.500000000 0.500000000 0.000000000 0.000000000 0.999736071 0.022953941 0.000978653 -1.899370137 -0.022859076 0.998067677 -0.057778642 -0.678451954 -0.002303010 0.057741016 0.998328924 2.446530117
140039900 0.986657782 1.754657996 0.500000000 0.500000000 0.000000000 0.000000000 0.999542892 0.027761726 -0.011972051 -1.759729969 -0.028452640 0.997668624 -0.062030446 -0.631239002 0.010222068 0.062342729 0.998002470 2.271209944
140106633 0.986657782 1.754657996 0.500000000 0.500000000 0.000000000 0.000000000 0.999045789 0.036160141 -0.024493221 -1.608859985 -0.037694134 0.997148871 -0.065370135 -0.574258017 0.022059593 0.066231005 0.997560441 2.126319730
140173367 0.986657782 1.754657996 0.500000000 0.500000000 0.000000000 0.000000000 0.998350739 0.042059716 -0.039074481 -1.440309999 -0.044640612 0.996705711 -0.067712419 -0.523954026 0.036097795 0.069345050 0.996939421 2.000369931
140240100 0.986657782 1.754657996 0.500000000 0.500000000 0.000000000 0.000000000 0.997329295 0.048768397 -0.054368097 -1.271649908 -0.052478526 0.996232450 -0.069042586 -0.466744007 0.050796170 0.071711354 0.996131122 1.881739992
140306833 0.986657782 1.754657996 0.500000000 0.500000000 0.000000000 0.000000000 0.996003389 0.054266736 -0.070939422 -1.116750048 -0.059257179 0.995768011 -0.070246913 -0.409838977 0.066827133 0.074169822 0.995003998 1.730199974
140373567 0.986657782 1.754657996 0.500000000 0.500000000 0.000000000 0.000000000 0.994547427 0.059666403 -0.085529916 -0.972956042 -0.065739952 0.995375216 -0.070046134 -0.361268045 0.080954961 0.075286932 0.993870318 1.615110134
140440300 0.986657782 1.754657996 0.500000000 0.500000000 0.000000000 0.000000000 0.992631137 0.064791530 -0.102398932 -0.833043079 -0.072089776 0.994990885 -0.069254369 -0.319783011 0.097398907 0.076125950 0.992329717 1.456879907
140507033 0.986657782 1.754657996 0.500000000 0.500000000 0.000000000 0.000000000 0.990649283 0.068962127 -0.117720947 -0.696798968 -0.077295467 0.994703531 -0.067751944 -0.287455992 0.112425119 0.076217711 0.990732789 1.319740054
140573767 0.986657782 1.754657996 0.500000000 0.500000000 0.000000000 0.000000000 0.988248229 0.073263586 -0.134156361 -0.565947048 -0.082623273 0.994421005 -0.065576196 -0.263964011 0.128603563 0.075889990 0.988788068 1.167300041
140640500 0.986657782 1.754657996 0.500000000 0.500000000 0.000000000 0.000000000 0.985860288 0.076319724 -0.149180323 -0.432206949 -0.086498916 0.994259715 -0.062972270 -0.251664997 0.143517971 0.074985795 0.986802757 1.026489898
140707233 0.986657782 1.754657996 0.500000000 0.500000000 0.000000000 0.000000000 0.983453989 0.078882508 -0.163082093 -0.294259029 -0.089841358 0.994089842 -0.060941976 -0.235992019 0.157310992 0.074585140 0.984728575 0.866126032
140773967 0.986657782 1.754657996 0.500000000 0.500000000 0.000000000 0.000000000 0.980888784 0.080726042 -0.177032396 -0.152816001 -0.092368603 0.994003296 -0.058528110 -0.209872005 0.171246037 0.073761806 0.982463241 0.708090994
140840700 0.986657782 1.754657996 0.500000000 0.500000000 0.000000000 0.000000000 0.978292644 0.082775325 -0.189978331 0.002225527 -0.094965383 0.993905902 -0.055969790 -0.173650981 0.184187680 0.072796196 0.980191648 0.539922023
140907433 0.986657782 1.754657996 0.500000000 0.500000000 0.000000000 0.000000000 0.975904226 0.082634412 -0.201946840 0.155823007 -0.095435433 0.993943691 -0.054479204 -0.127884992 0.196221933 0.072439350 0.977880120 0.386420001
140974167 0.986657782 1.754657996 0.500000000 0.500000000 0.000000000 0.000000000 0.973322868 0.082077108 -0.214256719 0.293776018 -0.095200814 0.994117141 -0.051652431 -0.080469209 0.208756790 0.070671894 0.975410759 0.235691017
141040900 0.986657782 1.754657996 0.500000000 0.500000000 0.000000000 0.000000000 0.970391870 0.081904426 -0.227225140 0.435927986 -0.095520884 0.994192362 -0.049571626 -0.038445809 0.221845344 0.069808662 0.972579718 0.094247792
141107633 0.986657782 1.754657996 0.500000000 0.500000000 0.000000000 0.000000000 0.967157006 0.081909277 -0.240620360 0.583695989 -0.096170850 0.994201124 -0.048117314 0.001050374 0.235283777 0.069677666 0.969425857 -0.038246781
141174367 0.986657782 1.754657996 0.500000000 0.500000000 0.000000000 0.000000000 0.963882864 0.081678309 -0.253492713 0.733904093 -0.096728854 0.994178295 -0.047466770 0.038982394 0.248139933 0.070272461 0.966172040 -0.175624984
141241100 0.986657782 1.754657996 0.500000000 0.500000000 0.000000000 0.000000000 0.960090220 0.081119850 -0.267668426 0.890568074 -0.096686527 0.994275451 -0.045475356 0.066986100 0.262447178 0.069540367 0.962437332 -0.298591010
141307833 0.986657782 1.754657996 0.500000000 0.500000000 0.000000000 0.000000000 0.955846131 0.081419110 -0.282363653 1.048500123 -0.097525045 0.994284689 -0.043437526 0.087868619 0.277213216 0.069057100 0.958323538 -0.413047938
141374567 0.986657782 1.754657996 0.500000000 0.500000000 0.000000000 0.000000000 0.951013923 0.083047122 -0.297784626 1.210390003 -0.099860549 0.994128406 -0.041671917 0.102890965 0.292575419 0.069367521 0.953723073 -0.524465899
141441300 0.986657782 1.754657996 0.500000000 0.500000000 0.000000000 0.000000000 0.946025491 0.084314629 -0.312932551 1.369559953 -0.102071226 0.993941307 -0.040769696 0.116179958 0.307599068 0.070510603 0.948899865 -0.628727919
141508033 0.986657782 1.754657996 0.500000000 0.500000000 0.000000000 0.000000000 0.940485954 0.087135971 -0.328471482 1.523460046 -0.105668977 0.993637681 -0.038964126 0.130765022 0.322986484 0.071354449 0.943709850 -0.732829941
141574767 0.986657782 1.754657996 0.500000000 0.500000000 0.000000000 0.000000000 0.934243858 0.091778748 -0.344623148 1.688030079 -0.110975571 0.993158102 -0.036351115 0.145538997 0.338928998 0.072205551 0.938037038 -0.840261003
141641500 0.986657782 1.754657996 0.500000000 0.500000000 0.000000000 0.000000000 0.927391171 0.097927392 -0.361048073 1.856849775 -0.117795363 0.992476702 -0.033379804 0.166860951 0.355062991 0.073485956 0.931949556 -0.942485917
141708233 0.986657782 1.754657996 0.500000000 0.500000000 0.000000000 0.000000000 0.919907391 0.104657911 -0.377911717 2.035690331 -0.125113934 0.991691291 -0.029914154 0.189141057 0.371641010 0.074800238 0.925358295 -1.025830140
141774967 0.986657782 1.754657996 0.500000000 0.500000000 0.000000000 0.000000000 0.911414027 0.113007851 -0.395668894 2.213650388 -0.134194985 0.990608931 -0.026185075 0.211420107 0.388994008 0.076962173 0.918019950 -1.104720324
141841700 0.986657782 1.754657996 0.500000000 0.500000000 0.000000000 0.000000000 0.901358485 0.121293850 -0.415740997 2.401909801 -0.143370986 0.989420593 -0.022172444 0.224465865 0.408653349 0.079590559 0.909212649 -1.175249701
141908433 0.986657782 1.754657996 0.500000000 0.500000000 0.000000000 0.000000000 0.891487777 0.128634244 -0.434399188 2.572709798 -0.151598305 0.988269627 -0.018468555 0.235464974 0.426927805 0.082318693 0.900531054 -1.253530034
141975167 0.986657782 1.754657996 0.500000000 0.500000000 0.000000000 0.000000000 0.880544364 0.136892825 -0.453764230 2.733789812 -0.160874337 0.986868978 -0.014460627 0.240376031 0.445826262 0.085732237 0.891004443 -1.318599977
142041900 0.986657782 1.754657996 0.500000000 0.500000000 0.000000000 0.000000000 0.869273961 0.144341275 -0.472787708 2.881839517 -0.169417784 0.985487044 -0.010626331 0.237706923 0.464392334 0.089335896 0.881112218 -1.396199941
142108633 0.986657782 1.754657996 0.500000000 0.500000000 0.000000000 0.000000000 0.857456446 0.151016444 -0.491896927 3.034240315 -0.177095830 0.984171748 -0.006557960 0.226956968 0.483120739 0.092736050 0.870628774 -1.470669973
142175367 0.986657782 1.754657996 0.500000000 0.500000000 0.000000000 0.000000000 0.845001817 0.156081185 -0.511478961 3.183020355 -0.183738932 0.982968509 -0.003591217 0.212527047 0.502207220 0.097013153 0.859288335 -1.552739945
142242100 0.986657782 1.754657996 0.500000000 0.500000000 0.000000000 0.000000000 0.832018375 0.161018431 -0.530865788 3.332360072 -0.190381110 0.981710076 -0.000616282 0.193583001 0.521057010 0.101579592 0.847455680 -1.619210211
142308833 0.986657782 1.754657996 0.500000000 0.500000000 0.000000000 0.000000000 0.819422483 0.166000217 -0.548626065 3.480549432 -0.197430134 0.980315387 0.001738701 0.184168839 0.538115263 0.106890649 0.836065948 -1.682899520
142375567 0.986657782 1.754657996 0.500000000 0.500000000 0.000000000 0.000000000 0.806688547 0.169197187 -0.566238105 3.623958879 -0.202732995 0.979226768 0.003779430 0.177356671 0.555114925 0.111746430 0.824232817 -1.800779214
142442300 0.986657782 1.754657996 0.500000000 0.500000000 0.000000000 0.000000000 0.793529689 0.173082858 -0.583397865 3.770360461 -0.208775610 0.977944136 0.006163418 0.181296036 0.571597338 0.116908357 0.812163174 -1.845380053
142509033 0.986657782 1.754657996 0.500000000 0.500000000 0.000000000 0.000000000 0.781624019 0.175572962 -0.598529935 3.919790377 -0.213657081 0.976879597 0.007542014 0.193987036 0.586015821 0.121985123 0.801064968 -1.939580277
142575767 0.986657782 1.754657996 0.500000000 0.500000000 0.000000000 0.000000000 0.769247591 0.178367078 -0.613549471 4.071878418 -0.219514072 0.975573242 0.008392967 0.208622805 0.600059509 0.128226548 0.789611459 -2.021249537
142642500 0.986657782 1.754657996 0.500000000 0.500000000 0.000000000 0.000000000 0.756670475 0.180629879 -0.628349125 4.219829779 -0.224669933 0.974388123 0.009552814 0.225448022 0.613981426 0.133942842 0.777872801 -2.092179818
142709233 0.986657782 1.754657996 0.500000000 0.500000000 0.000000000 0.000000000 0.744720697 0.182059959 -0.642062902 4.356848267 -0.229878530 0.973174691 0.009315126 0.247113418 0.626535296 0.140659451 0.766595125 -2.158639362
142775967 0.986657782 1.754657996 0.500000000 0.500000000 0.000000000 0.000000000 0.733406544 0.184135437 -0.654376984 4.482061199 -0.235552222 0.971815646 0.009459578 0.268252254 0.637675643 0.147202164 0.756109476 -2.206920608
142842700 0.986657782 1.754657996 0.500000000 0.500000000 0.000000000 0.000000000 0.721221805 0.185414314 -0.667428136 4.617788607 -0.240615427 0.970572829 0.009620577 0.285973557 0.649571419 0.153655037 0.744611859 -2.248369155
142909433 0.986657782 1.754657996 0.500000000 0.500000000 0.000000000 0.000000000 0.709887564 0.186124578 -0.679277062 4.747730175 -0.246001258 0.969232380 0.008486569 0.306310047 0.659956813 0.161078483 0.733832836 -2.300460056
142976167 0.986657782 1.754657996 0.500000000 0.500000000 0.000000000 0.000000000 0.699017346 0.187148154 -0.690181375 4.872039651 -0.252454430 0.967585742 0.006682090 0.328407052 0.669060230 0.169568449 0.723605573 -2.340989830
143042900 0.986657782 1.754657996 0.500000000 0.500000000 0.000000000 0.000000000 0.687250078 0.187890232 -0.701701045 4.992278754 -0.257930249 0.966144383 0.006080300 0.348434494 0.679086924 0.176811323 0.712445378 -2.370408980
143109633 0.986657782 1.754657996 0.500000000 0.500000000 0.000000000 0.000000000 0.675867796 0.189166129 -0.712333739 5.113262178 -0.264043033 0.964494646 0.005603410 0.368444430 0.688102067 0.184299499 0.701818824 -2.396511001
143176367 0.986657782 1.754657996 0.500000000 0.500000000 0.000000000 0.000000000 0.664738357 0.191057339 -0.722232342 5.229047676 -0.270857453 0.962604582 0.005349226 0.396478411 0.696246147 0.192066282 0.691629529 -2.413028802
143243100 0.986657782 1.754657996 0.500000000 0.500000000 0.000000000 0.000000000 0.653204918 0.192985743 -0.732174516 5.355708350 -0.277168691 0.960802674 0.005973034 0.423719571 0.704627991 0.199034333 0.681090713 -2.423199420
