https://www.youtube.com/watch?v=O8-Gxzh9K40
39339300 0.887978601 1.590044383 0.500000000 0.500000000 0.000000000 0.000000000 0.996379972 -0.039793212 0.075122774 -3.722629724 0.037587274 0.998826146 0.030553894 0.838437052 -0.076250434 -0.027619632 0.996706069 2.823120004
39806433 0.887978601 1.590044383 0.500000000 0.500000000 0.000000000 0.000000000 0.983227015 -0.056941032 0.173269525 -2.980600061 0.054179281 0.998318076 0.020631026 -0.286086986 -0.174152836 -0.010897357 0.984658301 2.406029619
39873167 0.887978601 1.590044383 0.500000000 0.500000000 0.000000000 0.000000000 0.979164064 -0.057631876 0.194720924 -2.834709756 0.054402839 0.998278975 0.021894835 -0.444853958 -0.195647657 -0.010845258 0.980614245 2.372689589
39939900 0.887978601 1.590044383 0.500000000 0.500000000 0.000000000 0.000000000 0.974958003 -0.058271885 0.214618772 -2.700479689 0.054583475 0.998242497 0.023077521 -0.604905004 -0.215586334 -0.010784969 0.976425231 2.315430043
40006633 0.887978601 1.590044383 0.500000000 0.500000000 0.000000000 0.000000000 0.969772995 -0.060176868 0.236472100 -2.554429910 0.055940140 0.998131216 0.024591368 -0.769564979 -0.237510026 -0.010619767 0.971327066 2.257310023
40073367 0.887978601 1.590044383 0.500000000 0.500000000 0.000000000 0.000000000 0.963114798 -0.064044848 0.261358380 -2.399889996 0.058986563 0.997889221 0.027161313 -0.931524042 -0.262546241 -0.010742841 0.964859605 2.206459931
40140100 0.887978601 1.590044383 0.500000000 0.500000000 0.000000000 0.000000000 0.956009746 -0.068442456 0.285238683 -2.251500128 0.062098932 0.997581065 0.031236026 -1.088990034 -0.286686599 -0.012148949 0.957947433 2.162830427
40206833 0.887978601 1.590044383 0.500000000 0.500000000 0.000000000 0.000000000 0.947907686 -0.074118249 0.309802264 -2.093219938 0.066279046 0.997159779 0.035768986 -1.249609858 -0.311573476 -0.013372278 0.950127900 2.143339939
40273567 0.887978601 1.590044383 0.500000000 0.500000000 0.000000000 0.000000000 0.938991427 -0.080540478 0.334377587 -1.955720119 0.071332231 0.996660292 0.039748922 -1.413320032 -0.336462259 -0.013471998 0.941600561 2.121979878
40340300 0.887978601 1.590044383 0.500000000 0.500000000 0.000000000 0.000000000 0.930263519 -0.087136015 0.356394798 -1.817260109 0.077754244 0.996145666 0.040596087 -1.584110061 -0.358558506 -0.010053870 0.933453143 2.109780156
40407033 0.887978601 1.590044383 0.500000000 0.500000000 0.000000000 0.000000000 0.922222197 -0.091438979 0.375692844 -1.689560005 0.083329588 0.995804310 0.037815273 -1.733109998 -0.377574325 -0.003567761 0.925972402 2.068579913
40473767 0.887978601 1.590044383 0.500000000 0.500000000 0.000000000 0.000000000 0.914029360 -0.093128160 0.394813210 -1.571710025 0.087240472 0.995644450 0.032881845 -1.870859895 -0.396155804 0.004388727 0.918172777 2.030989787
40540500 0.887978601 1.590044383 0.500000000 0.500000000 0.000000000 0.000000000 0.906271219 -0.093773767 0.412163794 -1.463289875 0.089874685 0.995534241 0.028882083 -1.987800057 -0.413031518 0.010868073 0.910651922 1.987930045
40607233 0.887978601 1.590044383 0.500000000 0.500000000 0.000000000 0.000000000 0.898528278 -0.094382510 0.428647488 -1.352029792 0.091830194 0.995417118 0.026683765 -2.096470323 -0.429201514 0.015386714 0.903077543 1.948559413
40673967 0.887978601 1.590044383 0.500000000 0.500000000 0.000000000 0.000000000 0.890324473 -0.095684841 0.445159048 -1.249629848 0.093437418 0.995257616 0.027049767 -2.200929898 -0.445636183 0.017511485 0.895042777 1.918219691
40740700 0.887978601 1.590044383 0.500000000 0.500000000 0.000000000 0.000000000 0.883492529 -0.096474588 0.458403319 -1.165020127 0.093483016 0.995190442 0.029273450 -2.301110086 -0.459022731 0.016990043 0.888262033 1.890589934
40807433 0.887978601 1.590044383 0.500000000 0.500000000 0.000000000 0.000000000 0.876802266 -0.097408131 0.470881552 -1.087560034 0.093572825 0.995110333 0.031615108 -2.403409790 -0.471658677 0.016341528 0.881629765 1.867719990
40874167 0.887978601 1.590044383 0.500000000 0.500000000 0.000000000 0.000000000 0.870875478 -0.098284751 0.481576592 -1.012370037 0.092527241 0.995067894 0.035758160 -2.500390370 -0.482715875 0.013418050 0.875674188 1.852869925
41007633 0.887978601 1.590044383 0.500000000 0.500000000 0.000000000 0.000000000 0.860050917 -0.101285636 0.500053525 -0.882708015 0.091372639 0.994828761 0.044348732 -2.706620176 -0.501959562 0.007549057 0.864858091 1.838489850
41074367 0.887978601 1.590044383 0.500000000 0.500000000 0.000000000 0.000000000 0.858039737 -0.101519920 0.503449559 -0.824050840 0.088636942 0.994831264 0.049540542 -2.807269931 -0.505876660 0.002116499 0.862603128 1.840399487
41141100 0.887978601 1.590044383 0.500000000 0.500000000 0.000000000 0.000000000 0.852622032 -0.100984454 0.512677193 -0.739756062 0.085973978 0.994887412 0.052986279 -2.909180001 -0.515406847 -0.001100374 0.856944919 1.846359955
41207833 0.887978601 1.590044383 0.500000000 0.500000000 0.000000000 0.000000000 0.846969008 -0.099987730 0.522155166 -0.691294124 0.084278122 0.994987428 0.053826116 -2.998410347 -0.524919748 -0.001582816 0.851150274 1.852530083
41274567 0.887978601 1.590044383 0.500000000 0.500000000 0.000000000 0.000000000 0.843048036 -0.098705269 0.528703451 -0.655257049 0.083830513 0.995116651 0.052108817 -3.091670241 -0.531265020 0.000391239 0.847205639 1.839560221
41341300 0.887978601 1.590044383 0.500000000 0.500000000 0.000000000 0.000000000 0.840164483 -0.097572178 0.533481956 -0.598849664 0.084419280 0.995221138 0.049073450 -3.184549705 -0.535720706 0.003806451 0.844386458 1.812109123
41408033 0.887978601 1.590044383 0.500000000 0.500000000 0.000000000 0.000000000 0.834721267 -0.097552814 0.541963041 -0.540140055 0.087190650 0.995181859 0.044842359 -3.290169974 -0.543726265 0.009823218 0.839205146 1.778840056
41474767 0.887978601 1.590044383 0.500000000 0.500000000 0.000000000 0.000000000 0.829233885 -0.098347060 0.550181270 -0.496482213 0.091865517 0.994991720 0.039398860 -3.397410133 -0.551300526 0.017871764 0.834115505 1.735070869
41541500 0.887978601 1.590044383 0.500000000 0.500000000 0.000000000 0.000000000 0.825898886 -0.098374799 0.555169821 -0.454219978 0.095539302 0.994839549 0.034154110 -3.507220136 -0.555664778 0.024832668 0.831035554 1.684880244
41608233 0.887978601 1.590044383 0.500000000 0.500000000 0.000000000 0.000000000 0.820537090 -0.098621719 0.563021004 -0.408104952 0.100305654 0.994561791 0.028028939 -3.608139984 -0.562723458 0.033475395 0.825967193 1.632520217
41674967 0.887978601 1.590044383 0.500000000 0.500000000 0.000000000 0.000000000 0.815543175 -0.099628076 0.570055664 -0.374763980 0.106289119 0.994098961 0.021676490 -3.698719909 -0.568851292 0.042912617 0.821320057 1.571299845
41741700 0.887978601 1.590044383 0.500000000 0.500000000 0.000000000 0.000000000 0.812719285 -0.100288518 0.573959351 -0.345054031 0.112593807 0.993540049 0.014170874 -3.759299881 -0.571672797 0.053107370 0.818760991 1.497319497
41808433 0.887978601 1.590044383 0.500000000 0.500000000 0.000000000 0.000000000 0.808822691 -0.100503437 0.579400539 -0.298480051 0.118125580 0.992971539 0.007342746 -3.791670044 -0.576066256 0.062503025 0.815009952 1.416880338
41875167 0.887978601 1.590044383 0.500000000 0.500000000 0.000000000 0.000000000 0.803531587 -0.101327896 0.586574674 -0.250085053 0.122705892 0.992437422 0.003347453 -3.786649773 -0.582477808 0.069286346 0.809888363 1.347240276
41941900 0.887978601 1.590044383 0.500000000 0.500000000 0.000000000 0.000000000 0.798299909 -0.103649154 0.593274057 -0.199168887 0.126381293 0.991976440 0.003248643 -3.757489891 -0.588850558 0.072385341 0.804994047 1.285459991
42008633 0.887978601 1.590044383 0.500000000 0.500000000 0.000000000 0.000000000 0.792748988 -0.106685936 0.600139558 -0.137445948 0.129075512 0.991617918 0.005777325 -3.702909978 -0.595725477 0.072883293 0.799874663 1.227790494
42075367 0.887978601 1.590044383 0.500000000 0.500000000 0.000000000 0.000000000 0.787697971 -0.109892845 0.606180906 -0.093076711 0.130956948 0.991342068 0.009546468 -3.623669967 -0.601981759 0.071863905 0.795269370 1.174079663
42142100 0.887978601 1.590044383 0.500000000 0.500000000 0.000000000 0.000000000 0.784164369 -0.112888075 0.610198915 -0.042670182 0.130977511 0.991270840 0.015068440 -3.526030166 -0.606573403 0.068106152 0.792105079 1.125840350
42208833 0.887978601 1.590044383 0.500000000 0.500000000 0.000000000 0.000000000 0.778697312 -0.115738094 0.616632342 0.016520415 0.130429536 0.991227925 0.021337969 -3.427020226 -0.613692880 0.063811190 0.786962211 1.084330561
42275567 0.887978601 1.590044383 0.500000000 0.500000000 0.000000000 0.000000000 0.771350980 -0.119082227 0.625169992 0.067210782 0.131653115 0.990946412 0.026318179 -3.315480134 -0.622643948 0.062004946 0.780045033 1.030650639
42342300 0.887978601 1.590044383 0.500000000 0.500000000 0.000000000 0.000000000 0.767181277 -0.123961098 0.629338205 0.105993996 0.134359524 0.990438223 0.031299058 -3.179850263 -0.627200544 0.060545515 0.776501060 0.974428266
42409033 0.887978601 1.590044383 0.500000000 0.500000000 0.000000000 0.000000000 0.767360151 -0.128918856 0.628122509 0.137125920 0.136043549 0.990011930 0.036994085 -3.026599880 -0.626617968 0.057064302 0.777234316 0.921919376
42475767 0.887978601 1.590044383 0.500000000 0.500000000 0.000000000 0.000000000 0.766605794 -0.132832602 0.628228486 0.176178914 0.136928067 0.989682972 0.042169884 -2.858479887 -0.627348602 0.053694427 0.776885211 0.883319022
42542500 0.887978601 1.590044383 0.500000000 0.500000000 0.000000000 0.000000000 0.766043305 -0.134565860 0.628545463 0.210495994 0.136424512 0.989600599 0.045596328 -2.671920044 -0.628144681 0.050820295 0.776435018 0.851923680
42609233 0.887978601 1.590044383 0.500000000 0.500000000 0.000000000 0.000000000 0.763800621 -0.134126902 0.631362855 0.231517168 0.135916650 0.989660323 0.045816518 -2.472100312 -0.630979955 0.050817952 0.774133205 0.818638586
42675967 0.887978601 1.590044383 0.500000000 0.500000000 0.000000000 0.000000000 0.762206733 -0.134030670 0.633306444 0.252212105 0.136886477 0.989578485 0.044683043 -2.246220206 -0.632695258 0.052633304 0.772610307 0.769695293
42742700 0.887978601 1.590044383 0.500000000 0.500000000 0.000000000 0.000000000 0.763876438 -0.133678138 0.631366074 0.265282961 0.137711436 0.989542902 0.042900205 -1.997909969 -0.630498588 0.054175846 0.774297476 0.726182123
42809433 0.887978601 1.590044383 0.500000000 0.500000000 0.000000000 0.000000000 0.764188886 -0.132806689 0.631171584 0.300319882 0.137546480 0.989617348 0.041694395 -1.749289789 -0.630155683 0.054953083 0.774521649 0.667114739
42876167 0.887978601 1.590044383 0.500000000 0.500000000 0.000000000 0.000000000 0.761641145 -0.132053018 0.634401500 0.330664216 0.137588263 0.989648223 0.040815096 -1.499190068 -0.633224070 0.056199636 0.771925747 0.606018479
42942900 0.887978601 1.590044383 0.500000000 0.500000000 0.000000000 0.000000000 0.760662615 -0.130495742 0.635895669 0.333085025 0.137377992 0.989759207 0.038781594 -1.244860070 -0.634444416 0.057858352 0.770800054 0.546340028
43009633 0.887978601 1.590044383 0.500000000 0.500000000 0.000000000 0.000000000 0.761953413 -0.127733439 0.634910226 0.347562937 0.135890782 0.990065813 0.036102839 -1.009930071 -0.633214474 0.058769792 0.771741867 0.464924938
43076367 0.887978601 1.590044383 0.500000000 0.500000000 0.000000000 0.000000000 0.761364579 -0.125553504 0.636050403 0.352582946 0.135800228 0.990189731 0.032903530 -0.776759978 -0.633941710 0.061324246 0.770945549 0.369312892
43143100 0.887978601 1.590044383 0.500000000 0.500000000 0.000000000 0.000000000 0.764779329 -0.126565665 0.631738603 0.334422987 0.136816174 0.990055799 0.032723784 -0.519088943 -0.629598200 0.061405584 0.774490476 0.297598015
43209833 0.887978601 1.590044383 0.500000000 0.500000000 0.000000000 0.000000000 0.775202513 -0.128464311 0.618512809 0.312141034 0.136102229 0.990074396 0.035055768 -0.277775037 -0.616877139 0.057005640 0.784992397 0.206732022
43276567 0.887978601 1.590044383 0.500000000 0.500000000 0.000000000 0.000000000 0.788093090 -0.129822761 0.601710439 0.329808029 0.132564783 0.990364850 0.040050026 -0.043292599 -0.601112247 0.048202451 0.797709584 0.075799003
43343300 0.887978601 1.590044383 0.500000000 0.500000000 0.000000000 0.000000000 0.799666643 -0.129817590 0.586242616 0.364043930 0.125593796 0.990914464 0.048111409 0.162648007 -0.587161958 0.035155393 0.808705568 -0.055700762
43410033 0.887978601 1.590044383 0.500000000 0.500000000 0.000000000 0.000000000 0.806916535 -0.127530336 0.576733410 0.422278883 0.116434895 0.991597831 0.056361489 0.350906964 -0.579075396 0.021672932 0.814985633 -0.195958933
43476767 0.887978601 1.590044383 0.500000000 0.500000000 0.000000000 0.000000000 0.810359895 -0.126848862 0.572036564 0.467703814 0.108539738 0.991886079 0.066190444 0.532557040 -0.575791299 0.008450687 0.817552805 -0.342992828
43543500 0.887978601 1.590044383 0.500000000 0.500000000 0.000000000 0.000000000 0.818211079 -0.127103716 0.560691774 0.482403975 0.100921594 0.991865516 0.077573165 0.711318033 -0.565990627 -0.006885324 0.824382901 -0.471529968
43610233 0.887978601 1.590044383 0.500000000 0.500000000 0.000000000 0.000000000 0.828339696 -0.122756511 0.546611905 0.556815221 0.090831608 0.992216527 0.085182279 0.825124096 -0.552814007 -0.020910293 0.833042502 -0.618268276
43676967 0.887978601 1.590044383 0.500000000 0.500000000 0.000000000 0.000000000 0.834638774 -0.116017714 0.538440406 0.669815089 0.081642315 0.992824793 0.087369770 0.925185023 -0.544713438 -0.028962683 0.838122010 -0.785853164
43743700 0.887978601 1.590044383 0.500000000 0.500000000 0.000000000 0.000000000 0.837647676 -0.109212771 0.535181522 0.760990255 0.074415714 0.993489087 0.086265266 0.997481037 -0.541118264 -0.032434046 0.840321004 -0.946361340
43810433 0.887978601 1.590044383 0.500000000 0.500000000 0.000000000 0.000000000 0.841125429 -0.099727593 0.531565964 0.832751929 0.068592556 0.994586408 0.078057587 1.068930077 -0.536472738 -0.029194739 0.843412459 -1.096929898
43877167 0.887978601 1.590044383 0.500000000 0.500000000 0.000000000 0.000000000 0.843799114 -0.090754166 0.528929889 0.922295064 0.065514728 0.995645404 0.066318244 1.132310195 -0.532645285 -0.021306593 0.846070409 -1.269470223
43943900 0.887978601 1.590044383 0.500000000 0.500000000 0.000000000 0.000000000 0.845348716 -0.083211184 0.527694583 1.008030126 0.065044314 0.996477425 0.052933913 1.190490057 -0.530240417 -0.010424096 0.847783327 -1.444490181
44010633 0.887978601 1.590044383 0.500000000 0.500000000 0.000000000 0.000000000 0.845781982 -0.077768147 0.527830660 1.083730355 0.067934602 0.996964633 0.038031593 1.277080145 -0.529186189 0.003691496 0.848497868 -1.618180563
44077367 0.887978601 1.590044383 0.500000000 0.500000000 0.000000000 0.000000000 0.846111357 -0.072208650 0.528092384 1.139270208 0.070002072 0.997253239 0.024201743 1.387200151 -0.528389454 0.016490176 0.848842025 -1.786930294
44144100 0.887978601 1.590044383 0.500000000 0.500000000 0.000000000 0.000000000 0.845866382 -0.065404013 0.529370010 1.206590532 0.069302127 0.997517288 0.012507875 1.499279910 -0.528873861 0.026106451 0.848298967 -1.955150504
44210833 0.887978601 1.590044383 0.500000000 0.500000000 0.000000000 0.000000000 0.844007134 -0.058829304 0.533095717 1.236990014 0.066841759 0.997754395 0.004281176 1.630409874 -0.532150507 0.032019712 0.846044123 -2.110850329
44277567 0.887978601 1.590044383 0.500000000 0.500000000 0.000000000 0.000000000 0.841564357 -0.053756602 0.537474930 1.243889452 0.063487321 0.997982562 0.000408377 1.761459768 -0.536412537 0.033779204 0.843279421 -2.260548914
44344300 0.887978601 1.590044383 0.500000000 0.500000000 0.000000000 0.000000000 0.841225505 -0.050546370 0.538316905 1.213490435 0.059745975 0.998213530 0.000364525 1.903200122 -0.537373602 0.031855591 0.842742622 -2.395170713
44411033 0.887978601 1.590044383 0.500000000 0.500000000 0.000000000 0.000000000 0.844602823 -0.047182620 0.533310473 1.179160265 0.054497346 0.998511851 0.002032185 2.046979948 -0.532612741 0.027347594 0.845917284 -2.512390511
44477767 0.887978601 1.590044383 0.500000000 0.500000000 0.000000000 0.000000000 0.849880815 -0.042285148 0.525275588 1.200340106 0.045687255 0.998934686 0.006494465 2.182610164 -0.524990678 0.018478889 0.850907266 -2.629169456
44544500 0.887978601 1.590044383 0.500000000 0.500000000 0.000000000 0.000000000 0.851769805 -0.036958657 0.522611022 1.199649905 0.034730330 0.999297738 0.014064874 2.308609865 -0.522763848 0.006170417 0.852455199 -2.745220010
44611233 0.887978601 1.590044383 0.500000000 0.500000000 0.000000000 0.000000000 0.851082623 -0.035665404 0.523818910 1.162829745 0.024423882 0.999299467 0.028356504 2.422229906 -0.524463236 -0.011340027 0.851357460 -2.872649413
44677967 0.887978601 1.590044383 0.500000000 0.500000000 0.000000000 0.000000000 0.850688815 -0.038995210 0.524221063 1.075399923 0.016550351 0.998737156 0.047435619 2.516999746 -0.525408864 -0.031676896 0.850259900 -2.994419339
44744700 0.887978601 1.590044383 0.500000000 0.500000000 0.000000000 0.000000000 0.853041470 -0.045939572 0.519817114 1.019389985 0.011869324 0.997567892 0.068683431 2.598419874 -0.521708131 -0.052419942 0.851512074 -3.109780061
44811433 0.887978601 1.590044383 0.500000000 0.500000000 0.000000000 0.000000000 0.857200503 -0.054481607 0.512092948 0.962458078 0.010804530 0.996071935 0.087886326 2.662349963 -0.514869571 -0.069803290 0.854421973 -3.201810123
44878167 0.887978601 1.590044383 0.500000000 0.500000000 0.000000000 0.000000000 0.862378240 -0.065128192 0.502058029 0.923636501 0.014392579 0.994443834 0.104279801 2.734910040 -0.506060123 -0.082702741 0.858524084 -3.284700731
44944900 0.887978601 1.590044383 0.500000000 0.500000000 0.000000000 0.000000000 0.867937446 -0.076382816 0.490764976 0.887892935 0.020440539 0.992759943 0.118363559 2.826200221 -0.496252716 -0.092700660 0.863214791 -3.362489675
45011633 0.887978601 1.590044383 0.500000000 0.500000000 0.000000000 0.000000000 0.873494506 -0.085935771 0.479189128 0.877374653 0.027269933 0.991388559 0.128082126 2.910549725 -0.486069471 -0.098811552 0.868315935 -3.428519430
45078367 0.887978601 1.590044383 0.500000000 0.500000000 0.000000000 0.000000000 0.877240777 -0.093258381 0.470904738 0.851533748 0.033550590 0.990460396 0.133650661 3.002319756 -0.478876561 -0.101444654 0.872001171 -3.488999269
45145100 0.887978601 1.590044383 0.500000000 0.500000000 0.000000000 0.000000000 0.879246116 -0.097319722 0.466320813 0.855006982 0.037459731 0.990003049 0.135980412 3.101689857 -0.474892616 -0.102091990 0.874101937 -3.546149795
45211833 0.887978601 1.590044383 0.500000000 0.500000000 0.000000000 0.000000000 0.878733695 -0.099878632 0.466745704 0.821430323 0.040354811 0.989906609 0.135854319 3.197710002 -0.475603610 -0.100544356 0.873894870 -3.594270678
45278567 0.887978601 1.590044383 0.500000000 0.500000000 0.000000000 0.000000000 0.879365146 -0.100861534 0.465342909 0.788408257 0.042045176 0.989937782 0.135112420 3.299410248 -0.474288195 -0.099247746 0.874757528 -3.641420716
45345300 0.887978601 1.590044383 0.500000000 0.500000000 0.000000000 0.000000000 0.881799757 -0.098676160 0.461185813 0.769202089 0.040495366 0.990097344 0.134414896 3.396499982 -0.469882369 -0.099851161 0.877063513 -3.681320327
45412033 0.887978601 1.590044383 0.500000000 0.500000000 0.000000000 0.000000000 0.884040773 -0.093323007 0.457998306 0.804899737 0.036427975 0.990641117 0.131541371 3.458699665 -0.465987831 -0.099603958 0.879166722 -3.732149115
45478767 0.887978601 1.590044383 0.500000000 0.500000000 0.000000000 0.000000000 0.882265210 -0.088299640 0.462397426 0.796330313 0.033265047 0.991489530 0.125864893 3.541520334 -0.469576031 -0.095664553 0.877694011 -3.777220569
45545500 0.887978601 1.590044383 0.500000000 0.500000000 0.000000000 0.000000000 0.880235314 -0.081993632 0.467399985 0.765470784 0.029003315 0.992413700 0.119473360 3.627419977 -0.473650187 -0.091608517 0.875935674 -3.814579538
45612233 0.887978601 1.590044383 0.500000000 0.500000000 0.000000000 0.000000000 0.880334258 -0.076584019 0.468130708 0.757362837 0.025038140 0.993007421 0.115366377 3.702959936 -0.473692477 -0.089839838 0.876095951 -3.862399489
45678967 0.887978601 1.590044383 0.500000000 0.500000000 0.000000000 0.000000000 0.880353212 -0.072186574 0.468793541 0.751574982 0.021618750 0.993430793 0.112374075 3.759150407 -0.473825842 -0.088794164 0.876130581 -3.906220439
45745700 0.887978601 1.590044383 0.500000000 0.500000000 0.000000000 0.000000000 0.880769193 -0.069501318 0.468417943 0.717459532 0.020650402 0.993867159 0.108635619 3.827540061 -0.473095536 -0.086009905 0.876802802 -3.925900788
45812433 0.887978601 1.590044383 0.500000000 0.500000000 0.000000000 0.000000000 0.884868503 -0.067655161 0.460901946 0.699720143 0.020719443 0.994134307 0.106149174 3.899330303 -0.465379983 -0.084378444 0.881079972 -3.961690793
45879167 0.887978601 1.590044383 0.500000000 0.500000000 0.000000000 0.000000000 0.891028166 -0.064249121 0.449378133 0.737738549 0.018549204 0.994259715 0.105373189 3.939109640 -0.453568697 -0.085554853 0.887105167 -4.008859372
45945900 0.887978601 1.590044383 0.500000000 0.500000000 0.000000000 0.000000000 0.894597769 -0.060907952 0.442701966 0.764032001 0.015796347 0.994358838 0.104885437 3.974950337 -0.446592957 -0.086837210 0.890513361 -4.054449951
46012633 0.887978601 1.590044383 0.500000000 0.500000000 0.000000000 0.000000000 0.895972371 -0.058679916 0.440216094 0.740177082 0.013553912 0.994383752 0.104963042 4.002779892 -0.443902940 -0.088077329 0.891735673 -4.096359988
46079367 0.887978601 1.590044383 0.500000000 0.500000000 0.000000000 0.000000000 0.897285342 -0.057062738 0.437747359 0.712275945 0.011517679 0.994299054 0.106003530 4.028419570 -0.441300631 -0.090073578 0.892827213 -4.144269540
46146100 0.887978601 1.590044383 0.500000000 0.500000000 0.000000000 0.000000000 0.899521410 -0.054789804 0.433427185 0.682767620 0.008916190 0.994200408 0.107173033 4.062369626 -0.436785489 -0.092539914 0.894793093 -4.192059621
46212833 0.887978601 1.590044383 0.500000000 0.500000000 0.000000000 0.000000000 0.901387691 -0.052454103 0.429824263 0.672772006 0.005305462 0.993899107 0.110165559 4.064880141 -0.432980567 -0.097021468 0.896166682 -4.246110136
46279567 0.887978601 1.590044383 0.500000000 0.500000000 0.000000000 0.000000000 0.902363420 -0.051121462 0.427933037 0.620620597 0.002953880 0.993650258 0.112474009 4.088059702 -0.430965602 -0.100228354 0.896784663 -4.283999044
