https://www.youtube.com/watch?v=wc2NptxXX3c
191759156 0.895777253 1.593037549 0.500000000 0.500000000 0.000000000 0.000000000 0.999929547 0.005680304 0.010423296 -3.505249971 -0.005725667 0.999974251 0.004327405 -1.064440011 -0.010398447 -0.004386781 0.999936283 4.882319888
191833789 0.895777253 1.593037549 0.500000000 0.500000000 0.000000000 0.000000000 0.999924064 0.010043275 0.007142913 -3.437269987 -0.010071663 0.999941468 0.003949656 -1.027899942 -0.007102828 -0.004021297 0.999966681 4.792119668
191908411 0.895777253 1.593037549 0.500000000 0.500000000 0.000000000 0.000000000 0.999884725 0.014811477 0.003344754 -3.375870162 -0.014824605 0.999882340 0.003934752 -0.985924001 -0.003286081 -0.003983883 0.999986649 4.707279680
191983044 0.895777253 1.593037549 0.500000000 0.500000000 0.000000000 0.000000000 0.999844432 0.017602686 -0.001127493 -3.313910150 -0.017599106 0.999840260 0.003111199 -0.960053978 0.001182078 -0.003090872 0.999994516 4.629640238
192057678 0.895777253 1.593037549 0.500000000 0.500000000 0.000000000 0.000000000 0.999734759 0.021449674 -0.008387116 -3.228399938 -0.021434255 0.999768436 0.001923802 -0.924835027 0.008426438 -0.001743520 0.999962986 4.507890621
192132300 0.895777253 1.593037549 0.500000000 0.500000000 0.000000000 0.000000000 0.999601305 0.024453532 -0.014113993 -3.175640067 -0.024421182 0.999698758 0.002460022 -0.896070057 0.014169897 -0.002114361 0.999897361 4.437069637
192206933 0.895777253 1.593037549 0.500000000 0.500000000 0.000000000 0.000000000 0.999449074 0.026182618 -0.020396627 -3.127090078 -0.026124910 0.999653935 0.003090769 -0.883997085 0.020470493 -0.002556206 0.999787211 4.358200269
192281556 0.895777253 1.593037549 0.500000000 0.500000000 0.000000000 0.000000000 0.999217987 0.027544675 -0.028368272 -3.095350095 -0.027459288 0.999617159 0.003395202 -0.867101000 0.028450932 -0.002613574 0.999591768 4.261909600
192356189 0.895777253 1.593037549 0.500000000 0.500000000 0.000000000 0.000000000 0.998711050 0.031150099 -0.040073242 -3.070679641 -0.030995760 0.999509513 0.004467144 -0.819544001 0.040192742 -0.003219285 0.999186754 4.116869925
192430822 0.895777253 1.593037549 0.500000000 0.500000000 0.000000000 0.000000000 0.998332918 0.034077872 -0.046584480 -3.058830148 -0.033845592 0.999410450 0.005766157 -0.791678022 0.046753511 -0.004179865 0.998897731 4.016500367
192505444 0.895777253 1.593037549 0.500000000 0.500000000 0.000000000 0.000000000 0.998060882 0.034909394 -0.051534899 -3.039360079 -0.034549680 0.999372125 0.007854636 -0.767883008 0.051776744 -0.006058890 0.998640299 3.918389593
192580078 0.895777253 1.593037549 0.500000000 0.500000000 0.000000000 0.000000000 0.997812212 0.035272464 -0.055916034 -3.024659995 -0.034774497 0.999346614 0.009854041 -0.730717005 0.056227073 -0.007888030 0.998386860 3.826129956
192654700 0.895777253 1.593037549 0.500000000 0.500000000 0.000000000 0.000000000 0.997242332 0.036880434 -0.064401619 -3.007729987 -0.036110327 0.999262214 0.013081639 -0.666802011 0.064836554 -0.010720002 0.997838318 3.657939962
192729333 0.895777253 1.593037549 0.500000000 0.500000000 0.000000000 0.000000000 0.996937394 0.037403449 -0.068678685 -2.993220115 -0.036505140 0.999231279 0.014289092 -0.629937997 0.069160350 -0.011738207 0.997536480 3.549009967
192803967 0.895777253 1.593037549 0.500000000 0.500000000 0.000000000 0.000000000 0.996629119 0.037436895 -0.072999403 -2.968399922 -0.036410145 0.999219120 0.015346050 -0.601749015 0.073516905 -0.012636399 0.997213900 3.447849954
192878589 0.895777253 1.593037549 0.500000000 0.500000000 0.000000000 0.000000000 0.996249616 0.037398633 -0.078026153 -2.939250137 -0.036304791 0.999222219 0.015391153 -0.594631072 0.078541078 -0.012500710 0.996832490 3.337439753
192953222 0.895777253 1.593037549 0.500000000 0.500000000 0.000000000 0.000000000 0.995797813 0.036591969 -0.083951116 -2.897249855 -0.035390824 0.999249399 0.015752003 -0.581544020 0.084464505 -0.012714706 0.996345341 3.175249645
193027844 0.895777253 1.593037549 0.500000000 0.500000000 0.000000000 0.000000000 0.995552123 0.036621097 -0.086803719 -2.867610165 -0.035361219 0.999246359 0.016008101 -0.561202980 0.087324530 -0.012867413 0.996096790 3.083240003
193102478 0.895777253 1.593037549 0.500000000 0.500000000 0.000000000 0.000000000 0.995213747 0.036587738 -0.090614162 -2.829550061 -0.035259813 0.999246657 0.016212936 -0.547931035 0.091139100 -0.012940298 0.995754063 2.991309825
193177111 0.895777253 1.593037549 0.500000000 0.500000000 0.000000000 0.000000000 0.994738579 0.036840864 -0.095592089 -2.786689727 -0.035441525 0.999238908 0.016296016 -0.539304042 0.096119694 -0.012822345 0.995287180 2.891729930
193251733 0.895777253 1.593037549 0.500000000 0.500000000 0.000000000 0.000000000 0.994096816 0.037753318 -0.101716548 -2.738539974 -0.036264468 0.999206841 0.016447525 -0.525045968 0.102256820 -0.012661739 0.994677424 2.790519860
193326367 0.895777253 1.593037549 0.500000000 0.500000000 0.000000000 0.000000000 0.993071735 0.038305596 -0.111090899 -2.655059903 -0.036685385 0.999189079 0.016592845 -0.503507934 0.111636415 -0.012402473 0.993671715 2.632790250
193400989 0.895777253 1.593037549 0.500000000 0.500000000 0.000000000 0.000000000 0.992411315 0.039260320 -0.116526239 -2.580789841 -0.037455015 0.999142528 0.017643018 -0.485323947 0.117118992 -0.013144637 0.993030906 2.528630133
193475611 0.895777253 1.593037549 0.500000000 0.500000000 0.000000000 0.000000000 0.991804540 0.041264519 -0.120917097 -2.493109872 -0.039391682 0.999064565 0.017839244 -0.459662982 0.121540114 -0.012929914 0.992502272 2.424920055
193550244 0.895777253 1.593037549 0.500000000 0.500000000 0.000000000 0.000000000 0.991256297 0.043414615 -0.124604024 -2.397790071 -0.041463815 0.998974085 0.018208154 -0.431381984 0.125266686 -0.012882384 0.992039442 2.323759856
193624878 0.895777253 1.593037549 0.500000000 0.500000000 0.000000000 0.000000000 0.990273535 0.046313621 -0.131199807 -2.247200117 -0.044145375 0.998836935 0.019388450 -0.377599987 0.131945163 -0.013408011 0.991166353 2.195040165
193699500 0.895777253 1.593037549 0.500000000 0.500000000 0.000000000 0.000000000 0.989242613 0.048499629 -0.138010129 -2.139169842 -0.046135403 0.998729289 0.020280350 -0.340602975 0.138818339 -0.013695039 0.990223169 2.103740071
193774133 0.895777253 1.593037549 0.500000000 0.500000000 0.000000000 0.000000000 0.987898231 0.050846692 -0.146531984 -2.039959804 -0.048296209 0.998614073 0.020913398 -0.309790960 0.147392288 -0.013583364 0.988984823 2.002459916
193848756 0.895777253 1.593037549 0.500000000 0.500000000 0.000000000 0.000000000 0.986765623 0.053106155 -0.153210089 -1.952180037 -0.050327260 0.998491287 0.021962147 -0.287482015 0.154145256 -0.013960846 0.987949550 1.908620023
193923389 0.895777253 1.593037549 0.500000000 0.500000000 0.000000000 0.000000000 0.984835684 0.055457603 -0.164387017 -1.823529868 -0.052372117 0.998361647 0.023048107 -0.263921011 0.165395886 -0.014089301 0.986126602 1.783640129
193998022 0.895777253 1.593037549 0.500000000 0.500000000 0.000000000 0.000000000 0.983101487 0.056577262 -0.174098834 -1.737069959 -0.053370979 0.998308778 0.023047144 -0.252117016 0.175108328 -0.013365848 0.984458447 1.701639956
194072644 0.895777253 1.593037549 0.500000000 0.500000000 0.000000000 0.000000000 0.981588960 0.057073012 -0.182279453 -1.659759988 -0.053820595 0.998291552 0.022744235 -0.247306003 0.183266118 -0.012515098 0.982983649 1.612810011
194147278 0.895777253 1.593037549 0.500000000 0.500000000 0.000000000 0.000000000 0.980068862 0.057715215 -0.190089256 -1.592609893 -0.054537304 0.998271286 0.021911435 -0.234374024 0.191025257 -0.011107758 0.981522262 1.546200105
194221900 0.895777253 1.593037549 0.500000000 0.500000000 0.000000000 0.000000000 0.978217363 0.058545906 -0.199156195 -1.499800070 -0.055242170 0.998228133 0.022109881 -0.234715952 0.200097769 -0.010626439 0.979718268 1.449299984
194296533 0.895777253 1.593037549 0.500000000 0.500000000 0.000000000 0.000000000 0.976868808 0.058712520 -0.205621377 -1.433429838 -0.055434383 0.998227119 0.021672383 -0.235396042 0.206529275 -0.009772583 0.978391647 1.380910270
194371167 0.895777253 1.593037549 0.500000000 0.500000000 0.000000000 0.000000000 0.975436568 0.058387980 -0.212401211 -1.377709809 -0.055033855 0.998249233 0.021674639 -0.231937021 0.213294894 -0.009452971 0.976942122 1.315199815
194445789 0.895777253 1.593037549 0.500000000 0.500000000 0.000000000 0.000000000 0.974550784 0.058099128 -0.216506973 -1.330789982 -0.054617129 0.998264194 0.022036754 -0.233274007 0.217411473 -0.009650938 0.976032317 1.247050058
194520422 0.895777253 1.593037549 0.500000000 0.500000000 0.000000000 0.000000000 0.973334014 0.058418989 -0.221828908 -1.263509946 -0.054800399 0.998245180 0.022437913 -0.234926978 0.222750425 -0.009683268 0.974827409 1.135069966
194595044 0.895777253 1.593037549 0.500000000 0.500000000 0.000000000 0.000000000 0.972333848 0.058510978 -0.226149023 -1.218980054 -0.054579925 0.998230398 0.023601819 -0.237966971 0.227129787 -0.010605649 0.973806739 1.060550025
194669678 0.895777253 1.593037549 0.500000000 0.500000000 0.000000000 0.000000000 0.971381962 0.058915954 -0.230099767 -1.170909916 -0.054560218 0.998191118 0.025252385 -0.238165000 0.231171310 -0.011975406 0.972839355 0.982191994
194744311 0.895777253 1.593037549 0.500000000 0.500000000 0.000000000 0.000000000 0.970367014 0.059209846 -0.234269172 -1.113759973 -0.054652900 0.998169363 0.025902182 -0.217171988 0.235373974 -0.012331123 0.971826613 0.893548005
194818933 0.895777253 1.593037549 0.500000000 0.500000000 0.000000000 0.000000000 0.969403267 0.059071571 -0.238260180 -1.015240059 -0.054555260 0.998184800 0.025511198 -0.177696010 0.239334673 -0.011732295 0.970866263 0.776545022
194893567 0.895777253 1.593037549 0.500000000 0.500000000 0.000000000 0.000000000 0.969084382 0.058062013 -0.239800394 -0.950102951 -0.053380024 0.998236239 0.025979361 -0.160341970 0.240885854 -0.012375643 0.970474541 0.707306971
194968189 0.895777253 1.593037549 0.500000000 0.500000000 0.000000000 0.000000000 0.968321383 0.057184100 -0.243071288 -0.886767937 -0.052255504 0.998277247 0.026681334 -0.150049007 0.244178295 -0.013134293 0.969641387 0.623747953
195042822 0.895777253 1.593037549 0.500000000 0.500000000 0.000000000 0.000000000 0.967462420 0.057036277 -0.246502146 -0.823192976 -0.051957171 0.998282492 0.027065501 -0.138442002 0.247622475 -0.013377305 0.968764246 0.532233035
195117456 0.895777253 1.593037549 0.500000000 0.500000000 0.000000000 0.000000000 0.967065454 0.057074323 -0.248046383 -0.764982011 -0.051968433 0.998281240 0.027089119 -0.130928996 0.249166146 -0.013306373 0.968369365 0.447705018
195192078 0.895777253 1.593037549 0.500000000 0.500000000 0.000000000 0.000000000 0.966122150 0.057025507 -0.251706332 -0.651718998 -0.051869430 0.998286724 0.027077589 -0.115309009 0.252819210 -0.013104405 0.967424810 0.317427986
195266711 0.895777253 1.593037549 0.500000000 0.500000000 0.000000000 0.000000000 0.965225577 0.056632821 -0.255210251 -0.569069024 -0.051487248 0.998313904 0.026803462 -0.105994014 0.256297916 -0.012731308 0.966513991 0.227066983
195341333 0.895777253 1.593037549 0.500000000 0.500000000 0.000000000 0.000000000 0.963701129 0.057097163 -0.260806412 -0.479163968 -0.051937100 0.998294950 0.026640318 -0.091834595 0.261882812 -0.012127765 0.965023458 0.154898009
195415967 0.895777253 1.593037549 0.500000000 0.500000000 0.000000000 0.000000000 0.961600184 0.057748176 -0.268310040 -0.383061004 -0.052826099 0.998277247 0.025534272 -0.070996506 0.269322366 -0.010379985 0.962994158 0.073266909
195490600 0.895777253 1.593037549 0.500000000 0.500000000 0.000000000 0.000000000 0.957816958 0.058773637 -0.281304836 -0.225442022 -0.054159209 0.998240054 0.024157383 -0.038696502 0.282229543 -0.007903107 0.959314346 -0.039037894
195565222 0.895777253 1.593037549 0.500000000 0.500000000 0.000000000 0.000000000 0.955374479 0.059965312 -0.289246947 -0.101801999 -0.055555724 0.998180449 0.023439083 -0.022791600 0.290126175 -0.006323777 0.956967533 -0.110635001
195639856 0.895777253 1.593037549 0.500000000 0.500000000 0.000000000 0.000000000 0.952552855 0.060495742 -0.298300505 0.029087003 -0.056459822 0.998159409 0.022136834 -0.009274393 0.299090624 -0.004244495 0.954215229 -0.177915995
195714489 0.895777253 1.593037549 0.500000000 0.500000000 0.000000000 0.000000000 0.949885249 0.061731994 -0.306442916 0.156564014 -0.058023833 0.998089969 0.021204937 0.011315901 0.307166636 -0.002361272 0.951652825 -0.233000992
195789111 0.895777253 1.593037549 0.500000000 0.500000000 0.000000000 0.000000000 0.944816709 0.066363916 -0.320807040 0.348066964 -0.063300997 0.997794449 0.019979954 0.042206886 0.321425438 0.001430030 0.946933746 -0.317024962
195863744 0.895777253 1.593037549 0.500000000 0.500000000 0.000000000 0.000000000 0.941235721 0.068760075 -0.330677003 0.466596949 -0.066454522 0.997621834 0.018287282 0.060741291 0.331148058 0.004762356 0.943566740 -0.374422974
195938367 0.895777253 1.593037549 0.500000000 0.500000000 0.000000000 0.000000000 0.938047349 0.070016444 -0.339359522 0.590022969 -0.068585381 0.997513294 0.016224688 0.081410696 0.339651644 0.008055568 0.940516829 -0.424683016
196013000 0.895777253 1.593037549 0.500000000 0.500000000 0.000000000 0.000000000 0.934420288 0.071111605 -0.349001288 0.716355016 -0.070509762 0.997406483 0.014445301 0.098275406 0.349123359 0.011110015 0.937010884 -0.459785973
196087633 0.895777253 1.593037549 0.500000000 0.500000000 0.000000000 0.000000000 0.928244829 0.073453411 -0.364645183 0.896363949 -0.074094296 0.997175932 0.012253909 0.117324007 0.364515483 0.015643496 0.931065917 -0.520281041
196162256 0.895777253 1.593037549 0.500000000 0.500000000 0.000000000 0.000000000 0.923687398 0.075810283 -0.375572234 0.996357091 -0.077136919 0.996953905 0.011526280 0.124764020 0.375301987 0.018323794 0.926721454 -0.561215973
196236889 0.895777253 1.593037549 0.500000000 0.500000000 0.000000000 0.000000000 0.919446409 0.078398213 -0.385320604 1.087099973 -0.080187067 0.996714056 0.011452504 0.127196011 0.384952307 0.020367768 0.922711670 -0.615419944
196311511 0.895777253 1.593037549 0.500000000 0.500000000 0.000000000 0.000000000 0.914847076 0.080216780 -0.395752519 1.176419946 -0.082501039 0.996527195 0.011275671 0.129324995 0.395282656 0.022334486 0.918287933 -0.666373995
196386144 0.895777253 1.593037549 0.500000000 0.500000000 0.000000000 0.000000000 0.907422006 0.083712049 -0.411797881 1.299809887 -0.086804412 0.996162117 0.011225266 0.134960959 0.411157131 0.025559848 0.911206007 -0.740513866
196460778 0.895777253 1.593037549 0.500000000 0.500000000 0.000000000 0.000000000 0.902350903 0.085741632 -0.422387630 1.379090074 -0.089226432 0.995944321 0.011554196 0.132688989 0.421665221 0.027262192 0.906341672 -0.802106079
196535400 0.895777253 1.593037549 0.500000000 0.500000000 0.000000000 0.000000000 0.896990538 0.087321483 -0.433339357 1.458740066 -0.090909041 0.995781004 0.012481047 0.132552002 0.432600975 0.028199075 0.901144445 -0.867091033
196610033 0.895777253 1.593037549 0.500000000 0.500000000 0.000000000 0.000000000 0.891356945 0.088382706 -0.444602191 1.529059703 -0.092111975 0.995660365 0.013257968 0.147477930 0.443844557 0.029135641 0.895629883 -0.919762810
196684656 0.895777253 1.593037549 0.500000000 0.500000000 0.000000000 0.000000000 0.885973096 0.091654636 -0.454589099 1.598610262 -0.095386080 0.995330691 0.014776353 0.170162034 0.453820795 0.030269999 0.890578747 -0.971863139
196759289 0.895777253 1.593037549 0.500000000 0.500000000 0.000000000 0.000000000 0.879016817 0.096077867 -0.467010051 1.713829795 -0.099920191 0.994856954 0.016599659 0.208273978 0.466203064 0.032072373 0.884096146 -1.041829866
196833922 0.895777253 1.593037549 0.500000000 0.500000000 0.000000000 0.000000000 0.873648345 0.097394586 -0.476710290 1.801039846 -0.101590201 0.994680405 0.017038390 0.229111934 0.475833803 0.033543572 0.878895223 -1.073099730
196908544 0.895777253 1.593037549 0.500000000 0.500000000 0.000000000 0.000000000 0.867707253 0.099444933 -0.487026364 1.889809683 -0.104245983 0.994400799 0.017315540 0.247498997 0.486021370 0.035745751 0.873215556 -1.098599883
196983178 0.895777253 1.593037549 0.500000000 0.500000000 0.000000000 0.000000000 0.862227559 0.102077037 -0.496128768 1.973839862 -0.107257366 0.994066119 0.018122450 0.259353969 0.495034665 0.037587807 0.868059754 -1.111219905
197057800 0.895777253 1.593037549 0.500000000 0.500000000 0.000000000 0.000000000 0.853011131 0.106709309 -0.510867238 2.117200388 -0.112937100 0.993421793 0.018930044 0.269180035 0.509526610 0.041548286 0.859451294 -1.115550221
197132433 0.895777253 1.593037549 0.500000000 0.500000000 0.000000000 0.000000000 0.846694708 0.108650088 -0.520867944 2.229700501 -0.115861550 0.993087173 0.018814065 0.271221116 0.519311428 0.044418745 0.853430033 -1.114200179
197207067 0.895777253 1.593037549 0.500000000 0.500000000 0.000000000 0.000000000 0.839126348 0.109902114 -0.532718182 2.356670294 -0.117841780 0.992846608 0.019206785 0.267713020 0.531018257 0.046659514 0.846074820 -1.100630185
197281689 0.895777253 1.593037549 0.500000000 0.500000000 0.000000000 0.000000000 0.831362367 0.110288478 -0.544677138 2.498310374 -0.119263969 0.992681444 0.018964883 0.267897093 0.542782545 0.049193639 0.838431478 -1.080270164
197356322 0.895777253 1.593037549 0.500000000 0.500000000 0.000000000 0.000000000 0.819373250 0.112048149 -0.562203288 2.733339666 -0.123836294 0.992152631 0.017254829 0.285289907 0.559724808 0.055483058 0.826818943 -1.046549895
197430956 0.895777253 1.593037549 0.500000000 0.500000000 0.000000000 0.000000000 0.813156009 0.113667741 -0.570838630 2.886229465 -0.126725107 0.991792679 0.016970759 0.277263858 0.568082631 0.058539756 0.820886731 -1.009669622
197505578 0.895777253 1.593037549 0.500000000 0.500000000 0.000000000 0.000000000 0.807311058 0.114741214 -0.578863859 3.041380063 -0.129447564 0.991457343 0.015990917 0.276151035 0.575753689 0.062022854 0.815267444 -0.971869017
197580211 0.895777253 1.593037549 0.500000000 0.500000000 0.000000000 0.000000000 0.800261736 0.115434468 -0.588435054 3.200279259 -0.132042810 0.991132677 0.014856471 0.268752987 0.584932208 0.065809593 0.808407843 -0.941699684
197654833 0.895777253 1.593037549 0.500000000 0.500000000 0.000000000 0.000000000 0.790711403 0.115881689 -0.601121545 3.413840713 -0.134857833 0.990771532 0.013605641 0.255809078 0.597150803 0.070307769 0.799041927 -0.885886190
197729467 0.895777253 1.593037549 0.500000000 0.500000000 0.000000000 0.000000000 0.785494566 0.115608476 -0.607974231 3.550488841 -0.136446983 0.990573764 0.012073487 0.254919934 0.603639185 0.073472649 0.793864787 -0.864631614
197804100 0.895777253 1.593037549 0.500000000 0.500000000 0.000000000 0.000000000 0.779975712 0.114927977 -0.615166366 3.683050836 -0.138261944 0.990348041 0.009717245 0.262906069 0.610345542 0.077474847 0.788337588 -0.851447331
197878722 0.895777253 1.593037549 0.500000000 0.500000000 0.000000000 0.000000000 0.774692833 0.114674874 -0.621852517 3.806179439 -0.140096843 0.990105033 0.008053627 0.265039899 0.616622806 0.080880523 0.783092856 -0.837474765
197953356 0.895777253 1.593037549 0.500000000 0.500000000 0.000000000 0.000000000 0.766127944 0.113908514 -0.632512987 3.979479565 -0.142531261 0.989774406 0.005607083 0.253404927 0.626683891 0.085857160 0.774529338 -0.838663751
198027978 0.895777253 1.593037549 0.500000000 0.500000000 0.000000000 0.000000000 0.759232461 0.113106623 -0.640915394 4.093568460 -0.144455597 0.989505053 0.003501605 0.251324760 0.634585142 0.089925364 0.767603278 -0.844036626
198102611 0.895777253 1.593037549 0.500000000 0.500000000 0.000000000 0.000000000 0.751843691 0.113228709 -0.649545908 4.202728408 -0.145992160 0.989279687 0.003466412 0.244564854 0.642975092 0.092222489 0.760314226 -0.849975615
198177244 0.895777253 1.593037549 0.500000000 0.500000000 0.000000000 0.000000000 0.744946539 0.113812096 -0.657344282 4.308589998 -0.147452280 0.989060521 0.004142396 0.236321064 0.650624692 0.093841046 0.753579021 -0.883593030
198251867 0.895777253 1.593037549 0.500000000 0.500000000 0.000000000 0.000000000 0.737386465 0.112644732 -0.666011870 4.413507421 -0.148105413 0.988966107 0.003289636 0.241084746 0.659033716 0.096214339 0.745933533 -0.911678562
198326500 0.895777253 1.593037549 0.500000000 0.500000000 0.000000000 0.000000000 0.726020098 0.112786867 -0.678361416 4.564561135 -0.149399236 0.988766730 0.004500594 0.256423179 0.671248794 0.098079100 0.734714746 -0.950795181
198401122 0.895777253 1.593037549 0.500000000 0.500000000 0.000000000 0.000000000 0.716900468 0.112915948 -0.687970579 4.669469021 -0.151171193 0.988496363 0.004712872 0.277101894 0.680588543 0.100622706 0.725723147 -0.956794822
198475756 0.895777253 1.593037549 0.500000000 0.500000000 0.000000000 0.000000000 0.707899928 0.113342024 -0.697159827 4.773992770 -0.151773959 0.988393366 0.006577693 0.296169244 0.689813673 0.101154268 0.716885924 -0.934425451
198550389 0.895777253 1.593037549 0.500000000 0.500000000 0.000000000 0.000000000 0.696482062 0.113520227 -0.708537996 4.883680721 -0.152954221 0.988201082 0.007975478 0.310095093 0.701083362 0.102819070 0.705627739 -0.892160186
198625011 0.895777253 1.593037549 0.500000000 0.500000000 0.000000000 0.000000000 0.675966322 0.115158916 -0.727878988 5.043579328 -0.156405360 0.987631619 0.011004344 0.324169009 0.720143616 0.106405623 0.685617208 -0.822080928
198699644 0.895777253 1.593037549 0.500000000 0.500000000 0.000000000 0.000000000 0.661788940 0.116166711 -0.740635335 5.153960017 -0.158168346 0.987319469 0.013528392 0.319123934 0.732815206 0.108192131 0.671771049 -0.745462112
198774267 0.895777253 1.593037549 0.500000000 0.500000000 0.000000000 0.000000000 0.646996796 0.117742993 -0.753346741 5.265387681 -0.160713777 0.986867845 0.016214974 0.308292834 0.745362818 0.110582240 0.657423258 -0.670468013
198848900 0.895777253 1.593037549 0.500000000 0.500000000 0.000000000 0.000000000 0.631946206 0.120029092 -0.765661359 5.380081695 -0.163495630 0.986347675 0.019682262 0.288531194 0.757570744 0.112744108 0.642942965 -0.586609512
198923533 0.895777253 1.593037549 0.500000000 0.500000000 0.000000000 0.000000000 0.610188127 0.125781223 -0.782207727 5.553356631 -0.169381574 0.985199809 0.026291013 0.231730854 0.773937821 0.116449207 0.622462273 -0.463636783
198998167 0.895777253 1.593037549 0.500000000 0.500000000 0.000000000 0.000000000 0.596105516 0.129350498 -0.792418361 5.669631252 -0.173623219 0.984352946 0.030070946 0.190566108 0.783909082 0.119656727 0.609236479 -0.393385957
199072789 0.895777253 1.593037549 0.500000000 0.500000000 0.000000000 0.000000000 0.580820978 0.132714674 -0.803139627 5.795116606 -0.177741691 0.983490467 0.033976074 0.157714870 0.794389307 0.123017475 0.594820857 -0.312163629
199147422 0.895777253 1.593037549 0.500000000 0.500000000 0.000000000 0.000000000 0.567224026 0.136646271 -0.812148035 5.915238385 -0.181653887 0.982610285 0.038455572 0.129929806 0.803279817 0.125716984 0.582182467 -0.221061900
199222044 0.895777253 1.593037549 0.500000000 0.500000000 0.000000000 0.000000000 0.549078822 0.138745725 -0.824173391 6.067668237 -0.183927834 0.982008338 0.042780560 0.084915394 0.815280735 0.128098577 0.564719200 -0.082605853
