https://www.youtube.com/watch?v=TmMHqmz7psQ
68560000 0.737884716 1.315843672 0.500000000 0.500000000 0.000000000 0.000000000 0.999991715 -0.003663731 0.001761828 -3.441939803 0.003651091 0.999967933 0.007125009 -2.089489835 -0.001787876 -0.007118518 0.999973059 4.428400076
68640000 0.737884716 1.315843672 0.500000000 0.500000000 0.000000000 0.000000000 0.999987185 -0.004371682 0.002542810 -3.241219791 0.004355168 0.999969602 0.006463647 -1.955989837 -0.002570990 -0.006452490 0.999975860 4.186530061
68720000 0.737884716 1.315843672 0.500000000 0.500000000 0.000000000 0.000000000 0.999978840 -0.005073358 0.004076858 -3.082459887 0.005048060 0.999968112 0.006191874 -1.841820012 -0.004108141 -0.006171162 0.999972522 3.945159841
68800000 0.737884716 1.315843672 0.500000000 0.500000000 0.000000000 0.000000000 0.999966621 -0.005853803 0.005703284 -2.927000172 0.005821296 0.999966800 0.005699687 -1.718769965 -0.005736460 -0.005666296 0.999967515 3.708190182
68880000 0.737884716 1.315843672 0.500000000 0.500000000 0.000000000 0.000000000 0.999950647 -0.006863096 0.007183408 -2.769670173 0.006826365 0.999963582 0.005125383 -1.596039971 -0.007218322 -0.005076094 0.999961078 3.474720214
68960000 0.737884716 1.315843672 0.500000000 0.500000000 0.000000000 0.000000000 0.999929368 -0.007669255 0.009080715 -2.620410073 0.007615209 0.999953151 0.005971356 -1.531479964 -0.009126085 -0.005901783 0.999940932 3.211509865
69040000 0.737884716 1.315843672 0.500000000 0.500000000 0.000000000 0.000000000 0.999909103 -0.008217049 0.010687758 -2.455929987 0.008174381 0.999958456 0.004029687 -1.346570050 -0.010720427 -0.003941954 0.999934793 3.006060109
69120000 0.737884716 1.315843672 0.500000000 0.500000000 0.000000000 0.000000000 0.999879718 -0.009176035 0.012504638 -2.302699981 0.009130177 0.999951422 0.003719411 -1.232790117 -0.012538160 -0.003604794 0.999914885 2.766379802
69200000 0.737884716 1.315843672 0.500000000 0.500000000 0.000000000 0.000000000 0.999849319 -0.009948389 0.014226847 -2.148600208 0.009899999 0.999944985 0.003467672 -1.127200139 -0.014260563 -0.003326303 0.999892771 2.517379811
69280000 0.737884716 1.315843672 0.500000000 0.500000000 0.000000000 0.000000000 0.999818921 -0.010627272 0.015783986 -1.986859932 0.010577712 0.999938846 0.003220026 -1.020269949 -0.015817242 -0.003052485 0.999870241 2.277619816
69360000 0.737884716 1.315843672 0.500000000 0.500000000 0.000000000 0.000000000 0.999775350 -0.011422531 0.017855465 -1.843540045 0.011355988 0.999928236 0.003823697 -0.947807090 -0.017897859 -0.003620071 0.999833286 2.027679890
69440000 0.737884716 1.315843672 0.500000000 0.500000000 0.000000000 0.000000000 0.999746084 -0.012319691 0.018867357 -1.643609957 0.012267295 0.999920547 0.002890275 -0.808191981 -0.018901465 -0.002658090 0.999817789 1.786509787
69520000 0.737884716 1.315843672 0.500000000 0.500000000 0.000000000 0.000000000 0.999704659 -0.013204856 0.020400574 -1.472729948 0.013153128 0.999909937 0.002667730 -0.700998030 -0.020433964 -0.002398610 0.999788344 1.548570164
69600000 0.737884716 1.315843672 0.500000000 0.500000000 0.000000000 0.000000000 0.999664843 -0.013897313 0.021841997 -1.297029986 0.013842009 0.999900579 0.002681143 -0.605770008 -0.021877086 -0.002377907 0.999757826 1.310700029
69680000 0.737884716 1.315843672 0.500000000 0.500000000 0.000000000 0.000000000 0.999620378 -0.014597925 0.023366190 -1.125729954 0.014542838 0.999891043 0.002525819 -0.507694976 -0.023400515 -0.002185049 0.999723792 1.076500132
69760000 0.737884716 1.315843672 0.500000000 0.500000000 0.000000000 0.000000000 0.999551713 -0.015363647 0.025696402 -0.989898006 0.015283449 0.999877691 0.003314475 -0.449249977 -0.025744183 -0.002920260 0.999664307 0.817706006
69840000 0.737884716 1.315843672 0.500000000 0.500000000 0.000000000 0.000000000 0.999523878 -0.016010437 0.026375506 -0.772058013 0.015947249 0.999869466 0.002604401 -0.324925036 -0.026413761 -0.002182544 0.999648690 0.606078074
69920000 0.737884716 1.315843672 0.500000000 0.500000000 0.000000000 0.000000000 0.999483645 -0.016612174 0.027503287 -0.578095939 0.016545316 0.999859571 0.002656656 -0.235632993 -0.027543558 -0.002200233 0.999618173 0.375434987
70000000 0.737884716 1.315843672 0.500000000 0.500000000 0.000000000 0.000000000 0.999445975 -0.017231187 0.028474117 -0.368033988 0.017157195 0.999848783 0.002840794 -0.152119991 -0.028518761 -0.002350684 0.999590516 0.151008997
70080000 0.737884716 1.315843672 0.500000000 0.500000000 0.000000000 0.000000000 0.999408185 -0.017748168 0.029465957 -0.162617003 0.017672075 0.999839783 0.002840878 -0.062660303 -0.029511655 -0.002318473 0.999561727 -0.081807093
70160000 0.737884716 1.315843672 0.500000000 0.500000000 0.000000000 0.000000000 0.999312222 -0.018586447 0.032088634 -0.042077603 0.018483138 0.999822974 0.003513201 -0.002064940 -0.032148253 -0.002917686 0.999478877 -0.326201005
70240000 0.737884716 1.315843672 0.500000000 0.500000000 0.000000000 0.000000000 0.999325037 -0.018820632 0.031548504 0.229865011 0.018763658 0.999821723 0.002101091 0.147809998 -0.031582426 -0.001507707 0.999500036 -0.519079056
70320000 0.737884716 1.315843672 0.500000000 0.500000000 0.000000000 0.000000000 0.999288976 -0.019545058 0.032240946 0.437396995 0.019501070 0.999808431 0.001678248 0.244865005 -0.032267574 -0.001048322 0.999478698 -0.706891979
70400000 0.737884716 1.315843672 0.500000000 0.500000000 0.000000000 0.000000000 0.999198079 -0.020182926 0.034580216 0.556247977 0.020123772 0.999795377 0.002057836 0.313634996 -0.034614675 -0.001360301 0.999399781 -0.928709936
70480000 0.737884716 1.315843672 0.500000000 0.500000000 0.000000000 0.000000000 0.999138653 -0.020796265 0.035909839 0.774093021 0.020754758 0.999783456 0.001528289 0.441906044 -0.035933845 -0.000781672 0.999353886 -1.200210055
70560000 0.737884716 1.315843672 0.500000000 0.500000000 0.000000000 0.000000000 0.999010086 -0.021624774 0.038874652 0.898428989 0.021554515 0.999765217 0.002225578 0.513293981 -0.038913649 -0.001385450 0.999241590 -1.487539945
70640000 0.737884716 1.315843672 0.500000000 0.500000000 0.000000000 0.000000000 0.999006033 -0.022091003 0.038715471 1.179709993 0.022081593 0.999755919 0.000670717 0.687786938 -0.038720842 0.000184850 0.999250054 -1.759449928
70720000 0.737884716 1.315843672 0.500000000 0.500000000 0.000000000 0.000000000 0.998940408 -0.022818385 0.039967302 1.382940080 0.022818720 0.999739528 0.000447812 0.801807958 -0.039967109 0.000464665 0.999200881 -2.036699906
70800000 0.737884716 1.315843672 0.500000000 0.500000000 0.000000000 0.000000000 0.998883903 -0.023629289 0.040897239 1.627570064 0.023634318 0.999720633 0.000360565 0.911989054 -0.040894333 0.000606416 0.999163270 -2.301799995
70880000 0.737884716 1.315843672 0.500000000 0.500000000 0.000000000 0.000000000 0.998809874 -0.024483494 0.042183075 1.827350157 0.024499502 0.999699831 0.000137493 1.017150036 -0.042173777 0.000896135 0.999109864 -2.585849734
70960000 0.737884716 1.315843672 0.500000000 0.500000000 0.000000000 0.000000000 0.998670220 -0.025238412 0.044953909 1.934609943 0.025225176 0.999681413 0.000861797 1.079769942 -0.044961337 0.000273321 0.998988688 -2.880810017
71040000 0.737884716 1.315843672 0.500000000 0.500000000 0.000000000 0.000000000 0.998642325 -0.025960594 0.045161709 2.162340117 0.025989335 0.999662220 -0.000049281 1.217549965 -0.045145176 0.001222938 0.998979688 -3.149569883
71120000 0.737884716 1.315843672 0.500000000 0.500000000 0.000000000 0.000000000 0.998560846 -0.026574664 0.046583224 2.329160095 0.026603386 0.999646068 0.000003372 1.309270032 -0.046566825 0.001235904 0.998914421 -3.437289876
71200000 0.737884716 1.315843672 0.500000000 0.500000000 0.000000000 0.000000000 0.998477161 -0.027246024 0.047969110 2.493230200 0.027283993 0.999627709 -0.000136784 1.405890005 -0.047947526 0.001445365 0.998848796 -3.715699852
71280000 0.737884716 1.315843672 0.500000000 0.500000000 0.000000000 0.000000000 0.998395503 -0.028040048 0.049195506 2.658690104 0.028073840 0.999605834 0.000004090 1.486119938 -0.049176231 0.001377023 0.998789191 -4.003800414
71360000 0.737884716 1.315843672 0.500000000 0.500000000 0.000000000 0.000000000 0.998248041 -0.028698593 0.051741887 2.747539877 0.028678264 0.999588072 0.001135400 1.518590177 -0.051753160 0.000350456 0.998659849 -4.301420381
71440000 0.737884716 1.315843672 0.500000000 0.500000000 0.000000000 0.000000000 0.998221993 -0.029445190 0.051825356 2.965590045 0.029488172 0.999565125 -0.000064761 1.652189969 -0.051800910 0.001592882 0.998656154 -4.576379734
71520000 0.737884716 1.315843672 0.500000000 0.500000000 0.000000000 0.000000000 0.998133779 -0.030008346 0.053183377 3.103559991 0.030079179 0.999547362 -0.000531758 1.750259913 -0.053143345 0.002130478 0.998584628 -4.843640182
71600000 0.737884716 1.315843672 0.500000000 0.500000000 0.000000000 0.000000000 0.998046160 -0.030689122 0.054424323 3.244879845 0.030811990 0.999524176 -0.001419723 1.867209964 -0.054354854 0.003093869 0.998516917 -5.113659772
