https://www.youtube.com/watch?v=798hVZFV9Iw
47580867 1.034474245 1.839694322 0.500000000 0.500000000 0.000000000 0.000000000 0.999623597 -0.020257920 -0.018501062 3.995430042 0.019957371 0.999668181 -0.016287556 -0.501116005 0.018824875 0.015912192 0.999696195 4.068110163
47647600 1.034474245 1.839694322 0.500000000 0.500000000 0.000000000 0.000000000 0.999767900 -0.016773986 -0.013520005 3.735260037 0.016513186 0.999679744 -0.019176170 -0.515990053 0.013837337 0.018948462 0.999724686 3.839199959
47714333 1.034474245 1.839694322 0.500000000 0.500000000 0.000000000 0.000000000 0.999858201 -0.013503560 -0.010059338 3.483629678 0.013302068 0.999714792 -0.019834911 -0.515573993 0.010324311 0.019698290 0.999752641 3.502729653
47781067 1.034474245 1.839694322 0.500000000 0.500000000 0.000000000 0.000000000 0.999877393 -0.011905864 -0.010172918 3.231930178 0.011709340 0.999747753 -0.019164262 -0.520863982 0.010398519 0.019042796 0.999764621 3.228460217
47847800 1.034474245 1.839694322 0.500000000 0.500000000 0.000000000 0.000000000 0.999905944 -0.009016629 -0.010332949 2.963449885 0.008837244 0.999811709 -0.017276699 -0.503063046 0.010486781 0.017183760 0.999797344 2.896379810
47914533 1.034474245 1.839694322 0.500000000 0.500000000 0.000000000 0.000000000 0.999940634 -0.003131238 -0.010435063 2.679820007 0.002989249 0.999903142 -0.013594784 -0.472855012 0.010476621 0.013562784 0.999853134 2.603689971
47981267 1.034474245 1.839694322 0.500000000 0.500000000 0.000000000 0.000000000 0.999935985 0.001910104 -0.011152088 2.387790003 -0.002031458 0.999938726 -0.010880603 -0.442068999 0.011130621 0.010902562 0.999878585 2.235530103
48048000 1.034474245 1.839694322 0.500000000 0.500000000 0.000000000 0.000000000 0.999898314 0.006004772 -0.012936736 2.081660144 -0.006112576 0.999946773 -0.008309821 -0.391835965 0.012886148 0.008388052 0.999881804 1.817980082
48114733 1.034474245 1.839694322 0.500000000 0.500000000 0.000000000 0.000000000 0.999863863 0.007599444 -0.014645342 1.771429999 -0.007695840 0.999949038 -0.006536914 -0.315673997 0.014594918 0.006648732 0.999871373 1.434919975
48181467 1.034474245 1.839694322 0.500000000 0.500000000 0.000000000 0.000000000 0.999836802 0.007901021 -0.016246047 1.467979928 -0.007954952 0.999963045 -0.003257728 -0.241273005 0.016219709 0.003386433 0.999862731 1.009379973
48248200 1.034474245 1.839694322 0.500000000 0.500000000 0.000000000 0.000000000 0.999812245 0.006642530 -0.018204320 1.156250020 -0.006621206 0.999977350 0.001231354 -0.156129006 0.018212087 -0.001110588 0.999833524 0.627453098
48314933 1.034474245 1.839694322 0.500000000 0.500000000 0.000000000 0.000000000 0.999750555 0.008806367 -0.020524165 0.840215044 -0.008759887 0.999958873 0.002353466 -0.070697999 0.020544047 -0.002173089 0.999786615 0.278808006
48381667 1.034474245 1.839694322 0.500000000 0.500000000 0.000000000 0.000000000 0.999635696 0.013535366 -0.023351841 0.520661040 -0.013500693 0.999907494 0.001641799 0.016691697 0.023371905 -0.001325935 0.999725938 -0.066672602
48448400 1.034474245 1.839694322 0.500000000 0.500000000 0.000000000 0.000000000 0.999535501 0.016080121 -0.025888594 0.215201009 -0.016130308 0.999868393 -0.001730967 0.094419700 0.025857354 0.002147755 0.999663353 -0.363860022
48515133 1.034474245 1.839694322 0.500000000 0.500000000 0.000000000 0.000000000 0.999554932 0.016474178 -0.024871560 -0.102492002 -0.016539043 0.999860346 -0.002404567 0.160147003 0.024828473 0.002814849 0.999687791 -0.693451089
48581867 1.034474245 1.839694322 0.500000000 0.500000000 0.000000000 0.000000000 0.999640644 0.016032316 -0.021484880 -0.421327042 -0.016096000 0.999866545 -0.002794482 0.216645015 0.021437211 0.003139298 0.999765277 -0.920891029
48648600 1.034474245 1.839694322 0.500000000 0.500000000 0.000000000 0.000000000 0.999737501 0.016105531 -0.016296990 -0.746371998 -0.016144263 0.999867141 -0.002247967 0.223563000 0.016258620 0.002510479 0.999864697 -1.211650112
48715333 1.034474245 1.839694322 0.500000000 0.500000000 0.000000000 0.000000000 0.999808252 0.016789420 -0.010079773 -1.120470128 -0.016807368 0.999857306 -0.001698434 0.265013008 0.010049820 0.001867523 0.999947727 -1.434659874
48782067 1.034474245 1.839694322 0.500000000 0.500000000 0.000000000 0.000000000 0.999861658 0.016468983 -0.002329637 -1.530750014 -0.016472947 0.999862850 -0.001692681 0.279754993 0.002301441 0.001730823 0.999995828 -1.600729771
48848800 1.034474245 1.839694322 0.500000000 0.500000000 0.000000000 0.000000000 0.999882638 0.014047926 0.006110969 -1.970359919 -0.014025085 0.999894559 -0.003764679 0.272668005 -0.006163211 0.003678530 0.999974251 -1.751370070
48915533 1.034474245 1.839694322 0.500000000 0.500000000 0.000000000 0.000000000 0.999851167 0.009410691 0.014461586 -2.438890271 -0.009288768 0.999920964 -0.008475029 0.276253021 -0.014540199 0.008339438 0.999859512 -1.948019975
48982267 1.034474245 1.839694322 0.500000000 0.500000000 0.000000000 0.000000000 0.999728441 0.003736548 0.023000736 -2.942149902 -0.003397294 0.999885142 -0.014771116 0.284384022 -0.023053288 0.014688964 0.999626338 -2.056269832
49049000 1.034474245 1.839694322 0.500000000 0.500000000 0.000000000 0.000000000 0.999568582 -0.002750504 0.029242260 -3.463550211 0.003381398 0.999762118 -0.021547223 0.284304008 -0.029176040 0.021636805 0.999340057 -2.163559768
49115733 1.034474245 1.839694322 0.500000000 0.500000000 0.000000000 0.000000000 0.999421299 -0.007590949 0.033157684 -3.983299916 0.008540370 0.999554813 -0.028586356 0.286790972 -0.032925926 0.028852994 0.999041259 -2.285599985
49182467 1.034474245 1.839694322 0.500000000 0.500000000 0.000000000 0.000000000 0.999366403 -0.011581660 0.033654638 -4.505400033 0.012774617 0.999289751 -0.035450961 0.295254002 -0.033220157 0.035858426 0.998804569 -2.407189867
49249200 1.034474245 1.839694322 0.500000000 0.500000000 0.000000000 0.000000000 0.999402523 -0.015275653 0.031003909 -5.020959771 0.016532283 0.999035120 -0.040688172 0.297539029 -0.030352456 0.041176431 0.998690784 -2.547750375
49315933 1.034474245 1.839694322 0.500000000 0.500000000 0.000000000 0.000000000 0.999462306 -0.018562656 0.027027400 -5.504629931 0.019770354 0.998785675 -0.045124963 0.291700968 -0.026156941 0.045635045 0.998615682 -2.725430036
49382667 1.034474245 1.839694322 0.500000000 0.500000000 0.000000000 0.000000000 0.999433815 -0.022950904 0.024602590 -5.958119358 0.024090836 0.998600304 -0.047085185 0.263654006 -0.023487506 0.047651220 0.998587847 -2.879379935
