https://www.youtube.com/watch?v=VxOdmlcaHiI
84350933 0.961766210 1.712734250 0.500000000 0.500000000 0.000000000 0.000000000 0.949583888 -0.078980342 0.303401500 -0.991172985 -0.005006362 0.963804543 0.266562819 -0.459479226 -0.313472956 -0.254642725 0.914817870 5.766869673
84417667 0.961766210 1.712734250 0.500000000 0.500000000 0.000000000 0.000000000 0.946840882 -0.080967300 0.311346352 -0.950251156 -0.005501844 0.963592350 0.267318934 -0.432927804 -0.321655095 -0.254821450 0.911923170 5.629298966
84484400 0.961766210 1.712734250 0.500000000 0.500000000 0.000000000 0.000000000 0.944053173 -0.083136618 0.319142550 -0.925422040 -0.005495880 0.963604271 0.267276347 -0.413209140 -0.329747587 -0.254077077 0.909236789 5.493061064
84551133 0.961766210 1.712734250 0.500000000 0.500000000 0.000000000 0.000000000 0.941091716 -0.085390784 0.327192426 -0.907493313 -0.005435735 0.963645935 0.267127424 -0.389811316 -0.338107884 -0.253169924 0.906414986 5.368480176
84617867 0.961766210 1.712734250 0.500000000 0.500000000 0.000000000 0.000000000 0.938091397 -0.087843001 0.335064322 -0.901065068 -0.005152766 0.963663936 0.267067879 -0.368591983 -0.346349448 -0.252260596 0.903552234 5.236080052
84684600 0.961766210 1.712734250 0.500000000 0.500000000 0.000000000 0.000000000 0.935078740 -0.090534627 0.342682332 -0.900930088 -0.004543822 0.963686168 0.266998738 -0.356350043 -0.354410857 -0.251221925 0.900711060 5.081489362
84751333 0.961766210 1.712734250 0.500000000 0.500000000 0.000000000 0.000000000 0.932004809 -0.093705393 0.350123465 -0.909533972 -0.003580302 0.963574231 0.267417103 -0.342918038 -0.362428367 -0.250487596 0.897720337 4.951251351
84818067 0.961766210 1.712734250 0.500000000 0.500000000 0.000000000 0.000000000 0.928744376 -0.096951365 0.357818812 -0.925805094 -0.002508577 0.963532031 0.267581165 -0.319834101 -0.370712250 -0.249412119 0.894631743 4.830639428
84884800 0.961766210 1.712734250 0.500000000 0.500000000 0.000000000 0.000000000 0.925455749 -0.100384086 0.365314603 -0.945987266 -0.001120504 0.963528156 0.267604649 -0.297688180 -0.378854156 -0.248065591 0.891590178 4.682519893
84951533 0.961766210 1.712734250 0.500000000 0.500000000 0.000000000 0.000000000 0.922044277 -0.104164787 0.372805417 -0.974181976 0.000516243 0.963442028 0.267916292 -0.274018745 -0.387083888 -0.246838227 0.888390005 4.541309228
85018267 0.961766210 1.712734250 0.500000000 0.500000000 0.000000000 0.000000000 0.918640316 -0.108121127 0.380012989 -1.005200010 0.002200466 0.963212073 0.268733412 -0.250995140 -0.395088851 -0.246033162 0.885083377 4.375710607
85085000 0.961766210 1.712734250 0.500000000 0.500000000 0.000000000 0.000000000 0.915328622 -0.111613676 0.386931300 -1.040689916 0.003667649 0.963094950 0.269136757 -0.226646838 -0.402690947 -0.244929448 0.881957769 4.235719966
85151733 0.961766210 1.712734250 0.500000000 0.500000000 0.000000000 0.000000000 0.911931515 -0.115338646 0.393799245 -1.075180135 0.005191848 0.962850928 0.269983411 -0.206434854 -0.410309494 -0.244161829 0.878652930 4.125039583
85218467 0.961766210 1.712734250 0.500000000 0.500000000 0.000000000 0.000000000 0.908718765 -0.118724033 0.400168628 -1.103359930 0.006492659 0.962600946 0.270845622 -0.190964996 -0.417358547 -0.243524343 0.875504375 3.976560850
85285200 0.961766210 1.712734250 0.500000000 0.500000000 0.000000000 0.000000000 0.905662477 -0.121832907 0.406118572 -1.129370026 0.007763486 0.962432384 0.271410584 -0.180263046 -0.423928380 -0.242653489 0.872584701 3.825560020
85351933 0.961766210 1.712734250 0.500000000 0.500000000 0.000000000 0.000000000 0.902936280 -0.124789841 0.411258638 -1.157400102 0.009229504 0.962326765 0.271739006 -0.171543160 -0.429675460 -0.241567314 0.870071471 3.667290574
85418667 0.961766210 1.712734250 0.500000000 0.500000000 0.000000000 0.000000000 0.900443852 -0.127584785 0.415840089 -1.179560062 0.010804780 0.962280869 0.271843255 -0.161139052 -0.434838057 -0.240286529 0.867858410 3.508369746
85485400 0.961766210 1.712734250 0.500000000 0.500000000 0.000000000 0.000000000 0.898548126 -0.129651085 0.419287175 -1.188459847 0.012100052 0.962323785 0.271636575 -0.148477732 -0.438708037 -0.239005104 0.866263032 3.389709269
85552133 0.961766210 1.712734250 0.500000000 0.500000000 0.000000000 0.000000000 0.896901906 -0.131296501 0.422289163 -1.182829945 0.013160244 0.962411046 0.271277934 -0.139330940 -0.442033619 -0.237752274 0.864916205 3.216449795
85618867 0.961766210 1.712734250 0.500000000 0.500000000 0.000000000 0.000000000 0.895641804 -0.132593960 0.424552143 -1.166869778 0.014157884 0.962545693 0.270749599 -0.137147888 -0.444550574 -0.236483902 0.863973439 3.070099935
85685600 0.961766210 1.712734250 0.500000000 0.500000000 0.000000000 0.000000000 0.894825220 -0.133298129 0.426050961 -1.141440211 0.014766283 0.962695420 0.270184219 -0.132290126 -0.446172357 -0.235476479 0.863412440 2.913599761
85752333 0.961766210 1.712734250 0.500000000 0.500000000 0.000000000 0.000000000 0.894194007 -0.133623719 0.427272409 -1.099709891 0.014965795 0.962804615 0.269783735 -0.137108865 -0.447429389 -0.234844506 0.862933874 2.738269880
85819067 0.961766210 1.712734250 0.500000000 0.500000000 0.000000000 0.000000000 0.893918753 -0.133419514 0.427911818 -1.041540035 0.014898308 0.962988794 0.269129336 -0.142477949 -0.447981417 -0.234204590 0.862821460 2.560450055
85885800 0.961766210 1.712734250 0.500000000 0.500000000 0.000000000 0.000000000 0.893622041 -0.133152395 0.428614289 -0.977163120 0.014525563 0.963059247 0.268897563 -0.147584145 -0.448585302 -0.234066933 0.862545073 2.363810228
85952533 0.961766210 1.712734250 0.500000000 0.500000000 0.000000000 0.000000000 0.893611550 -0.132412210 0.428865105 -0.899851783 0.013780311 0.963137746 0.268655360 -0.146133866 -0.448629469 -0.234163642 0.862495780 2.152499905
86019267 0.961766210 1.712734250 0.500000000 0.500000000 0.000000000 0.000000000 0.893566489 -0.131186754 0.429335654 -0.821563048 0.012445532 0.963222325 0.268417448 -0.128616136 -0.448758483 -0.234505564 0.862335861 1.931380406
86086000 0.961766210 1.712734250 0.500000000 0.500000000 0.000000000 0.000000000 0.893776417 -0.129383773 0.429445505 -0.740592975 0.010981452 0.963513792 0.267433345 -0.113104918 -0.448378205 -0.234309673 0.862586737 1.706519848
86152733 0.961766210 1.712734250 0.500000000 0.500000000 0.000000000 0.000000000 0.894026995 -0.127595231 0.429459453 -0.653755167 0.009153452 0.963588357 0.267233551 -0.109022184 -0.447919846 -0.234983012 0.862641931 1.531320379
86219467 0.961766210 1.712734250 0.500000000 0.500000000 0.000000000 0.000000000 0.894373894 -0.125756860 0.429278970 -0.583884890 0.007536136 0.963768423 0.266633809 -0.108831903 -0.447256565 -0.235235170 0.862917006 1.310199714
86286200 0.961766210 1.712734250 0.500000000 0.500000000 0.000000000 0.000000000 0.894864202 -0.123735294 0.428844571 -0.531434005 0.005797084 0.963946640 0.266032517 -0.102439040 -0.446300864 -0.235576928 0.863318563 1.091059945
86352933 0.961766210 1.712734250 0.500000000 0.500000000 0.000000000 0.000000000 0.895448327 -0.121900842 0.428150266 -0.478229054 0.004176885 0.964035690 0.265740037 -0.095121875 -0.445146054 -0.236168146 0.863753319 0.868779144
86419667 0.961766210 1.712734250 0.500000000 0.500000000 0.000000000 0.000000000 0.896294653 -0.120728612 0.426708728 -0.414055898 0.003281098 0.964007616 0.265854329 -0.103980949 -0.443446666 -0.236883730 0.864430964 0.663020846
86486400 0.961766210 1.712734250 0.500000000 0.500000000 0.000000000 0.000000000 0.897267044 -0.120069936 0.424847364 -0.355631089 0.002968870 0.963926017 0.266153872 -0.110064060 -0.441478491 -0.237549797 0.865255475 0.470900099
86553133 0.961766210 1.712734250 0.500000000 0.500000000 0.000000000 0.000000000 0.898384392 -0.119920298 0.422521591 -0.304123933 0.003304958 0.963822246 0.266525209 -0.110875972 -0.439197481 -0.238045633 0.866279185 0.281728940
86619867 0.961766210 1.712734250 0.500000000 0.500000000 0.000000000 0.000000000 0.899621248 -0.120460652 0.419727027 -0.265484955 0.004289769 0.963589013 0.267353237 -0.110344977 -0.436649919 -0.238716125 0.867381930 0.087805589
86686600 0.961766210 1.712734250 0.500000000 0.500000000 0.000000000 0.000000000 0.900854528 -0.121640258 0.416731030 -0.229423986 0.005640306 0.963140488 0.268939763 -0.107643002 -0.434084445 -0.239925116 0.868335545 -0.083844196
86753333 0.961766210 1.712734250 0.500000000 0.500000000 0.000000000 0.000000000 0.902020037 -0.123221502 0.413734555 -0.189561991 0.007220309 0.962569714 0.270938069 -0.103745006 -0.431633770 -0.241404280 0.869146883 -0.270846042
86820067 0.961766210 1.712734250 0.500000000 0.500000000 0.000000000 0.000000000 0.903097987 -0.124723963 0.410923243 -0.152562009 0.008832343 0.962086201 0.272602558 -0.096884098 -0.429343641 -0.242557406 0.869959712 -0.503377961
86886800 0.961766210 1.712734250 0.500000000 0.500000000 0.000000000 0.000000000 0.904183805 -0.126349181 0.408028632 -0.115629013 0.010374568 0.961464107 0.274734616 -0.085086102 -0.427017361 -0.244177461 0.870651126 -0.690672893
86953533 0.961766210 1.712734250 0.500000000 0.500000000 0.000000000 0.000000000 0.905389369 -0.127938598 0.404848039 -0.074871795 0.011990558 0.960844815 0.276827633 -0.073329889 -0.424413085 -0.245782480 0.871472716 -0.868773156
87020267 0.961766210 1.712734250 0.500000000 0.500000000 0.000000000 0.000000000 0.906351686 -0.129471898 0.402198672 -0.030573241 0.013413481 0.960231841 0.278881609 -0.046122701 -0.422311306 -0.247369945 0.872044444 -1.012070205
87087000 0.961766210 1.712734250 0.500000000 0.500000000 0.000000000 0.000000000 0.907118082 -0.130961910 0.399982184 0.022729449 0.014382329 0.959446490 0.281523615 -0.021725671 -0.420630366 -0.249622479 0.872214794 -1.202319864
87153733 0.961766210 1.712734250 0.500000000 0.500000000 0.000000000 0.000000000 0.907899082 -0.132228836 0.397787571 0.059102491 0.015320674 0.958778620 0.283740968 -0.006528353 -0.418908954 -0.251513809 0.872500002 -1.396410214
87220467 0.961766210 1.712734250 0.500000000 0.500000000 0.000000000 0.000000000 0.908754647 -0.133184642 0.395508498 0.091894367 0.016086608 0.958184183 0.285699785 0.010713781 -0.417020768 -0.253268659 0.872896791 -1.564510220
87287200 0.961766210 1.712734250 0.500000000 0.500000000 0.000000000 0.000000000 0.909865737 -0.133861333 0.392715454 0.131061035 0.016842481 0.957660377 0.287407279 0.031251063 -0.414560735 -0.254887700 0.873596907 -1.695599808
87353933 0.961766210 1.712734250 0.500000000 0.500000000 0.000000000 0.000000000 0.911143780 -0.134129733 0.389648706 0.175357993 0.017647050 0.957378864 0.288295269 0.047028942 -0.411710411 -0.255802274 0.874676824 -1.852879577
87420667 0.961766210 1.712734250 0.500000000 0.500000000 0.000000000 0.000000000 0.912705541 -0.133721739 0.386117965 0.233810014 0.018071741 0.957221746 0.288790435 0.058485298 -0.408218056 -0.256602794 0.876078188 -1.978749854
87487400 0.961766210 1.712734250 0.500000000 0.500000000 0.000000000 0.000000000 0.914504468 -0.132729486 0.382183909 0.302186893 0.018407162 0.957325161 0.288426369 0.077334981 -0.404156923 -0.256732315 0.877921343 -2.096110567
87554133 0.961766210 1.712734250 0.500000000 0.500000000 0.000000000 0.000000000 0.916688621 -0.131805077 0.377239376 0.386884989 0.019035514 0.957368255 0.288242579 0.084627391 -0.399148792 -0.257047772 0.880117536 -2.200240203
87620867 0.961766210 1.712734250 0.500000000 0.500000000 0.000000000 0.000000000 0.919112682 -0.130167753 0.371871024 0.491330968 0.019437887 0.957679808 0.287178397 0.090564883 -0.393514782 -0.256720901 0.882745862 -2.334699633
87687600 0.961766210 1.712734250 0.500000000 0.500000000 0.000000000 0.000000000 0.921748281 -0.128176540 0.365993142 0.613996915 0.019718245 0.958065629 0.285869718 0.082747804 -0.387287199 -0.256283224 0.885622740 -2.487460121
87754333 0.961766210 1.712734250 0.500000000 0.500000000 0.000000000 0.000000000 0.924576163 -0.125356644 0.359784186 0.748699031 0.019402266 0.958588541 0.284132987 0.080339644 -0.380502939 -0.255721956 0.888720274 -2.629709873
87821067 0.961766210 1.712734250 0.500000000 0.500000000 0.000000000 0.000000000 0.927763760 -0.122325033 0.352549046 0.903045949 0.019100100 0.959074378 0.282509118 0.083769104 -0.372678727 -0.255367965 0.892130911 -2.792119389
87887800 0.961766210 1.712734250 0.500000000 0.500000000 0.000000000 0.000000000 0.930956602 -0.119181037 0.345131546 1.058290074 0.018714052 0.959561288 0.280877203 0.089842544 -0.364650100 -0.255025655 0.895540237 -2.983360582
87954533 0.961766210 1.712734250 0.500000000 0.500000000 0.000000000 0.000000000 0.934053183 -0.115107089 0.338075608 1.220720336 0.017418116 0.960191250 0.278799921 0.111173118 -0.356709093 -0.254525334 0.898874640 -3.148480429
88021267 0.961766210 1.712734250 0.500000000 0.500000000 0.000000000 0.000000000 0.937161982 -0.110643610 0.330885679 1.391589894 0.015736114 0.960822701 0.276716471 0.133862795 -0.348539382 -0.254121244 0.902187586 -3.303218921
88088000 0.961766210 1.712734250 0.500000000 0.500000000 0.000000000 0.000000000 0.940157890 -0.106015921 0.323826790 1.559720261 0.013671745 0.961337209 0.275034189 0.152422848 -0.340464771 -0.254148245 0.905258179 -3.431959957
88154733 0.961766210 1.712734250 0.500000000 0.500000000 0.000000000 0.000000000 0.943016768 -0.101371855 0.316927820 1.726720220 0.011567067 0.961874783 0.273245662 0.167197188 -0.332544297 -0.254009336 0.908236563 -3.574290404
88221467 0.961766210 1.712734250 0.500000000 0.500000000 0.000000000 0.000000000 0.945747972 -0.097205669 0.310019165 1.887660298 0.009832002 0.962320626 0.271739572 0.167808386 -0.324752480 -0.253949076 0.911068499 -3.725960309
88288200 0.961766210 1.712734250 0.500000000 0.500000000 0.000000000 0.000000000 0.948376834 -0.092535958 0.303345442 2.043440116 0.007528618 0.962785542 0.270161659 0.166861103 -0.317056298 -0.253931314 0.913780153 -3.847759868
88354933 0.961766210 1.712734250 0.500000000 0.500000000 0.000000000 0.000000000 0.950886548 -0.088208660 0.296705276 2.185420134 0.005588006 0.963272810 0.268466562 0.169433045 -0.309489220 -0.253623277 0.916456044 -3.978520090
88421667 0.961766210 1.712734250 0.500000000 0.500000000 0.000000000 0.000000000 0.953196466 -0.085322514 0.290063024 2.325040099 0.004725445 0.963443518 0.267869800 0.165124994 -0.302314699 -0.253961891 0.918754101 -4.104709889
88488400 0.961766210 1.712734250 0.500000000 0.500000000 0.000000000 0.000000000 0.955369592 -0.082408398 0.283686310 2.451120110 0.003838081 0.963684320 0.267016619 0.159648397 -0.295388430 -0.254010767 0.920990944 -4.247640421
88555133 0.961766210 1.712734250 0.500000000 0.500000000 0.000000000 0.000000000 0.957382679 -0.079804316 0.277578205 2.560560007 0.003258154 0.963991821 0.265911907 0.160150106 -0.288804024 -0.253675073 0.923169017 -4.383269070
88621867 0.961766210 1.712734250 0.500000000 0.500000000 0.000000000 0.000000000 0.959359527 -0.077686265 0.271282464 2.668890080 0.003024798 0.964133918 0.265399218 0.149630206 -0.282170504 -0.253792703 0.925186038 -4.539391018
88688600 0.961766210 1.712734250 0.500000000 0.500000000 0.000000000 0.000000000 0.961280167 -0.075867020 0.264923751 2.773189978 0.003158674 0.964326739 0.264695913 0.138900893 -0.275554776 -0.253610104 0.927227855 -4.684189870
88755333 0.961766210 1.712734250 0.500000000 0.500000000 0.000000000 0.000000000 0.962913632 -0.074434415 0.259339362 2.871480370 0.003388520 0.964453280 0.264231771 0.128760074 -0.269788653 -0.253553599 0.928937435 -4.856340915
88822067 0.961766210 1.712734250 0.500000000 0.500000000 0.000000000 0.000000000 0.964342177 -0.073374942 0.254283905 2.968430116 0.003808927 0.964547873 0.263880372 0.113746914 -0.264631212 -0.253502429 0.930433691 -5.053060109
88888800 0.961766210 1.712734250 0.500000000 0.500000000 0.000000000 0.000000000 0.965627253 -0.071758330 0.249829486 3.066029694 0.003389876 0.964533210 0.263939798 0.103459804 -0.259908706 -0.254020572 0.931622803 -5.231010373
88955533 0.961766210 1.712734250 0.500000000 0.500000000 0.000000000 0.000000000 0.966674566 -0.070876382 0.246001735 3.152669975 0.003533199 0.964514673 0.264005661 0.103901833 -0.255984038 -0.254338384 0.932622194 -5.437900389
89022267 0.961766210 1.712734250 0.500000000 0.500000000 0.000000000 0.000000000 0.967584014 -0.069759339 0.242723763 3.232990088 0.003259774 0.964463890 0.264194608 0.118876020 -0.252528340 -0.254839242 0.933427274 -5.599650350
89089000 0.961766210 1.712734250 0.500000000 0.500000000 0.000000000 0.000000000 0.968256354 -0.068875618 0.240282521 3.311339789 0.002937667 0.964356661 0.264589280 0.129505660 -0.249941811 -0.255484372 0.933946848 -5.782588947
