https://www.youtube.com/watch?v=j_5VI5pUDOk
7457456 0.994716780 1.771413555 0.500000000 0.500000000 0.000000000 0.000000000 0.969494700 -0.021114346 0.244201228 0.195828001 0.032764491 0.998505354 -0.043743510 -0.587242012 -0.242912635 0.050410222 0.968737483 5.803260258
7490822 0.994716780 1.771413555 0.500000000 0.500000000 0.000000000 0.000000000 0.968385696 -0.020364430 0.248625025 0.201196842 0.032546286 0.998457372 -0.044984803 -0.593377030 -0.247325405 0.051654458 0.967554629 5.699019699
7524189 0.994716780 1.771413555 0.500000000 0.500000000 0.000000000 0.000000000 0.967443287 -0.019722931 0.252318203 0.214296057 0.032437287 0.998399377 -0.046329871 -0.596145933 -0.251000583 0.053006046 0.966534555 5.571950135
7557556 0.994716780 1.771413555 0.500000000 0.500000000 0.000000000 0.000000000 0.966526270 -0.018729068 0.255883157 0.219197910 0.031913128 0.998362780 -0.047468845 -0.599263027 -0.254575193 0.054045912 0.965541601 5.458960195
7590922 0.994716780 1.771413555 0.500000000 0.500000000 0.000000000 0.000000000 0.965777278 -0.017726023 0.258766323 0.227701101 0.031405531 0.998313427 -0.048826322 -0.594512001 -0.257464379 0.055282049 0.964705110 5.340059901
7624289 0.994716780 1.771413555 0.500000000 0.500000000 0.000000000 0.000000000 0.964910507 -0.016590863 0.262054414 0.233450194 0.030661028 0.998293757 -0.049694218 -0.584387015 -0.260782808 0.055985332 0.963772774 5.230150664
7657656 0.994716780 1.771413555 0.500000000 0.500000000 0.000000000 0.000000000 0.964109659 -0.015368527 0.265059203 0.242054000 0.029834865 0.998271346 -0.050638169 -0.568021978 -0.263822764 0.056728758 0.962901533 5.109519946
7691022 0.994716780 1.771413555 0.500000000 0.500000000 0.000000000 0.000000000 0.963387907 -0.014073107 0.267741919 0.247083965 0.028915215 0.998250544 -0.051572397 -0.541993978 -0.266547740 0.057426035 0.962109447 4.992230035
7724389 0.994716780 1.771413555 0.500000000 0.500000000 0.000000000 0.000000000 0.962654710 -0.012372518 0.270449281 0.253567072 0.027587457 0.998238266 -0.052529123 -0.516206924 -0.269322872 0.058028419 0.961300075 4.889329440
7757756 0.994716780 1.771413555 0.500000000 0.500000000 0.000000000 0.000000000 0.961745679 -0.010700520 0.273734868 0.257649102 0.026183214 0.998252749 -0.052970126 -0.489002986 -0.272689760 0.058111049 0.960345447 4.748449839
7791122 0.994716780 1.771413555 0.500000000 0.500000000 0.000000000 0.000000000 0.960833549 -0.009051234 0.276978254 0.260473160 0.024843395 0.998255551 -0.053559832 -0.459671002 -0.276010275 0.058343165 0.959382236 4.610329946
7824489 0.994716780 1.771413555 0.500000000 0.500000000 0.000000000 0.000000000 0.959952056 -0.007140202 0.280073285 0.265000077 0.023298588 0.998247027 -0.054406572 -0.432694963 -0.279193819 0.058753017 0.958435595 4.502059506
7857856 0.994716780 1.771413555 0.500000000 0.500000000 0.000000000 0.000000000 0.959016919 -0.005343256 0.283298463 0.267934146 0.021899085 0.998229325 -0.055304956 -0.407776000 -0.282501310 0.059242364 0.957435846 4.401130558
7891222 0.994716780 1.771413555 0.500000000 0.500000000 0.000000000 0.000000000 0.958087742 -0.003480669 0.286453873 0.273707927 0.020347485 0.998227596 -0.055925857 -0.385746013 -0.285751492 0.059410494 0.956460416 4.305369955
7924589 0.994716780 1.771413555 0.500000000 0.500000000 0.000000000 0.000000000 0.957182646 -0.001703274 0.289479733 0.272867954 0.018934898 0.998209655 -0.056736022 -0.365283039 -0.288864851 0.059788004 0.955501199 4.186070547
7957956 0.994716780 1.771413555 0.500000000 0.500000000 0.000000000 0.000000000 0.956203938 0.000224734 0.292701215 0.274675138 0.017411588 0.998185158 -0.057647020 -0.349620976 -0.292182952 0.060218699 0.954464674 4.071579846
7991322 0.994716780 1.771413555 0.500000000 0.500000000 0.000000000 0.000000000 0.954667509 0.001841712 0.297668666 0.282343002 0.016414005 0.998133779 -0.058817755 -0.335534985 -0.297221452 0.061037336 0.952855647 3.965240020
8024689 0.994716780 1.771413555 0.500000000 0.500000000 0.000000000 0.000000000 0.952950060 0.003385141 0.303108245 0.290364015 0.015466237 0.998092234 -0.059771441 -0.324588981 -0.302732319 0.061647147 0.951079726 3.859679435
8058056 0.994716780 1.771413555 0.500000000 0.500000000 0.000000000 0.000000000 0.951005399 0.004689206 0.309138656 0.299714023 0.014834170 0.998041332 -0.060773384 -0.316240003 -0.308818161 0.062381636 0.949073195 3.751760313
8091422 0.994716780 1.771413555 0.500000000 0.500000000 0.000000000 0.000000000 0.948903024 0.005938893 0.315511763 0.308308934 0.014260940 0.997994363 -0.061675098 -0.310478954 -0.315245271 0.063023180 0.946915209 3.652649762
8124789 0.994716780 1.771413555 0.500000000 0.500000000 0.000000000 0.000000000 0.946647108 0.006826479 0.322199643 0.319017978 0.014058625 0.997949123 -0.062448908 -0.306826964 -0.321965158 0.063646764 0.944609642 3.545019595
8158156 0.994716780 1.771413555 0.500000000 0.500000000 0.000000000 0.000000000 0.944155991 0.007415703 0.329415411 0.328631953 0.014157419 0.997910440 -0.063042097 -0.301838024 -0.329194576 0.064185239 0.942078173 3.440820131
8191522 0.994716780 1.771413555 0.500000000 0.500000000 0.000000000 0.000000000 0.941499650 0.007957028 0.336919874 0.336476967 0.014396729 0.997859061 -0.063797049 -0.297208999 -0.336706191 0.064915441 0.939369380 3.340639635
8224889 0.994716780 1.771413555 0.500000000 0.500000000 0.000000000 0.000000000 0.938746333 0.008233901 0.344510674 0.344242044 0.014920302 0.997805893 -0.064503744 -0.292218994 -0.344285905 0.065692857 0.936563790 3.244530053
8258256 0.994716780 1.771413555 0.500000000 0.500000000 0.000000000 0.000000000 0.935837865 0.008273287 0.352333605 0.350174094 0.015664341 0.997759998 -0.065035038 -0.288011975 -0.352082431 0.066381328 0.933612049 3.134740079
8291622 0.994716780 1.771413555 0.500000000 0.500000000 0.000000000 0.000000000 0.932787180 0.008184491 0.360334605 0.354568007 0.016594058 0.997706831 -0.065618008 -0.280242965 -0.360045344 0.067187056 0.930512309 3.029209659
8324989 0.994716780 1.771413555 0.500000000 0.500000000 0.000000000 0.000000000 0.929491043 0.008200986 0.368753284 0.358573928 0.017432110 0.997658908 -0.066127576 -0.272167993 -0.368432313 0.067893140 0.927172065 2.922479651
8358356 0.994716780 1.771413555 0.500000000 0.500000000 0.000000000 0.000000000 0.926212609 0.007448623 0.376928151 0.363638928 0.019194799 0.997576356 -0.066880241 -0.257058985 -0.376512766 0.069180384 0.923824787 2.811659983
8391722 0.994716780 1.771413555 0.500000000 0.500000000 0.000000000 0.000000000 0.922849417 0.006593723 0.385104418 0.365523950 0.020894902 0.997523963 -0.067151248 -0.238018978 -0.384593666 0.070017219 0.920426667 2.716409852
8425089 0.994716780 1.771413555 0.500000000 0.500000000 0.000000000 0.000000000 0.919277370 0.006057275 0.393563867 0.363501193 0.022382610 0.997459173 -0.067632541 -0.220614981 -0.392973542 0.070982054 0.916806102 2.606390227
8458456 0.994716780 1.771413555 0.500000000 0.500000000 0.000000000 0.000000000 0.915560424 0.005019341 0.402148962 0.360268865 0.024531517 0.997363269 -0.068298489 -0.203865952 -0.401431441 0.072396725 0.913023233 2.486439477
8491822 0.994716780 1.771413555 0.500000000 0.500000000 0.000000000 0.000000000 0.911619782 0.003377540 0.411020547 0.355055886 0.026931323 0.997326672 -0.067927584 -0.185656988 -0.410151213 0.072993457 0.909091830 2.383569905
8525189 0.994716780 1.771413555 0.500000000 0.500000000 0.000000000 0.000000000 0.908047795 0.001981842 0.418861717 0.346605041 0.029557619 0.997192800 -0.068795964 -0.165299970 -0.417822212 0.074850589 0.905440152 2.289139791
8558556 0.994716780 1.771413555 0.500000000 0.500000000 0.000000000 0.000000000 0.904649019 0.001043701 0.426156312 0.339300057 0.031882763 0.997028708 -0.070122927 -0.146574031 -0.424963266 0.077023670 0.901927769 2.175180295
8591922 0.994716780 1.771413555 0.500000000 0.500000000 0.000000000 0.000000000 0.901490331 0.000321023 0.432799309 0.327868074 0.034001078 0.996856511 -0.071561299 -0.128748023 -0.431461781 0.079227455 0.898645580 2.080500185
8625289 0.994716780 1.771413555 0.500000000 0.500000000 0.000000000 0.000000000 0.898483634 -0.000482606 0.439006805 0.315662941 0.036081992 0.996697247 -0.072750747 -0.112923002 -0.437521756 0.081205592 0.895533562 1.982989932
8658656 0.994716780 1.771413555 0.500000000 0.500000000 0.000000000 0.000000000 0.895689130 -0.001142111 0.444679081 0.300510905 0.037818190 0.996569395 -0.073615164 -0.099709474 -0.443069518 0.082753271 0.892659605 1.887679791
8692022 0.994716780 1.771413555 0.500000000 0.500000000 0.000000000 0.000000000 0.893065810 -0.001637897 0.449922919 0.283705034 0.039530851 0.996411800 -0.074838594 -0.086782770 -0.448185921 0.084621638 0.889926076 1.785439799
8725389 0.994716780 1.771413555 0.500000000 0.500000000 0.000000000 0.000000000 0.890655041 -0.001897480 0.454675883 0.264718022 0.040972237 0.996257901 -0.076102085 -0.076461029 -0.452830046 0.086409785 0.887399852 1.692050300
8758756 0.994716780 1.771413555 0.500000000 0.500000000 0.000000000 0.000000000 0.888244927 -0.002049722 0.459365398 0.242869008 0.042153098 0.996134698 -0.077063814 -0.069062376 -0.457431823 0.087815225 0.884898007 1.604079762
8792122 0.994716780 1.771413555 0.500000000 0.500000000 0.000000000 0.000000000 0.885816693 -0.002242196 0.464029700 0.219340958 0.043391775 0.996006966 -0.078020617 -0.063380373 -0.462001890 0.089247048 0.882376909 1.515169648
8825489 0.994716780 1.771413555 0.500000000 0.500000000 0.000000000 0.000000000 0.883573830 -0.002175013 0.468286544 0.196934933 0.044301473 0.995892644 -0.078963406 -0.061930360 -0.466191381 0.090515800 0.880041063 1.431999699
8858856 0.994716780 1.771413555 0.500000000 0.500000000 0.000000000 0.000000000 0.881369352 -0.002052939 0.472423404 0.174543971 0.045196772 0.995770216 -0.079993516 -0.062533017 -0.470260948 0.091855839 0.877734125 1.334420020
8892222 0.994716780 1.771413555 0.500000000 0.500000000 0.000000000 0.000000000 0.879341006 -0.002070386 0.476188272 0.151945056 0.046146005 0.995654583 -0.080885462 -0.063580838 -0.473951608 0.093100078 0.875615478 1.238460273
8925589 0.994716780 1.771413555 0.500000000 0.500000000 0.000000000 0.000000000 0.877327085 -0.001802219 0.479889363 0.129083001 0.046762533 0.995555103 -0.081751786 -0.065648597 -0.477608949 0.094163902 0.873511732 1.145499825
8958956 0.994716780 1.771413555 0.500000000 0.500000000 0.000000000 0.000000000 0.875181377 -0.001263324 0.483793288 0.103916974 0.047222260 0.995444596 -0.082825609 -0.066556202 -0.481484801 0.095333241 0.871254265 1.048040101
8992322 0.994716780 1.771413555 0.500000000 0.500000000 0.000000000 0.000000000 0.873116851 -0.000598939 0.487510413 0.078860563 0.047399811 0.995365679 -0.083668746 -0.069775288 -0.485201031 0.096160509 0.869098961 0.948426927
9025689 0.994716780 1.771413555 0.500000000 0.500000000 0.000000000 0.000000000 0.871138752 -0.000048909 0.491036713 0.054226967 0.047617797 0.995295346 -0.084378615 -0.070490702 -0.488722444 0.096887574 0.867042661 0.849737814
9059056 0.994716780 1.771413555 0.500000000 0.500000000 0.000000000 0.000000000 0.869054615 0.000562519 0.494715780 0.028662918 0.047786508 0.995227814 -0.085076965 -0.068656809 -0.492402762 0.097577266 0.864880443 0.757069041
9092422 0.994716780 1.771413555 0.500000000 0.500000000 0.000000000 0.000000000 0.866912961 0.001147542 0.498458266 0.004841582 0.047963351 0.995165110 -0.085708402 -0.063741008 -0.496146619 0.098209448 0.862666488 0.658505056
9125789 0.994716780 1.771413555 0.500000000 0.500000000 0.000000000 0.000000000 0.864566505 0.001972890 0.502514243 -0.019155485 0.048057921 0.995084286 -0.086589403 -0.054652694 -0.500214815 0.099012099 0.860221744 0.553998847
9159156 0.994716780 1.771413555 0.500000000 0.500000000 0.000000000 0.000000000 0.862172306 0.002614057 0.506608069 -0.042229866 0.048195660 0.995028138 -0.087156065 -0.042506796 -0.504317105 0.099559866 0.857759714 0.454272819
9192522 0.994716780 1.771413555 0.500000000 0.500000000 0.000000000 0.000000000 0.858494878 0.003342366 0.512811184 -0.078852499 0.048668176 0.994934380 -0.087959856 -0.021166797 -0.510507464 0.100470677 0.853983402 0.301279953
9225889 0.994716780 1.771413555 0.500000000 0.500000000 0.000000000 0.000000000 0.856137097 0.003784914 0.516735077 -0.107186038 0.048994180 0.994873881 -0.088461727 -0.006521508 -0.514421105 0.101052374 0.851563036 0.207426050
9259256 0.994716780 1.771413555 0.500000000 0.500000000 0.000000000 0.000000000 0.853012860 0.004218655 0.521872997 -0.134308013 0.049505040 0.994804323 -0.088958815 0.008958796 -0.519536734 0.101718351 0.848372042 0.112916004
9292622 0.994716780 1.771413555 0.500000000 0.500000000 0.000000000 0.000000000 0.849542797 0.004512023 0.527500153 -0.164337946 0.050231691 0.994727671 -0.089406900 0.024866290 -0.525122404 0.102452226 0.844837070 0.017077992
9325989 0.994716780 1.771413555 0.500000000 0.500000000 0.000000000 0.000000000 0.845652699 0.004746288 0.533712566 -0.196834026 0.051158860 0.994635522 -0.089905113 0.041514007 -0.531276166 0.103332624 0.840873420 -0.069426018
9359356 0.994716780 1.771413555 0.500000000 0.500000000 0.000000000 0.000000000 0.841482043 0.004801201 0.540263653 -0.230784969 0.052197531 0.994560480 -0.090138137 0.055795401 -0.537757635 0.104050055 0.836654186 -0.154244990
9392722 0.994716780 1.771413555 0.500000000 0.500000000 0.000000000 0.000000000 0.836964369 0.004230170 0.547240973 -0.264889970 0.053839512 0.994482636 -0.090030834 0.070457388 -0.544602513 0.104815781 0.832118750 -0.240099956
9426089 0.994716780 1.771413555 0.500000000 0.500000000 0.000000000 0.000000000 0.832023025 0.003616264 0.554729283 -0.301485972 0.055637412 0.994392693 -0.089931436 0.084780401 -0.551943958 0.105688728 0.827156425 -0.323971969
9459456 0.994716780 1.771413555 0.500000000 0.500000000 0.000000000 0.000000000 0.826651096 0.002424402 0.562709510 -0.338764019 0.058080792 0.994282186 -0.089607634 0.098010291 -0.559709251 0.106756873 0.821783662 -0.409869983
9492822 0.994716780 1.771413555 0.500000000 0.500000000 0.000000000 0.000000000 0.820770144 0.000828166 0.571257889 -0.381037983 0.060843538 0.994184077 -0.088859856 0.106444995 -0.568009079 0.107690871 0.815946221 -0.490883961
9526189 0.994716780 1.771413555 0.500000000 0.500000000 0.000000000 0.000000000 0.814432561 -0.000724070 0.580257714 -0.425089015 0.063636623 0.994078815 -0.088078015 0.111645008 -0.576758087 0.108659245 0.809656262 -0.571768032
9559556 0.994716780 1.771413555 0.500000000 0.500000000 0.000000000 0.000000000 0.807477236 -0.002443966 0.589893818 -0.473727057 0.066655248 0.993965089 -0.087123141 0.115164010 -0.586120963 0.109669462 0.802767098 -0.649440115
9592922 0.994716780 1.771413555 0.500000000 0.500000000 0.000000000 0.000000000 0.800249696 -0.004406113 0.599651039 -0.524296148 0.070043921 0.993814886 -0.086173140 0.117907030 -0.595562398 0.110961922 0.795608640 -0.732379138
9626289 0.994716780 1.771413555 0.500000000 0.500000000 0.000000000 0.000000000 0.792651415 -0.006377179 0.609641731 -0.577676937 0.073453829 0.993660331 -0.085109867 0.118796992 -0.605234087 0.112242974 0.788094699 -0.812988959
9659656 0.994716780 1.771413555 0.500000000 0.500000000 0.000000000 0.000000000 0.784562886 -0.008572020 0.619989991 -0.634136054 0.077127188 0.993487895 -0.083864138 0.120301984 -0.615233660 0.113614783 0.780114830 -0.888246982
9693022 0.994716780 1.771413555 0.500000000 0.500000000 0.000000000 0.000000000 0.776030242 -0.010808464 0.630602896 -0.692990839 0.080747843 0.993327379 -0.082344040 0.118712969 -0.625505149 0.114821300 0.771724820 -0.962300770
9726389 0.994716780 1.771413555 0.500000000 0.500000000 0.000000000 0.000000000 0.767312765 -0.013413988 0.641132772 -0.751300029 0.084707662 0.993140578 -0.080600001 0.120163006 -0.635653794 0.116154261 0.763185740 -1.035450025
9759756 0.994716780 1.771413555 0.500000000 0.500000000 0.000000000 0.000000000 0.758110404 -0.015830915 0.651933849 -0.813020813 0.088557810 0.992943704 -0.078868970 0.122856947 -0.646085083 0.117525235 0.754162908 -1.096329770
9793122 0.994716780 1.771413555 0.500000000 0.500000000 0.000000000 0.000000000 0.748507023 -0.018792275 0.662860870 -0.873616339 0.092934519 0.992705941 -0.076798931 0.130126095 -0.656582713 0.119087160 0.744793832 -1.162670496
9826489 0.994716780 1.771413555 0.500000000 0.500000000 0.000000000 0.000000000 0.738578200 -0.022651970 0.673787177 -0.935299998 0.098028213 0.992421806 -0.074090458 0.142852021 -0.667002857 0.120771743 0.735201657 -1.227920110
9859856 0.994716780 1.771413555 0.500000000 0.500000000 0.000000000 0.000000000 0.727726102 -0.025759283 0.685383976 -1.000290072 0.102652192 0.992129445 -0.071705997 0.156300011 -0.678142488 0.122538492 0.724642754 -1.294230038
9893222 0.994716780 1.771413555 0.500000000 0.500000000 0.000000000 0.000000000 0.716763675 -0.028857853 0.696718752 -1.066450020 0.107461900 0.991778851 -0.069474488 0.172273003 -0.688986003 0.124667510 0.713972211 -1.353430107
9926589 0.994716780 1.771413555 0.500000000 0.500000000 0.000000000 0.000000000 0.705426812 -0.031108540 0.708099961 -1.135730326 0.111173838 0.991526783 -0.067194052 0.184581098 -0.700009823 0.126122653 0.702908039 -1.392660534
9959956 0.994716780 1.771413555 0.500000000 0.500000000 0.000000000 0.000000000 0.693961024 -0.033509340 0.719232261 -1.205279695 0.115122661 0.991229177 -0.064895831 0.194826953 -0.710749447 0.127835125 0.691732049 -1.437279748
9993322 0.994716780 1.771413555 0.500000000 0.500000000 0.000000000 0.000000000 0.682501376 -0.035549711 0.730019093 -1.273699535 0.118623063 0.990961254 -0.062644944 0.203440974 -0.721193671 0.129352376 0.680549383 -1.477099689
10026689 0.994716780 1.771413555 0.500000000 0.500000000 0.000000000 0.000000000 0.671190143 -0.037115771 0.740355313 -1.341509783 0.121630043 0.990723848 -0.060599796 0.210224929 -0.731238425 0.130723447 0.669478536 -1.521089771
10060056 0.994716780 1.771413555 0.500000000 0.500000000 0.000000000 0.000000000 0.660096884 -0.038601004 0.750188291 -1.405540406 0.124669753 0.990458369 -0.058733884 0.217240145 -0.740763128 0.132295802 0.658610821 -1.567200524
10093422 0.994716780 1.771413555 0.500000000 0.500000000 0.000000000 0.000000000 0.649068952 -0.040024780 0.759676218 -1.469200829 0.127288014 0.990250587 -0.056582257 0.221449165 -0.750005126 0.133423418 0.647835612 -1.607050799
10126789 0.994716780 1.771413555 0.500000000 0.500000000 0.000000000 0.000000000 0.638242483 -0.041039187 0.768740773 -1.531740067 0.129425943 0.990084767 -0.054599486 0.223348013 -0.758877754 0.134342700 0.637225628 -1.645869944
10160156 0.994716780 1.771413555 0.500000000 0.500000000 0.000000000 0.000000000 0.627449512 -0.042327587 0.777506232 -1.592940699 0.131630406 0.989916444 -0.052334893 0.222736133 -0.767450929 0.135180920 0.626694143 -1.686000607
10193522 0.994716780 1.771413555 0.500000000 0.500000000 0.000000000 0.000000000 0.616763890 -0.043544322 0.785943091 -1.653690453 0.133590028 0.989774764 -0.049996592 0.221194127 -0.775729597 0.135830224 0.616274416 -1.723410577
10226889 0.994716780 1.771413555 0.500000000 0.500000000 0.000000000 0.000000000 0.606305778 -0.044676472 0.793975890 -1.712940614 0.135279149 0.989662707 -0.047615971 0.218291149 -0.783641040 0.136278167 0.606082022 -1.762730643
10260256 0.994716780 1.771413555 0.500000000 0.500000000 0.000000000 0.000000000 0.595958471 -0.045704667 0.801713705 -1.770870367 0.137050986 0.989520013 -0.045466434 0.216637169 -0.791233778 0.136971712 0.595976710 -1.802450463
10293622 0.994716780 1.771413555 0.500000000 0.500000000 0.000000000 0.000000000 0.585589528 -0.046455044 0.809275925 -1.829341149 0.138325572 0.989440024 -0.043294989 0.213127285 -0.798718750 0.137296557 0.585831642 -1.838191165
10326989 0.994716780 1.771413555 0.500000000 0.500000000 0.000000000 0.000000000 0.575312018 -0.047207803 0.816570878 -1.886710957 0.139499128 0.989369452 -0.041086011 0.209359262 -0.805950761 0.137548149 0.575781584 -1.875191084
10360356 0.994716780 1.771413555 0.500000000 0.500000000 0.000000000 0.000000000 0.565313578 -0.047455315 0.823509634 -1.942279240 0.140300959 0.989328563 -0.039301395 0.207621776 -0.812856495 0.137756854 0.565938890 -1.914549021
10393722 0.994716780 1.771413555 0.500000000 0.500000000 0.000000000 0.000000000 0.555119872 -0.047811043 0.830394745 -1.996788803 0.140849501 0.989332020 -0.037195936 0.204694763 -0.819757700 0.137608960 0.555932045 -1.952238767
10427089 0.994716780 1.771413555 0.500000000 0.500000000 0.000000000 0.000000000 0.545103431 -0.048198126 0.836982429 -2.049160844 0.141461819 0.989319146 -0.035159659 0.201928160 -0.826348126 0.137566656 0.546099424 -1.994530645
10460456 0.994716780 1.771413555 0.500000000 0.500000000 0.000000000 0.000000000 0.535207033 -0.048226770 0.843342662 -2.100308563 0.141842738 0.989324152 -0.033442233 0.201452716 -0.832726479 0.137520641 0.536333919 -2.034428964
10493822 0.994716780 1.771413555 0.500000000 0.500000000 0.000000000 0.000000000 0.525327921 -0.048411328 0.849521577 -2.150789957 0.142030463 0.989362597 -0.031448528 0.201722945 -0.838962376 0.137178734 0.526615620 -2.074529531
10527189 0.994716780 1.771413555 0.500000000 0.500000000 0.000000000 0.000000000 0.515725732 -0.048734404 0.855366111 -2.200728574 0.142280310 0.989389241 -0.029414579 0.203503636 -0.844856501 0.136871696 0.517187417 -2.119638458
10560556 0.994716780 1.771413555 0.500000000 0.500000000 0.000000000 0.000000000 0.506178379 -0.049062334 0.861032426 -2.250100905 0.142686725 0.989385664 -0.027505822 0.208697268 -0.850543678 0.136780679 0.507806122 -2.165710978
10593922 0.994716780 1.771413555 0.500000000 0.500000000 0.000000000 0.000000000 0.496453226 -0.049613673 0.866644502 -2.300780096 0.143107638 0.989382744 -0.025338344 0.215622975 -0.856185913 0.136602759 0.498282313 -2.208339777
10627289 0.994716780 1.771413555 0.500000000 0.500000000 0.000000000 0.000000000 0.486492515 -0.050013602 0.872251511 -2.352767679 0.143523544 0.989372075 -0.023320083 0.224889502 -0.861814976 0.136533782 0.488500237 -2.251057627
10660656 0.994716780 1.771413555 0.500000000 0.500000000 0.000000000 0.000000000 0.476260483 -0.050371349 0.877860069 -2.405488983 0.143933594 0.989357710 -0.021318402 0.234797850 -0.867443800 0.136506706 0.478442132 -2.296529391
10694022 0.994716780 1.771413555 0.500000000 0.500000000 0.000000000 0.000000000 0.465917170 -0.050468739 0.883388340 -2.459071995 0.143967435 0.989392102 -0.019406643 0.244048429 -0.873037994 0.136220947 0.468240619 -2.339821925
10727389 0.994716780 1.771413555 0.500000000 0.500000000 0.000000000 0.000000000 0.455283105 -0.050472360 0.888914585 -2.513268065 0.144041419 0.989415169 -0.017596129 0.252262728 -0.878617525 0.136051819 0.457734168 -2.379688577
10760756 0.994716780 1.771413555 0.500000000 0.500000000 0.000000000 0.000000000 0.443951607 -0.050491378 0.894627333 -2.569130891 0.144060805 0.989445150 -0.015646312 0.259056274 -0.884394646 0.135826886 0.446539581 -2.410261137
10794122 0.994716780 1.771413555 0.500000000 0.500000000 0.000000000 0.000000000 0.432100892 -0.050600775 0.900405228 -2.627833206 0.143940121 0.989494741 -0.013468988 0.263617601 -0.890264690 0.135424256 0.434845030 -2.438142802
10827489 0.994716780 1.771413555 0.500000000 0.500000000 0.000000000 0.000000000 0.420024455 -0.050896686 0.906084716 -2.686901037 0.144131005 0.989494860 -0.011231367 0.266488240 -0.895994604 0.135312304 0.422947824 -2.467481461
10860856 0.994716780 1.771413555 0.500000000 0.500000000 0.000000000 0.000000000 0.407880306 -0.051264446 0.911595345 -2.746361366 0.144398570 0.989479005 -0.008964814 0.269454274 -0.901544929 0.135289580 0.410991490 -2.494281369
10894222 0.994716780 1.771413555 0.500000000 0.500000000 0.000000000 0.000000000 0.395083189 -0.051080275 0.917224884 -2.808713951 0.144348934 0.989501595 -0.007071249 0.271612735 -0.907234311 0.135194004 0.398308754 -2.517743522
10927589 0.994716780 1.771413555 0.500000000 0.500000000 0.000000000 0.000000000 0.380900621 -0.050599925 0.923230350 -2.876039867 0.144643605 0.989468813 -0.005445860 0.274581961 -0.913232148 0.135613710 0.384208262 -2.537100016
10960956 0.994716780 1.771413555 0.500000000 0.500000000 0.000000000 0.000000000 0.365933895 -0.050137758 0.929289281 -2.945810054 0.144834653 0.989449143 -0.003649190 0.276270056 -0.919301569 0.135928661 0.369334698 -2.547070417
10994322 0.994716780 1.771413555 0.500000000 0.500000000 0.000000000 0.000000000 0.349874675 -0.049523339 0.935486794 -3.019691068 0.144948259 0.989437521 -0.001831673 0.276989176 -0.925515056 0.136238009 0.353357434 -2.551640875
11027689 0.994716780 1.771413555 0.500000000 0.500000000 0.000000000 0.000000000 0.333005667 -0.049343787 0.941632748 -3.095239404 0.145356715 0.989379227 0.000440851 0.276374957 -0.931653619 0.136725843 0.336641371 -2.553349744
11061056 0.994716780 1.771413555 0.500000000 0.500000000 0.000000000 0.000000000 0.315009952 -0.049551230 0.947794497 -3.175313032 0.145617262 0.989335418 0.003325433 0.272542484 -0.937851489 0.136967599 0.318866014 -2.547732762
11094422 0.994716780 1.771413555 0.500000000 0.500000000 0.000000000 0.000000000 0.295988083 -0.049620029 0.953901887 -3.260039693 0.146126986 0.989246905 0.006116576 0.269536961 -0.943948030 0.137580395 0.300056159 -2.538500158
11127789 0.994716780 1.771413555 0.500000000 0.500000000 0.000000000 0.000000000 0.276416838 -0.049752086 0.959749758 -3.345913834 0.146484032 0.989171267 0.009088412 0.264546605 -0.949809134 0.138075709 0.280711472 -2.521862968
11161156 0.994716780 1.771413555 0.500000000 0.500000000 0.000000000 0.000000000 0.255987406 -0.049732588 0.965400159 -3.435711212 0.146695584 0.989108205 0.012055792 0.258904199 -0.955484807 0.138533771 0.260494828 -2.500211057
11194522 0.994716780 1.771413555 0.500000000 0.500000000 0.000000000 0.000000000 0.235143363 -0.049404569 0.970704138 -3.526229114 0.146702617 0.989069879 0.014802091 0.252251861 -0.960825503 0.138924241 0.239820957 -2.472949111
11227889 0.994716780 1.771413555 0.500000000 0.500000000 0.000000000 0.000000000 0.214270413 -0.049183093 0.975535929 -3.615563967 0.146897227 0.988995254 0.017596524 0.246519571 -0.965665877 0.139532998 0.219137311 -2.442603057
11261256 0.994716780 1.771413555 0.500000000 0.500000000 0.000000000 0.000000000 0.191224813 -0.049061913 0.980319321 -3.709450104 0.146976575 0.988920808 0.020822570 0.239303058 -0.970479786 0.140102178 0.196317136 -2.396490160
11294622 0.994716780 1.771413555 0.500000000 0.500000000 0.000000000 0.000000000 0.167768657 -0.049356326 0.984590471 -3.801312735 0.147436306 0.988769472 0.024443459 0.232004422 -0.974739492 0.141063452 0.173161387 -2.346362000
11327989 0.994716780 1.771413555 0.500000000 0.500000000 0.000000000 0.000000000 0.143819749 -0.049607810 0.988360167 -3.892913245 0.147535875 0.988655925 0.028154135 0.221641403 -0.978544831 0.141769379 0.149507165 -2.288731920
11361356 0.994716780 1.771413555 0.500000000 0.500000000 0.000000000 0.000000000 0.119667888 -0.050239149 0.991541207 -3.981423680 0.147591993 0.988521636 0.032273557 0.209851272 -0.981781304 0.142481595 0.125709236 -2.234476477
11394722 0.994716780 1.771413555 0.500000000 0.500000000 0.000000000 0.000000000 0.094688714 -0.050810430 0.994209945 -4.068674380 0.147713438 0.988358557 0.036443088 0.200267397 -0.984487593 0.143407315 0.101091743 -2.177761949
11428089 0.994716780 1.771413555 0.500000000 0.500000000 0.000000000 0.000000000 0.068747759 -0.050743308 0.996342301 -4.156135983 0.147603065 0.988231599 0.040145647 0.191767641 -0.986654043 0.144303337 0.075428545 -2.105918014
11461456 0.994716780 1.771413555 0.500000000 0.500000000 0.000000000 0.000000000 0.042442203 -0.050780632 0.997807443 -4.241258623 0.147539169 0.988076568 0.044009775 0.182902905 -0.988145053 0.145347834 0.049428284 -2.025159603
11494822 0.994716780 1.771413555 0.500000000 0.500000000 0.000000000 0.000000000 0.015706062 -0.050630461 0.998593688 -4.324827728 0.147441313 0.987916529 0.047770146 0.175000806 -0.988945842 0.146483734 0.022981346 -1.939109221
11528189 0.994716780 1.771413555 0.500000000 0.500000000 0.000000000 0.000000000 -0.010929227 -0.050389972 0.998670220 -4.404923789 0.147016451 0.987795055 0.051450104 0.167084379 -0.989074111 0.147383183 -0.003387690 -1.845721635
11561556 0.994716780 1.771413555 0.500000000 0.500000000 0.000000000 0.000000000 -0.037384391 -0.050027706 0.998047292 -4.482174562 0.146702975 0.987650275 0.055001751 0.157946474 -0.988473237 0.148472831 -0.029583454 -1.750857780
11594922 0.994716780 1.771413555 0.500000000 0.500000000 0.000000000 0.000000000 -0.063817024 -0.049874224 0.996714115 -4.556465746 0.145470202 0.987617731 0.058733173 0.141240648 -0.987301826 0.148740470 -0.055771589 -1.650878442
11628289 0.994716780 1.771413555 0.500000000 0.500000000 0.000000000 0.000000000 -0.090003133 -0.049275767 0.994721353 -4.626056775 0.144731686 0.987525642 0.062014766 0.126174758 -0.985368669 0.149549305 -0.081748605 -1.553358939
11661656 0.994716780 1.771413555 0.500000000 0.500000000 0.000000000 0.000000000 -0.115839601 -0.049080323 0.992054164 -4.691056074 0.143639565 0.987451792 0.065625086 0.106445726 -0.982826531 0.150100291 -0.107336164 -1.456048683
11695022 0.994716780 1.771413555 0.500000000 0.500000000 0.000000000 0.000000000 -0.141331792 -0.049062647 0.988745272 -4.751344998 0.142478049 0.987364769 0.069360062 0.084066357 -0.979655206 0.150677383 -0.132555604 -1.362678959
11728389 0.994716780 1.771413555 0.500000000 0.500000000 0.000000000 0.000000000 -0.166937947 -0.048590928 0.984769166 -4.807588149 0.141659543 0.987240255 0.072726995 0.064303147 -0.975737631 0.151642874 -0.157924533 -1.264949460
