https://www.youtube.com/watch?v=8p2q5JM1QW8
51800000 0.723420171 1.286520059 0.500000000 0.500000000 0.000000000 0.000000000 0.911607742 -0.068654858 0.405287147 -1.006379824 0.122522406 0.986519992 -0.108473554 0.086898248 -0.392376602 0.148542121 0.907731056 0.392178915
51960000 0.723420171 1.286520059 0.500000000 0.500000000 0.000000000 0.000000000 0.927479446 -0.062843531 0.368554920 -0.381975023 0.111695036 0.987327635 -0.112731479 0.302844025 -0.356800050 0.145721853 0.922745347 -0.727224091
52040000 0.723420171 1.286520059 0.500000000 0.500000000 0.000000000 0.000000000 0.934909105 -0.060018957 0.349775106 0.047537265 0.106215879 0.987738669 -0.114413872 0.375708970 -0.338619381 0.144118264 0.929820836 -1.326819961
52120000 0.723420171 1.286520059 0.500000000 0.500000000 0.000000000 0.000000000 0.942142367 -0.057547249 0.330236286 0.566601008 0.100988783 0.988110602 -0.115925327 0.441339986 -0.319638819 0.142568335 0.936752498 -1.932939875
52200000 0.723420171 1.286520059 0.500000000 0.500000000 0.000000000 0.000000000 0.948943973 -0.054932892 0.310624808 1.164170174 0.095857129 0.988370299 -0.118049279 0.499693020 -0.300527543 0.141797736 0.943173707 -2.486769771
52280000 0.723420171 1.286520059 0.500000000 0.500000000 0.000000000 0.000000000 0.954767823 -0.052327830 0.292711675 1.836149756 0.090739191 0.988712549 -0.119221888 0.542505998 -0.283169091 0.140389666 0.948739111 -3.009569629
52360000 0.723420171 1.286520059 0.500000000 0.500000000 0.000000000 0.000000000 0.959581792 -0.050063342 0.276941061 2.483129955 0.086294457 0.988989294 -0.120222181 0.578098944 -0.267873049 0.139261514 0.953336358 -3.450119600
52440000 0.723420171 1.286520059 0.500000000 0.500000000 0.000000000 0.000000000 0.963643849 -0.048539445 0.262744129 3.121190260 0.082845598 0.989176571 -0.121104762 0.617696988 -0.254021943 0.138469055 0.957235157 -3.836709792
52520000 0.723420171 1.286520059 0.500000000 0.500000000 0.000000000 0.000000000 0.966976047 -0.046902426 0.250514537 3.656510469 0.079523571 0.989373267 -0.121723063 0.620304002 -0.242143303 0.137625083 0.960430086 -4.124590194
52600000 0.723420171 1.286520059 0.500000000 0.500000000 0.000000000 0.000000000 0.970011532 -0.045657489 0.238731965 4.158820134 0.076670185 0.989530146 -0.122277230 0.636141963 -0.230649605 0.136913955 0.963356256 -4.344169442
52680000 0.723420171 1.286520059 0.500000000 0.500000000 0.000000000 0.000000000 0.972734451 -0.044751316 0.227563396 4.601130504 0.074268386 0.989642680 -0.122847624 0.613627958 -0.219708875 0.136398867 0.965983152 -4.462260148
