https://www.youtube.com/watch?v=g8P96oWaQS4
2480000 0.815623154 1.468573431 0.500000000 0.500000000 0.000000000 0.000000000 0.999827087 0.016816003 -0.007937249 -0.179730990 -0.017043089 0.999420464 -0.029466821 -1.808680028 0.007437135 0.029597001 0.999534249 6.529290656
2560000 0.815623154 1.468573431 0.500000000 0.500000000 0.000000000 0.000000000 0.999683619 0.021313045 -0.013358719 -0.212773000 -0.021720305 0.999279559 -0.031121360 -1.636369982 0.012685805 0.031401668 0.999426365 5.880610683
2640000 0.815623154 1.468573431 0.500000000 0.500000000 0.000000000 0.000000000 0.999529183 0.024529029 -0.018432630 -0.236710990 -0.025108308 0.999176204 -0.031881768 -1.474089931 0.017635418 0.032329571 0.999321640 5.203479157
2720000 0.815623154 1.468573431 0.500000000 0.500000000 0.000000000 0.000000000 0.999349117 0.027863141 -0.022911815 -0.256684007 -0.028619226 0.999033511 -0.033362120 -1.303330043 0.021960096 0.033996128 0.999180675 4.508680082
2800000 0.815623154 1.468573431 0.500000000 0.500000000 0.000000000 0.000000000 0.999104619 0.031781506 -0.027926063 -0.256350979 -0.032824654 0.998748899 -0.037725452 -1.106450016 0.026692154 0.038608339 0.998897851 3.815879916
2880000 0.815623154 1.468573431 0.500000000 0.500000000 0.000000000 0.000000000 0.998795748 0.035985313 -0.033348467 -0.260028009 -0.037445657 0.998318315 -0.044252850 -0.911459954 0.031699937 0.045448311 0.998463631 3.116510031
2960000 0.815623154 1.468573431 0.500000000 0.500000000 0.000000000 0.000000000 0.998527765 0.038343269 -0.038367804 -0.246716004 -0.040204633 0.997990251 -0.048979443 -0.796682960 0.036412660 0.050449897 0.998062611 2.656350057
3040000 0.815623154 1.468573431 0.500000000 0.500000000 0.000000000 0.000000000 0.998009443 0.040916111 -0.047990363 -0.217239008 -0.043597084 0.997466266 -0.056216642 -0.646912963 0.045568604 0.058196977 0.997264564 1.962599935
3120000 0.815623154 1.468573431 0.500000000 0.500000000 0.000000000 0.000000000 0.997163892 0.044674180 -0.060567543 -0.169678998 -0.048552528 0.996758401 -0.064150929 -0.498688028 0.057505317 0.066909701 0.996100485 1.278879873
3200000 0.815623154 1.468573431 0.500000000 0.500000000 0.000000000 0.000000000 0.995770991 0.049708318 -0.077260904 -0.080399692 -0.055388745 0.995777488 -0.073207535 -0.341091031 0.073295645 0.077177323 0.994319558 0.627897941
3280000 0.815623154 1.468573431 0.500000000 0.500000000 0.000000000 0.000000000 0.993772864 0.057399135 -0.095503174 0.008144090 -0.065560371 0.994252920 -0.084634468 -0.141745006 0.090096362 0.090368658 0.991824627 0.011715797
3360000 0.815623154 1.468573431 0.500000000 0.500000000 0.000000000 0.000000000 0.991063833 0.067016818 -0.115330979 0.095648807 -0.078255378 0.992315054 -0.095848337 0.066734306 0.108021215 0.104017079 0.988691986 -0.578374021
3440000 0.815623154 1.468573431 0.500000000 0.500000000 0.000000000 0.000000000 0.987634957 0.077706128 -0.136157975 0.176851007 -0.092437059 0.990120769 -0.105433509 0.262826998 0.126620010 0.116715863 0.985060811 -1.162770107
3520000 0.815623154 1.468573431 0.500000000 0.500000000 0.000000000 0.000000000 0.984683752 0.085385613 -0.152010486 0.255692999 -0.102862321 0.988473773 -0.111080691 0.388037008 0.140773699 0.125015497 0.982117057 -1.541430068
3600000 0.815623154 1.468573431 0.500000000 0.500000000 0.000000000 0.000000000 0.979086995 0.098027453 -0.178267434 0.408857015 -0.120416000 0.985513389 -0.119429320 0.586304007 0.163977578 0.138397962 0.976707399 -2.056010160
3680000 0.815623154 1.468573431 0.500000000 0.500000000 0.000000000 0.000000000 0.971743822 0.114009857 -0.206677571 0.595529079 -0.142588556 0.981328845 -0.129082069 0.815675928 0.188102022 0.154904589 0.969856799 -2.513540076
3760000 0.815623154 1.468573431 0.500000000 0.500000000 0.000000000 0.000000000 0.962672234 0.128784746 -0.238068476 0.832657973 -0.164750636 0.976651669 -0.137872219 1.019650015 0.214754120 0.171947688 0.961412847 -2.914069891
3840000 0.815623154 1.468573431 0.500000000 0.500000000 0.000000000 0.000000000 0.950360537 0.142453536 -0.276625901 1.151010143 -0.188086972 0.971236289 -0.146025509 1.187790318 0.247867271 0.190806568 0.949818254 -3.268000127
3920000 0.815623154 1.468573431 0.500000000 0.500000000 0.000000000 0.000000000 0.933507442 0.158706978 -0.321521133 1.535609861 -0.216559038 0.964237809 -0.152799278 1.339449974 0.285772532 0.212267607 0.934492648 -3.593780213
4000000 0.815623154 1.468573431 0.500000000 0.500000000 0.000000000 0.000000000 0.911753058 0.171794415 -0.373085827 1.998339953 -0.244828224 0.956636846 -0.157813609 1.471810230 0.329796165 0.235228956 0.914276659 -3.888179952
4080000 0.815623154 1.468573431 0.500000000 0.500000000 0.000000000 0.000000000 0.893895030 0.179966956 -0.410565138 2.347180348 -0.265085042 0.950793326 -0.160381004 1.556320394 0.361499310 0.252198398 0.897615910 -4.042100721
4160000 0.815623154 1.468573431 0.500000000 0.500000000 0.000000000 0.000000000 0.863490582 0.193525240 -0.465759605 2.887519964 -0.300390065 0.939138174 -0.166689172 1.720060168 0.405154079 0.283844054 0.869070053 -4.151050117
4240000 0.815623154 1.468573431 0.500000000 0.500000000 0.000000000 0.000000000 0.833505750 0.205970883 -0.512683630 3.351841148 -0.331293523 0.928914666 -0.165415540 1.810141688 0.442168653 0.307723403 0.842492461 -4.235671757
