https://www.youtube.com/watch?v=IVRn6Bl1nZ4
21833333 0.873385155 1.553215944 0.500000000 0.500000000 0.000000000 0.000000000 0.999519765 0.000444656 0.030985355 -3.590199995 -0.000197606 0.999968171 -0.007975717 -1.967870035 -0.030987915 0.007965763 0.999487996 3.870489699
21900000 0.873385155 1.553215944 0.500000000 0.500000000 0.000000000 0.000000000 0.999239087 -0.000135575 0.039003678 -3.523540245 0.000460186 0.999965310 -0.008313713 -1.917429935 -0.039001197 0.008325336 0.999204457 3.789909706
21966667 0.873385155 1.553215944 0.500000000 0.500000000 0.000000000 0.000000000 0.998929441 -0.002042426 0.046215273 -3.459170242 0.002474793 0.999953687 -0.009300222 -1.875610023 -0.046194136 0.009404638 0.998888195 3.704570013
22033333 0.873385155 1.553215944 0.500000000 0.500000000 0.000000000 0.000000000 0.998560011 -0.002527694 0.053586204 -3.394219984 0.002985511 0.999959707 -0.008465252 -1.821110025 -0.053562645 0.008613043 0.998527348 3.626450022
22100000 0.873385155 1.553215944 0.500000000 0.500000000 0.000000000 0.000000000 0.998072326 -0.001916052 0.062031541 -3.336219942 0.002302053 0.999978423 -0.006151780 -1.758470080 -0.062018413 0.006282721 0.998055220 3.559719879
22166667 0.873385155 1.553215944 0.500000000 0.500000000 0.000000000 0.000000000 0.997404158 -0.001687760 0.071986534 -3.282839830 0.001846729 0.999996006 -0.002141816 -1.695090094 -0.071982630 0.002269195 0.997403324 3.487770323
22233333 0.873385155 1.553215944 0.500000000 0.500000000 0.000000000 0.000000000 0.996577442 -0.003307940 0.082598180 -3.224380014 0.003124143 0.999992371 0.002354348 -1.642070224 -0.082605332 -0.002088241 0.996580124 3.419029765
22300000 0.873385155 1.553215944 0.500000000 0.500000000 0.000000000 0.000000000 0.995675325 -0.005720369 0.092725150 -3.171780107 0.005135098 0.999965370 0.006549246 -1.593139931 -0.092759408 -0.006044770 0.995670199 3.344579859
22366667 0.873385155 1.553215944 0.500000000 0.500000000 0.000000000 0.000000000 0.994358897 -0.008185019 0.105751395 -3.117469945 0.007107294 0.999918938 0.010563972 -1.539400032 -0.105829284 -0.009752774 0.994336486 3.279249700
22433333 0.873385155 1.553215944 0.500000000 0.500000000 0.000000000 0.000000000 0.992771149 -0.011243001 0.119494788 -3.060109892 0.009487787 0.999838710 0.015247400 -1.487009871 -0.119646944 -0.014003438 0.992717743 3.223809974
22500000 0.873385155 1.553215944 0.500000000 0.500000000 0.000000000 0.000000000 0.991204023 -0.015920438 0.131381601 -3.007819921 0.013523731 0.999725819 0.019114505 -1.441559909 -0.131649882 -0.017169606 0.991147578 3.156809970
22566667 0.873385155 1.553215944 0.500000000 0.500000000 0.000000000 0.000000000 0.989555299 -0.019569032 0.142819256 -2.963380108 0.016505558 0.999608278 0.022603415 -1.391700190 -0.143205643 -0.020010017 0.989490628 3.098609824
22633333 0.873385155 1.553215944 0.500000000 0.500000000 0.000000000 0.000000000 0.987797379 -0.023609299 0.153944433 -2.915419864 0.019793935 0.999458909 0.026270021 -1.348200105 -0.154481351 -0.022902288 0.987730205 3.035659771
22700000 0.873385155 1.553215944 0.500000000 0.500000000 0.000000000 0.000000000 0.986118138 -0.027937187 0.163678259 -2.867480261 0.023252198 0.999265194 0.030469809 -1.307619995 -0.164409220 -0.026240952 0.986043096 2.966969955
22766667 0.873385155 1.553215944 0.500000000 0.500000000 0.000000000 0.000000000 0.984530151 -0.031078979 0.172436908 -2.823540196 0.025598597 0.999096811 0.033915713 -1.264570016 -0.173335239 -0.028976901 0.984436512 2.896990051
22833333 0.873385155 1.553215944 0.500000000 0.500000000 0.000000000 0.000000000 0.982874930 -0.033058319 0.181284338 -2.774649976 0.026620364 0.998929441 0.037832532 -1.219030128 -0.182340950 -0.032358799 0.982702792 2.825390550
22900000 0.873385155 1.553215944 0.500000000 0.500000000 0.000000000 0.000000000 0.981159270 -0.035733026 0.189867571 -2.726280133 0.028328944 0.998733938 0.041568901 -1.180910069 -0.191112563 -0.035406966 0.980929315 2.750349730
22966667 0.873385155 1.553215944 0.500000000 0.500000000 0.000000000 0.000000000 0.979219854 -0.036801603 0.199434549 -2.671220115 0.028364215 0.998584211 0.045000672 -1.129299910 -0.200808287 -0.038408741 0.978877306 2.675960167
23033333 0.873385155 1.553215944 0.500000000 0.500000000 0.000000000 0.000000000 0.976892889 -0.039245140 0.210095376 -2.613139981 0.029710080 0.998388469 0.048350986 -1.086349975 -0.211654335 -0.040991779 0.976484537 2.606879960
23100000 0.873385155 1.553215944 0.500000000 0.500000000 0.000000000 0.000000000 0.974650919 -0.040910754 0.219958961 -2.555569975 0.030489612 0.998255134 0.050566915 -1.032860073 -0.221643895 -0.042578626 0.974197626 2.532690213
23166667 0.873385155 1.553215944 0.500000000 0.500000000 0.000000000 0.000000000 0.972421885 -0.042757411 0.229275823 -2.502569455 0.031360541 0.998095334 0.053125028 -0.980647920 -0.231110603 -0.044469718 0.971910655 2.464700050
23233333 0.873385155 1.553215944 0.500000000 0.500000000 0.000000000 0.000000000 0.969853878 -0.044395402 0.239609256 -2.452190193 0.031717822 0.997898042 0.056510504 -0.927039041 -0.241614416 -0.047207054 0.969223380 2.405189941
23300000 0.873385155 1.553215944 0.500000000 0.500000000 0.000000000 0.000000000 0.967272580 -0.047288246 0.249294102 -2.403709976 0.033330731 0.997646689 0.059917383 -0.883060841 -0.251540840 -0.049647272 0.966572464 2.345339815
23366667 0.873385155 1.553215944 0.500000000 0.500000000 0.000000000 0.000000000 0.964336753 -0.050525758 0.259810954 -2.355700174 0.035271134 0.997387052 0.063047662 -0.843845020 -0.262317628 -0.051635340 0.963599086 2.283999948
23433333 0.873385155 1.553215944 0.500000000 0.500000000 0.000000000 0.000000000 0.960903347 -0.053359337 0.271693707 -2.306169887 0.036753081 0.997152388 0.065850712 -0.802508987 -0.274433792 -0.053290587 0.960128188 2.221270020
23500000 0.873385155 1.553215944 0.500000000 0.500000000 0.000000000 0.000000000 0.957152903 -0.055957444 0.284125239 -2.266259918 0.037685491 0.996878386 0.069377862 -0.761775028 -0.287120491 -0.055697836 0.956273854 2.164000365
23566667 0.873385155 1.553215944 0.500000000 0.500000000 0.000000000 0.000000000 0.953435719 -0.059385277 0.295692027 -2.228220108 0.039289437 0.996524572 0.073451236 -0.722594054 -0.299026310 -0.058413472 0.952455342 2.097810139
23633333 0.873385155 1.553215944 0.500000000 0.500000000 0.000000000 0.000000000 0.949221849 -0.063387498 0.308155686 -2.189800134 0.042557247 0.996360123 0.073860429 -0.695777025 -0.311715871 -0.056995682 0.948464394 2.028959973
23700000 0.873385155 1.553215944 0.500000000 0.500000000 0.000000000 0.000000000 0.944161952 -0.069183111 0.322136521 -2.151249988 0.047314942 0.996042550 0.075236291 -0.675491936 -0.326066792 -0.055793364 0.943698883 1.965020070
23766667 0.873385155 1.553215944 0.500000000 0.500000000 0.000000000 0.000000000 0.938919485 -0.076621503 0.335498780 -2.112489970 0.053571984 0.995556593 0.077440761 -0.655602053 -0.339941651 -0.054737322 0.938852251 1.892240090
23833333 0.873385155 1.553215944 0.500000000 0.500000000 0.000000000 0.000000000 0.933101118 -0.084310986 0.349591374 -2.072330274 0.059788831 0.994970024 0.080373563 -0.636442042 -0.354609311 -0.054095022 0.933448493 1.828480212
23900000 0.873385155 1.553215944 0.500000000 0.500000000 0.000000000 0.000000000 0.927953959 -0.093446851 0.360789537 -2.031600016 0.067255482 0.994150281 0.084509671 -0.611117963 -0.366576195 -0.054155987 0.928810477 1.759549804
23966667 0.873385155 1.553215944 0.500000000 0.500000000 0.000000000 0.000000000 0.922647297 -0.101726055 0.371986061 -1.992689668 0.073807776 0.993331075 0.088576145 -0.590272949 -0.378515810 -0.054269053 0.924002469 1.696819755
24033333 0.873385155 1.553215944 0.500000000 0.500000000 0.000000000 0.000000000 0.916998565 -0.108754009 0.383778781 -1.961649959 0.078847736 0.992551565 0.092867777 -0.570108946 -0.391019970 -0.054899503 0.918743372 1.638910023
24100000 0.873385155 1.553215944 0.500000000 0.500000000 0.000000000 0.000000000 0.911053538 -0.116635717 0.395446062 -1.919030071 0.084706835 0.991640985 0.097328842 -0.555006074 -0.403492570 -0.055174813 0.913317919 1.582600157
24166667 0.873385155 1.553215944 0.500000000 0.500000000 0.000000000 0.000000000 0.904840112 -0.123653769 0.407399088 -1.884619634 0.089396641 0.990743041 0.102158874 -0.537483946 -0.416260153 -0.056017324 0.907518327 1.534629868
24233333 0.873385155 1.553215944 0.500000000 0.500000000 0.000000000 0.000000000 0.899021089 -0.129231095 0.418402225 -1.845450008 0.092683010 0.989970505 0.106622256 -0.521413984 -0.427984744 -0.057076864 0.901981831 1.488429888
24300000 0.873385155 1.553215944 0.500000000 0.500000000 0.000000000 0.000000000 0.893484533 -0.134148017 0.428590328 -1.797489931 0.096230961 0.989366591 0.109056786 -0.494264956 -0.438662678 -0.056196868 0.896892905 1.438119837
24366667 0.873385155 1.553215944 0.500000000 0.500000000 0.000000000 0.000000000 0.887428045 -0.138180226 0.439747304 -1.743480083 0.099438131 0.988936067 0.110079646 -0.477032014 -0.450092822 -0.053960115 0.891349971 1.381710176
24433333 0.873385155 1.553215944 0.500000000 0.500000000 0.000000000 0.000000000 0.881066501 -0.141780406 0.451243073 -1.684400262 0.103081837 0.988642693 0.109360643 -0.458359104 -0.461623341 -0.049839072 0.885674953 1.325290168
24500000 0.873385155 1.553215944 0.500000000 0.500000000 0.000000000 0.000000000 0.874798477 -0.145696208 0.462060958 -1.624360051 0.107020780 0.988263905 0.109000124 -0.439199034 -0.472519070 -0.045903035 0.880124271 1.271160126
24566667 0.873385155 1.553215944 0.500000000 0.500000000 0.000000000 0.000000000 0.869360387 -0.147941366 0.471514642 -1.573680308 0.109622903 0.988098800 0.107905269 -0.408526077 -0.481866717 -0.042119805 0.875231743 1.206400227
24633333 0.873385155 1.553215944 0.500000000 0.500000000 0.000000000 0.000000000 0.862553060 -0.151299775 0.482815117 -1.524789877 0.113228567 0.987763345 0.107251607 -0.383399916 -0.493134230 -0.037841700 0.869129777 1.148769897
24700000 0.873385155 1.553215944 0.500000000 0.500000000 0.000000000 0.000000000 0.855841398 -0.153689504 0.493877500 -1.480839905 0.115861744 0.987535655 0.106533661 -0.355503977 -0.504094720 -0.033954386 0.862980604 1.085319908
24766667 0.873385155 1.553215944 0.500000000 0.500000000 0.000000000 0.000000000 0.848493397 -0.157138005 0.505338013 -1.441679827 0.119047001 0.987100005 0.107057706 -0.333838963 -0.515641987 -0.030678753 0.856254637 1.027729822
24833333 0.873385155 1.553215944 0.500000000 0.500000000 0.000000000 0.000000000 0.840597034 -0.161759391 0.516943216 -1.408679539 0.122600548 0.986418486 0.109305538 -0.312139857 -0.527603507 -0.028504319 0.849012256 0.976186670
24900000 0.873385155 1.553215944 0.500000000 0.500000000 0.000000000 0.000000000 0.832015276 -0.166050136 0.529318213 -1.377069692 0.126625627 0.985808551 0.110215664 -0.290687923 -0.540107727 -0.024675831 0.841233969 0.913951825
24966667 0.873385155 1.553215944 0.500000000 0.500000000 0.000000000 0.000000000 0.822572827 -0.170468554 0.542507827 -1.362320347 0.129693821 0.985106111 0.112896115 -0.275646105 -0.553672969 -0.022505436 0.832430184 0.853355203
25166667 0.873385155 1.553215944 0.500000000 0.500000000 0.000000000 0.000000000 0.777212858 -0.201788917 0.596004665 -1.282720130 0.154646084 0.979389429 0.129926875 -0.240579046 -0.609938443 -0.008811101 0.792399883 0.683048039
25233333 0.873385155 1.553215944 0.500000000 0.500000000 0.000000000 0.000000000 0.762910366 -0.212544799 0.610567451 -1.261000277 0.162585825 0.977137208 0.136998862 -0.237042073 -0.625726581 -0.005248301 0.780024886 0.641645117
25300000 0.873385155 1.553215944 0.500000000 0.500000000 0.000000000 0.000000000 0.749764204 -0.220187813 0.623995721 -1.236899565 0.168208271 0.975456178 0.142095521 -0.229005876 -0.639968216 -0.001576796 0.768399596 0.584867789
25366667 0.873385155 1.553215944 0.500000000 0.500000000 0.000000000 0.000000000 0.737941384 -0.227829784 0.635245025 -1.206870091 0.174261838 0.973698080 0.146781832 -0.220651040 -0.651978076 0.002382539 0.758234143 0.533566000
25433333 0.873385155 1.553215944 0.500000000 0.500000000 0.000000000 0.000000000 0.727718830 -0.233866006 0.644772470 -1.173289424 0.179650396 0.972245276 0.149882495 -0.210181852 -0.661929429 0.006761439 0.749535441 0.484653793
25500000 0.873385155 1.553215944 0.500000000 0.500000000 0.000000000 0.000000000 0.716903806 -0.239083007 0.654895604 -1.133370048 0.185022011 0.970921695 0.151914135 -0.198012015 -0.672172487 0.012262270 0.740293086 0.437051065
25566667 0.873385155 1.553215944 0.500000000 0.500000000 0.000000000 0.000000000 0.705807328 -0.243669808 0.665177882 -1.082840558 0.189675122 0.969700396 0.153962821 -0.186079108 -0.682539284 0.017499454 0.730639696 0.386077164
25633333 0.873385155 1.553215944 0.500000000 0.500000000 0.000000000 0.000000000 0.698406816 -0.247539863 0.671529830 -1.029220321 0.194271848 0.968623340 0.155007452 -0.172238083 -0.688829958 0.022200957 0.724583149 0.326296070
25700000 0.873385155 1.553215944 0.500000000 0.500000000 0.000000000 0.000000000 0.695219040 -0.251713246 0.673283815 -0.973923177 0.198551461 0.967485309 0.156682998 -0.158142038 -0.690831423 0.024752416 0.722592235 0.256079062
25766667 0.873385155 1.553215944 0.500000000 0.500000000 0.000000000 0.000000000 0.691888928 -0.253946483 0.675870895 -0.910924558 0.201508656 0.966825008 0.156983003 -0.140474072 -0.693314195 0.027578890 0.720107853 0.191367133
25833333 0.873385155 1.553215944 0.500000000 0.500000000 0.000000000 0.000000000 0.689601243 -0.255030334 0.677797556 -0.846790958 0.203725532 0.966459692 0.156369910 -0.113895980 -0.694943070 0.030251816 0.718428016 0.124292932
25900000 0.873385155 1.553215944 0.500000000 0.500000000 0.000000000 0.000000000 0.688884497 -0.257024169 0.677773356 -0.784019980 0.207396254 0.965825140 0.155462503 -0.087459405 -0.694568157 0.033471975 0.718647838 0.054463767
25966667 0.873385155 1.553215944 0.500000000 0.500000000 0.000000000 0.000000000 0.689818680 -0.259374589 0.675925314 -0.720224052 0.210755304 0.965129614 0.155264437 -0.062387511 -0.692627132 0.035350550 0.720429003 -0.020210305
26033333 0.873385155 1.553215944 0.500000000 0.500000000 0.000000000 0.000000000 0.691169500 -0.260654241 0.674050808 -0.652147271 0.213432074 0.964711964 0.154199898 -0.031428129 -0.690457702 0.037285663 0.722411454 -0.094428850
26100000 0.873385155 1.553215944 0.500000000 0.500000000 0.000000000 0.000000000 0.692485571 -0.261196584 0.672488034 -0.586994039 0.214859366 0.964526355 0.153376669 -0.001924221 -0.688693821 0.038279235 0.724041104 -0.166611016
26166667 0.873385155 1.553215944 0.500000000 0.500000000 0.000000000 0.000000000 0.695614696 -0.260353595 0.669579148 -0.523216031 0.216116428 0.964686036 0.150580749 0.029192193 -0.685137868 0.039960865 0.727316439 -0.244660988
26233333 0.873385155 1.553215944 0.500000000 0.500000000 0.000000000 0.000000000 0.699123502 -0.256595463 0.667371511 -0.456041833 0.214675710 0.965652108 0.146390840 0.057044474 -0.682011962 0.040923264 0.730194926 -0.321293892
26300000 0.873385155 1.553215944 0.500000000 0.500000000 0.000000000 0.000000000 0.703204513 -0.252447426 0.664660513 -0.387742927 0.213399708 0.966680467 0.141383991 0.084517587 -0.678206384 0.042416524 0.733646274 -0.400894956
26366667 0.873385155 1.553215944 0.500000000 0.500000000 0.000000000 0.000000000 0.708486378 -0.248225808 0.660628915 -0.315073852 0.212019086 0.967722952 0.136235565 0.114253940 -0.673123002 0.043545030 0.738247156 -0.482001794
26433333 0.873385155 1.553215944 0.500000000 0.500000000 0.000000000 0.000000000 0.714619160 -0.243003890 0.655948460 -0.244831957 0.210111275 0.968986869 0.130068183 0.142668992 -0.667212546 0.044873003 0.743514419 -0.569100908
26500000 0.873385155 1.553215944 0.500000000 0.500000000 0.000000000 0.000000000 0.725212336 -0.238305584 0.645969987 -0.167777955 0.208345994 0.970162868 0.123999737 0.172675969 -0.656245947 0.044659190 0.753224134 -0.647873889
26566667 0.873385155 1.553215944 0.500000000 0.500000000 0.000000000 0.000000000 0.734408677 -0.232695609 0.637570679 -0.089148575 0.206492722 0.971463621 0.116701186 0.206350934 -0.646532595 0.045947433 0.761501312 -0.722377826
26633333 0.873385155 1.553215944 0.500000000 0.500000000 0.000000000 0.000000000 0.745226800 -0.226943716 0.627003670 -0.009896714 0.202725455 0.972902238 0.111191720 0.235127028 -0.635247588 0.044246536 0.771040082 -0.790874146
26700000 0.873385155 1.553215944 0.500000000 0.500000000 0.000000000 0.000000000 0.758871853 -0.220695391 0.612704277 0.075694688 0.199401960 0.974383295 0.104000136 0.263231866 -0.619961143 0.043251812 0.783439219 -0.850492599
26766667 0.873385155 1.553215944 0.500000000 0.500000000 0.000000000 0.000000000 0.773692071 -0.214041620 0.596310914 0.169139033 0.195556283 0.975925744 0.096574455 0.287947971 -0.602626145 0.041893482 0.796923220 -0.901531945
26833333 0.873385155 1.553215944 0.500000000 0.500000000 0.000000000 0.000000000 0.788926005 -0.206581816 0.578722179 0.272058889 0.191633537 0.977539897 0.087705769 0.313665866 -0.583842456 0.041709311 0.810794711 -0.936966718
26900000 0.873385155 1.553215944 0.500000000 0.500000000 0.000000000 0.000000000 0.804079771 -0.198127583 0.560536444 0.380116939 0.187464312 0.979232550 0.077205867 0.336568956 -0.564192116 0.043000929 0.824522972 -0.967425879
26966667 0.873385155 1.553215944 0.500000000 0.500000000 0.000000000 0.000000000 0.817830205 -0.189864993 0.543235958 0.494225108 0.184024066 0.980721831 0.065725245 0.356214087 -0.545242250 0.046216324 0.837003648 -0.992683199
27033333 0.873385155 1.553215944 0.500000000 0.500000000 0.000000000 0.000000000 0.831205904 -0.180224121 0.525942981 0.615087989 0.179231346 0.982358575 0.053364292 0.373226995 -0.526282132 0.049908765 0.848844051 -1.012150003
27100000 0.873385155 1.553215944 0.500000000 0.500000000 0.000000000 0.000000000 0.844246030 -0.169776127 0.508354723 0.740509784 0.173387602 0.984013140 0.040680535 0.385595971 -0.507134259 0.053798072 0.860186279 -1.024499765
27166667 0.873385155 1.553215944 0.500000000 0.500000000 0.000000000 0.000000000 0.856157899 -0.159800515 0.491383195 0.868108007 0.166352555 0.985589087 0.030675825 0.393328016 -0.489203930 0.055479508 0.870403051 -1.034959994
27233333 0.873385155 1.553215944 0.500000000 0.500000000 0.000000000 0.000000000 0.867553473 -0.150780365 0.473936707 0.995066700 0.160462156 0.986834705 0.020225933 0.407567912 -0.470746845 0.058501899 0.880326509 -1.040459740
27300000 0.873385155 1.553215944 0.500000000 0.500000000 0.000000000 0.000000000 0.877737045 -0.140176460 0.458179206 1.114230032 0.152147964 0.988297701 0.010891309 0.416341998 -0.454344183 0.060151316 0.888793111 -1.042629968
27366667 0.873385155 1.553215944 0.500000000 0.500000000 0.000000000 0.000000000 0.886612713 -0.129627764 0.443975717 1.236459839 0.142896175 0.989731073 0.003610695 0.423883954 -0.439884633 0.060241170 0.896031499 -1.042919957
27433333 0.873385155 1.553215944 0.500000000 0.500000000 0.000000000 0.000000000 0.895161867 -0.118445769 0.429715931 1.347650080 0.134111837 0.990946591 -0.006232874 0.433810993 -0.425087273 0.063209452 0.902942538 -1.049849931
27500000 0.873385155 1.553215944 0.500000000 0.500000000 0.000000000 0.000000000 0.903748453 -0.110760629 0.413486212 1.461709950 0.127508059 0.991751909 -0.013030987 0.439664970 -0.408632427 0.064499557 0.910417140 -1.049460015
27566667 0.873385155 1.553215944 0.500000000 0.500000000 0.000000000 0.000000000 0.911236465 -0.104617842 0.398375750 1.571650017 0.122248255 0.992317021 -0.019034801 0.452389020 -0.393323660 0.066045940 0.917024791 -1.068079939
27633333 0.873385155 1.553215944 0.500000000 0.500000000 0.000000000 0.000000000 0.918717444 -0.097934589 0.382579595 1.682230076 0.116034701 0.992943823 -0.024464348 0.457690979 -0.377484113 0.066868328 0.923598588 -1.085479862
27700000 0.873385155 1.553215944 0.500000000 0.500000000 0.000000000 0.000000000 0.924988270 -0.089982793 0.369187862 1.785289684 0.108351201 0.993681431 -0.029278738 0.460401987 -0.364220530 0.067084461 0.928893447 -1.116049853
27766667 0.873385155 1.553215944 0.500000000 0.500000000 0.000000000 0.000000000 0.930736482 -0.082457118 0.356272906 1.882619978 0.101756357 0.994167209 -0.035737142 0.466725979 -0.351248056 0.069514908 0.933698237 -1.146229814
27833333 0.873385155 1.553215944 0.500000000 0.500000000 0.000000000 0.000000000 0.936680794 -0.075879477 0.341864347 1.982689625 0.094515331 0.994791687 -0.038162507 0.474089012 -0.337188065 0.068057545 0.938974023 -1.172759741
27900000 0.873385155 1.553215944 0.500000000 0.500000000 0.000000000 0.000000000 0.941538453 -0.068305165 0.329908490 2.077129854 0.087887853 0.995122731 -0.044793487 0.495695013 -0.325239837 0.071169764 0.942949533 -1.213149962
27966667 0.873385155 1.553215944 0.500000000 0.500000000 0.000000000 0.000000000 0.946613431 -0.061058581 0.316535532 2.176479915 0.080852464 0.995482802 -0.049767703 0.519577013 -0.312066913 0.072703473 0.947274148 -1.240279816
28033333 0.873385155 1.553215944 0.500000000 0.500000000 0.000000000 0.000000000 0.951556027 -0.053655379 0.302757710 2.276230092 0.072905786 0.995948911 -0.052635882 0.540698990 -0.298706979 0.072158784 0.951612949 -1.264519864
28100000 0.873385155 1.553215944 0.500000000 0.500000000 0.000000000 0.000000000 0.956023097 -0.046799414 0.289533436 2.371979749 0.065183714 0.996401489 -0.054177195 0.563487035 -0.285956085 0.070667528 0.955633342 -1.293739886
28166667 0.873385155 1.553215944 0.500000000 0.500000000 0.000000000 0.000000000 0.960793257 -0.040692747 0.274263442 2.472840196 0.057574555 0.996891379 -0.053784031 0.580041018 -0.271222234 0.067465931 0.960149407 -1.312220095
28233333 0.873385155 1.553215944 0.500000000 0.500000000 0.000000000 0.000000000 0.965224326 -0.034106158 0.259188563 2.573119907 0.049125075 0.997454226 -0.051689707 0.589968016 -0.256765813 0.062624827 0.964442551 -1.336770157
28300000 0.873385155 1.553215944 0.500000000 0.500000000 0.000000000 0.000000000 0.969540536 -0.027751690 0.243353635 2.673749907 0.041095294 0.997907043 -0.049927101 0.602510970 -0.241458744 0.058407038 0.968651772 -1.363449963
28366667 0.873385155 1.553215944 0.500000000 0.500000000 0.000000000 0.000000000 0.972826123 -0.022141734 0.230475709 2.772589882 0.033988610 0.998290002 -0.047558706 0.617157984 -0.229028568 0.054099906 0.971915126 -1.396989860
28433333 0.873385155 1.553215944 0.500000000 0.500000000 0.000000000 0.000000000 0.975422859 -0.015868705 0.219769001 2.868309838 0.026086848 0.998705328 -0.043671072 0.628961004 -0.218791455 0.048330843 0.974573970 -1.435109906
28500000 0.873385155 1.553215944 0.500000000 0.500000000 0.000000000 0.000000000 0.977324367 -0.010200251 0.211501852 2.956180062 0.019323656 0.998967588 -0.041114341 0.652739037 -0.210864112 0.044269037 0.976512432 -1.482489912
28566667 0.873385155 1.553215944 0.500000000 0.500000000 0.000000000 0.000000000 0.979128122 -0.005409578 0.203171998 3.043640086 0.013311481 0.999206245 -0.037546325 0.675822971 -0.202807605 0.039467182 0.978422940 -1.524420099
28633333 0.873385155 1.553215944 0.500000000 0.500000000 0.000000000 0.000000000 0.980967164 0.000643082 0.194172472 3.127759719 0.006218647 0.999377489 -0.034726698 0.695871000 -0.194073945 0.035273243 0.980352521 -1.563889841
28700000 0.873385155 1.553215944 0.500000000 0.500000000 0.000000000 0.000000000 0.982160985 0.006695103 0.187922820 3.199860072 -0.000785301 0.999503314 -0.031504862 0.716412058 -0.188040420 0.030795269 0.981678367 -1.621780113
28766667 0.873385155 1.553215944 0.500000000 0.500000000 0.000000000 0.000000000 0.983214378 0.011209022 0.182109267 3.261999834 -0.006240976 0.999593139 -0.027830778 0.737707879 -0.182347149 0.026227081 0.982884347 -1.693179943
28833333 0.873385155 1.553215944 0.500000000 0.500000000 0.000000000 0.000000000 0.984108448 0.014941206 0.176938832 3.316850093 -0.010829570 0.999648929 -0.024180615 0.763847980 -0.177238017 0.021880174 0.983924747 -1.770750070
28900000 0.873385155 1.553215944 0.500000000 0.500000000 0.000000000 0.000000000 0.984836340 0.018281346 0.172520131 3.365060188 -0.014835367 0.999664247 -0.021242727 0.790788936 -0.172850549 0.018361207 0.984776914 -1.852270053
28966667 0.873385155 1.553215944 0.500000000 0.500000000 0.000000000 0.000000000 0.985223949 0.020666594 0.170019597 3.407449929 -0.018150875 0.999701738 -0.016337836 0.819238018 -0.170306534 0.013010424 0.985305250 -1.948850116
29033333 0.873385155 1.553215944 0.500000000 0.500000000 0.000000000 0.000000000 0.985313058 0.021030087 0.169457555 3.437689773 -0.019278143 0.999742389 -0.011977404 0.858707020 -0.169665784 0.008534664 0.985464692 -2.058720067
29100000 0.873385155 1.553215944 0.500000000 0.500000000 0.000000000 0.000000000 0.985023320 0.021027735 0.171134070 3.456269709 -0.020110806 0.999772608 -0.007089998 0.905813980 -0.171244249 0.003542168 0.985222220 -2.178830007
29166667 0.873385155 1.553215944 0.500000000 0.500000000 0.000000000 0.000000000 0.984841466 0.020318722 0.172262877 3.470910321 -0.020564651 0.999788463 -0.000357029 0.948096011 -0.172233701 -0.003190908 0.985050976 -2.297230218
29233333 0.873385155 1.553215944 0.500000000 0.500000000 0.000000000 0.000000000 0.984692037 0.018292222 0.173340529 3.485429777 -0.019322935 0.999804199 0.004260397 0.999774896 -0.173228651 -0.007544629 0.984852731 -2.418130010
29300000 0.873385155 1.553215944 0.500000000 0.500000000 0.000000000 0.000000000 0.984330535 0.015716039 0.175631583 3.492410138 -0.018062867 0.999767542 0.011771496 1.047589965 -0.175405771 -0.014759451 0.984385610 -2.548530187
29366667 0.873385155 1.553215944 0.500000000 0.500000000 0.000000000 0.000000000 0.984108627 0.014016306 0.177013382 3.497400095 -0.017869791 0.999636352 0.020193979 1.080639982 -0.176665977 -0.023036260 0.984001279 -2.689330453
29433333 0.873385155 1.553215944 0.500000000 0.500000000 0.000000000 0.000000000 0.984345555 0.010227446 0.175952226 3.510899785 -0.015290271 0.999506474 0.027442148 1.128010090 -0.175584733 -0.029702915 0.984016120 -2.816729998
29500000 0.873385155 1.553215944 0.500000000 0.500000000 0.000000000 0.000000000 0.984196901 0.007692742 0.176910162 3.516589938 -0.014163704 0.999274850 0.035343949 1.159350018 -0.176509976 -0.037291113 0.983592153 -2.954419907
29566667 0.873385155 1.553215944 0.500000000 0.500000000 0.000000000 0.000000000 0.984036505 0.006031362 0.177864477 3.531070028 -0.013563378 0.999060452 0.041161433 1.194280027 -0.177449092 -0.042916797 0.983193755 -3.085759878
29633333 0.873385155 1.553215944 0.500000000 0.500000000 0.000000000 0.000000000 0.983999789 0.004288775 0.178117886 3.541310070 -0.012831456 0.998820126 0.046836600 1.220859979 -0.177706853 -0.048372716 0.982893884 -3.213450167
29700000 0.873385155 1.553215944 0.500000000 0.500000000 0.000000000 0.000000000 0.983962715 0.002845026 0.178351536 3.560649974 -0.011693237 0.998750865 0.048579581 1.265100084 -0.177990541 -0.049886003 0.982766867 -3.342629576
29766667 0.873385155 1.553215944 0.500000000 0.500000000 0.000000000 0.000000000 0.983681381 0.002413037 0.179903150 3.571230047 -0.011650489 0.998665810 0.050307874 1.299510061 -0.179541737 -0.051582877 0.982397020 -3.472630041
29833333 0.873385155 1.553215944 0.500000000 0.500000000 0.000000000 0.000000000 0.983783960 0.001145816 0.179353848 3.591209957 -0.010719541 0.998567641 0.052418977 1.347520051 -0.179036900 -0.053491540 0.982387125 -3.598590148
29900000 0.873385155 1.553215944 0.500000000 0.500000000 0.000000000 0.000000000 0.984343290 0.000093248 0.176262096 3.621240033 -0.009527050 0.998566210 0.052675933 1.410130069 -0.176004454 -0.053530455 0.982932806 -3.706789693
29966667 0.873385155 1.553215944 0.500000000 0.500000000 0.000000000 0.000000000 0.984801590 0.000637334 0.173681989 3.650680109 -0.010084106 0.998516142 0.053514171 1.454079812 -0.173390165 -0.054452267 0.983346701 -3.818109651
30033333 0.873385155 1.553215944 0.500000000 0.500000000 0.000000000 0.000000000 0.984968960 0.000160958 0.172731534 3.663189851 -0.009702150 0.998472393 0.054394279 1.497189938 -0.172458902 -0.055252541 0.983465850 -3.935400002
30100000 0.873385155 1.553215944 0.500000000 0.500000000 0.000000000 0.000000000 0.985111177 -0.001106177 0.171914950 3.675400127 -0.008337052 0.998495400 0.054197952 1.549350047 -0.171716228 -0.054824270 0.983619750 -4.058340109
30166667 0.873385155 1.553215944 0.500000000 0.500000000 0.000000000 0.000000000 0.985256016 -0.002522194 0.171068028 3.683610368 -0.006934948 0.998480797 0.054662868 1.599670072 -0.170946017 -0.055043265 0.983741701 -4.182790088
30233333 0.873385155 1.553215944 0.500000000 0.500000000 0.000000000 0.000000000 0.985350788 -0.003969954 0.170493782 3.686959820 -0.005504334 0.998467803 0.055061132 1.649680054 -0.170451134 -0.055192985 0.983819187 -4.309280382
30300000 0.873385155 1.553215944 0.500000000 0.500000000 0.000000000 0.000000000 0.985355794 -0.004514713 0.170451269 3.684719993 -0.005375979 0.998329878 0.057520397 1.675550155 -0.170426264 -0.057594396 0.983685791 -4.446139878
30366667 0.873385155 1.553215944 0.500000000 0.500000000 0.000000000 0.000000000 0.984566569 -0.005736384 0.174916357 3.655899467 -0.005016674 0.998126924 0.060971364 1.703289977 -0.174938470 -0.060907863 0.982693613 -4.607230197
30433333 0.873385155 1.553215944 0.500000000 0.500000000 0.000000000 0.000000000 0.983609498 -0.007792838 0.180143431 3.613059928 -0.003586366 0.998022497 0.062755615 1.749219963 -0.180276230 -0.062373076 0.981636405 -4.766650116
30500000 0.873385155 1.553215944 0.500000000 0.500000000 0.000000000 0.000000000 0.982717335 -0.009164091 0.184885398 3.569360016 -0.003485363 0.997680783 0.067976981 1.769569860 -0.185079560 -0.067446545 0.980406284 -4.929700053
30566667 0.873385155 1.553215944 0.500000000 0.500000000 0.000000000 0.000000000 0.981486559 -0.010902861 0.191220388 3.512909966 -0.002928980 0.997407317 0.071903072 1.803549977 -0.191508576 -0.071131982 0.978909910 -5.097670017
30633333 0.873385155 1.553215944 0.500000000 0.500000000 0.000000000 0.000000000 0.980128706 -0.012787830 0.197949797 3.446819470 -0.002152142 0.997175574 0.075074963 1.843669929 -0.198350757 -0.074009143 0.977332890 -5.264699654
