https://www.youtube.com/watch?v=Ew04wyjKrcM
42342300 1.065829310 1.902209235 0.500000000 0.500000000 0.000000000 0.000000000 0.921187282 0.100684069 -0.375867784 0.926520914 -0.071732350 0.993329704 0.090280518 -0.411708957 0.382450461 -0.056203369 0.922264993 3.297799689
42409033 1.065829310 1.902209235 0.500000000 0.500000000 0.000000000 0.000000000 0.928999603 0.097068429 -0.357123852 0.952489192 -0.068481103 0.993413150 0.091873273 -0.391306050 0.363689542 -0.060893998 0.929527760 3.220700025
42475767 1.065829310 1.902209235 0.500000000 0.500000000 0.000000000 0.000000000 0.935641348 0.088820316 -0.341593534 0.966217115 -0.061207946 0.993986189 0.090802275 -0.370374998 0.347604364 -0.064050116 0.935451090 3.151289851
42742700 1.065829310 1.902209235 0.500000000 0.500000000 0.000000000 0.000000000 0.957654297 0.052977402 -0.283004701 1.012500050 -0.035128538 0.997081757 0.067779079 -0.350484001 0.285769582 -0.054967381 0.956720591 2.860810007
42809433 1.065829310 1.902209235 0.500000000 0.500000000 0.000000000 0.000000000 0.963609397 0.050851230 -0.262433112 1.042030120 -0.035314690 0.997351348 0.063585654 -0.359398022 0.264971435 -0.052003987 0.962852895 2.785729683
42876167 1.065829310 1.902209235 0.500000000 0.500000000 0.000000000 0.000000000 0.968983173 0.052729864 -0.241435647 1.072569911 -0.039494056 0.997456312 0.059339479 -0.376933073 0.243950456 -0.047963686 0.968600869 2.708719784
43143100 1.065829310 1.902209235 0.500000000 0.500000000 0.000000000 0.000000000 0.976067364 0.062133379 -0.208403438 1.043930098 -0.056345940 0.997845829 0.033598796 -0.443373036 0.210042089 -0.021052008 0.977465689 2.437130024
43209833 1.065829310 1.902209235 0.500000000 0.500000000 0.000000000 0.000000000 0.977243185 0.060697567 -0.203252584 1.027910168 -0.056086395 0.998022616 0.028376020 -0.442561021 0.204573035 -0.016330570 0.978715062 2.361969733
43276567 1.065829310 1.902209235 0.500000000 0.500000000 0.000000000 0.000000000 0.978088915 0.060404107 -0.199232087 1.007179993 -0.056296773 0.998069704 0.026221992 -0.434507079 0.200431421 -0.014431326 0.979601443 2.289269938
43343300 1.065829310 1.902209235 0.500000000 0.500000000 0.000000000 0.000000000 0.978817999 0.059192102 -0.195988968 0.984449067 -0.055383321 0.998155594 0.024862297 -0.417708026 0.197099134 -0.013481149 0.980290890 2.220269827
43410033 1.065829310 1.902209235 0.500000000 0.500000000 0.000000000 0.000000000 0.979516745 0.059155606 -0.192477450 0.958806955 -0.055366248 0.998152792 0.025011603 -0.396276014 0.193601474 -0.013842527 0.980982602 2.149110094
43476767 1.065829310 1.902209235 0.500000000 0.500000000 0.000000000 0.000000000 0.980300009 0.059958421 -0.188193947 0.932611151 -0.055870116 0.998074055 0.026958736 -0.377516044 0.189447880 -0.015913242 0.981761813 2.083279997
43543500 1.065829310 1.902209235 0.500000000 0.500000000 0.000000000 0.000000000 0.980830133 0.063903302 -0.184088558 0.902796996 -0.059700053 0.997815371 0.028291225 -0.369835003 0.185494304 -0.016758800 0.982502460 2.016610078
43610233 1.065829310 1.902209235 0.500000000 0.500000000 0.000000000 0.000000000 0.981571913 0.063060597 -0.180388331 0.870344026 -0.059049357 0.997875452 0.027526367 -0.360435988 0.181740910 -0.016367290 0.983210206 1.952539800
44677967 1.065829310 1.902209235 0.500000000 0.500000000 0.000000000 0.000000000 0.961093187 0.061233006 -0.269351929 0.004124393 -0.049376376 0.997498572 0.050582666 -0.124206015 0.271775514 -0.035315033 0.961712480 0.804159932
45145100 1.065829310 1.902209235 0.500000000 0.500000000 0.000000000 0.000000000 0.944644511 0.081391975 -0.317839712 -0.238930002 -0.067888856 0.996265411 0.053351361 -0.046715996 0.320995063 -0.028820310 0.946642280 0.162047008
45211833 1.065829310 1.902209235 0.500000000 0.500000000 0.000000000 0.000000000 0.942099035 0.082194947 -0.325105131 -0.261764982 -0.068064742 0.996184587 0.054621119 -0.031589399 0.328354299 -0.029330302 0.944099128 0.068177000
46079367 1.065829310 1.902209235 0.500000000 0.500000000 0.000000000 0.000000000 0.938315928 0.064287566 -0.339750350 -0.529258022 -0.043267481 0.996671379 0.069094874 0.139679981 0.343061388 -0.050132677 0.937974215 -1.199659984
46146100 1.065829310 1.902209235 0.500000000 0.500000000 0.000000000 0.000000000 0.939558864 0.060490735 -0.337001413 -0.556667934 -0.039916888 0.996909976 0.067654110 0.154743943 0.340052515 -0.050112955 0.939070225 -1.304629965
46212833 1.065829310 1.902209235 0.500000000 0.500000000 0.000000000 0.000000000 0.940380871 0.063194804 -0.334200829 -0.578649032 -0.042565666 0.996728778 0.068701603 0.172964990 0.337449163 -0.050380185 0.939994574 -1.402959704
46279567 1.065829310 1.902209235 0.500000000 0.500000000 0.000000000 0.000000000 0.940915048 0.067297585 -0.331888437 -0.596113012 -0.046832986 0.996496797 0.069288231 0.190026983 0.335388660 -0.049651008 0.940770566 -1.499740024
46346300 1.065829310 1.902209235 0.500000000 0.500000000 0.000000000 0.000000000 0.940707624 0.068700708 -0.332188874 -0.604018008 -0.048785109 0.996496260 0.067935698 0.204130037 0.335692197 -0.047701772 0.940763175 -1.592669995
46413033 1.065829310 1.902209235 0.500000000 0.500000000 0.000000000 0.000000000 0.940944314 0.064065389 -0.332444727 -0.615812040 -0.044978216 0.996883869 0.064804062 0.213164029 0.335560501 -0.046024255 0.940893769 -1.690700378
46479767 1.065829310 1.902209235 0.500000000 0.500000000 0.000000000 0.000000000 0.940969884 0.062228221 -0.332721025 -0.622618965 -0.043643143 0.997055650 0.063050136 0.226731960 0.335664898 -0.044807278 0.940915167 -1.792850002
46546500 1.065829310 1.902209235 0.500000000 0.500000000 0.000000000 0.000000000 0.940529108 0.064926848 -0.333450973 -0.628622100 -0.046525963 0.996935725 0.062884457 0.242400029 0.336512089 -0.043630540 0.940667868 -1.910970029
46613233 1.065829310 1.902209235 0.500000000 0.500000000 0.000000000 0.000000000 0.939184248 0.068760253 -0.336459428 -0.626460974 -0.050177496 0.996711433 0.063627928 0.257313962 0.339728028 -0.042875659 0.939545929 -2.029759929
46679967 1.065829310 1.902209235 0.500000000 0.500000000 0.000000000 0.000000000 0.937656939 0.070263766 -0.340385765 -0.625877970 -0.051405832 0.996617377 0.064118586 0.272341009 0.343739599 -0.042623419 0.938097179 -2.146049833
46746700 1.065829310 1.902209235 0.500000000 0.500000000 0.000000000 0.000000000 0.935699463 0.073397778 -0.345078617 -0.621863036 -0.053520896 0.996330321 0.066793352 0.285621995 0.348714799 -0.044029586 0.936194062 -2.263580002
46813433 1.065829310 1.902209235 0.500000000 0.500000000 0.000000000 0.000000000 0.932711899 0.076641783 -0.352383971 -0.605193874 -0.055172514 0.995978713 0.070586383 0.299326967 0.356376767 -0.046394836 0.933189690 -2.397109616
46880167 1.065829310 1.902209235 0.500000000 0.500000000 0.000000000 0.000000000 0.928798914 0.079403095 -0.361977518 -0.579057965 -0.056283969 0.995669425 0.073990092 0.314547016 0.366284966 -0.048348386 0.929245830 -2.517999953
46946900 1.065829310 1.902209235 0.500000000 0.500000000 0.000000000 0.000000000 0.924853981 0.080556162 -0.371693015 -0.555655083 -0.056213371 0.995530546 0.075887747 0.328897983 0.376145005 -0.049290948 0.925248742 -2.632729546
47013633 1.065829310 1.902209235 0.500000000 0.500000000 0.000000000 0.000000000 0.920714259 0.082947269 -0.381319791 -0.534302817 -0.057570145 0.995328426 0.077504732 0.343923840 0.385967225 -0.049407043 0.921188354 -2.736099275
47080367 1.065829310 1.902209235 0.500000000 0.500000000 0.000000000 0.000000000 0.916413784 0.088728026 -0.390273064 -0.511874102 -0.062232468 0.994846523 0.080046684 0.357356918 0.395364195 -0.049068213 0.917212844 -2.824139867
47147100 1.065829310 1.902209235 0.500000000 0.500000000 0.000000000 0.000000000 0.912331045 0.095102072 -0.398255885 -0.496697068 -0.067812294 0.994314909 0.082093351 0.366456065 0.403798997 -0.047889687 0.913593471 -2.907390147
47213833 1.065829310 1.902209235 0.500000000 0.500000000 0.000000000 0.000000000 0.909988344 0.095813684 -0.403411537 -0.493934947 -0.068475671 0.994302452 0.081692532 0.373592944 0.408940345 -0.046715364 0.911364555 -2.993939875
47280567 1.065829310 1.902209235 0.500000000 0.500000000 0.000000000 0.000000000 0.909019232 0.093952306 -0.406025648 -0.504738974 -0.066999771 0.994530261 0.080128722 0.378441918 0.411333084 -0.045634903 0.910341918 -3.086179647
47347300 1.065829310 1.902209235 0.500000000 0.500000000 0.000000000 0.000000000 0.908462048 0.092807844 -0.407533139 -0.519749995 -0.066497281 0.994710207 0.078292117 0.385629946 0.412643522 -0.044025555 0.909828007 -3.183499618
48014633 1.065829310 1.902209235 0.500000000 0.500000000 0.000000000 0.000000000 0.913290203 0.067568153 -0.401666045 -0.761116930 -0.050333090 0.997308075 0.053321797 0.551074143 0.404187620 -0.028481197 0.914232612 -4.199180314
48081367 1.065829310 1.902209235 0.500000000 0.500000000 0.000000000 0.000000000 0.912337184 0.073608443 -0.402768821 -0.768823021 -0.056226775 0.996911407 0.054828782 0.570848063 0.405560702 -0.027375955 0.913658142 -4.306890812
48148100 1.065829310 1.902209235 0.500000000 0.500000000 0.000000000 0.000000000 0.910595298 0.087937444 -0.403835505 -0.768157993 -0.069254488 0.995752394 0.060670987 0.591619908 0.407455415 -0.027279278 0.912817538 -4.421069704
48214833 1.065829310 1.902209235 0.500000000 0.500000000 0.000000000 0.000000000 0.909203112 0.091160424 -0.406250387 -0.766323922 -0.071973734 0.995459199 0.062295891 0.604126827 0.410084575 -0.027400235 0.911635756 -4.528169392
48281567 1.065829310 1.902209235 0.500000000 0.500000000 0.000000000 0.000000000 0.909600735 0.075466961 -0.408572137 -0.781806031 -0.057603013 0.996774912 0.055872213 0.607569983 0.411470950 -0.027286414 0.911014318 -4.623599718
48348300 1.065829310 1.902209235 0.500000000 0.500000000 0.000000000 0.000000000 0.910126328 0.053650796 -0.410842419 -0.800742874 -0.037365958 0.998168647 0.047572464 0.610433896 0.412642300 -0.027945422 0.910464287 -4.745199429
48415033 1.065829310 1.902209235 0.500000000 0.500000000 0.000000000 0.000000000 0.909294724 0.042800754 -0.413945645 -0.802900954 -0.025642507 0.998569369 0.046921391 0.610559851 0.415361732 -0.032050755 0.909091413 -4.870268658
48481767 1.065829310 1.902209235 0.500000000 0.500000000 0.000000000 0.000000000 0.908109426 0.041614756 -0.416659594 -0.800092823 -0.021992043 0.998415947 0.051787205 0.607429817 0.418154716 -0.037865236 0.907586157 -4.970829076
48548500 1.065829310 1.902209235 0.500000000 0.500000000 0.000000000 0.000000000 0.907015324 0.043801107 -0.418813288 -0.799097955 -0.021260358 0.998070419 0.058338903 0.599988979 0.420560479 -0.044010147 0.906196356 -5.075499057
48615233 1.065829310 1.902209235 0.500000000 0.500000000 0.000000000 0.000000000 0.906173468 0.048815601 -0.420079559 -0.802691898 -0.023175366 0.997555137 0.065928869 0.590224096 0.422270864 -0.050007507 0.905089319 -5.171280247
48681967 1.065829310 1.902209235 0.500000000 0.500000000 0.000000000 0.000000000 0.905615091 0.058556858 -0.420038313 -0.811646568 -0.029498804 0.996720672 0.075350851 0.578642893 0.423073202 -0.055848226 0.904372692 -5.261489839
48948900 1.065829310 1.902209235 0.500000000 0.500000000 0.000000000 0.000000000 0.915814996 0.065692671 -0.396191150 -1.052630080 -0.027422264 0.994457185 0.101503648 0.470934178 0.400663167 -0.082094125 0.912540257 -5.647130883
49149100 1.065829310 1.902209235 0.500000000 0.500000000 0.000000000 0.000000000 0.928455889 0.049726471 -0.368099064 -1.361209800 0.001976451 0.990322948 0.138767838 0.233243075 0.371437401 -0.129567355 0.919372916 -5.996179781
49215833 1.065829310 1.902209235 0.500000000 0.500000000 0.000000000 0.000000000 0.932287097 0.044603661 -0.358958423 -1.458549667 0.011992587 0.988011181 0.153915897 0.130554863 0.361520171 -0.147798643 0.920575142 -6.090499378
49282567 1.065829310 1.902209235 0.500000000 0.500000000 0.000000000 0.000000000 0.936031103 0.037252493 -0.349940121 -1.558350076 0.018194024 0.987929046 0.153834909 0.116967112 0.351446748 -0.150361091 0.924054503 -6.191199894
49349300 1.065829310 1.902209235 0.500000000 0.500000000 0.000000000 0.000000000 0.938312411 0.042872854 -0.343120724 -1.626209877 0.017299823 0.985221028 0.170412064 0.027548098 0.345355779 -0.165835679 0.923703432 -6.256081083
49416033 1.065829310 1.902209235 0.500000000 0.500000000 0.000000000 0.000000000 0.939983308 0.048999034 -0.337684035 -1.687559864 0.014132911 0.983195961 0.182005480 -0.032441352 0.340927660 -0.175854579 0.923495293 -6.319220903
49482767 1.065829310 1.902209235 0.500000000 0.500000000 0.000000000 0.000000000 0.941803515 0.049254000 -0.332536072 -1.755080188 0.014353937 0.982413709 0.186164573 -0.060146605 0.335857362 -0.180103645 0.924533725 -6.394810893
49549500 1.065829310 1.902209235 0.500000000 0.500000000 0.000000000 0.000000000 0.943536282 0.049126953 -0.327606350 -1.821690044 0.014829434 0.981687307 0.189921379 -0.091769927 0.330937237 -0.184055924 0.925529063 -6.481080495
49616233 1.065829310 1.902209235 0.500000000 0.500000000 0.000000000 0.000000000 0.945041537 0.051373996 -0.322889030 -1.883650109 0.012858406 0.980973661 0.193714604 -0.118613829 0.326697528 -0.187220201 0.926400244 -6.568040421
49682967 1.065829310 1.902209235 0.500000000 0.500000000 0.000000000 0.000000000 0.946575403 0.048673831 -0.318788320 -1.948340476 0.015158968 0.980735004 0.194753975 -0.142385804 0.322126299 -0.189181834 0.927601755 -6.647501098
