https://www.youtube.com/watch?v=d2UqHO7bgTg
8208200 0.800933304 1.442123877 0.500000000 0.500000000 0.000000000 0.000000000 0.827717960 0.047297895 -0.559147537 5.444610894 -0.049992144 0.998694658 0.010474445 -0.170306014 0.558913052 0.019283092 0.829002023 -0.578695883
8274933 0.800933304 1.442123877 0.500000000 0.500000000 0.000000000 0.000000000 0.811370492 0.047347944 -0.582611859 5.022122495 -0.050930742 0.998649776 0.010230332 -0.126466001 0.582309544 0.021372229 0.812686384 -0.532802215
8341667 0.800933304 1.442123877 0.500000000 0.500000000 0.000000000 0.000000000 0.796439886 0.047097139 -0.602880716 4.550949040 -0.051170886 0.998635590 0.010413919 -0.058475036 0.602548599 0.022555895 0.797763228 -0.469275801
8408400 0.800933304 1.442123877 0.500000000 0.500000000 0.000000000 0.000000000 0.778447986 0.045302454 -0.626072168 4.067949549 -0.048295114 0.998758376 0.012220591 -0.057481103 0.625848413 0.020723138 0.779669285 -0.404840902
8475133 0.800933304 1.442123877 0.500000000 0.500000000 0.000000000 0.000000000 0.761136413 0.042921647 -0.647170365 3.700431253 -0.046441689 0.998853326 0.011625945 -0.061897971 0.646927297 0.021206722 0.762257040 -0.355540346
8541867 0.800933304 1.442123877 0.500000000 0.500000000 0.000000000 0.000000000 0.744752645 0.041103106 -0.666073680 3.334570249 -0.045021679 0.998922050 0.011303225 0.012562614 0.665820241 0.021569643 0.745800376 -0.327031137
8608600 0.800933304 1.442123877 0.500000000 0.500000000 0.000000000 0.000000000 0.729637265 0.040402349 -0.682639480 2.969958671 -0.043782201 0.998965025 0.012327755 -0.025707120 0.682431102 0.020892696 0.730651021 -0.312504892
8675333 0.800933304 1.442123877 0.500000000 0.500000000 0.000000000 0.000000000 0.714879513 0.041292790 -0.698027372 2.610750035 -0.045657095 0.998881042 0.012330842 -0.042972299 0.697755456 0.023054831 0.715964913 -0.299115163
8742067 0.800933304 1.442123877 0.500000000 0.500000000 0.000000000 0.000000000 0.700848043 0.042219628 -0.712059915 2.189259530 -0.047438573 0.998795569 0.012529207 0.031491897 0.711731255 0.024998048 0.702006757 -0.296548003
8808800 0.800933304 1.442123877 0.500000000 0.500000000 0.000000000 0.000000000 0.682544887 0.042741142 -0.729593277 1.742981233 -0.046860710 0.998793662 0.014672614 0.081293822 0.729340315 0.024174500 0.683724403 -0.305770238
8875533 0.800933304 1.442123877 0.500000000 0.500000000 0.000000000 0.000000000 0.664019406 0.042274263 -0.746519625 1.471910655 -0.045410875 0.998837531 0.016170258 0.035637217 0.746335447 0.023162717 0.665167212 -0.323426116
8942267 0.800933304 1.442123877 0.500000000 0.500000000 0.000000000 0.000000000 0.654110909 0.041722551 -0.755247355 1.192440633 -0.046326235 0.998812914 0.015055360 0.186274033 0.754978895 0.025139866 0.655267298 -0.347735194
9009000 0.800933304 1.442123877 0.500000000 0.500000000 0.000000000 0.000000000 0.641195893 0.041573532 -0.766250491 0.993847351 -0.043732055 0.998888254 0.017600641 0.295489022 0.766130328 0.022224229 0.642301142 -0.350718144
9075733 0.800933304 1.442123877 0.500000000 0.500000000 0.000000000 0.000000000 0.630429387 0.043297570 -0.775038302 0.764493175 -0.039555233 0.998937905 0.023630839 0.288118015 0.775238335 0.015759226 0.631472468 -0.354051122
9142467 0.800933304 1.442123877 0.500000000 0.500000000 0.000000000 0.000000000 0.621213078 0.046660639 -0.782251716 0.531016340 -0.037810542 0.998847783 0.029553760 0.219763989 0.782729387 0.011218145 0.622261584 -0.374459252
9209200 0.800933304 1.442123877 0.500000000 0.500000000 0.000000000 0.000000000 0.613518655 0.051336497 -0.788010001 0.266931101 -0.039110400 0.998635411 0.034608044 0.161391000 0.788711309 0.009586690 0.614689231 -0.387913117
9275933 0.800933304 1.442123877 0.500000000 0.500000000 0.000000000 0.000000000 0.606168747 0.055918604 -0.793367803 -0.053710117 -0.042990826 0.998370647 0.037520804 0.118043989 0.794173300 0.011363599 0.607585073 -0.416238019
9342667 0.800933304 1.442123877 0.500000000 0.500000000 0.000000000 0.000000000 0.597698927 0.060238000 -0.799454391 -0.425342979 -0.047417294 0.998083770 0.039753743 0.119251988 0.800317109 0.014147198 0.599409938 -0.448029982
9409400 0.800933304 1.442123877 0.500000000 0.500000000 0.000000000 0.000000000 0.586767316 0.063549444 -0.807258308 -0.825120299 -0.050708648 0.997842789 0.041694440 0.115264018 0.808166564 0.016470017 0.588724017 -0.484507259
9476133 0.800933304 1.442123877 0.500000000 0.500000000 0.000000000 0.000000000 0.570542872 0.067209981 -0.818513334 -1.340600610 -0.053790178 0.997563839 0.044417910 0.071398822 0.819504678 0.018685626 0.572768211 -0.556190286
9542867 0.800933304 1.442123877 0.500000000 0.500000000 0.000000000 0.000000000 0.541052222 0.071691915 -0.837927997 -1.958091102 -0.057958480 0.997169554 0.047892474 0.134106051 0.838989794 0.022652671 0.543675900 -0.706522431
9609600 0.800933304 1.442123877 0.500000000 0.500000000 0.000000000 0.000000000 0.506003261 0.075843506 -0.859191060 -2.602091885 -0.058887996 0.996839941 0.053313330 -0.021160801 0.860519409 0.023619251 0.508870602 -0.848242628
9676333 0.800933304 1.442123877 0.500000000 0.500000000 0.000000000 0.000000000 0.463188887 0.078131385 -0.882808805 -3.227109447 -0.061743043 0.996531010 0.055801049 0.007110854 0.884106159 0.028660895 0.466406107 -1.084359936
9743067 0.800933304 1.442123877 0.500000000 0.500000000 0.000000000 0.000000000 0.414233387 0.081150986 -0.906546175 -3.788192783 -0.064903595 0.996115386 0.059512153 -0.283231906 0.907854021 0.034186117 0.417891264 -1.344850788
9809800 0.800933304 1.442123877 0.500000000 0.500000000 0.000000000 0.000000000 0.362687230 0.085979052 -0.927935779 -4.350197134 -0.077270068 0.995080590 0.061999135 -0.120524037 0.928701580 0.049215429 0.367546618 -1.648709118
9876533 0.800933304 1.442123877 0.500000000 0.500000000 0.000000000 0.000000000 0.310665786 0.090072773 -0.946240962 -4.745371992 -0.084427454 0.994180083 0.066917241 0.141285614 0.946761310 0.059099976 0.316462338 -2.196955816
9943267 0.800933304 1.442123877 0.500000000 0.500000000 0.000000000 0.000000000 0.257029057 0.093436554 -0.961876214 -5.205541186 -0.079370379 0.993993521 0.075347364 0.133891007 0.963138878 0.056978006 0.262901306 -2.658110006
10010000 0.800933304 1.442123877 0.500000000 0.500000000 0.000000000 0.000000000 0.200875223 0.097164162 -0.974786699 -5.555264729 -0.074681230 0.993692040 0.083658971 0.089979636 0.976766407 0.055993177 0.206864417 -3.126622593
10076733 0.800933304 1.442123877 0.500000000 0.500000000 0.000000000 0.000000000 0.147114754 0.103482053 -0.983691454 -5.870870730 -0.073483467 0.992907405 0.093461826 -0.005717172 0.986386180 0.058535427 0.153675556 -3.509320952
