https://www.youtube.com/watch?v=GBmWyLiQSTA
135101633 1.035111879 1.840828285 0.500000000 0.500000000 0.000000000 0.000000000 0.994651794 -0.098694071 -0.030450461 -0.472202944 0.097421601 0.994407654 -0.040773220 0.047909210 0.034304250 0.037588626 0.998704314 5.967739981
135135000 1.035111879 1.840828285 0.500000000 0.500000000 0.000000000 0.000000000 0.994601130 -0.098665908 -0.032150377 -0.437199006 0.097174004 0.994246602 -0.045065586 0.015645697 0.036411840 0.041698102 0.998466551 5.495580220
135168367 1.035111879 1.840828285 0.500000000 0.500000000 0.000000000 0.000000000 0.994542122 -0.096781939 -0.038976647 -0.448188960 0.094845876 0.994295657 -0.048789196 -0.005497289 0.043476224 0.044826135 0.998048306 5.029190013
135201733 1.035111879 1.840828285 0.500000000 0.500000000 0.000000000 0.000000000 0.994132519 -0.092373893 -0.056281604 -0.501102041 0.089493632 0.994643867 -0.051714975 -0.024246005 0.060757264 0.046374697 0.997074723 4.544570541
135235100 1.035111879 1.840828285 0.500000000 0.500000000 0.000000000 0.000000000 0.993421495 -0.087857500 -0.073449261 -0.530581045 0.084384099 0.995221317 -0.049131598 -0.004268350 0.077414848 0.042610440 0.996088028 4.059650657
135268467 1.035111879 1.840828285 0.500000000 0.500000000 0.000000000 0.000000000 0.992438853 -0.084831223 -0.088706315 -0.535488042 0.081117466 0.995702982 -0.044670701 0.032992776 0.092114612 0.037137300 0.995055616 3.586129596
135301833 1.035111879 1.840828285 0.500000000 0.500000000 0.000000000 0.000000000 0.991158247 -0.082582146 -0.103853531 -0.528973995 0.078903824 0.996117175 -0.039048404 0.058755901 0.106674992 0.030508706 0.993825793 3.120340349
135335200 1.035111879 1.840828285 0.500000000 0.500000000 0.000000000 0.000000000 0.989344060 -0.082135245 -0.120216832 -0.504446965 0.078796625 0.996368110 -0.032274704 0.078599979 0.122431114 0.022458104 0.992222905 2.647209858
135368567 1.035111879 1.840828285 0.500000000 0.500000000 0.000000000 0.000000000 0.987084389 -0.081485294 -0.137929708 -0.463454032 0.078618713 0.996562660 -0.026114080 0.087641917 0.139583498 0.014932953 0.990097702 2.187490008
135401933 1.035111879 1.840828285 0.500000000 0.500000000 0.000000000 0.000000000 0.984676480 -0.079158805 -0.155390203 -0.414408003 0.076908998 0.996828437 -0.020446984 0.072849605 0.156515926 0.008182762 0.987641513 1.728249932
135435300 1.035111879 1.840828285 0.500000000 0.500000000 0.000000000 0.000000000 0.982053399 -0.075900115 -0.172656506 -0.349193010 0.074415497 0.997113526 -0.015064843 0.046863996 0.173301548 0.001946159 0.984866858 1.275609902
135468667 1.035111879 1.840828285 0.500000000 0.500000000 0.000000000 0.000000000 0.978509307 -0.074657425 -0.192212775 -0.268256995 0.074146464 0.997198641 -0.009860322 0.036972704 0.192410454 -0.004603479 0.981303751 0.831673062
135502033 1.035111879 1.840828285 0.500000000 0.500000000 0.000000000 0.000000000 0.975746870 -0.074107789 -0.205975950 -0.165003994 0.074650176 0.997196496 -0.005147952 0.028642998 0.205779999 -0.010353055 0.978543520 0.397089994
135535400 1.035111879 1.840828285 0.500000000 0.500000000 0.000000000 0.000000000 0.972669244 -0.074671514 -0.219860673 -0.043102398 0.076312326 0.997083426 -0.001032824 -0.003381180 0.219296545 -0.015773479 0.975530744 -0.047127000
135568767 1.035111879 1.840828285 0.500000000 0.500000000 0.000000000 0.000000000 0.970761776 -0.075130783 -0.227984443 0.099397689 0.077502258 0.996991098 0.001454096 -0.033439495 0.227189228 -0.019080894 0.973663688 -0.457102007
135602133 1.035111879 1.840828285 0.500000000 0.500000000 0.000000000 0.000000000 0.969925940 -0.075657353 -0.231343225 0.228490011 0.077431411 0.996996701 -0.001415214 -0.039773710 0.230755493 -0.016540568 0.972871184 -0.879988057
135635500 1.035111879 1.840828285 0.500000000 0.500000000 0.000000000 0.000000000 0.968625307 -0.073647305 -0.237362906 0.363001008 0.074684605 0.997196436 -0.004631874 -0.066398703 0.237038568 -0.013240803 0.971410036 -1.303179962
135668867 1.035111879 1.840828285 0.500000000 0.500000000 0.000000000 0.000000000 0.966715574 -0.072896123 -0.245249197 0.502751955 0.072934657 0.997296691 -0.008937815 -0.085613816 0.245237753 -0.009246839 0.969418883 -1.737089986
135702233 1.035111879 1.840828285 0.500000000 0.500000000 0.000000000 0.000000000 0.965251207 -0.070400812 -0.251662046 0.665614023 0.069783963 0.997497141 -0.011386507 -0.099071392 0.251833767 -0.006571135 0.967748165 -2.154900076
135735600 1.035111879 1.840828285 0.500000000 0.500000000 0.000000000 0.000000000 0.963541806 -0.070347771 -0.258143961 0.836653905 0.068379983 0.997521162 -0.016604749 -0.103852989 0.258672178 -0.001652520 0.965963721 -2.578709846
135768967 1.035111879 1.840828285 0.500000000 0.500000000 0.000000000 0.000000000 0.959667742 -0.071820684 -0.271807879 1.018259863 0.068609066 0.997415900 -0.021313524 -0.112026944 0.272636265 0.001805404 0.962115467 -2.995259699
135802333 1.035111879 1.840828285 0.500000000 0.500000000 0.000000000 0.000000000 0.951587141 -0.074102730 -0.298313111 1.258280142 0.069312274 0.997239769 -0.026621435 -0.101313007 0.299462408 0.004655859 0.954096735 -3.370590100
135835700 1.035111879 1.840828285 0.500000000 0.500000000 0.000000000 0.000000000 0.942792416 -0.074414909 -0.324968964 1.536219633 0.068131208 0.997204244 -0.030689936 -0.092124944 0.326344222 0.006793690 0.945226550 -3.746969479
135869067 1.035111879 1.840828285 0.500000000 0.500000000 0.000000000 0.000000000 0.934937477 -0.075082801 -0.346777260 1.797189882 0.067240901 0.997136295 -0.034609389 -0.094218161 0.348382771 0.009039986 0.937308729 -4.128869793
135902433 1.035111879 1.840828285 0.500000000 0.500000000 0.000000000 0.000000000 0.927049994 -0.078139536 -0.366705030 2.060260158 0.068804480 0.996887743 -0.038480949 -0.091437078 0.368570656 0.010442812 0.929541111 -4.500360262
135935800 1.035111879 1.840828285 0.500000000 0.500000000 0.000000000 0.000000000 0.916588604 -0.084081441 -0.390890837 2.363340028 0.073041201 0.996399105 -0.043055356 -0.051639793 0.393103421 0.010912912 0.919429481 -4.837469790
135969167 1.035111879 1.840828285 0.500000000 0.500000000 0.000000000 0.000000000 0.906532645 -0.092392825 -0.411900580 2.673359937 0.080432124 0.995683193 -0.046320975 -0.036986493 0.414402187 0.008861415 0.910050631 -5.169039384
136002533 1.035111879 1.840828285 0.500000000 0.500000000 0.000000000 0.000000000 0.895966947 -0.101583071 -0.432347059 3.007869276 0.088777475 0.994807720 -0.049760781 -0.020406074 0.435157061 0.006201297 0.900333107 -5.483768627
