https://www.youtube.com/watch?v=UGGY1quKq1M
68920000 0.752978885 1.346454644 0.500000000 0.500000000 0.000000000 0.000000000 0.999852717 0.001845750 0.017061053 -6.527279627 -0.001832082 0.999997973 -0.000816681 -0.055405603 -0.017062524 0.000785304 0.999854088 0.746803939
69000000 0.752978885 1.346454644 0.500000000 0.500000000 0.000000000 0.000000000 0.999851644 0.001360321 0.017170325 -6.298869720 -0.001363350 0.999999046 0.000164729 -0.036870601 -0.017170087 -0.000188114 0.999852538 0.687665986
69080000 0.752978885 1.346454644 0.500000000 0.500000000 0.000000000 0.000000000 0.999854326 0.000718053 0.017053647 -6.054309567 -0.000719091 0.999999762 0.000054746 -0.020931899 -0.017053602 -0.000067002 0.999854565 0.623222981
69160000 0.752978885 1.346454644 0.500000000 0.500000000 0.000000000 0.000000000 0.999863327 0.000568899 0.016522283 -5.782770388 -0.000582878 0.999999464 0.000841249 -0.014431200 -0.016521795 -0.000850765 0.999863148 0.548343988
69240000 0.752978885 1.346454644 0.500000000 0.500000000 0.000000000 0.000000000 0.999878645 0.000104599 0.015579998 -5.491380054 -0.000126521 0.999998987 0.001406082 -0.017480500 -0.015579836 -0.001407883 0.999877632 0.455728006
69320000 0.752978885 1.346454644 0.500000000 0.500000000 0.000000000 0.000000000 0.999912202 -0.000926482 0.013220100 -5.183100583 0.000915306 0.999999225 0.000851429 -0.027066402 -0.013220878 -0.000839254 0.999912262 0.353748017
69400000 0.752978885 1.346454644 0.500000000 0.500000000 0.000000000 0.000000000 0.999946713 -0.001556158 0.010207335 -4.857860124 0.001548094 0.999998510 0.000797866 -0.037747102 -0.010208560 -0.000782021 0.999947608 0.251187990
69480000 0.752978885 1.346454644 0.500000000 0.500000000 0.000000000 0.000000000 0.999966264 -0.002354035 0.007866915 -4.519489393 0.002353888 0.999997258 0.000027964 -0.033469199 -0.007866960 -0.000009446 0.999969065 0.169650012
69560000 0.752978885 1.346454644 0.500000000 0.500000000 0.000000000 0.000000000 0.999978840 -0.003277073 0.005620122 -4.190939950 0.003281974 0.999994218 -0.000862930 -0.029911699 -0.005617262 0.000881357 0.999983847 0.132769002
69640000 0.752978885 1.346454644 0.500000000 0.500000000 0.000000000 0.000000000 0.999981463 -0.004184857 0.004420581 -3.874389936 0.004191741 0.999989986 -0.001549102 -0.031755701 -0.004414055 0.001567603 0.999989033 0.116529001
69720000 0.752978885 1.346454644 0.500000000 0.500000000 0.000000000 0.000000000 0.999981284 -0.005439184 0.002798109 -3.572429942 0.005444361 0.999983490 -0.001845937 -0.048260400 -0.002788023 0.001861136 0.999994397 0.099791308
69800000 0.752978885 1.346454644 0.500000000 0.500000000 0.000000000 0.000000000 0.999978483 -0.006517058 0.000741723 -3.283750055 0.006518584 0.999976575 -0.002074032 -0.087914600 -0.000728189 0.002078823 0.999997556 0.086613200
69880000 0.752978885 1.346454644 0.500000000 0.500000000 0.000000000 0.000000000 0.999966621 -0.007866998 -0.002212293 -2.998480167 0.007860900 0.999965310 -0.002752176 -0.147351990 0.002233867 0.002734694 0.999993742 0.095048885
69960000 0.752978885 1.346454644 0.500000000 0.500000000 0.000000000 0.000000000 0.999948502 -0.008959998 -0.004764436 -2.709919910 0.008946150 0.999955714 -0.002920186 -0.226248006 0.004790390 0.002877413 0.999984384 0.123191006
70040000 0.752978885 1.346454644 0.500000000 0.500000000 0.000000000 0.000000000 0.999907851 -0.010253442 -0.008896878 -2.415679817 0.010224946 0.999942482 -0.003242597 -0.314667015 0.008929614 0.003151329 0.999955177 0.150022007
70120000 0.752978885 1.346454644 0.500000000 0.500000000 0.000000000 0.000000000 0.999826968 -0.011889171 -0.014307123 -2.128489917 0.011845505 0.999924958 -0.003132995 -0.419507037 0.014343297 0.002962977 0.999892712 0.171567998
70200000 0.752978885 1.346454644 0.500000000 0.500000000 0.000000000 0.000000000 0.999639273 -0.013417166 -0.023266725 -1.852050069 0.013327532 0.999903142 -0.004003272 -0.511315964 0.023318186 0.003691740 0.999721289 0.206515995
70280000 0.752978885 1.346454644 0.500000000 0.500000000 0.000000000 0.000000000 0.999272585 -0.015212172 -0.034970358 -1.582940070 0.015063257 0.999876320 -0.004517844 -0.577785977 0.035034761 0.003987790 0.999378145 0.252480004
70360000 0.752978885 1.346454644 0.500000000 0.500000000 0.000000000 0.000000000 0.998729169 -0.017138712 -0.047395438 -1.325110017 0.016912833 0.999843657 -0.005162769 -0.617951001 0.047476508 0.004354616 0.998862863 0.300749013
70440000 0.752978885 1.346454644 0.500000000 0.500000000 0.000000000 0.000000000 0.997817874 -0.019008363 -0.063230775 -1.087949920 0.018714955 0.999811172 -0.005229346 -0.622243989 0.063318230 0.004034575 0.997985244 0.337522027
70520000 0.752978885 1.346454644 0.500000000 0.500000000 0.000000000 0.000000000 0.996184230 -0.020892203 -0.084737711 -0.871544962 0.020449352 0.999772310 -0.006090858 -0.597235977 0.084845670 0.004334785 0.996384680 0.366930006
70600000 0.752978885 1.346454644 0.500000000 0.500000000 0.000000000 0.000000000 0.993558943 -0.022692285 -0.111021310 -0.667429046 0.022068065 0.999733031 -0.006848283 -0.559570088 0.111147076 0.004354144 0.993794441 0.401400000
70680000 0.752978885 1.346454644 0.500000000 0.500000000 0.000000000 0.000000000 0.989533484 -0.024538739 -0.142201751 -0.489486973 0.023711523 0.999690652 -0.007509050 -0.503521072 0.142342031 0.004058638 0.989809215 0.435247010
70760000 0.752978885 1.346454644 0.500000000 0.500000000 0.000000000 0.000000000 0.983672023 -0.027121902 -0.177915081 -0.322157003 0.026044685 0.999625564 -0.008387809 -0.443074971 0.178075954 0.003617109 0.984010100 0.467633980
70840000 0.752978885 1.346454644 0.500000000 0.500000000 0.000000000 0.000000000 0.975686073 -0.028823366 -0.217269272 -0.168211008 0.027550584 0.999580920 -0.008885599 -0.360587992 0.217434317 0.002683664 0.976071298 0.465982027
70920000 0.752978885 1.346454644 0.500000000 0.500000000 0.000000000 0.000000000 0.965180337 -0.030601468 -0.259789348 -0.004669778 0.028976344 0.999529243 -0.010083805 -0.281677031 0.259975612 0.002204944 0.965612650 0.448738965
71000000 0.752978885 1.346454644 0.500000000 0.500000000 0.000000000 0.000000000 0.952897370 -0.031290092 -0.301674664 0.158680021 0.029254986 0.999508500 -0.011262842 -0.211228980 0.301878810 0.001906852 0.953344464 0.440058025
71080000 0.752978885 1.346454644 0.500000000 0.500000000 0.000000000 0.000000000 0.938721538 -0.032421671 -0.343148351 0.337453058 0.030109845 0.999473810 -0.012064320 -0.144653005 0.343358934 0.000992902 0.939203799 0.436839055
71160000 0.752978885 1.346454644 0.500000000 0.500000000 0.000000000 0.000000000 0.923180103 -0.033546295 -0.382900745 0.530252918 0.030741449 0.999436975 -0.013443460 -0.098253108 0.383136123 0.000639800 0.923691571 0.454743927
71240000 0.752978885 1.346454644 0.500000000 0.500000000 0.000000000 0.000000000 0.906335890 -0.034282830 -0.421164840 0.739583962 0.031325895 0.999412000 -0.013939641 -0.051166604 0.421395093 -0.000559373 0.906876922 0.474706997
71320000 0.752978885 1.346454644 0.500000000 0.500000000 0.000000000 0.000000000 0.889107585 -0.034853145 -0.456369400 0.958309033 0.031700149 0.999391317 -0.014565154 -0.008590282 0.456599236 -0.001516980 0.889671266 0.528930033
71400000 0.752978885 1.346454644 0.500000000 0.500000000 0.000000000 0.000000000 0.872010589 -0.035805129 -0.488175541 1.175559726 0.032234505 0.999356747 -0.015718244 0.058427187 0.488424331 -0.002029630 0.872603834 0.596372862
71480000 0.752978885 1.346454644 0.500000000 0.500000000 0.000000000 0.000000000 0.854917228 -0.036463607 -0.517481387 1.380750097 0.032642599 0.999331057 -0.016488511 0.109090004 0.517736495 -0.002795623 0.855535626 0.674526113
71560000 0.752978885 1.346454644 0.500000000 0.500000000 0.000000000 0.000000000 0.838540792 -0.036504865 -0.543614447 1.572019983 0.032759316 0.999325812 -0.016574668 0.136325984 0.543852985 -0.003909912 0.839171290 0.769153876
71640000 0.752978885 1.346454644 0.500000000 0.500000000 0.000000000 0.000000000 0.822381318 -0.036602676 -0.567758203 1.752120479 0.032807440 0.999318719 -0.016904237 0.163060024 0.567990184 -0.004724954 0.823021889 0.874003259
71720000 0.752978885 1.346454644 0.500000000 0.500000000 0.000000000 0.000000000 0.809128821 -0.036645453 -0.586487830 1.924440678 0.032718021 0.999314845 -0.017301733 0.200497025 0.586720049 -0.005189374 0.809773445 1.001730380
71800000 0.752978885 1.346454644 0.500000000 0.500000000 0.000000000 0.000000000 0.797229588 -0.036383834 -0.602578759 2.126469942 0.032486480 0.999321401 -0.017358664 0.247381984 0.602801442 -0.005736823 0.797870576 1.129359852
71880000 0.752978885 1.346454644 0.500000000 0.500000000 0.000000000 0.000000000 0.787687898 -0.035827380 -0.615032136 2.355480723 0.031995434 0.999339342 -0.017236978 0.304236024 0.615243375 -0.006100844 0.788313866 1.268340294
71960000 0.752978885 1.346454644 0.500000000 0.500000000 0.000000000 0.000000000 0.779053152 -0.035349518 -0.625960290 2.587709199 0.031835087 0.999351680 -0.016814757 0.366162926 0.626148880 -0.006827930 0.779673398 1.407129604
72040000 0.752978885 1.346454644 0.500000000 0.500000000 0.000000000 0.000000000 0.771470308 -0.035122458 -0.635295331 2.830310844 0.031804454 0.999355793 -0.016627919 0.425211047 0.635470092 -0.007377268 0.772090375 1.560760513
72120000 0.752978885 1.346454644 0.500000000 0.500000000 0.000000000 0.000000000 0.765659928 -0.034614537 -0.642313778 3.076871084 0.031558018 0.999369979 -0.016238201 0.484394029 0.642471254 -0.007837195 0.766269922 1.720500829
72200000 0.752978885 1.346454644 0.500000000 0.500000000 0.000000000 0.000000000 0.761134028 -0.034392092 -0.647681892 3.327078913 0.031768415 0.999371409 -0.015733730 0.533938989 0.647815883 -0.008600367 0.761748195 1.857099366
72280000 0.752978885 1.346454644 0.500000000 0.500000000 0.000000000 0.000000000 0.758172572 -0.033801101 -0.651177347 3.563980740 0.031821921 0.999383628 -0.014825089 0.578932063 0.651277125 -0.009481736 0.758780837 1.976050698
