https://www.youtube.com/watch?v=1eS0yrnHst8
48214833 0.691459888 1.241571683 0.500000000 0.500000000 0.000000000 0.000000000 0.998913467 -0.044541053 0.013711059 -5.587959751 0.044434510 0.998980403 0.007979876 -0.146995003 -0.014052512 -0.007361962 0.999874175 3.411480237
48281567 0.691459888 1.241571683 0.500000000 0.500000000 0.000000000 0.000000000 0.998801172 -0.043334346 0.022766229 -4.930399474 0.043421444 0.999051213 -0.003345194 -0.143397990 -0.022599667 0.004329727 0.999735236 3.027200110
48348300 0.691459888 1.241571683 0.500000000 0.500000000 0.000000000 0.000000000 0.998509109 -0.047534809 0.026832564 -4.258329823 0.047745675 0.998833060 -0.007273078 -0.156278003 -0.026455527 0.008543374 0.999613464 2.697199880
48415033 0.691459888 1.241571683 0.500000000 0.500000000 0.000000000 0.000000000 0.997954965 -0.055316444 0.032031476 -3.558950111 0.055779759 0.998348355 -0.013755433 -0.180391995 -0.031217672 0.015514011 0.999392211 2.236870285
48481767 0.691459888 1.241571683 0.500000000 0.500000000 0.000000000 0.000000000 0.997343123 -0.065189853 0.032510880 -2.818730167 0.065714717 0.997720480 -0.015344713 -0.209263027 -0.031436455 0.017440386 0.999353588 1.822630043
48548500 0.691459888 1.241571683 0.500000000 0.500000000 0.000000000 0.000000000 0.997274697 -0.067274146 0.030288538 -2.119450054 0.067846619 0.997528195 -0.018286219 -0.175028995 -0.028983479 0.020291356 0.999373913 1.331449993
48615233 0.691459888 1.241571683 0.500000000 0.500000000 0.000000000 0.000000000 0.997252941 -0.066911444 0.031771168 -1.377320046 0.067315057 0.997661889 -0.011807527 -0.116983001 -0.030906826 0.013913771 0.999425411 0.879369027
48681967 0.691459888 1.241571683 0.500000000 0.500000000 0.000000000 0.000000000 0.996996641 -0.068968371 0.035229255 -0.639069095 0.069304436 0.997560143 -0.008407450 -0.097299913 -0.034563448 0.010823744 0.999343872 0.452850978
48748700 0.691459888 1.241571683 0.500000000 0.500000000 0.000000000 0.000000000 0.997296572 -0.063656360 0.036707405 0.056223997 0.064016938 0.997910619 -0.008731763 -0.068476802 -0.036074881 0.011058052 0.999287903 0.000028157
48815433 0.691459888 1.241571683 0.500000000 0.500000000 0.000000000 0.000000000 0.997262359 -0.055628344 0.048715774 0.716614973 0.056158550 0.998375893 -0.009582330 -0.053660708 -0.048103604 0.012291907 0.998766720 -0.486077994
48882167 0.691459888 1.241571683 0.500000000 0.500000000 0.000000000 0.000000000 0.996742487 -0.055692062 0.058333315 1.278339953 0.056388900 0.998355031 -0.010367289 -0.016910497 -0.057659984 0.013622871 0.998243332 -1.061059877
48948900 0.691459888 1.241571683 0.500000000 0.500000000 0.000000000 0.000000000 0.995882213 -0.061700184 0.066420734 1.775259967 0.062518172 0.997990608 -0.010306028 0.023341188 -0.065651387 0.014416092 0.997738481 -1.683709946
49015633 0.691459888 1.241571683 0.500000000 0.500000000 0.000000000 0.000000000 0.995542586 -0.063889563 0.069376469 2.175869767 0.064767048 0.997845471 -0.010471019 0.082336290 -0.068558007 0.014917652 0.997535586 -2.380069726
49082367 0.691459888 1.241571683 0.500000000 0.500000000 0.000000000 0.000000000 0.995131135 -0.066589803 0.072662577 2.454269849 0.067516625 0.997664213 -0.010371562 0.151017989 -0.071802214 0.015227001 0.997302651 -3.126070132
49149100 0.691459888 1.241571683 0.500000000 0.500000000 0.000000000 0.000000000 0.995088637 -0.071132824 0.068838663 2.655770208 0.071864814 0.997380555 -0.008212755 0.238607031 -0.068074144 0.013119496 0.997593999 -3.922930044
