https://www.youtube.com/watch?v=NyBxVwt5EPQ
92492000 0.814834955 1.449090810 0.500000000 0.500000000 0.000000000 0.000000000 0.667221844 -0.262257695 0.697162867 0.720026164 0.293420255 0.952827692 0.077614509 2.368640474 -0.684631109 0.152775556 0.712699175 -5.654371494
92592000 0.814834955 1.449090810 0.500000000 0.500000000 0.000000000 0.000000000 0.616696477 -0.272684574 0.738464296 0.147186294 0.285602629 0.951674104 0.112905487 1.902271708 -0.733564913 0.141278610 0.664773405 -4.960034847
92659000 0.814834955 1.449090810 0.500000000 0.500000000 0.000000000 0.000000000 0.595595360 -0.282641381 0.751917422 -0.063331824 0.285865277 0.949353039 0.130421817 1.660559718 -0.750697672 0.137268513 0.646227717 -4.530919531
92726000 0.814834955 1.449090810 0.500000000 0.500000000 0.000000000 0.000000000 0.575184107 -0.289334387 0.765146375 -0.269212005 0.284767002 0.947675407 0.144288242 1.409290190 -0.766857982 0.134896100 0.627480686 -4.075250768
92792000 0.814834955 1.449090810 0.500000000 0.500000000 0.000000000 0.000000000 0.556516528 -0.295974225 0.776330173 -0.479470045 0.286188692 0.945501685 0.155314550 1.092649944 -0.779990613 0.135741845 0.610891819 -3.578499883
92859000 0.814834955 1.449090810 0.500000000 0.500000000 0.000000000 0.000000000 0.538199425 -0.303805053 0.786158025 -0.682564507 0.298124552 0.941092372 0.159583881 0.785396658 -0.788329661 0.148484841 0.597067058 -3.061331643
92926000 0.814834955 1.449090810 0.500000000 0.500000000 0.000000000 0.000000000 0.527619839 -0.307752162 0.791773677 -0.814935431 0.318172783 0.935814261 0.151715830 0.677431747 -0.787644029 0.171872661 0.591672540 -2.672259094
92993000 0.814834955 1.449090810 0.500000000 0.500000000 0.000000000 0.000000000 0.523757398 -0.301220119 0.796833575 -0.791418298 0.328653455 0.934430242 0.137211233 0.609369220 -0.785916150 0.190017015 0.588411927 -2.280808292
93059000 0.814834955 1.449090810 0.500000000 0.500000000 0.000000000 0.000000000 0.512193263 -0.297986776 0.805519819 -0.793127136 0.337262005 0.932329178 0.130447984 0.488416248 -0.789881468 0.204856545 0.578032315 -1.861530582
93126000 0.814834955 1.449090810 0.500000000 0.500000000 0.000000000 0.000000000 0.496854126 -0.292823851 0.816939414 -0.745824789 0.343296945 0.930888116 0.124877967 0.404769912 -0.797046483 0.218406737 0.563041151 -1.457849792
93193000 0.814834955 1.449090810 0.500000000 0.500000000 0.000000000 0.000000000 0.485968590 -0.287159234 0.825454473 -0.818031838 0.341743976 0.931718290 0.122931778 0.370830481 -0.804392099 0.222352773 0.550920606 -1.010671002
93260000 0.814834955 1.449090810 0.500000000 0.500000000 0.000000000 0.000000000 0.487616956 -0.285426050 0.825082660 -0.745131768 0.328332275 0.935625553 0.129625201 0.147477984 -0.808966875 0.207693905 0.549941480 -0.503769837
93326000 0.814834955 1.449090810 0.500000000 0.500000000 0.000000000 0.000000000 0.493038654 -0.285263777 0.821910560 -0.472842764 0.319587827 0.938053429 0.133863166 -0.158321012 -0.809182346 0.196673051 0.553663492 -0.005155420
93393000 0.814834955 1.449090810 0.500000000 0.500000000 0.000000000 0.000000000 0.485271692 -0.283204913 0.827227712 -0.239400872 0.319174349 0.938181102 0.133954957 -0.523243896 -0.814026117 0.199025527 0.545664549 0.543331594
93460000 0.814834955 1.449090810 0.500000000 0.500000000 0.000000000 0.000000000 0.466930270 -0.281795353 0.838193178 0.065072970 0.328356355 0.935349584 0.131542042 -0.909198183 -0.821071625 0.213805005 0.529272258 1.119880442
93526000 0.814834955 1.449090810 0.500000000 0.500000000 0.000000000 0.000000000 0.448659122 -0.272295982 0.851211250 0.393118358 0.344863683 0.931434274 0.116186798 -1.046770498 -0.824484527 0.241423368 0.511801362 1.619621122
93593000 0.814834955 1.449090810 0.500000000 0.500000000 0.000000000 0.000000000 0.434354126 -0.258517236 0.862847269 0.574453039 0.348136395 0.931669831 0.103886537 -1.128710190 -0.830745280 0.255264938 0.494673908 2.193310364
93660000 0.814834955 1.449090810 0.500000000 0.500000000 0.000000000 0.000000000 0.416762829 -0.247257128 0.874741971 0.947029737 0.340420961 0.934722126 0.102020793 -1.273440843 -0.842866004 0.255261779 0.473728836 2.872232479
93727000 0.814834955 1.449090810 0.500000000 0.500000000 0.000000000 0.000000000 0.405066133 -0.242029190 0.881670237 0.986310073 0.335663795 0.936352789 0.102826133 -1.386748780 -0.850441217 0.254293680 0.460525334 3.481346638
93793000 0.814834955 1.449090810 0.500000000 0.500000000 0.000000000 0.000000000 0.404262841 -0.246776342 0.880722940 1.146390002 0.329191923 0.937642395 0.111621842 -1.430559655 -0.853348792 0.244802371 0.460290790 4.040579531
93860000 0.814834955 1.449090810 0.500000000 0.500000000 0.000000000 0.000000000 0.403969467 -0.254897624 0.878542542 1.301541312 0.315413266 0.940311253 0.127786309 -1.550421937 -0.858675838 0.225481868 0.460255027 4.665944909
93927000 0.814834955 1.449090810 0.500000000 0.500000000 0.000000000 0.000000000 0.403746009 -0.261768103 0.876621962 1.469419153 0.303279877 0.942306876 0.141700625 -1.746669103 -0.863139629 0.208650887 0.459841669 5.238177345
94027000 0.814834955 1.449090810 0.500000000 0.500000000 0.000000000 0.000000000 0.402671635 -0.262343913 0.876944244 1.559409724 0.291130394 0.945005119 0.149024770 -2.101210170 -0.867812574 0.195297077 0.456903040 6.107210391
94094000 0.814834955 1.449090810 0.500000000 0.500000000 0.000000000 0.000000000 0.418919265 -0.266816050 0.867937207 1.537488799 0.299782485 0.942898154 0.145166859 -2.741117848 -0.857109189 0.199379459 0.474985063 6.581123213
