https://www.youtube.com/watch?v=BOTIkzO-sNI
16620689 0.899664607 1.599950773 0.500000000 0.500000000 0.000000000 0.000000000 0.999954820 0.006590409 -0.006854462 -4.641670168 -0.006541355 0.999953032 0.007154452 -0.006586992 0.006901291 -0.007109291 0.999950886 3.047189725
16758622 0.899664607 1.599950773 0.500000000 0.500000000 0.000000000 0.000000000 0.999999702 -0.000287311 -0.000698084 -3.756939608 0.000287973 0.999999523 0.000947348 -0.051530203 0.000697812 -0.000947548 0.999999285 2.478029842
16827589 0.899664607 1.599950773 0.500000000 0.500000000 0.000000000 0.000000000 0.999988019 -0.004454518 -0.002018096 -3.334809840 0.004449887 0.999987483 -0.002293575 -0.081411695 0.002028288 0.002284567 0.999995351 2.162130302
16896544 0.899664607 1.599950773 0.500000000 0.500000000 0.000000000 0.000000000 0.999960423 -0.007933781 -0.004029866 -2.922790255 0.007914652 0.999957442 -0.004741060 -0.085593000 0.004067309 0.004708977 0.999980628 1.833149978
16965511 0.899664607 1.599950773 0.500000000 0.500000000 0.000000000 0.000000000 0.999908745 -0.010396650 -0.008625652 -2.479739871 0.010356752 0.999935508 -0.004657304 -0.093441894 0.008673516 0.004567545 0.999951959 1.432100129
17034478 0.899664607 1.599950773 0.500000000 0.500000000 0.000000000 0.000000000 0.999847889 -0.011703018 -0.012931565 -2.002669938 0.011646289 0.999922276 -0.004453546 -0.083177100 0.012982680 0.004302264 0.999906480 1.067629947
17103444 0.899664607 1.599950773 0.500000000 0.500000000 0.000000000 0.000000000 0.999810040 -0.011489538 -0.015743209 -1.520279963 0.011427299 0.999926567 -0.004037682 -0.061960605 0.015788445 0.003857012 0.999867916 0.662970991
17172411 0.899664607 1.599950773 0.500000000 0.500000000 0.000000000 0.000000000 0.999714375 -0.010561108 -0.021440256 -1.007060063 0.010445277 0.999930263 -0.005507276 -0.024114499 0.021496926 0.005281754 0.999754965 0.237352985
17241378 0.899664607 1.599950773 0.500000000 0.500000000 0.000000000 0.000000000 0.999633610 -0.009136079 -0.025478376 -0.484674950 0.008943612 0.999930680 -0.007657851 0.012639000 0.025546571 0.007427176 0.999646068 -0.159739011
17310344 0.899664607 1.599950773 0.500000000 0.500000000 0.000000000 0.000000000 0.999598265 -0.007456081 -0.027345423 0.036389702 0.007195118 0.999927759 -0.009629183 0.046391098 0.027415242 0.009428562 0.999579668 -0.498972977
17379311 0.899664607 1.599950773 0.500000000 0.500000000 0.000000000 0.000000000 0.999592245 -0.008690568 -0.027199628 0.570576031 0.008375522 0.999896765 -0.011675330 0.056307804 0.027298285 0.011442758 0.999561846 -0.866034011
17448278 0.899664607 1.599950773 0.500000000 0.500000000 0.000000000 0.000000000 0.999554038 -0.015582860 -0.025473837 1.397399978 0.015126182 0.999723136 -0.018022809 0.092126602 0.025747631 0.017629448 0.999513030 -1.422080029
17793100 0.899664607 1.599950773 0.500000000 0.500000000 0.000000000 0.000000000 0.999198258 -0.017390784 -0.036061402 4.463830047 0.016887300 0.999756277 -0.014219800 0.183483006 0.036299910 0.013599420 0.999248385 -3.359209684
