https://www.youtube.com/watch?v=S70mtQERtZ0
17226000 0.685189256 1.223552265 0.500000000 0.500000000 0.000000000 0.000000000 0.999979079 -0.005028997 0.004066475 -4.243689942 0.005042733 0.999981582 -0.003374759 -0.121037997 -0.004049428 0.003395194 0.999986053 3.841869947
17309000 0.685189256 1.223552265 0.500000000 0.500000000 0.000000000 0.000000000 0.999979317 -0.005089610 0.003927140 -3.985599823 0.005103399 0.999980807 -0.003508951 -0.116721997 -0.003909205 0.003528920 0.999986112 3.618439810
17392000 0.685189256 1.223552265 0.500000000 0.500000000 0.000000000 0.000000000 0.999978006 -0.005354318 0.003914445 -3.721370092 0.005368407 0.999979138 -0.003597627 -0.117584000 -0.003895100 0.003618562 0.999985874 3.389820001
17476000 0.685189256 1.223552265 0.500000000 0.500000000 0.000000000 0.000000000 0.999975801 -0.005796617 0.003841470 -3.454839640 0.005809850 0.999977171 -0.003442375 -0.123217987 -0.003821429 0.003464610 0.999986708 3.165960107
17559000 0.685189256 1.223552265 0.500000000 0.500000000 0.000000000 0.000000000 0.999974072 -0.006178868 0.003702370 -3.187359937 0.006192234 0.999974310 -0.003609715 -0.124816999 -0.003679971 0.003632547 0.999986649 2.926400095
17643000 0.685189256 1.223552265 0.500000000 0.500000000 0.000000000 0.000000000 0.999972820 -0.006422473 0.003626469 -2.912990165 0.006435812 0.999972522 -0.003678327 -0.125431002 -0.003602746 0.003701566 0.999986649 2.688729824
17726000 0.685189256 1.223552265 0.500000000 0.500000000 0.000000000 0.000000000 0.999973536 -0.006395137 0.003460906 -2.636859570 0.006408361 0.999972165 -0.003823291 -0.128291992 -0.003436359 0.003845368 0.999986708 2.440839958
17809000 0.685189256 1.223552265 0.500000000 0.500000000 0.000000000 0.000000000 0.999973655 -0.006488895 0.003254804 -2.349809770 0.006501562 0.999971271 -0.003896780 -0.131836995 -0.003229424 0.003917838 0.999987125 2.184989983
17893000 0.685189256 1.223552265 0.500000000 0.500000000 0.000000000 0.000000000 0.999971211 -0.006872919 0.003217822 -2.061549962 0.006885358 0.999968827 -0.003870563 -0.134673999 -0.003191120 0.003892607 0.999987304 1.917849922
17976000 0.685189256 1.223552265 0.500000000 0.500000000 0.000000000 0.000000000 0.999969423 -0.007151797 0.003159920 -1.767369991 0.007164060 0.999966800 -0.003886702 -0.131987011 -0.003132018 0.003909220 0.999987483 1.646770078
18060000 0.685189256 1.223552265 0.500000000 0.500000000 0.000000000 0.000000000 0.999969423 -0.007211809 0.003027966 -1.461490068 0.007223647 0.999966264 -0.003917105 -0.122840010 -0.002999614 0.003938857 0.999987721 1.365489862
18143000 0.685189256 1.223552265 0.500000000 0.500000000 0.000000000 0.000000000 0.999968469 -0.007358353 0.002979777 -1.157209975 0.007370100 0.999965012 -0.003950462 -0.113098998 -0.002950604 0.003972299 0.999987781 1.081130040
18227000 0.685189256 1.223552265 0.500000000 0.500000000 0.000000000 0.000000000 0.999966204 -0.007690259 0.002913410 -0.854019043 0.007702532 0.999961436 -0.004224924 -0.094688999 -0.002880807 0.004247222 0.999986827 0.787852987
18310000 0.685189256 1.223552265 0.500000000 0.500000000 0.000000000 0.000000000 0.999965668 -0.007771590 0.002867851 -0.548432983 0.007783879 0.999960482 -0.004299105 -0.077964407 -0.002834326 0.004321280 0.999986649 0.485707021
18393000 0.685189256 1.223552265 0.500000000 0.500000000 0.000000000 0.000000000 0.999963582 -0.008101253 0.002688572 -0.246025010 0.008113114 0.999957263 -0.004430501 -0.058812396 -0.002652564 0.004452153 0.999986589 0.167296992
18477000 0.685189256 1.223552265 0.500000000 0.500000000 0.000000000 0.000000000 0.999961078 -0.008400846 0.002689915 0.059940100 0.008413352 0.999953687 -0.004672159 -0.037092398 -0.002650541 0.004694609 0.999985456 -0.152545004
18560000 0.685189256 1.223552265 0.500000000 0.500000000 0.000000000 0.000000000 0.999960780 -0.008448926 0.002645093 0.361004976 0.008461214 0.999953330 -0.004669360 -0.020630900 -0.002605518 0.004691558 0.999985576 -0.477231993
18644000 0.685189256 1.223552265 0.500000000 0.500000000 0.000000000 0.000000000 0.999956846 -0.008886221 0.002712200 0.656222021 0.008899410 0.999948442 -0.004890229 0.003218561 -0.002668604 0.004914154 0.999984384 -0.800396044
18727000 0.685189256 1.223552265 0.500000000 0.500000000 0.000000000 0.000000000 0.999954641 -0.008986886 0.003146057 0.951707987 0.009002582 0.999946892 -0.005011202 0.027344597 -0.003100855 0.005039298 0.999982476 -1.131249907
18810000 0.685189256 1.223552265 0.500000000 0.500000000 0.000000000 0.000000000 0.999950349 -0.009157490 0.003925162 1.236830029 0.009177497 0.999944806 -0.005109653 0.047859298 -0.003878154 0.005145423 0.999979258 -1.476009903
18894000 0.685189256 1.223552265 0.500000000 0.500000000 0.000000000 0.000000000 0.999943912 -0.009148303 0.005332298 1.513869911 0.009176306 0.999944091 -0.005250952 0.071082099 -0.005283962 0.005299589 0.999971986 -1.820950007
18977000 0.685189256 1.223552265 0.500000000 0.500000000 0.000000000 0.000000000 0.999928832 -0.009035005 0.007788251 1.776519916 0.009076935 0.999944389 -0.005365311 0.094160897 -0.007739343 0.005435623 0.999955297 -2.164650099
19061000 0.685189256 1.223552265 0.500000000 0.500000000 0.000000000 0.000000000 0.999901891 -0.009035971 0.010701627 2.027939984 0.009096041 0.999943078 -0.005577845 0.126854997 -0.010650616 0.005674640 0.999927163 -2.519539942
19144000 0.685189256 1.223552265 0.500000000 0.500000000 0.000000000 0.000000000 0.999861896 -0.008934152 0.014012502 2.259740174 0.009015027 0.999943018 -0.005719128 0.159837003 -0.013960608 0.005844661 0.999885440 -2.866359853
19228000 0.685189256 1.223552265 0.500000000 0.500000000 0.000000000 0.000000000 0.999805450 -0.008693150 0.017705077 2.475059794 0.008798483 0.999944031 -0.005880087 0.190715013 -0.017652968 0.006034721 0.999825954 -3.217179980
19353000 0.685189256 1.223552265 0.500000000 0.500000000 0.000000000 0.000000000 0.999684632 -0.008600932 0.023594273 2.778140030 0.008747932 0.999942899 -0.006134223 0.233383996 -0.023540167 0.006338689 0.999702811 -3.735570243
19436000 0.685189256 1.223552265 0.500000000 0.500000000 0.000000000 0.000000000 0.999573231 -0.008497420 0.027948895 2.964270217 0.008678337 0.999942124 -0.006358196 0.257925014 -0.027893251 0.006598033 0.999589145 -4.076270229
19520000 0.685189256 1.223552265 0.500000000 0.500000000 0.000000000 0.000000000 0.999445081 -0.008320682 0.032252856 3.141929991 0.008537050 0.999941945 -0.006576606 0.273583001 -0.032196261 0.006848301 0.999458075 -4.414710014
19603000 0.685189256 1.223552265 0.500000000 0.500000000 0.000000000 0.000000000 0.999292195 -0.008346641 0.036680084 3.317529916 0.008599178 0.999940336 -0.006732493 0.283074979 -0.036621701 0.007043147 0.999304354 -4.769770111
19686000 0.685189256 1.223552265 0.500000000 0.500000000 0.000000000 0.000000000 0.999123514 -0.008391175 0.041009489 3.493139904 0.008682182 0.999938369 -0.006923131 0.287252031 -0.040948864 0.007273114 0.999134779 -5.126760024
