https://www.youtube.com/watch?v=7rnYak4V5tY
45145100 0.931460019 1.665609429 0.500000000 0.500000000 0.000000000 0.000000000 0.997622013 0.055909194 -0.040304348 5.532260071 -0.056911804 0.998086512 -0.024172360 -0.939233950 0.038875766 0.026408674 0.998894989 0.022636688
45211833 0.931460019 1.665609429 0.500000000 0.500000000 0.000000000 0.000000000 0.996360242 0.061071444 -0.059468493 5.267269745 -0.062563911 0.997762740 -0.023565216 -0.949042036 0.057896286 0.027200026 0.997951984 0.094862182
45278567 0.931460019 1.665609429 0.500000000 0.500000000 0.000000000 0.000000000 0.994730353 0.066077419 -0.078391664 5.005129338 -0.068005271 0.997438371 -0.022180293 -0.978389971 0.076725237 0.027394455 0.996675849 0.184239981
45345300 0.931460019 1.665609429 0.500000000 0.500000000 0.000000000 0.000000000 0.992839694 0.071064405 -0.096016407 4.697100099 -0.073323436 0.997103572 -0.020203285 -1.015539959 0.094302565 0.027098875 0.995174706 0.248623990
45412033 0.931460019 1.665609429 0.500000000 0.500000000 0.000000000 0.000000000 0.990684330 0.075404383 -0.113396533 4.389339887 -0.077948250 0.996791959 -0.018163063 -1.041740007 0.111663170 0.026832916 0.993383765 0.301910004
45478767 0.931460019 1.665609429 0.500000000 0.500000000 0.000000000 0.000000000 0.988313615 0.079803392 -0.129875511 4.057600045 -0.082615137 0.996446609 -0.016399112 -1.048930000 0.128105313 0.026937146 0.991394699 0.373706011
45545500 0.931460019 1.665609429 0.500000000 0.500000000 0.000000000 0.000000000 0.985643029 0.083868094 -0.146540046 3.744960245 -0.086865582 0.996119320 -0.014165654 -1.050179921 0.144783318 0.026691552 0.989103317 0.429313971
45612233 0.931460019 1.665609429 0.500000000 0.500000000 0.000000000 0.000000000 0.982700765 0.087794393 -0.163068801 3.432530200 -0.091206118 0.995739996 -0.013539930 -0.983417993 0.161185384 0.028178561 0.986521780 0.496378009
45678967 0.931460019 1.665609429 0.500000000 0.500000000 0.000000000 0.000000000 0.979410648 0.091006316 -0.180201843 3.154170314 -0.094866700 0.995406389 -0.012903241 -0.902041075 0.178199783 0.029732715 0.983545005 0.553502001
45745700 0.931460019 1.665609429 0.500000000 0.500000000 0.000000000 0.000000000 0.976125240 0.094127573 -0.195753768 2.832470034 -0.098383822 0.995074809 -0.012111914 -0.818632036 0.193649575 0.031081751 0.980578303 0.569107998
45812433 0.931460019 1.665609429 0.500000000 0.500000000 0.000000000 0.000000000 0.972660542 0.096909657 -0.211044997 2.506789749 -0.101580039 0.994762301 -0.011375844 -0.721378038 0.208837181 0.032502800 0.977410138 0.617169000
45879167 0.931460019 1.665609429 0.500000000 0.500000000 0.000000000 0.000000000 0.969015658 0.099670254 -0.225996628 2.199459956 -0.104787923 0.994436681 -0.010731915 -0.609440043 0.223669693 0.034081131 0.974068940 0.632373004
45945900 0.931460019 1.665609429 0.500000000 0.500000000 0.000000000 0.000000000 0.965323925 0.102062039 -0.240277037 1.900079876 -0.107612796 0.994141996 -0.010059426 -0.495487986 0.237842813 0.035567500 0.970652223 0.660899966
46012633 0.931460019 1.665609429 0.500000000 0.500000000 0.000000000 0.000000000 0.961656868 0.104657091 -0.253501505 1.600680017 -0.110314988 0.993863106 -0.008166993 -0.415212970 0.251091093 0.035818838 0.967300534 0.634606051
46079367 0.931460019 1.665609429 0.500000000 0.500000000 0.000000000 0.000000000 0.958317101 0.106065989 -0.265289068 1.276890051 -0.111896694 0.993695736 -0.006917713 -0.313412981 0.262882888 0.036314338 0.964144111 0.630344007
46146100 0.931460019 1.665609429 0.500000000 0.500000000 0.000000000 0.000000000 0.955218852 0.108320825 -0.275360703 0.924090944 -0.114276014 0.993433118 -0.005625750 -0.210430994 0.272943079 0.036840949 0.961324513 0.589745974
46212833 0.931460019 1.665609429 0.500000000 0.500000000 0.000000000 0.000000000 0.951533973 0.110224977 -0.287112594 0.658637085 -0.116171077 0.993222296 -0.003701724 -0.123661002 0.284758627 0.036876481 0.957889676 0.586681002
46279567 0.931460019 1.665609429 0.500000000 0.500000000 0.000000000 0.000000000 0.948291123 0.111823037 -0.297051460 0.359466980 -0.117424712 0.993081272 -0.001021544 -0.069684992 0.294882029 0.035849899 0.954860926 0.514260019
46346300 0.931460019 1.665609429 0.500000000 0.500000000 0.000000000 0.000000000 0.945081115 0.113646209 -0.306441307 0.075710599 -0.118944705 0.992899895 0.001393104 -0.006449641 0.304423869 0.035132945 0.951888561 0.436304030
46413033 0.931460019 1.665609429 0.500000000 0.500000000 0.000000000 0.000000000 0.942493618 0.115037702 -0.313802630 -0.274085975 -0.120178647 0.992747784 0.002982214 0.096623304 0.311869949 0.034901679 0.949483514 0.339496987
46479767 0.931460019 1.665609429 0.500000000 0.500000000 0.000000000 0.000000000 0.940500021 0.116858520 -0.319066852 -0.659539917 -0.121603988 0.992565691 0.005081095 0.176598007 0.317288607 0.034021057 0.947718561 0.254209014
46546500 0.931460019 1.665609429 0.500000000 0.500000000 0.000000000 0.000000000 0.939147174 0.118419148 -0.322458386 -1.059469989 -0.122906707 0.992397010 0.006485575 0.293971989 0.320774734 0.033541415 0.946561396 0.083709445
46613233 0.931460019 1.665609429 0.500000000 0.500000000 0.000000000 0.000000000 0.937946022 0.120248772 -0.325265169 -1.457529986 -0.124773137 0.992160618 0.006996245 0.424672972 0.323556602 0.034022287 0.945596933 -0.096565131
46679967 0.931460019 1.665609429 0.500000000 0.500000000 0.000000000 0.000000000 0.936864257 0.121898286 -0.327759147 -1.851889729 -0.126377627 0.991952419 0.007684359 0.521460918 0.326058209 0.034222260 0.944729984 -0.278380930
46746700 0.931460019 1.665609429 0.500000000 0.500000000 0.000000000 0.000000000 0.936204731 0.123605922 -0.329001814 -2.280719668 -0.128058925 0.991732717 0.008190449 0.600539945 0.327294260 0.034463700 0.944293737 -0.496913887
46813433 0.931460019 1.665609429 0.500000000 0.500000000 0.000000000 0.000000000 0.934990764 0.125393987 -0.331766158 -2.628240559 -0.129906505 0.991488636 0.008636564 0.664189006 0.330025345 0.035023440 0.943322182 -0.724258151
46880167 0.931460019 1.665609429 0.500000000 0.500000000 0.000000000 0.000000000 0.933581352 0.127504662 -0.334915519 -2.934079779 -0.132549062 0.991145313 0.007853690 0.763620997 0.332951307 0.037060682 0.942215443 -0.958534936
46946900 0.931460019 1.665609429 0.500000000 0.500000000 0.000000000 0.000000000 0.932273805 0.129764661 -0.337678492 -3.234920371 -0.135270849 0.990781903 0.007282136 0.854410066 0.335510731 0.038889088 0.941233397 -1.208290277
47013633 0.931460019 1.665609429 0.500000000 0.500000000 0.000000000 0.000000000 0.931084991 0.132174045 -0.340015799 -3.531630063 -0.138376325 0.990361214 0.006058291 0.971391963 0.337539226 0.041409362 0.940400183 -1.455630049
47080367 0.931460019 1.665609429 0.500000000 0.500000000 0.000000000 0.000000000 0.930130601 0.134617478 -0.341665417 -3.839560258 -0.141175777 0.989968002 0.005722241 1.054590132 0.339008123 0.042912424 0.939804256 -1.723930071
47147100 0.931460019 1.665609429 0.500000000 0.500000000 0.000000000 0.000000000 0.929140627 0.136796743 -0.343488604 -4.116190580 -0.144009173 0.989565849 0.004555048 1.163059948 0.340527743 0.045233212 0.939145803 -1.974790243
47213833 0.931460019 1.665609429 0.500000000 0.500000000 0.000000000 0.000000000 0.926907539 0.137973994 -0.349006534 -4.225169854 -0.145371974 0.989364207 0.005043356 1.184980044 0.345990419 0.046061069 0.937106669 -2.261199833
47280567 0.931460019 1.665609429 0.500000000 0.500000000 0.000000000 0.000000000 0.924638152 0.139768064 -0.354272664 -4.320419298 -0.148049653 0.988972783 0.003766716 1.296600010 0.350892484 0.048967097 0.935134590 -2.539869947
47347300 0.931460019 1.665609429 0.500000000 0.500000000 0.000000000 0.000000000 0.922374904 0.141725838 -0.359358102 -4.403759910 -0.150951445 0.988538206 0.002414232 1.415469968 0.355581373 0.052018814 0.933196604 -2.824300110
47414033 0.931460019 1.665609429 0.500000000 0.500000000 0.000000000 0.000000000 0.919844866 0.143950373 -0.364915848 -4.442319352 -0.154264271 0.988029182 0.000898745 1.550269655 0.360676885 0.055466816 0.931040049 -3.120549631
47480767 0.931460019 1.665609429 0.500000000 0.500000000 0.000000000 0.000000000 0.917472839 0.146208733 -0.369954944 -4.482510264 -0.157381952 0.987537801 -0.000018973 1.660650046 0.365341723 0.058241621 0.929049730 -3.420810064
47547500 0.931460019 1.665609429 0.500000000 0.500000000 0.000000000 0.000000000 0.914663672 0.148575589 -0.375919610 -4.456829756 -0.161291823 0.986903846 -0.002388623 1.837459830 0.370641619 0.062817603 0.926649153 -3.712969616
