https://www.youtube.com/watch?v=OOfT6goUnAg
377276900 0.785226680 1.396435824 0.500000000 0.500000000 0.000000000 0.000000000 0.997986197 0.050899666 -0.037851527 2.738349838 -0.049019035 0.997592449 0.049054958 -2.493779706 0.040257283 -0.047100730 0.998078585 4.711960049
377343633 0.785226680 1.396435824 0.500000000 0.500000000 0.000000000 0.000000000 0.997865498 0.051976155 -0.039533902 2.669240031 -0.049775098 0.997258246 0.054758020 -2.416940080 0.042271618 -0.052673340 0.997716725 4.626450502
377410367 0.785226680 1.396435824 0.500000000 0.500000000 0.000000000 0.000000000 0.997621775 0.052504495 -0.044655073 2.601309936 -0.049741648 0.996904850 0.060880732 -2.334640147 0.047713373 -0.058514725 0.997145653 4.548539668
377477100 0.785226680 1.396435824 0.500000000 0.500000000 0.000000000 0.000000000 0.997462571 0.054077942 -0.046302944 2.540179883 -0.051068332 0.996649802 0.063884169 -2.260279773 0.049602546 -0.061357453 0.996882558 4.463559855
377543833 0.785226680 1.396435824 0.500000000 0.500000000 0.000000000 0.000000000 0.997102618 0.054688312 -0.052872736 2.468129925 -0.051081695 0.996423423 0.067313045 -2.185550052 0.056364868 -0.064417183 0.996329963 4.385979748
377610567 0.785226680 1.396435824 0.500000000 0.500000000 0.000000000 0.000000000 0.996879160 0.053823069 -0.057749495 2.423269887 -0.049677387 0.996240795 0.070968278 -2.112960109 0.061352126 -0.067877956 0.995805442 4.306939498
377677300 0.785226680 1.396435824 0.500000000 0.500000000 0.000000000 0.000000000 0.997000515 0.052857108 -0.056534223 2.404310039 -0.048588939 0.996045709 0.074377984 -2.035240117 0.060242079 -0.071407944 0.995626330 4.215010077
377744033 0.785226680 1.396435824 0.500000000 0.500000000 0.000000000 0.000000000 0.997217357 0.051491246 -0.053909596 2.387640156 -0.047163889 0.995783806 0.078678027 -1.962600126 0.057733532 -0.075916499 0.995441377 4.122029919
377810767 0.785226680 1.396435824 0.500000000 0.500000000 0.000000000 0.000000000 0.997453868 0.049912460 -0.050936371 2.379259939 -0.045630716 0.995585859 0.082016088 -1.897160205 0.054805152 -0.079482995 0.995328486 4.017219944
377877500 0.785226680 1.396435824 0.500000000 0.500000000 0.000000000 0.000000000 0.997846663 0.047869448 -0.044838946 2.393029963 -0.043906752 0.995366931 0.085538566 -1.831329976 0.048725892 -0.083385646 0.995325387 3.910679955
377944233 0.785226680 1.396435824 0.500000000 0.500000000 0.000000000 0.000000000 0.998220265 0.046446390 -0.037403274 2.393819909 -0.042988308 0.995150149 0.088476978 -1.772779872 0.041331310 -0.086711608 0.995375693 3.823549611
378010967 0.785226680 1.396435824 0.500000000 0.500000000 0.000000000 0.000000000 0.998472333 0.044425923 -0.032853249 2.384819803 -0.041271728 0.994982243 0.091142610 -1.718240033 0.036737490 -0.089647457 0.995295763 3.738069914
378077700 0.785226680 1.396435824 0.500000000 0.500000000 0.000000000 0.000000000 0.998624563 0.042792067 -0.030295650 2.371840067 -0.039809763 0.994869828 0.093001045 -1.672649920 0.034119938 -0.091667064 0.995204985 3.647429955
378144433 0.785226680 1.396435824 0.500000000 0.500000000 0.000000000 0.000000000 0.998791635 0.041304044 -0.026631230 2.354180025 -0.038630292 0.994812429 0.094106115 -1.637699983 0.030380042 -0.092963628 0.995205939 3.583679925
378211167 0.785226680 1.396435824 0.500000000 0.500000000 0.000000000 0.000000000 0.998731673 0.042138722 -0.027556812 2.324179799 -0.039352495 0.994714677 0.094837517 -1.606100095 0.031407494 -0.093632802 0.995111287 3.514509914
378277900 0.785226680 1.396435824 0.500000000 0.500000000 0.000000000 0.000000000 0.998581648 0.045578435 -0.027520163 2.282669951 -0.042772740 0.994546235 0.095122561 -1.589420078 0.031705607 -0.093810529 0.995085120 3.453859998
378344633 0.785226680 1.396435824 0.500000000 0.500000000 0.000000000 0.000000000 0.998449743 0.047692131 -0.028697936 2.241569981 -0.044780437 0.994495213 0.094730832 -1.566290060 0.033057876 -0.093298875 0.995089173 3.390870073
378411367 0.785226680 1.396435824 0.500000000 0.500000000 0.000000000 0.000000000 0.998362064 0.049495988 -0.028693933 2.187709879 -0.046526961 0.994269788 0.096243709 -1.536749959 0.033293188 -0.094751030 0.994944096 3.347059823
378478100 0.785226680 1.396435824 0.500000000 0.500000000 0.000000000 0.000000000 0.998133421 0.051768642 -0.032398563 2.115709993 -0.048352379 0.993954659 0.098570935 -1.501330146 0.037305582 -0.096820392 0.994602501 3.303879807
378544833 0.785226680 1.396435824 0.500000000 0.500000000 0.000000000 0.000000000 0.997840583 0.054802153 -0.036206871 2.053299995 -0.050855976 0.993469417 0.102138191 -1.469980039 0.041567810 -0.100076288 0.994111061 3.254349865
378611567 0.785226680 1.396435824 0.500000000 0.500000000 0.000000000 0.000000000 0.997725964 0.055883814 -0.037680998 1.989119881 -0.051624063 0.993041813 0.105843820 -1.434820024 0.043333761 -0.103657879 0.993668556 3.205469912
378678300 0.785226680 1.396435824 0.500000000 0.500000000 0.000000000 0.000000000 0.997584701 0.057648078 -0.038748235 1.915420073 -0.053145371 0.992663682 0.108602159 -1.405060085 0.044724673 -0.106280558 0.993329823 3.148389773
378745033 0.785226680 1.396435824 0.500000000 0.500000000 0.000000000 0.000000000 0.997618377 0.058010031 -0.037315428 1.848719894 -0.053546902 0.992360413 0.111146621 -1.381750061 0.043477975 -0.108883791 0.993103206 3.097740016
378811767 0.785226680 1.396435824 0.500000000 0.500000000 0.000000000 0.000000000 0.997733593 0.056207556 -0.036991090 1.778319875 -0.051682200 0.992179215 0.113619156 -1.333219839 0.043088049 -0.111449875 0.992835522 3.031940020
378878500 0.785226680 1.396435824 0.500000000 0.500000000 0.000000000 0.000000000 0.997943878 0.053362049 -0.035504036 1.705389895 -0.048955284 0.992141724 0.115144439 -1.308090168 0.041369371 -0.113169573 0.992714047 2.960009969
378945233 0.785226680 1.396435824 0.500000000 0.500000000 0.000000000 0.000000000 0.998292804 0.050201163 -0.029854337 1.639639939 -0.046433538 0.992194712 0.115730733 -1.269360005 0.035431128 -0.114146918 0.992831886 2.861759783
379011967 0.785226680 1.396435824 0.500000000 0.500000000 0.000000000 0.000000000 0.998750091 0.044811763 -0.022138450 1.565169926 -0.041969255 0.992427588 0.115438789 -1.220930061 0.027143821 -0.114365369 0.993067861 2.767260406
379078700 0.785226680 1.396435824 0.500000000 0.500000000 0.000000000 0.000000000 0.999102056 0.039401110 -0.015576715 1.485560085 -0.037327748 0.992510736 0.116314545 -1.157489964 0.020042980 -0.115628660 0.993090272 2.664190148
379145433 0.785226680 1.396435824 0.500000000 0.500000000 0.000000000 0.000000000 0.999440074 0.032401863 -0.008348548 1.382630131 -0.031194475 0.992548108 0.117793061 -1.097879976 0.012103052 -0.117466681 0.993003070 2.588959940
379212167 0.785226680 1.396435824 0.500000000 0.500000000 0.000000000 0.000000000 0.999716103 0.022475783 -0.007909714 1.261279876 -0.021364085 0.992532432 0.120095842 -1.034030170 0.010549895 -0.119892769 0.992730796 2.514310006
379278900 0.785226680 1.396435824 0.500000000 0.500000000 0.000000000 0.000000000 0.999859095 0.014526002 -0.008412587 1.159749954 -0.013374893 0.992235839 0.123649411 -0.964740992 0.010143404 -0.123519473 0.992290318 2.424580116
379345633 0.785226680 1.396435824 0.500000000 0.500000000 0.000000000 0.000000000 0.999950230 0.009479767 -0.003109919 1.062960020 -0.009008907 0.991885483 0.126814991 -0.916934054 0.004286860 -0.126780659 0.991921544 2.342750107
379412367 0.785226680 1.396435824 0.500000000 0.500000000 0.000000000 0.000000000 0.999993920 0.002088220 0.002790102 0.961079013 -0.002428970 0.991730928 0.128311634 -0.874047047 -0.002499087 -0.128317624 0.991729975 2.264849821
379479100 0.785226680 1.396435824 0.500000000 0.500000000 0.000000000 0.000000000 0.999967515 -0.006996197 0.004000825 0.858673950 0.006414256 0.991425753 0.130513623 -0.835677968 -0.004879619 -0.130483732 0.991438448 2.189339953
379545833 0.785226680 1.396435824 0.500000000 0.500000000 0.000000000 0.000000000 0.999891996 -0.014024071 0.004401476 0.760101080 0.013315950 0.991062403 0.132732779 -0.815710968 -0.006223590 -0.132659823 0.991142094 2.132389990
379612567 0.785226680 1.396435824 0.500000000 0.500000000 0.000000000 0.000000000 0.999859154 -0.016745728 0.001125363 0.667631991 0.016443834 0.990840793 0.134030297 -0.790534071 -0.003359490 -0.133992925 0.990976572 2.074830079
379679300 0.785226680 1.396435824 0.500000000 0.500000000 0.000000000 0.000000000 0.999875009 -0.015809577 -0.000045896 0.589130019 0.015669987 0.990653217 0.135501310 -0.775851029 -0.002096754 -0.135485098 0.990777135 2.026829735
379746033 0.785226680 1.396435824 0.500000000 0.500000000 0.000000000 0.000000000 0.999914944 -0.012788699 -0.002550996 0.514077991 0.013013705 0.991138339 0.132194534 -0.752466068 0.000837795 -0.132216498 0.991220534 1.927270077
379812767 0.785226680 1.396435824 0.500000000 0.500000000 0.000000000 0.000000000 0.999956369 -0.009304511 -0.000802312 0.473285973 0.009329296 0.991297305 0.131311297 -0.725717024 -0.000426457 -0.131313056 0.991340876 1.846870047
379879500 0.785226680 1.396435824 0.500000000 0.500000000 0.000000000 0.000000000 0.999971390 -0.006982563 0.002914225 0.421486991 0.006545550 0.991528451 0.129724562 -0.692482938 -0.003795347 -0.129701763 0.991545796 1.739040046
379946233 0.785226680 1.396435824 0.500000000 0.500000000 0.000000000 0.000000000 0.999945521 -0.005904702 0.008606863 0.381233009 0.004741882 0.991586149 0.129361480 -0.655498936 -0.009298288 -0.129313618 0.991560161 1.633260111
380012967 0.785226680 1.396435824 0.500000000 0.500000000 0.000000000 0.000000000 0.999852717 -0.006441488 0.015907144 0.351788983 0.004326844 0.991562128 0.129559949 -0.617304022 -0.016607480 -0.129472032 0.991443992 1.497329911
380079700 0.785226680 1.396435824 0.500000000 0.500000000 0.000000000 0.000000000 0.999697208 -0.006842039 0.023635523 0.314415009 0.003726202 0.991580367 0.129439101 -0.572516973 -0.024322147 -0.129311845 0.991305649 1.366470059
380146433 0.785226680 1.396435824 0.500000000 0.500000000 0.000000000 0.000000000 0.999601066 -0.008138641 0.027045842 0.255283002 0.004529738 0.991383851 0.130910620 -0.523500960 -0.027878243 -0.130735889 0.991025209 1.191200005
380213167 0.785226680 1.396435824 0.500000000 0.500000000 0.000000000 0.000000000 0.999432981 -0.010841030 0.031878091 0.208730003 0.006436118 0.990801990 0.135166302 -0.460073981 -0.033050217 -0.134884492 0.990309954 1.046449948
380279900 0.785226680 1.396435824 0.500000000 0.500000000 0.000000000 0.000000000 0.999364734 -0.012275188 0.033458572 0.151859000 0.007413005 0.989875317 0.141745850 -0.387910940 -0.034859773 -0.141407773 0.989337504 0.886354124
380346633 0.785226680 1.396435824 0.500000000 0.500000000 0.000000000 0.000000000 0.999305189 -0.011621092 0.035412800 0.113820010 0.006258634 0.988977611 0.147932664 -0.319490982 -0.036741603 -0.147608235 0.988363206 0.729236003
380413367 0.785226680 1.396435824 0.500000000 0.500000000 0.000000000 0.000000000 0.999161601 -0.013837330 0.038530055 0.052514696 0.007850587 0.988441646 0.151398450 -0.232943017 -0.040179659 -0.150969028 0.987721622 0.547649040
380480100 0.785226680 1.396435824 0.500000000 0.500000000 0.000000000 0.000000000 0.999206543 -0.017632948 0.035711419 -0.003054698 0.011791905 0.987429798 0.157617703 -0.144879986 -0.038041782 -0.157071546 0.986854255 0.353042020
380546833 0.785226680 1.396435824 0.500000000 0.500000000 0.000000000 0.000000000 0.999035954 -0.021486476 0.038281441 -0.024836596 0.014851958 0.986039579 0.165847510 -0.062915407 -0.041310489 -0.165119082 0.985408127 0.175418014
380613567 0.785226680 1.396435824 0.500000000 0.500000000 0.000000000 0.000000000 0.998773694 -0.024705509 0.042904504 -0.088316908 0.017001918 0.985049725 0.171429366 0.001511110 -0.046498314 -0.170489669 0.984261751 -0.044194698
380680300 0.785226680 1.396435824 0.500000000 0.500000000 0.000000000 0.000000000 0.998517275 -0.026870076 0.047341391 -0.135906994 0.018180732 0.984358251 0.175237939 0.081228902 -0.051309541 -0.174117401 0.983387232 -0.264534003
380747033 0.785226680 1.396435824 0.500000000 0.500000000 0.000000000 0.000000000 0.998112381 -0.030122971 0.053519275 -0.205776003 0.019941812 0.983192921 0.181477204 0.135120017 -0.058086406 -0.180067375 0.981937766 -0.410921999
380813767 0.785226680 1.396435824 0.500000000 0.500000000 0.000000000 0.000000000 0.998081028 -0.032455441 0.052733727 -0.237684976 0.022081621 0.982194304 0.186565667 0.199044003 -0.057849839 -0.185043216 0.981026173 -0.590367028
380880500 0.785226680 1.396435824 0.500000000 0.500000000 0.000000000 0.000000000 0.997992992 -0.033408940 0.053794771 -0.289959018 0.022595944 0.981459498 0.190332979 0.231259992 -0.059156217 -0.188735425 0.980244577 -0.737578946
380947233 0.785226680 1.396435824 0.500000000 0.500000000 0.000000000 0.000000000 0.998114347 -0.030960366 0.053001933 -0.322860005 0.020327847 0.981475055 0.190508470 0.274569984 -0.057918288 -0.189071819 0.980253696 -0.868435018
381013967 0.785226680 1.396435824 0.500000000 0.500000000 0.000000000 0.000000000 0.998374224 -0.027666798 0.049834773 -0.360682004 0.017715843 0.981614590 0.190049872 0.314630935 -0.054176614 -0.188858017 0.980508804 -0.984674937
381080700 0.785226680 1.396435824 0.500000000 0.500000000 0.000000000 0.000000000 0.998661876 -0.024169758 0.045719422 -0.378200006 0.015122935 0.981907725 0.188755274 0.345682051 -0.049454421 -0.187811285 0.980959356 -1.092350064
381147433 0.785226680 1.396435824 0.500000000 0.500000000 0.000000000 0.000000000 0.998853683 -0.018568214 0.044120189 -0.405895035 0.010162726 0.982948303 0.183601081 0.370744022 -0.046777006 -0.182942241 0.982010186 -1.181310072
381214167 0.785226680 1.396435824 0.500000000 0.500000000 0.000000000 0.000000000 0.999006033 -0.011268748 0.043126795 -0.432875981 0.003466846 0.984228969 0.176865235 0.396306030 -0.044439692 -0.176539913 0.983289778 -1.258290061
381280900 0.785226680 1.396435824 0.500000000 0.500000000 0.000000000 0.000000000 0.999151528 -0.004533011 0.040934864 -0.457243979 -0.002535612 0.985268474 0.170996070 0.450715051 -0.041106958 -0.170954794 0.984421015 -1.330270065
381347633 0.785226680 1.396435824 0.500000000 0.500000000 0.000000000 0.000000000 0.999267519 -0.000401196 0.038265847 -0.493817012 -0.006018547 0.985853136 0.167503342 0.487467009 -0.037791707 -0.167610958 0.985128582 -1.413259892
381414367 0.785226680 1.396435824 0.500000000 0.500000000 0.000000000 0.000000000 0.999347210 0.002791031 0.036018778 -0.551974003 -0.008748135 0.986034274 0.166312516 0.518192925 -0.035051566 -0.166519046 0.985415041 -1.484810014
381481100 0.785226680 1.396435824 0.500000000 0.500000000 0.000000000 0.000000000 0.999463737 0.004316127 0.032458674 -0.595776949 -0.009762518 0.985470593 0.169565424 0.537371056 -0.031255204 -0.169791386 0.984984279 -1.566409966
381547833 0.785226680 1.396435824 0.500000000 0.500000000 0.000000000 0.000000000 0.999544084 0.004972341 0.029780194 -0.654259992 -0.010087870 0.984661639 0.174182877 0.553886946 -0.028457318 -0.174403891 0.984262884 -1.648870032
381614567 0.785226680 1.396435824 0.500000000 0.500000000 0.000000000 0.000000000 0.999402523 0.002443387 0.034476541 -0.727104059 -0.008538423 0.984034777 0.177771598 0.572512061 -0.033491753 -0.177959770 0.983467698 -1.740810192
381681300 0.785226680 1.396435824 0.500000000 0.500000000 0.000000000 0.000000000 0.999067426 -0.002294285 0.043115728 -0.849578004 -0.005499972 0.983689964 0.179788262 0.598724043 -0.042824991 -0.179857731 0.982760012 -1.817370048
381748033 0.785226680 1.396435824 0.500000000 0.500000000 0.000000000 0.000000000 0.998763800 -0.010349831 0.048618920 -0.969628040 0.001347481 0.983361602 0.181653917 0.613516009 -0.049690068 -0.181363851 0.982159913 -1.909200107
381814767 0.785226680 1.396435824 0.500000000 0.500000000 0.000000000 0.000000000 0.998303175 -0.020798996 0.054389238 -1.109030027 0.010723561 0.983725488 0.179357693 0.645354004 -0.057234541 -0.178470120 0.982279301 -2.017580043
381881500 0.785226680 1.396435824 0.500000000 0.500000000 0.000000000 0.000000000 0.997716129 -0.027320758 0.061774921 -1.263339931 0.015803136 0.983582079 0.179767996 0.678381971 -0.065672107 -0.178381175 0.981767416 -2.126719755
381948233 0.785226680 1.396435824 0.500000000 0.500000000 0.000000000 0.000000000 0.997301459 -0.031520456 0.066303857 -1.411890021 0.019019537 0.983235776 0.181344137 0.719382078 -0.070908375 -0.179593697 0.981181979 -2.238560022
382014967 0.785226680 1.396435824 0.500000000 0.500000000 0.000000000 0.000000000 0.996745229 -0.037510883 0.071357310 -1.551349901 0.023735717 0.982468486 0.184911638 0.756124021 -0.077042505 -0.182616085 0.980161130 -2.346450136
382081700 0.785226680 1.396435824 0.500000000 0.500000000 0.000000000 0.000000000 0.995886087 -0.045693025 0.078249842 -1.714879903 0.030118652 0.981372297 0.189740002 0.762587028 -0.085462019 -0.186602652 0.978711247 -2.435000113
382148433 0.785226680 1.396435824 0.500000000 0.500000000 0.000000000 0.000000000 0.995379090 -0.054333933 0.079172723 -1.862310074 0.038376622 0.980901122 0.190683618 0.759949070 -0.088021196 -0.186764106 0.978453636 -2.533820301
382215167 0.785226680 1.396435824 0.500000000 0.500000000 0.000000000 0.000000000 0.994872510 -0.062648274 0.079397008 -1.982519962 0.046569053 0.980632067 0.190242082 0.761637842 -0.089777589 -0.185569167 0.978521407 -2.635170034
382281900 0.785226680 1.396435824 0.500000000 0.500000000 0.000000000 0.000000000 0.994245589 -0.070065789 0.081033677 -2.099529852 0.053661574 0.980444431 0.189338744 0.754948890 -0.092715189 -0.183900803 0.978562415 -2.724760118
382348633 0.785226680 1.396435824 0.500000000 0.500000000 0.000000000 0.000000000 0.993510783 -0.075979032 0.084637880 -2.193229928 0.059163265 0.980775058 0.185956985 0.764917034 -0.097139552 -0.179742813 0.978905737 -2.810590031
382415367 0.785226680 1.396435824 0.500000000 0.500000000 0.000000000 0.000000000 0.992521882 -0.080863044 0.091441005 -2.297470115 0.063162699 0.981240451 0.182147235 0.780734900 -0.104454592 -0.175009459 0.979010165 -2.867739860
382482100 0.785226680 1.396435824 0.500000000 0.500000000 0.000000000 0.000000000 0.991962194 -0.081010140 0.097202756 -2.388220112 0.062765531 0.982041299 0.177919447 0.804572939 -0.109870411 -0.170388371 0.979232490 -2.921499811
382548833 0.785226680 1.396435824 0.500000000 0.500000000 0.000000000 0.000000000 0.991810620 -0.077017255 0.101882212 -2.460390100 0.058546938 0.983136356 0.173248813 0.836509882 -0.113507263 -0.165865108 0.979594231 -2.980639775
382615567 0.785226680 1.396435824 0.500000000 0.500000000 0.000000000 0.000000000 0.991819024 -0.072905555 0.104784518 -2.524399994 0.054538693 0.984185338 0.168536976 0.883373950 -0.115414679 -0.161443368 0.980109930 -3.034310071
382682300 0.785226680 1.396435824 0.500000000 0.500000000 0.000000000 0.000000000 0.992274582 -0.068937376 0.103144556 -2.568789924 0.051237199 0.984902620 0.165352851 0.923805923 -0.112986326 -0.158790588 0.980826020 -3.097280062
382749033 0.785226680 1.396435824 0.500000000 0.500000000 0.000000000 0.000000000 0.992821276 -0.064430654 0.100770116 -2.605249917 0.047527365 0.985653162 0.161953822 0.961451073 -0.109759167 -0.156001851 0.981639624 -3.169919994
382815767 0.785226680 1.396435824 0.500000000 0.500000000 0.000000000 0.000000000 0.993566573 -0.058605004 0.096906662 -2.627869861 0.042710584 0.986412823 0.158636481 1.010720018 -0.104886860 -0.153476983 0.982569873 -3.262570025
382882500 0.785226680 1.396435824 0.500000000 0.500000000 0.000000000 0.000000000 0.994525194 -0.052546006 0.090324484 -2.645750158 0.037937041 0.986956954 0.156450391 1.054119868 -0.097367220 -0.152167201 0.983547032 -3.365339936
382949233 0.785226680 1.396435824 0.500000000 0.500000000 0.000000000 0.000000000 0.995478809 -0.048201114 0.081844635 -2.657289803 0.035075203 0.987316132 0.154843658 1.091199807 -0.088270165 -0.151272863 0.984542966 -3.466229791
383015967 0.785226680 1.396435824 0.500000000 0.500000000 0.000000000 0.000000000 0.996548533 -0.043361790 0.070786491 -2.664269814 0.031926371 0.987343192 0.155351534 1.124119949 -0.076626882 -0.152555391 0.985319853 -3.593499984
383082700 0.785226680 1.396435824 0.500000000 0.500000000 0.000000000 0.000000000 0.997775674 -0.036496777 0.055782836 -2.637729910 0.027477745 0.987586379 0.154654980 1.162029899 -0.060734775 -0.152778178 0.986392498 -3.758050069
383149433 0.785226680 1.396435824 0.500000000 0.500000000 0.000000000 0.000000000 0.998761535 -0.027247926 0.041628346 -2.615629843 0.020527558 0.987843394 0.154091015 1.215199928 -0.045320943 -0.153045639 0.987179339 -3.926790121
383216167 0.785226680 1.396435824 0.500000000 0.500000000 0.000000000 0.000000000 0.999439240 -0.017054362 0.028816236 -2.574560050 0.012392567 0.987862647 0.154834688 1.270869943 -0.031107089 -0.154390752 0.987520039 -4.102290026
383282900 0.785226680 1.396435824 0.500000000 0.500000000 0.000000000 0.000000000 0.999828100 -0.008512048 0.016471621 -2.546669995 0.005850364 0.987839222 0.155368954 1.335100336 -0.017593820 -0.155245870 0.987719178 -4.273609953
383349633 0.785226680 1.396435824 0.500000000 0.500000000 0.000000000 0.000000000 0.999998450 -0.001396341 0.001044319 -2.504989909 0.001213235 0.987366974 0.158445612 1.387560067 -0.001252370 -0.158444092 0.987367153 -4.444219689
383416367 0.785226680 1.396435824 0.500000000 0.500000000 0.000000000 0.000000000 0.999874353 0.007510624 -0.013958330 -2.446079869 -0.005167210 0.986954927 0.160913691 1.442759799 0.014984806 -0.160821363 0.986869752 -4.630940299
383483100 0.785226680 1.396435824 0.500000000 0.500000000 0.000000000 0.000000000 0.999470413 0.017239926 -0.027598381 -2.398749977 -0.012554836 0.986755669 0.161727235 1.513530405 0.030021023 -0.161295101 0.986449540 -4.806050183
383549833 0.785226680 1.396435824 0.500000000 0.500000000 0.000000000 0.000000000 0.998714805 0.026554190 -0.043170221 -2.329020132 -0.019267671 0.986733794 0.161199316 1.588179950 0.046878032 -0.160160348 0.985977232 -4.983349596
383616567 0.785226680 1.396435824 0.500000000 0.500000000 0.000000000 0.000000000 0.997838914 0.035891008 -0.055039108 -2.257409920 -0.026657319 0.986731052 0.160160050 1.662209967 0.060057096 -0.158346727 0.985555410 -5.139050066
383683300 0.785226680 1.396435824 0.500000000 0.500000000 0.000000000 0.000000000 0.996526301 0.046594825 -0.069023408 -2.186779924 -0.035251517 0.986923575 0.157286838 1.741129784 0.075449578 -0.154307291 0.985137880 -5.296180051
383750033 0.785226680 1.396435824 0.500000000 0.500000000 0.000000000 0.000000000 0.994735301 0.057518538 -0.084813476 -2.095659926 -0.043938380 0.987080395 0.154083431 1.829380003 0.092580378 -0.149545670 0.984410942 -5.448949939
383816767 0.785226680 1.396435824 0.500000000 0.500000000 0.000000000 0.000000000 0.993121743 0.067137763 -0.095925257 -2.023769844 -0.052034371 0.986997485 0.152080148 1.908349923 0.104888320 -0.146042705 0.983702183 -5.562260711
383883500 0.785226680 1.396435824 0.500000000 0.500000000 0.000000000 0.000000000 0.991048753 0.075297885 -0.110238686 -1.955669890 -0.058264352 0.986920238 0.150311977 1.965139984 0.120114967 -0.142543525 0.982473254 -5.683869646
383950233 0.785226680 1.396435824 0.500000000 0.500000000 0.000000000 0.000000000 0.988758564 0.083410613 -0.124093547 -1.876060152 -0.064614274 0.986806154 0.148454115 2.026499999 0.134838924 -0.138767079 0.981102526 -5.796309673
384016967 0.785226680 1.396435824 0.500000000 0.500000000 0.000000000 0.000000000 0.986808419 0.090116262 -0.134492293 -1.810070180 -0.070224658 0.986797392 0.145942882 2.087819618 0.145868495 -0.134572968 0.980108380 -5.881279613
