https://www.youtube.com/watch?v=qFYEeW7oL0s
37383333 0.976095969 1.735875350 0.500000000 0.500000000 0.000000000 0.000000000 0.996779084 0.009709603 -0.079606399 -0.114986998 -0.006635823 0.999225497 0.038786240 -0.155069984 0.079921350 -0.038133055 0.996071517 7.070470347
37416667 0.976095969 1.735875350 0.500000000 0.500000000 0.000000000 0.000000000 0.996215940 0.010724443 -0.086248361 -0.095739365 -0.007156090 0.999109685 0.041576266 -0.188528997 0.086617462 -0.040801741 0.995405793 6.380700817
37450000 0.976095969 1.735875350 0.500000000 0.500000000 0.000000000 0.000000000 0.995613813 0.012397373 -0.092733324 -0.079375483 -0.008240949 0.998949826 0.045070603 -0.203392004 0.093194693 -0.044108704 0.994670391 5.769410066
37483333 0.976095969 1.735875350 0.500000000 0.500000000 0.000000000 0.000000000 0.995072901 0.014651317 -0.098057196 -0.076113695 -0.009874534 0.998748839 0.049023457 -0.241698021 0.098652765 -0.047813646 0.993972600 5.053080116
37516667 0.976095969 1.735875350 0.500000000 0.500000000 0.000000000 0.000000000 0.994557381 0.016456481 -0.102882214 -0.079297208 -0.011207533 0.998615742 0.051390495 -0.275159999 0.103585504 -0.049957741 0.993365109 4.337579886
37550000 0.976095969 1.735875350 0.500000000 0.500000000 0.000000000 0.000000000 0.994074941 0.018681621 -0.107079566 -0.080107987 -0.012955545 0.998461008 0.053923368 -0.286783038 0.107922152 -0.052216597 0.992787123 3.821080030
37650000 0.976095969 1.735875350 0.500000000 0.500000000 0.000000000 0.000000000 0.991939664 0.022555448 -0.124687500 0.053030127 -0.014942964 0.997985721 0.061654054 -0.326352997 0.125826985 -0.059293896 0.990278661 2.132469685
37683333 0.976095969 1.735875350 0.500000000 0.500000000 0.000000000 0.000000000 0.991274178 0.023969932 -0.129618555 0.065236297 -0.015688298 0.997791767 0.064540073 -0.302033003 0.130879343 -0.061943412 0.989461243 1.574869890
37716667 0.976095969 1.735875350 0.500000000 0.500000000 0.000000000 0.000000000 0.990616143 0.025669968 -0.134241074 0.062551686 -0.016791048 0.997621059 0.066860445 -0.272710019 0.135638028 -0.063978992 0.988690555 1.057849973
37750000 0.976095969 1.735875350 0.500000000 0.500000000 0.000000000 0.000000000 0.990194082 0.026684074 -0.137126446 0.018961796 -0.017321428 0.997464716 0.069022760 -0.240838026 0.138620585 -0.065970704 0.988145828 0.656361957
37783333 0.976095969 1.735875350 0.500000000 0.500000000 0.000000000 0.000000000 0.989729524 0.027889283 -0.140205964 -0.021643095 -0.017936019 0.997260690 0.071759358 -0.192393012 0.141823217 -0.068507627 0.987518549 0.238018995
37816667 0.976095969 1.735875350 0.500000000 0.500000000 0.000000000 0.000000000 0.989190876 0.028782792 -0.143780962 -0.047905100 -0.018273622 0.997099340 0.073884688 -0.127166004 0.145490512 -0.070458658 0.986847579 -0.189591019
37850000 0.976095969 1.735875350 0.500000000 0.500000000 0.000000000 0.000000000 0.988654435 0.029534716 -0.147275642 -0.060091299 -0.018438902 0.996926308 0.076144479 -0.086874311 0.149071857 -0.072564967 0.986160159 -0.580830983
37883333 0.976095969 1.735875350 0.500000000 0.500000000 0.000000000 0.000000000 0.988090873 0.030009441 -0.150916621 -0.052113293 -0.018300477 0.996755242 0.078384534 -0.041312203 0.152779207 -0.074689195 0.985433936 -0.936733020
37916667 0.976095969 1.735875350 0.500000000 0.500000000 0.000000000 0.000000000 0.987434447 0.031142149 -0.154930428 -0.019450103 -0.018703181 0.996529937 0.081106909 -0.008349707 0.156918660 -0.077190064 0.984590411 -1.335740135
37950000 0.976095969 1.735875350 0.500000000 0.500000000 0.000000000 0.000000000 0.986853182 0.031593930 -0.158500984 0.016415188 -0.018576464 0.996380746 0.082947947 0.026870779 0.160547987 -0.078913055 0.983868420 -1.726910050
37983333 0.976095969 1.735875350 0.500000000 0.500000000 0.000000000 0.000000000 0.986204088 0.033791143 -0.162048221 0.078326853 -0.020086844 0.996137917 0.085474074 0.054434610 0.164310634 -0.081039846 0.983074069 -2.042220303
38016667 0.976095969 1.735875350 0.500000000 0.500000000 0.000000000 0.000000000 0.985696614 0.035130098 -0.164827198 0.124436983 -0.020934125 0.995980799 0.087086312 0.088148102 0.167224079 -0.082390167 0.982470334 -2.457729988
38050000 0.976095969 1.735875350 0.500000000 0.500000000 0.000000000 0.000000000 0.985261858 0.035592023 -0.167308956 0.174602972 -0.020959780 0.995862484 0.088422544 0.101601978 0.169763863 -0.083612598 0.981931329 -2.790440098
38083333 0.976095969 1.735875350 0.500000000 0.500000000 0.000000000 0.000000000 0.984645367 0.036716469 -0.170661718 0.258330991 -0.021402935 0.995646477 0.090719372 0.113224997 0.173249632 -0.085673749 0.981144547 -3.052779848
38116667 0.976095969 1.735875350 0.500000000 0.500000000 0.000000000 0.000000000 0.984106064 0.038058996 -0.173455298 0.329189014 -0.022221560 0.995478630 0.092349641 0.148371971 0.176185787 -0.087027393 0.980502307 -3.373549881
38150000 0.976095969 1.735875350 0.500000000 0.500000000 0.000000000 0.000000000 0.983727694 0.039260358 -0.175323769 0.377464996 -0.022963401 0.995304167 0.094033256 0.154874960 0.178192273 -0.088477090 0.980009854 -3.704199984
38183333 0.976095969 1.735875350 0.500000000 0.500000000 0.000000000 0.000000000 0.983262777 0.039887056 -0.177773312 0.439542941 -0.023210324 0.995214224 0.094920389 0.166505003 0.180708632 -0.089205511 0.979482889 -3.939349690
38216667 0.976095969 1.735875350 0.500000000 0.500000000 0.000000000 0.000000000 0.982878506 0.040092234 -0.179840043 0.497569990 -0.023023266 0.995113611 0.096014470 0.157048028 0.182810709 -0.090230048 0.978998840 -4.193529521
38250000 0.976095969 1.735875350 0.500000000 0.500000000 0.000000000 0.000000000 0.982743025 0.040656000 -0.180452853 0.523146912 -0.023328179 0.994998455 0.097128168 0.131808988 0.183499157 -0.091242388 0.978776217 -4.457259984
38283333 0.976095969 1.735875350 0.500000000 0.500000000 0.000000000 0.000000000 0.982568443 0.040901862 -0.181345761 0.550785074 -0.023482388 0.994989395 0.097183719 0.149429888 0.184412092 -0.091231212 0.978605628 -4.676000071
38316667 0.976095969 1.735875350 0.500000000 0.500000000 0.000000000 0.000000000 0.982292414 0.041218244 -0.182764158 0.602668011 -0.023472236 0.994887948 0.098219171 0.136765937 0.185878292 -0.092190057 0.978238344 -4.908889988
