https://www.youtube.com/watch?v=cG_RniNiBBk
37871167 0.972852527 1.730107121 0.500000000 0.500000000 0.000000000 0.000000000 0.990458786 0.077897891 -0.113680772 -6.350070155 -0.046764065 0.965950906 0.254464149 -0.037770076 0.129632264 -0.246720076 0.960377395 1.466800004
37937900 0.972852527 1.730107121 0.500000000 0.500000000 0.000000000 0.000000000 0.990058422 0.076578513 -0.117983520 -6.199060485 -0.044240613 0.965770125 0.255599082 -0.036110068 0.133518338 -0.247838363 0.959556699 1.361420071
38004633 0.972852527 1.730107121 0.500000000 0.500000000 0.000000000 0.000000000 0.989540219 0.075430021 -0.122965224 -6.053949491 -0.041735891 0.965645492 0.256489575 -0.034318370 0.138087839 -0.248674691 0.958693147 1.268069780
38071367 0.972852527 1.730107121 0.500000000 0.500000000 0.000000000 0.000000000 0.988995850 0.075233206 -0.127385840 -5.897729792 -0.040432449 0.965715170 0.256435990 -0.033342548 0.142310932 -0.248463616 0.958130181 1.193230177
38138100 0.972852527 1.730107121 0.500000000 0.500000000 0.000000000 0.000000000 0.988419473 0.075478464 -0.131643325 -5.722190139 -0.039509367 0.965606809 0.256987393 -0.033206392 0.146512717 -0.248810187 0.957406640 1.139219899
38204833 0.972852527 1.730107121 0.500000000 0.500000000 0.000000000 0.000000000 0.987783134 0.076374106 -0.135835931 -5.529300083 -0.039322041 0.965617597 0.256975472 -0.029640717 0.150791839 -0.248494685 0.956824005 1.079820041
38271567 0.972852527 1.730107121 0.500000000 0.500000000 0.000000000 0.000000000 0.987103224 0.077875286 -0.139866650 -5.325019800 -0.039798863 0.965650499 0.256778449 -0.022950141 0.155058980 -0.247900292 0.956296086 1.046890163
38338300 0.972852527 1.730107121 0.500000000 0.500000000 0.000000000 0.000000000 0.986379445 0.080242388 -0.143585205 -5.108059493 -0.041220494 0.965667129 0.256491274 -0.012877745 0.159236997 -0.247079059 0.955821872 1.025089980
38405033 0.972852527 1.730107121 0.500000000 0.500000000 0.000000000 0.000000000 0.985628366 0.083580308 -0.146802947 -4.872859991 -0.043796428 0.965741217 0.255784661 0.005100737 0.163152203 -0.245679170 0.955522418 1.021100167
38471767 0.972852527 1.730107121 0.500000000 0.500000000 0.000000000 0.000000000 0.984979689 0.087440297 -0.148893282 -4.619579677 -0.047181666 0.965776801 0.255047053 0.024625457 0.166099086 -0.244191110 0.955396116 1.021809871
38538500 0.972852527 1.730107121 0.500000000 0.500000000 0.000000000 0.000000000 0.984380782 0.091183908 -0.150598526 -4.364889919 -0.050679155 0.965976894 0.253614187 0.049920586 0.168600261 -0.242020726 0.955510259 1.007309871
38605233 0.972852527 1.730107121 0.500000000 0.500000000 0.000000000 0.000000000 0.983913898 0.095475972 -0.150989443 -4.107659868 -0.055272575 0.966427088 0.250925422 0.088942590 0.169877648 -0.238543421 0.956158221 1.001199831
38671967 0.972852527 1.730107121 0.500000000 0.500000000 0.000000000 0.000000000 0.983703017 0.098760128 -0.150249243 -3.844460174 -0.059451088 0.967297614 0.246578261 0.126295938 0.169687837 -0.233627275 0.957404971 1.037319919
38738700 0.972852527 1.730107121 0.500000000 0.500000000 0.000000000 0.000000000 0.983656406 0.101242125 -0.148896217 -3.590549933 -0.062973931 0.968161404 0.242276102 0.154641967 0.168684125 -0.228939861 0.958713830 1.099760031
38805433 0.972852527 1.730107121 0.500000000 0.500000000 0.000000000 0.000000000 0.983864367 0.102808788 -0.146428302 -3.354359924 -0.066122577 0.969414890 0.236352801 0.166296051 0.166248903 -0.222856909 0.960570753 1.141560158
38872167 0.972852527 1.730107121 0.500000000 0.500000000 0.000000000 0.000000000 0.984397590 0.102942273 -0.142703280 -3.128029862 -0.068276271 0.970930278 0.229418278 0.154125906 0.162171796 -0.216095537 0.962809920 1.191079823
38938900 0.972852527 1.730107121 0.500000000 0.500000000 0.000000000 0.000000000 0.985157728 0.101638272 -0.138325274 -2.924499822 -0.069360420 0.972841799 0.220834538 0.118775960 0.157013863 -0.207962558 0.965452313 1.215049845
39005633 0.972852527 1.730107121 0.500000000 0.500000000 0.000000000 0.000000000 0.986157835 0.100159697 -0.132139057 -2.732299913 -0.070597671 0.974725723 0.211956918 0.066622707 0.150028884 -0.199694276 0.968304455 1.241570088
39072367 0.972852527 1.730107121 0.500000000 0.500000000 0.000000000 0.000000000 0.987348735 0.096980102 -0.125448361 -2.545739940 -0.070300631 0.976881742 0.201890782 0.005155579 0.142127588 -0.190517530 0.971340775 1.230730090
39139100 0.972852527 1.730107121 0.500000000 0.500000000 0.000000000 0.000000000 0.988686025 0.092458703 -0.118115887 -2.383449961 -0.068762444 0.979194403 0.190919071 -0.056387680 0.133310542 -0.180637062 0.974473476 1.206540071
39205833 0.972852527 1.730107121 0.500000000 0.500000000 0.000000000 0.000000000 0.990154743 0.087406047 -0.109333180 -2.236749837 -0.066791333 0.981445789 0.179730609 -0.111323062 0.123014145 -0.170658603 0.977621138 1.186459823
39272567 0.972852527 1.730107121 0.500000000 0.500000000 0.000000000 0.000000000 0.991554022 0.082472593 -0.100094602 -2.101090036 -0.064907789 0.983724713 0.167548984 -0.162100968 0.112283722 -0.159636945 0.980769277 1.159289986
39339300 0.972852527 1.730107121 0.500000000 0.500000000 0.000000000 0.000000000 0.992911339 0.076957613 -0.090579599 -1.974140269 -0.062235102 0.985886693 0.155416474 -0.218571981 0.101261690 -0.148677543 0.983687520 1.115500090
39406033 0.972852527 1.730107121 0.500000000 0.500000000 0.000000000 0.000000000 0.994162142 0.071087740 -0.081167549 -1.850749965 -0.058947928 0.987931609 0.143234849 -0.274574971 0.090370238 -0.137614012 0.986354709 1.055760015
39472767 0.972852527 1.730107121 0.500000000 0.500000000 0.000000000 0.000000000 0.995278537 0.065079719 -0.072008997 -1.727130027 -0.055225022 0.989808083 0.131263673 -0.324148020 0.079817683 -0.126667231 0.988728762 1.003210017
39539500 0.972852527 1.730107121 0.500000000 0.500000000 0.000000000 0.000000000 0.996235788 0.059367303 -0.063164890 -1.602470077 -0.051452976 0.991405189 0.120284416 -0.375189962 0.069762960 -0.116581611 0.990727961 0.935144060
39606233 0.972852527 1.730107121 0.500000000 0.500000000 0.000000000 0.000000000 0.997035325 0.054203112 -0.054612782 -1.480789947 -0.047933217 0.992751360 0.110214233 -0.424104057 0.060190860 -0.107269719 0.992406309 0.843805029
39672967 0.972852527 1.730107121 0.500000000 0.500000000 0.000000000 0.000000000 0.997686684 0.049717709 -0.046362091 -1.359050099 -0.044848278 0.993902504 0.100729384 -0.466544926 0.051087435 -0.098417096 0.993833065 0.743624955
39739700 0.972852527 1.730107121 0.500000000 0.500000000 0.000000000 0.000000000 0.998234272 0.045705169 -0.037938341 -1.223979866 -0.042031378 0.994820356 0.092552058 -0.505156048 0.041971937 -0.090794034 0.994984806 0.628348989
39806433 0.972852527 1.730107121 0.500000000 0.500000000 0.000000000 0.000000000 0.998694122 0.041105706 -0.030337002 -1.095260027 -0.038409803 0.995670021 0.084651545 -0.524857963 0.033685308 -0.083375767 0.995948672 0.491754993
39873167 0.972852527 1.730107121 0.500000000 0.500000000 0.000000000 0.000000000 0.999049842 0.037168130 -0.022758512 -0.975685002 -0.035286181 0.996316910 0.078150339 -0.522847975 0.025579391 -0.077273019 0.996681809 0.358982027
39939900 0.972852527 1.730107121 0.500000000 0.500000000 0.000000000 0.000000000 0.999317169 0.033647835 -0.015263346 -0.861695966 -0.032453388 0.996825099 0.072708465 -0.502577019 0.017661368 -0.072163470 0.997236431 0.243957002
40006633 0.972852527 1.730107121 0.500000000 0.500000000 0.000000000 0.000000000 0.999519646 0.029833633 -0.008392689 -0.749288012 -0.029184137 0.997185886 0.069055341 -0.480237049 0.010429244 -0.068777241 0.997577548 0.125313009
40073367 0.972852527 1.730107121 0.500000000 0.500000000 0.000000000 0.000000000 0.999644101 0.026626393 -0.001658443 -0.647417020 -0.026460808 0.997504473 0.065457270 -0.447724009 0.003397196 -0.065390095 0.997853994 0.010614600
40140100 0.972852527 1.730107121 0.500000000 0.500000000 0.000000000 0.000000000 0.999697864 0.024107000 0.004796539 -0.541298970 -0.024364179 0.997663677 0.063824959 -0.417454020 -0.003246705 -0.063922547 0.997949600 -0.104503009
40206833 0.972852527 1.730107121 0.500000000 0.500000000 0.000000000 0.000000000 0.999742091 0.019964317 0.010826748 -0.432537025 -0.020609146 0.997791886 0.063139826 -0.394086983 -0.009542298 -0.063346669 0.997945964 -0.232942987
40273567 0.972852527 1.730107121 0.500000000 0.500000000 0.000000000 0.000000000 0.999717832 0.016547937 0.017041920 -0.324823004 -0.017590027 0.997862756 0.062932685 -0.362510008 -0.015964089 -0.063214689 0.997872233 -0.329152995
40340300 0.972852527 1.730107121 0.500000000 0.500000000 0.000000000 0.000000000 0.999654174 0.012811180 0.022965146 -0.212017001 -0.014270172 0.997813344 0.064535618 -0.326655001 -0.022088153 -0.064841017 0.997651100 -0.411188992
40407033 0.972852527 1.730107121 0.500000000 0.500000000 0.000000000 0.000000000 0.999541461 0.009073551 0.028888611 -0.096876307 -0.011009603 0.997653127 0.067580171 -0.294017003 -0.028207621 -0.067867242 0.997295499 -0.498468001
40473767 0.972852527 1.730107121 0.500000000 0.500000000 0.000000000 0.000000000 0.999392986 0.005668391 0.034373984 0.019031806 -0.008105466 0.997430623 0.071179472 -0.261957010 -0.033882193 -0.071414880 0.996871054 -0.581056939
40540500 0.972852527 1.730107121 0.500000000 0.500000000 0.000000000 0.000000000 0.999209762 0.003437299 0.039598562 0.132759996 -0.006417555 0.997134030 0.075382501 -0.223730983 -0.039225966 -0.075577050 0.996368110 -0.651015952
40607233 0.972852527 1.730107121 0.500000000 0.500000000 0.000000000 0.000000000 0.999003232 0.002534850 0.044566311 0.266012032 -0.006148517 0.996684074 0.081136331 -0.189096013 -0.044212863 -0.081329465 0.995706141 -0.701662977
40673967 0.972852527 1.730107121 0.500000000 0.500000000 0.000000000 0.000000000 0.998799920 0.001977545 0.048936658 0.406876999 -0.006288103 0.996092856 0.088088214 -0.163821999 -0.048571259 -0.088290215 0.994909883 -0.764060941
40740700 0.972852527 1.730107121 0.500000000 0.500000000 0.000000000 0.000000000 0.998603106 0.003272770 0.052736219 0.567870919 -0.008298118 0.995408535 0.095357299 -0.140263013 -0.052182000 -0.095661700 0.994045198 -0.838873015
40807433 0.972852527 1.730107121 0.500000000 0.500000000 0.000000000 0.000000000 0.998406887 0.005500944 0.056155581 0.749660026 -0.011295501 0.994575858 0.103398450 -0.111608997 -0.055282194 -0.103868030 0.993053555 -0.905087021
40874167 0.972852527 1.730107121 0.500000000 0.500000000 0.000000000 0.000000000 0.998211443 0.009529995 0.059017926 0.957096962 -0.016097980 0.993596494 0.111834235 -0.077373690 -0.057574227 -0.112584285 0.991972804 -0.971165041
40940900 0.972852527 1.730107121 0.500000000 0.500000000 0.000000000 0.000000000 0.998030722 0.014357805 0.061062202 1.181700098 -0.021680348 0.992415249 0.121003725 -0.032957516 -0.058861718 -0.122089274 0.990772188 -1.032890093
41007633 0.972852527 1.730107121 0.500000000 0.500000000 0.000000000 0.000000000 0.997874558 0.019472072 0.062186595 1.415459967 -0.027489962 0.991027236 0.130802810 0.018558301 -0.059081603 -0.132234305 0.989456117 -1.090729958
41074367 0.972852527 1.730107121 0.500000000 0.500000000 0.000000000 0.000000000 0.997713506 0.024940200 0.062815554 1.662630019 -0.033580013 0.989513338 0.140483916 0.078544316 -0.058653139 -0.142272055 0.988088310 -1.129010037
41141100 0.972852527 1.730107121 0.500000000 0.500000000 0.000000000 0.000000000 0.997579277 0.029650366 0.062899917 1.918759919 -0.038863834 0.987811029 0.150728226 0.127057004 -0.057664085 -0.152807891 0.986572146 -1.183330077
41207833 0.972852527 1.730107121 0.500000000 0.500000000 0.000000000 0.000000000 0.997508705 0.033514578 0.062073760 2.179379812 -0.043058116 0.986269712 0.159430310 0.176805005 -0.055878237 -0.161705896 0.985255718 -1.237439938
41274567 0.972852527 1.730107121 0.500000000 0.500000000 0.000000000 0.000000000 0.997576833 0.035808802 0.059650660 2.420109965 -0.045314081 0.984997213 0.166514590 0.227180983 -0.052793041 -0.168814108 0.984233022 -1.282459946
41341300 0.972852527 1.730107121 0.500000000 0.500000000 0.000000000 0.000000000 0.997732639 0.036612637 0.056472503 2.607379973 -0.045882985 0.983895421 0.172755659 0.277690928 -0.049237996 -0.174955070 0.983344495 -1.311570089
41408033 0.972852527 1.730107121 0.500000000 0.500000000 0.000000000 0.000000000 0.997887790 0.037443437 0.053084724 2.776139908 -0.046332456 0.983013749 0.177587390 0.323501006 -0.045533523 -0.179671824 0.982672215 -1.360309936
41474767 0.972852527 1.730107121 0.500000000 0.500000000 0.000000000 0.000000000 0.998143315 0.036718983 0.048596911 2.939420068 -0.045000877 0.982246995 0.182114720 0.376819057 -0.041047104 -0.183963507 0.982075632 -1.379070059
41541500 0.972852527 1.730107121 0.500000000 0.500000000 0.000000000 0.000000000 0.998489738 0.034308869 0.042908266 3.095689780 -0.041716311 0.981702268 0.185796723 0.445799078 -0.035748668 -0.187306091 0.981650889 -1.466259855
41608233 0.972852527 1.730107121 0.500000000 0.500000000 0.000000000 0.000000000 0.998828292 0.030083045 0.037908781 3.234370152 -0.036708400 0.981407940 0.188390225 0.526276904 -0.031536628 -0.189561069 0.981362343 -1.531030116
41674967 0.972852527 1.730107121 0.500000000 0.500000000 0.000000000 0.000000000 0.999154866 0.024210131 0.033217337 3.364419820 -0.030099144 0.981292307 0.190156326 0.607532918 -0.027992206 -0.190995440 0.981191695 -1.645409988
41741700 0.972852527 1.730107121 0.500000000 0.500000000 0.000000000 0.000000000 0.999526680 0.016165001 0.026174728 3.491629967 -0.020855999 0.981512368 0.190259010 0.686247041 -0.022615284 -0.190714866 0.981384933 -1.787349975
41808433 0.972852527 1.730107121 0.500000000 0.500000000 0.000000000 0.000000000 0.999730885 0.009478249 0.021174833 3.639530072 -0.013314791 0.981860995 0.189134285 0.766345107 -0.018998083 -0.189365312 0.981722891 -1.945979867
41875167 0.972852527 1.730107121 0.500000000 0.500000000 0.000000000 0.000000000 0.999734759 0.002128823 0.022932144 3.740749909 -0.006410179 0.982093573 0.188284844 0.854919101 -0.022120686 -0.188381910 0.981846690 -2.116059909
41941900 0.972852527 1.730107121 0.500000000 0.500000000 0.000000000 0.000000000 0.999583364 -0.001534075 0.028822329 3.854459793 -0.004087937 0.980995595 0.193986848 0.920248970 -0.028572168 -0.194023862 0.980580628 -2.248540073
42008633 0.972852527 1.730107121 0.500000000 0.500000000 0.000000000 0.000000000 0.999335647 -0.004299920 0.036191307 3.962700160 -0.003110702 0.979329109 0.202249497 1.004960014 -0.036312856 -0.202227712 0.978665054 -2.386030044
42075367 0.972852527 1.730107121 0.500000000 0.500000000 0.000000000 0.000000000 0.998932898 -0.008751622 0.045348499 4.061319658 -0.001081985 0.977178812 0.212415725 1.108740197 -0.046172570 -0.212238133 0.976126552 -2.591579829
42142100 0.972852527 1.730107121 0.500000000 0.500000000 0.000000000 0.000000000 0.998444557 -0.013548037 0.054082606 4.128769740 0.001100881 0.974628329 0.223826587 1.223259888 -0.055742856 -0.223418891 0.973127306 -2.836730130
42208833 0.972852527 1.730107121 0.500000000 0.500000000 0.000000000 0.000000000 0.997809291 -0.018978404 0.063375346 4.208620269 0.003567100 0.972009063 0.234916165 1.352549875 -0.066059746 -0.234175459 0.969947398 -3.047380076
42275567 0.972852527 1.730107121 0.500000000 0.500000000 0.000000000 0.000000000 0.997233033 -0.024388874 0.070224151 4.258699836 0.006347705 0.969137311 0.246439725 1.484670006 -0.074067235 -0.245312065 0.966610551 -3.247499548
42342300 0.972852527 1.730107121 0.500000000 0.500000000 0.000000000 0.000000000 0.996694505 -0.030531522 0.075285301 4.322790328 0.010083119 0.966019034 0.258274347 1.612900242 -0.080612540 -0.256661505 0.963133693 -3.430390015
42409033 0.972852527 1.730107121 0.500000000 0.500000000 0.000000000 0.000000000 0.996042609 -0.036994260 0.080811560 4.378559690 0.013939955 0.963027596 0.269041836 1.723079999 -0.087776765 -0.266850650 0.959732234 -3.651710199
42475767 0.972852527 1.730107121 0.500000000 0.500000000 0.000000000 0.000000000 0.995532274 -0.043603316 0.083751418 4.449370387 0.018656189 0.960337162 0.278216690 1.850130263 -0.092560761 -0.275411218 0.956860065 -3.793100152
42542500 0.972852527 1.730107121 0.500000000 0.500000000 0.000000000 0.000000000 0.995180130 -0.049221430 0.084815994 4.516950321 0.022851694 0.957496583 0.287538052 1.954730131 -0.095364049 -0.284213960 0.954006374 -4.022309980
42609233 0.972852527 1.730107121 0.500000000 0.500000000 0.000000000 0.000000000 0.994780481 -0.055962399 0.085322939 4.595220159 0.028406300 0.955014706 0.295194775 2.092200232 -0.098004468 -0.291230291 0.951619685 -4.206209887
