https://www.youtube.com/watch?v=nWuPCFiFExM
131731600 0.817824386 1.489036021 0.500000000 0.500000000 0.000000000 0.000000000 0.980733633 0.001611876 0.195343003 1.061349876 0.005143503 0.999406219 -0.034069944 -0.369667012 -0.195281938 0.034418289 0.980143011 6.351630157
131798333 0.817824386 1.489036021 0.500000000 0.500000000 0.000000000 0.000000000 0.972928822 -0.010722484 0.230856046 1.031269868 0.018919125 0.999265611 -0.033320963 -0.243495987 -0.230329230 0.036786519 0.972417176 5.594839408
131865067 0.817824386 1.489036021 0.500000000 0.500000000 0.000000000 0.000000000 0.965615571 -0.028276697 0.258431733 0.948251012 0.037353501 0.998843253 -0.030279309 -0.184055997 -0.257276595 0.038891502 0.965554833 4.942419928
131931800 0.817824386 1.489036021 0.500000000 0.500000000 0.000000000 0.000000000 0.959467113 -0.024855953 0.280722409 0.816262969 0.037745934 0.998462141 -0.040603310 -0.243624000 -0.279281467 0.049553670 0.958929777 4.371179979
131998533 0.817824386 1.489036021 0.500000000 0.500000000 0.000000000 0.000000000 0.959649265 -0.025226742 0.280065745 0.612849979 0.040932320 0.997891426 -0.050370682 -0.307713933 -0.278204530 0.059801940 0.958658397 3.872299720
132065267 0.817824386 1.489036021 0.500000000 0.500000000 0.000000000 0.000000000 0.960701346 -0.025350578 0.276423961 0.455521983 0.043711931 0.997212708 -0.060465731 -0.271144978 -0.274120659 0.070172541 0.959131718 3.343830185
132132000 0.817824386 1.489036021 0.500000000 0.500000000 0.000000000 0.000000000 0.957956135 -0.017398972 0.286386818 0.396130042 0.038777675 0.996852458 -0.069148168 -0.192313021 -0.284282297 0.077346325 0.955615640 2.673040301
132198733 0.817824386 1.489036021 0.500000000 0.500000000 0.000000000 0.000000000 0.956503928 -0.021379780 0.290935099 0.291300040 0.044552457 0.996317327 -0.073258840 -0.097535285 -0.288297415 0.083034240 0.953933954 1.924929987
132265467 0.817824386 1.489036021 0.500000000 0.500000000 0.000000000 0.000000000 0.955404997 -0.017741704 0.294765294 0.187938017 0.039802797 0.996821463 -0.069012515 -0.015829214 -0.292603970 0.077667378 0.953074336 1.264270048
132332200 0.817824386 1.489036021 0.500000000 0.500000000 0.000000000 0.000000000 0.952931464 -0.016278110 0.302748650 0.087127902 0.041031376 0.996295035 -0.075581849 -0.042983304 -0.300396651 0.084446505 0.950068772 0.650591010
132398933 0.817824386 1.489036021 0.500000000 0.500000000 0.000000000 0.000000000 0.950781822 -0.011429803 0.309650153 -0.061677597 0.038494125 0.995935082 -0.081434339 -0.015702401 -0.307460636 0.089346007 0.947356939 0.044276691
132465667 0.817824386 1.489036021 0.500000000 0.500000000 0.000000000 0.000000000 0.948071122 -0.015806492 0.317665428 -0.240497986 0.045138597 0.995341778 -0.085189454 0.002459577 -0.314839154 0.095104627 0.944368303 -0.604333012
132532400 0.817824386 1.489036021 0.500000000 0.500000000 0.000000000 0.000000000 0.941798389 -0.020423092 0.335557431 -0.473619054 0.052246958 0.994916797 -0.086086132 0.143113011 -0.332093567 0.098607622 0.938078046 -1.315389990
132599133 0.817824386 1.489036021 0.500000000 0.500000000 0.000000000 0.000000000 0.930531204 -0.019553956 0.365690023 -0.720184863 0.054244298 0.994917810 -0.084829807 0.216888967 -0.362172753 0.098773390 0.926862776 -2.004379781
132665867 0.817824386 1.489036021 0.500000000 0.500000000 0.000000000 0.000000000 0.916001618 -0.024004299 0.400455803 -0.963264055 0.061732765 0.994753182 -0.081579462 0.225420004 -0.396396428 0.099448159 0.912677348 -2.575789879
132732600 0.817824386 1.489036021 0.500000000 0.500000000 0.000000000 0.000000000 0.907208323 -0.020285940 0.420192420 -1.138000200 0.061474495 0.994507253 -0.084712856 0.252437082 -0.416165948 0.102683313 0.903472304 -3.046410673
132799333 0.817824386 1.489036021 0.500000000 0.500000000 0.000000000 0.000000000 0.908507466 -0.020516934 0.417364538 -1.226439893 0.062315501 0.994277537 -0.086769566 0.356039895 -0.413195908 0.104839087 0.904587030 -3.599139118
132866067 0.817824386 1.489036021 0.500000000 0.500000000 0.000000000 0.000000000 0.914217234 -0.018856777 0.404785603 -1.191520318 0.060161985 0.994162321 -0.089564599 0.455083080 -0.400733680 0.106234200 0.910014808 -4.217510930
132932800 0.817824386 1.489036021 0.500000000 0.500000000 0.000000000 0.000000000 0.922614574 -0.016846852 0.385354906 -1.060709851 0.056911968 0.994056880 -0.092800297 0.570626836 -0.381501287 0.107550226 0.918090165 -4.819448974
132999533 0.817824386 1.489036021 0.500000000 0.500000000 0.000000000 0.000000000 0.923307359 -0.022889383 0.383379072 -0.946940192 0.061701633 0.994096518 -0.089246631 0.633026927 -0.379072994 0.106057197 0.919268966 -5.357449870
133066267 0.817824386 1.489036021 0.500000000 0.500000000 0.000000000 0.000000000 0.921234131 -0.021911472 0.388391107 -0.902617730 0.061770044 0.993984699 -0.090437286 0.651212155 -0.384073228 0.107304834 0.917046130 -5.788661035
