https://www.youtube.com/watch?v=cG_RniNiBBk
63630233 0.967100125 1.719877023 0.500000000 0.500000000 0.000000000 0.000000000 0.997430205 -0.038303215 0.060546514 -5.767539960 0.041221399 0.998010457 -0.047706492 -2.200720192 -0.058598746 0.050079703 0.997024655 0.727463010
63696967 0.967100125 1.719877023 0.500000000 0.500000000 0.000000000 0.000000000 0.997071445 -0.042406540 0.063641734 -5.526679986 0.046179917 0.997186899 -0.059040375 -2.266259936 -0.060959008 0.061806440 0.996224880 0.681401053
63763700 0.967100125 1.719877023 0.500000000 0.500000000 0.000000000 0.000000000 0.996829510 -0.044303205 0.066091731 -5.279960015 0.048908118 0.996363759 -0.069765918 -2.315460152 -0.062760547 0.072777145 0.995371580 0.635539986
63830433 0.967100125 1.719877023 0.500000000 0.500000000 0.000000000 0.000000000 0.996637404 -0.047545284 0.066733144 -5.050219486 0.052963346 0.995230675 -0.081919141 -2.357129873 -0.062520005 0.085178100 0.994402289 0.599591931
63897167 0.967100125 1.719877023 0.500000000 0.500000000 0.000000000 0.000000000 0.996690810 -0.047068708 0.066271983 -4.844259891 0.053181812 0.994176924 -0.093722872 -2.374030086 -0.061474659 0.096937187 0.993390203 0.609160029
63963900 0.967100125 1.719877023 0.500000000 0.500000000 0.000000000 0.000000000 0.996902585 -0.045185391 0.064369790 -4.629409634 0.051807676 0.993097365 -0.105231263 -2.402440112 -0.059170552 0.108240165 0.992362320 0.609452011
64030633 0.967100125 1.719877023 0.500000000 0.500000000 0.000000000 0.000000000 0.997316658 -0.042427886 0.059660744 -4.434010311 0.049132515 0.992054284 -0.115819916 -2.440599862 -0.054272700 0.118440405 0.991476834 0.650083955
64097367 0.967100125 1.719877023 0.500000000 0.500000000 0.000000000 0.000000000 0.998136580 -0.035552468 0.049592674 -4.212999891 0.041560639 0.991169572 -0.125919163 -2.502060063 -0.044678010 0.127745628 0.990800142 0.692395968
64164100 0.967100125 1.719877023 0.500000000 0.500000000 0.000000000 0.000000000 0.998930931 -0.024910327 0.038942344 -4.040110237 0.030132797 0.989712536 -0.139861032 -2.556449822 -0.035057738 0.140884951 0.989405036 0.704150048
64230833 0.967100125 1.719877023 0.500000000 0.500000000 0.000000000 0.000000000 0.999675214 -0.012517647 0.022199791 -3.855060318 0.015713200 0.988533676 -0.150180668 -2.617639882 -0.020065334 0.150480717 0.988409281 0.802892987
64297567 0.967100125 1.719877023 0.500000000 0.500000000 0.000000000 0.000000000 0.999984264 -0.000092502 0.005605570 -3.667469910 0.000980502 0.987339199 -0.158620015 -2.691189789 -0.005519926 0.158623025 0.987323821 0.851932163
64364300 0.967100125 1.719877023 0.500000000 0.500000000 0.000000000 0.000000000 0.999904931 0.010837917 -0.008521376 -3.501949869 -0.012099574 0.986123502 -0.165571824 -2.750669957 0.006608677 0.165659204 0.986160934 0.965488959
64431033 0.967100125 1.719877023 0.500000000 0.500000000 0.000000000 0.000000000 0.999498606 0.021286232 -0.023440519 -3.342089964 -0.024948860 0.985286593 -0.169079617 -2.824790115 0.019496566 0.169579640 0.985323608 1.042729949
64497767 0.967100125 1.719877023 0.500000000 0.500000000 0.000000000 0.000000000 0.998930037 0.030796969 -0.034501061 -3.194169924 -0.036311526 0.984300494 -0.172725096 -2.897979645 0.028640000 0.173793063 0.984365642 1.148839940
64564500 0.967100125 1.719877023 0.500000000 0.500000000 0.000000000 0.000000000 0.998352826 0.037266470 -0.043621603 -3.059179918 -0.044316091 0.983785629 -0.173787057 -2.970140106 0.036437873 0.175433934 0.983816624 1.276629890
64631233 0.967100125 1.719877023 0.500000000 0.500000000 0.000000000 0.000000000 0.997890770 0.043037444 -0.048598077 -2.934389968 -0.050824173 0.983706057 -0.172451004 -3.039510289 0.040384378 0.174557224 0.983818531 1.418119953
64697967 0.967100125 1.719877023 0.500000000 0.500000000 0.000000000 0.000000000 0.997564375 0.047067456 -0.051477984 -2.803600143 -0.055178791 0.983963490 -0.169620708 -3.086079921 0.042668834 0.172048077 0.984164000 1.544339782
64764700 0.967100125 1.719877023 0.500000000 0.500000000 0.000000000 0.000000000 0.997451663 0.049395498 -0.051480956 -2.661930085 -0.057278004 0.984623373 -0.165033489 -3.134750091 0.042537443 0.167561650 0.984943509 1.669579990
64831433 0.967100125 1.719877023 0.500000000 0.500000000 0.000000000 0.000000000 0.997535229 0.051037259 -0.048152305 -2.524110095 -0.058158539 0.985326409 -0.160466373 -3.154119956 0.039255969 0.162871331 0.985866070 1.776450111
64898167 0.967100125 1.719877023 0.500000000 0.500000000 0.000000000 0.000000000 0.997715712 0.051567025 -0.043636739 -2.358499928 -0.057776384 0.986116648 -0.155678675 -3.139859961 0.035003036 0.157844231 0.986843467 1.864799965
64964900 0.967100125 1.719877023 0.500000000 0.500000000 0.000000000 0.000000000 0.998003066 0.051571012 -0.036473971 -2.190290074 -0.056490459 0.987058580 -0.150080726 -3.086380206 0.028262127 0.151841447 0.988000691 1.939029936
65031633 0.967100125 1.719877023 0.500000000 0.500000000 0.000000000 0.000000000 0.998241007 0.051314745 -0.029694175 -1.987890137 -0.055017013 0.988417268 -0.141437173 -3.022500126 0.022092430 0.142822057 0.989501774 1.986720047
65098367 0.967100125 1.719877023 0.500000000 0.500000000 0.000000000 0.000000000 0.998458624 0.051477216 -0.020747213 -1.791669974 -0.053784564 0.989679217 -0.132823989 -2.937109604 0.013695675 0.133735135 0.990922451 1.987689870
65165100 0.967100125 1.719877023 0.500000000 0.500000000 0.000000000 0.000000000 0.998608172 0.051195141 -0.012679333 -1.581439998 -0.052370433 0.990977168 -0.123375788 -2.849809579 0.006248683 0.123868093 0.992278993 1.971070021
65231833 0.967100125 1.719877023 0.500000000 0.500000000 0.000000000 0.000000000 0.998607755 0.052696813 -0.002370609 -1.406360124 -0.052623857 0.992103815 -0.113845304 -2.749370256 -0.003647394 0.113811553 0.993495643 1.927139923
65298567 0.967100125 1.719877023 0.500000000 0.500000000 0.000000000 0.000000000 0.998545885 0.053690031 0.004841791 -1.218629821 -0.052902132 0.993223906 -0.103477724 -2.643069912 -0.010364708 0.103071116 0.994619966 1.842159854
65365300 0.967100125 1.719877023 0.500000000 0.500000000 0.000000000 0.000000000 0.998386025 0.055458691 0.012236595 -1.058280046 -0.054095048 0.994243503 -0.092485234 -2.507769719 -0.017295269 0.091674030 0.995638847 1.753730090
65432033 0.967100125 1.719877023 0.500000000 0.500000000 0.000000000 0.000000000 0.998126268 0.058484122 0.017987849 -0.899923967 -0.056868754 0.995169580 -0.080021836 -2.354110083 -0.022580968 0.078848951 0.996630788 1.630349979
65498767 0.967100125 1.719877023 0.500000000 0.500000000 0.000000000 0.000000000 0.997885406 0.060724936 0.023178365 -0.744728984 -0.058987245 0.995839775 -0.069452621 -2.151320071 -0.027299438 0.067938529 0.997315943 1.503279977
65565500 0.967100125 1.719877023 0.500000000 0.500000000 0.000000000 0.000000000 0.997673690 0.063187949 0.025582593 -0.591515997 -0.061663628 0.996494651 -0.056533452 -1.936939945 -0.029065147 0.054824423 0.998072922 1.368970152
65632233 0.967100125 1.719877023 0.500000000 0.500000000 0.000000000 0.000000000 0.997493923 0.065132394 0.027635001 -0.458578009 -0.063876569 0.996981919 -0.044122931 -1.717069943 -0.030425426 0.042247128 0.998643816 1.214259992
65698967 0.967100125 1.719877023 0.500000000 0.500000000 0.000000000 0.000000000 0.997410059 0.066790916 0.026687112 -0.322710026 -0.065924816 0.997307718 -0.032113623 -1.479760125 -0.028760161 0.030271105 0.999127865 1.060349845
65765700 0.967100125 1.719877023 0.500000000 0.500000000 0.000000000 0.000000000 0.997385561 0.067788713 0.025035599 -0.200257030 -0.067304127 0.997537673 -0.019716930 -1.265300084 -0.026310539 0.017980382 0.999492109 0.905929085
65832433 0.967100125 1.719877023 0.500000000 0.500000000 0.000000000 0.000000000 0.997427464 0.068085596 0.022424508 -0.095908910 -0.067926332 0.997659922 -0.007789863 -1.074780005 -0.022902410 0.006246607 0.999718189 0.746751976
65899167 0.967100125 1.719877023 0.500000000 0.500000000 0.000000000 0.000000000 0.997543931 0.067617029 0.018278196 0.003532684 -0.067704618 0.997696519 0.004215716 -0.914713002 -0.017951038 -0.005442880 0.999824047 0.587894967
65965900 0.967100125 1.719877023 0.500000000 0.500000000 0.000000000 0.000000000 0.997725606 0.065870039 0.014310533 0.079644906 -0.066071011 0.997715950 0.014055689 -0.764928046 -0.013351999 -0.014969231 0.999798775 0.472475967
66032633 0.967100125 1.719877023 0.500000000 0.500000000 0.000000000 0.000000000 0.997900844 0.064216718 0.008373019 0.176567001 -0.064403936 0.997624874 0.024429575 -0.635725102 -0.006784345 -0.024917550 0.999666512 0.368559027
66099367 0.967100125 1.719877023 0.500000000 0.500000000 0.000000000 0.000000000 0.998066187 0.062081140 0.003141032 0.242672001 -0.062153000 0.997457504 0.034864273 -0.530143942 -0.000968633 -0.034992073 0.999387145 0.261370987
66166100 0.967100125 1.719877023 0.500000000 0.500000000 0.000000000 0.000000000 0.998198926 0.059889458 -0.003481923 0.315508999 -0.059673473 0.997208416 0.044882521 -0.431118999 0.006160193 -0.044593908 0.998986185 0.152055996
66232833 0.967100125 1.719877023 0.500000000 0.500000000 0.000000000 0.000000000 0.998281419 0.057657771 -0.010477935 0.386938991 -0.057022311 0.996952772 0.053232197 -0.319640989 0.013515255 -0.052543234 0.998527169 0.042603795
66299567 0.967100125 1.719877023 0.500000000 0.500000000 0.000000000 0.000000000 0.998236716 0.056933455 -0.016792778 0.462884967 -0.055786066 0.996496737 0.062306702 -0.217828980 0.020281281 -0.061260037 0.997915745 -0.049009496
66366300 0.967100125 1.719877023 0.500000000 0.500000000 0.000000000 0.000000000 0.998129308 0.055874411 -0.024819011 0.575596016 -0.054001596 0.996040761 0.070615835 -0.105414002 0.028666364 -0.069143467 0.997194767 -0.133625006
66433033 0.967100125 1.719877023 0.500000000 0.500000000 0.000000000 0.000000000 0.997853100 0.057065245 -0.032136697 0.681479999 -0.054285999 0.995188534 0.081564918 -0.005185271 0.036636595 -0.079645231 0.996149778 -0.233483981
66499767 0.967100125 1.719877023 0.500000000 0.500000000 0.000000000 0.000000000 0.997608781 0.057122741 -0.038907062 0.805068051 -0.053400565 0.994437814 0.090784095 0.117881990 0.043876495 -0.088489346 0.995110273 -0.328476987
66566500 0.967100125 1.719877023 0.500000000 0.500000000 0.000000000 0.000000000 0.997143209 0.059614558 -0.046384308 0.952635995 -0.054623190 0.993252635 0.102301180 0.247826015 0.052169982 -0.099475265 0.993671477 -0.392211001
66633233 0.967100125 1.719877023 0.500000000 0.500000000 0.000000000 0.000000000 0.996588945 0.061900437 -0.054578178 1.121299936 -0.055360384 0.991922438 0.114127859 0.384005049 0.061201878 -0.110717103 0.991965771 -0.483181003
66699967 0.967100125 1.719877023 0.500000000 0.500000000 0.000000000 0.000000000 0.995886862 0.065324031 -0.062786750 1.286280118 -0.056946427 0.990262926 0.127029493 0.514829974 0.070473470 -0.122931525 0.989909768 -0.568280989
66766700 0.967100125 1.719877023 0.500000000 0.500000000 0.000000000 0.000000000 0.995205879 0.068338484 -0.069964968 1.447420078 -0.058138099 0.988630474 0.138671234 0.655324977 0.078646086 -0.133938804 0.987863958 -0.667936987
66833433 0.967100125 1.719877023 0.500000000 0.500000000 0.000000000 0.000000000 0.994329453 0.072345413 -0.077942848 1.617250007 -0.059963472 0.986728251 0.150902957 0.794191971 0.087825552 -0.145373523 0.985471070 -0.746194962
66900167 0.967100125 1.719877023 0.500000000 0.500000000 0.000000000 0.000000000 0.993483484 0.076308019 -0.084661752 1.788019971 -0.061782591 0.984757960 0.162587404 0.924027029 0.095778063 -0.156297266 0.983055294 -0.840945976
66966900 0.967100125 1.719877023 0.500000000 0.500000000 0.000000000 0.000000000 0.992588997 0.079546072 -0.091866642 1.951500032 -0.062755741 0.982914090 0.173036486 1.047249986 0.104061395 -0.165988952 0.980621696 -0.915268990
67033633 0.967100125 1.719877023 0.500000000 0.500000000 0.000000000 0.000000000 0.991716683 0.082511276 -0.098437026 2.100639979 -0.063438654 0.981028438 0.183190465 1.153630058 0.111684799 -0.175428331 0.978136718 -0.977264108
67100367 0.967100125 1.719877023 0.500000000 0.500000000 0.000000000 0.000000000 0.990932643 0.084220387 -0.104687601 2.239380199 -0.062970869 0.979399681 0.191861838 1.249529961 0.118689671 -0.183529884 0.975822508 -1.040740035
67167100 0.967100125 1.719877023 0.500000000 0.500000000 0.000000000 0.000000000 0.990031123 0.086310208 -0.111305624 2.361619925 -0.062661871 0.977639258 0.200736016 1.322489869 0.126142323 -0.191760272 0.973301649 -1.103289967
67233833 0.967100125 1.719877023 0.500000000 0.500000000 0.000000000 0.000000000 0.989416480 0.087340713 -0.115873508 2.473659993 -0.061835885 0.976209581 0.207825005 1.390720026 0.131268397 -0.198460340 0.971278608 -1.187960185
67300567 0.967100125 1.719877023 0.500000000 0.500000000 0.000000000 0.000000000 0.988877714 0.087261997 -0.120441839 2.555349963 -0.059968580 0.974985600 0.214025468 1.478160079 0.136105344 -0.204422295 0.969374478 -1.233989980
67367300 0.967100125 1.719877023 0.500000000 0.500000000 0.000000000 0.000000000 0.988349974 0.087145962 -0.124779433 2.611510176 -0.057875197 0.973454177 0.221443787 1.553999872 0.140765011 -0.211642310 0.967157006 -1.294649725
67434033 0.967100125 1.719877023 0.500000000 0.500000000 0.000000000 0.000000000 0.987879395 0.087095276 -0.128486246 2.663670071 -0.056079358 0.972098351 0.227771685 1.636000115 0.144739091 -0.217805520 0.965200186 -1.369079956
67500767 0.967100125 1.719877023 0.500000000 0.500000000 0.000000000 0.000000000 0.987623632 0.086945117 -0.130537853 2.693980129 -0.054511994 0.970683217 0.234099329 1.717489924 0.147064701 -0.224086136 0.963409245 -1.457609905
67567500 0.967100125 1.719877023 0.500000000 0.500000000 0.000000000 0.000000000 0.987447202 0.086152308 -0.132385120 2.710139836 -0.052306272 0.969216406 0.240590215 1.806559936 0.149037227 -0.230645567 0.961556315 -1.530480054
67634233 0.967100125 1.719877023 0.500000000 0.500000000 0.000000000 0.000000000 0.987240016 0.086506002 -0.133693293 2.713700173 -0.051045083 0.967187881 0.248881415 1.885629946 0.150836274 -0.238881305 0.959262252 -1.620149767
67700967 0.967100125 1.719877023 0.500000000 0.500000000 0.000000000 0.000000000 0.987160385 0.086013049 -0.134595960 2.700779774 -0.049030188 0.965124369 0.257159382 1.963570124 0.152020901 -0.247258291 0.956949830 -1.751950176
67767700 0.967100125 1.719877023 0.500000000 0.500000000 0.000000000 0.000000000 0.987181425 0.086567312 -0.134085670 2.673750032 -0.048340216 0.962836802 0.265722632 2.045069971 0.152105525 -0.255834699 0.954679251 -1.868129794
67834433 0.967100125 1.719877023 0.500000000 0.500000000 0.000000000 0.000000000 0.987293065 0.087411530 -0.132708788 2.636309893 -0.048116483 0.960355520 0.274594396 2.126770242 0.151450336 -0.264719695 0.952358305 -2.001380128
67901167 0.967100125 1.719877023 0.500000000 0.500000000 0.000000000 0.000000000 0.987423658 0.087687656 -0.131549910 2.592039983 -0.047226325 0.957693577 0.283888549 2.209119830 0.150878027 -0.274105638 0.949790478 -2.123880033
67967900 0.967100125 1.719877023 0.500000000 0.500000000 0.000000000 0.000000000 0.987629056 0.088195011 -0.129655257 2.537830007 -0.046664495 0.954683483 0.293942094 2.284700015 0.149703935 -0.284255445 0.946988702 -2.248970261
68034633 0.967100125 1.719877023 0.500000000 0.500000000 0.000000000 0.000000000 0.987874448 0.088583447 -0.127503067 2.477739783 -0.046188839 0.951752365 0.303371310 2.354790145 0.148225009 -0.293803573 0.944303393 -2.378440082
68101367 0.967100125 1.719877023 0.500000000 0.500000000 0.000000000 0.000000000 0.988386631 0.088490486 -0.123536736 2.395350195 -0.045972332 0.948984623 0.311953127 2.424089833 0.144839346 -0.302651048 0.942031801 -2.500780114
68168100 0.967100125 1.719877023 0.500000000 0.500000000 0.000000000 0.000000000 0.988720775 0.089351133 -0.120197967 2.325499963 -0.046546295 0.946125090 0.320438385 2.484550102 0.142353848 -0.311229348 0.939612508 -2.616650220
68234833 0.967100125 1.719877023 0.500000000 0.500000000 0.000000000 0.000000000 0.989243031 0.089302607 -0.115859076 2.230800119 -0.046749435 0.943495393 0.328071594 2.546030203 0.138610139 -0.319126189 0.937521100 -2.732860348
68301567 0.967100125 1.719877023 0.500000000 0.500000000 0.000000000 0.000000000 0.989698827 0.089972615 -0.111360356 2.138299830 -0.047777150 0.940822005 0.335516423 2.601240021 0.134957567 -0.326739758 0.935429096 -2.842220303
68368300 0.967100125 1.719877023 0.500000000 0.500000000 0.000000000 0.000000000 0.990330994 0.090062544 -0.105514117 2.056499827 -0.048957121 0.938562691 0.341618538 2.649929796 0.129798666 -0.333149731 0.933896959 -2.943189945
68435033 0.967100125 1.719877023 0.500000000 0.500000000 0.000000000 0.000000000 0.990897298 0.091250770 -0.098973900 1.974350042 -0.051525541 0.936305761 0.347385287 2.697179670 0.124369025 -0.339123428 0.932484627 -3.021479557
68501767 0.967100125 1.719877023 0.500000000 0.500000000 0.000000000 0.000000000 0.991463125 0.090848684 -0.093527101 1.904789889 -0.052376647 0.934385777 0.352391630 2.746240044 0.119404726 -0.344484657 0.931167364 -3.107149463
68568500 0.967100125 1.719877023 0.500000000 0.500000000 0.000000000 0.000000000 0.992129505 0.090740927 -0.086284988 1.815639901 -0.054226018 0.932479799 0.357128918 2.804600306 0.112865202 -0.349639237 0.930061221 -3.191740418
68635233 0.967100125 1.719877023 0.500000000 0.500000000 0.000000000 0.000000000 0.992704928 0.090539113 -0.079621956 1.727730109 -0.055918440 0.930794060 0.361241788 2.875350106 0.106818140 -0.354154140 0.929066658 -3.286700254
68701967 0.967100125 1.719877023 0.500000000 0.500000000 0.000000000 0.000000000 0.993401885 0.089755177 -0.071391292 1.637209963 -0.057757393 0.929333270 0.364696980 2.959270207 0.099079721 -0.358167291 0.928385437 -3.374010432
68768700 0.967100125 1.719877023 0.500000000 0.500000000 0.000000000 0.000000000 0.993989348 0.088925160 -0.063854791 1.566269926 -0.059285246 0.927576661 0.368899494 3.045759886 0.092034660 -0.362896532 0.927273273 -3.433909747
68835433 0.967100125 1.719877023 0.500000000 0.500000000 0.000000000 0.000000000 0.994720280 0.086868629 -0.054638736 1.471300042 -0.060457874 0.926267147 0.371986598 3.148960457 0.082924031 -0.366719276 0.926628590 -3.495470028
