https://www.youtube.com/watch?v=vaT0byPxja8
826225400 0.972428494 1.729352952 0.500000000 0.500000000 0.000000000 0.000000000 0.999894023 0.001587240 0.014469767 0.118447990 -0.001512943 0.999985635 -0.005144105 -0.225789991 -0.014477724 0.005121667 0.999882102 6.073420136
826892733 0.972428494 1.729352952 0.500000000 0.500000000 0.000000000 0.000000000 0.997865140 0.064069018 -0.012661525 0.150933998 -0.064447328 0.997402966 -0.032153644 -0.149247998 0.010568592 0.032901004 0.999402761 0.921315069
826959467 0.972428494 1.729352952 0.500000000 0.500000000 0.000000000 0.000000000 0.997170329 0.071805850 -0.022254594 0.171464004 -0.072543204 0.996774793 -0.034315079 -0.110599996 0.019718792 0.035832398 0.999163270 0.396819001
827026200 0.972428494 1.729352952 0.500000000 0.500000000 0.000000000 0.000000000 0.996212184 0.079340912 -0.035584550 0.202884993 -0.080631159 0.996078432 -0.036419570 -0.084026698 0.032555442 0.039150842 0.998702824 -0.107915990
827193033 0.972428494 1.729352952 0.500000000 0.500000000 0.000000000 0.000000000 0.991750419 0.096556075 -0.084308788 0.305736988 -0.099840067 0.994365156 -0.035636052 -0.004674283 0.080392838 0.043759465 0.995802224 -1.404449957
827326500 0.972428494 1.729352952 0.500000000 0.500000000 0.000000000 0.000000000 0.985563338 0.108677380 -0.129823655 0.401009997 -0.114306800 0.992767155 -0.036705576 0.179099995 0.124895602 0.051015399 0.990857482 -2.355959887
827393233 0.972428494 1.729352952 0.500000000 0.500000000 0.000000000 0.000000000 0.982587636 0.113810703 -0.146862745 0.443401970 -0.120482907 0.992013037 -0.037336368 0.283265008 0.141440481 0.054380704 0.988452017 -2.797080094
827459967 0.972428494 1.729352952 0.500000000 0.500000000 0.000000000 0.000000000 0.980096221 0.116944656 -0.160422564 0.487140978 -0.124910966 0.991342187 -0.040471863 0.378843015 0.154300690 0.059704859 0.986218333 -3.202169697
827526700 0.972428494 1.729352952 0.500000000 0.500000000 0.000000000 0.000000000 0.978504956 0.118051730 -0.169091374 0.501041035 -0.127158150 0.990904272 -0.044040814 0.454054093 0.162354261 0.064595483 0.984615922 -3.564380087
827593433 0.972428494 1.729352952 0.500000000 0.500000000 0.000000000 0.000000000 0.977838039 0.116353080 -0.174053699 0.465798960 -0.126385540 0.990834951 -0.047674395 0.518372043 0.166911423 0.068615705 0.983581424 -4.005279916
827660167 0.972428494 1.729352952 0.500000000 0.500000000 0.000000000 0.000000000 0.977855980 0.113116227 -0.176075041 0.401937960 -0.124091931 0.990876079 -0.052590568 0.559706069 0.168519706 0.073275477 0.982970953 -4.419850069
827726900 0.972428494 1.729352952 0.500000000 0.500000000 0.000000000 0.000000000 0.978322387 0.107850574 -0.176786929 0.316653917 -0.119708098 0.991124690 -0.057808302 0.604769069 0.168983251 0.077717967 0.982550085 -4.874220194
827793633 0.972428494 1.729352952 0.500000000 0.500000000 0.000000000 0.000000000 0.979411364 0.100635767 -0.175002366 0.191937958 -0.113150045 0.991575956 -0.063041642 0.672733091 0.167183906 0.081545219 0.982547641 -5.335750130
827860367 0.972428494 1.729352952 0.500000000 0.500000000 0.000000000 0.000000000 0.980505586 0.093666725 -0.172729000 0.077644268 -0.106906004 0.991872787 -0.068989322 0.747699989 0.164863184 0.086110190 0.982550323 -5.747759787
827927100 0.972428494 1.729352952 0.500000000 0.500000000 0.000000000 0.000000000 0.981753528 0.085556693 -0.169823483 -0.038858547 -0.099380068 0.992247164 -0.074626580 0.832807016 0.162122056 0.090141982 0.982644856 -6.157350636
