https://www.youtube.com/watch?v=09qzGxPBSs4
6482767 1.002618748 1.783043194 0.500000000 0.500000000 0.000000000 0.000000000 0.979124963 -0.021803595 0.202086553 5.343720158 0.050926059 0.988833487 -0.140053257 -1.368750153 -0.196776286 0.147421107 0.969301879 3.516769686
6551722 1.002618748 1.783043194 0.500000000 0.500000000 0.000000000 0.000000000 0.974606812 -0.030106645 0.221889734 5.298659061 0.061130572 0.989052474 -0.134306327 -1.279239780 -0.215417087 0.144460127 0.965777755 3.362739684
6620689 1.002618748 1.783043194 0.500000000 0.500000000 0.000000000 0.000000000 0.969703674 -0.039234251 0.241112933 5.228999850 0.072330609 0.988873959 -0.129986897 -1.190979831 -0.233330354 0.143488631 0.961752534 3.210149905
6689656 1.002618748 1.783043194 0.500000000 0.500000000 0.000000000 0.000000000 0.965143442 -0.047608078 0.257355064 5.132150034 0.083432034 0.987981260 -0.130123720 -1.127130217 -0.248067036 0.147059694 0.957515657 3.072220402
6758622 1.002618748 1.783043194 0.500000000 0.500000000 0.000000000 0.000000000 0.960907757 -0.056969002 0.270944446 5.014990089 0.095664397 0.986646473 -0.131821945 -1.068790102 -0.259816617 0.152588442 0.953526139 2.961269925
6827589 1.002618748 1.783043194 0.500000000 0.500000000 0.000000000 0.000000000 0.957218707 -0.067160927 0.281463593 4.886819743 0.107877381 0.985395908 -0.131747618 -1.012840117 -0.268504769 0.156474844 0.950484514 2.881319821
6896556 1.002618748 1.783043194 0.500000000 0.500000000 0.000000000 0.000000000 0.954792202 -0.078150019 0.286817670 4.743709758 0.119704783 0.984220028 -0.130313963 -0.953265901 -0.272107661 0.158756226 0.949080527 2.817789877
6965522 1.002618748 1.783043194 0.500000000 0.500000000 0.000000000 0.000000000 0.954626024 -0.086752780 0.284891337 4.576899801 0.128074586 0.983240545 -0.129749224 -0.920186616 -0.268860608 0.160349354 0.949737847 2.806669752
7034489 1.002618748 1.783043194 0.500000000 0.500000000 0.000000000 0.000000000 0.955320656 -0.091229498 0.281139970 4.419910287 0.132194877 0.982616365 -0.130344033 -0.898200069 -0.264361501 0.161685586 0.950773776 2.792249963
7103456 1.002618748 1.783043194 0.500000000 0.500000000 0.000000000 0.000000000 0.958470583 -0.084493674 0.272387415 4.205389719 0.125961542 0.982316732 -0.138519123 -0.939542854 -0.255866736 0.167076871 0.952164650 2.771899847
7172422 1.002618748 1.783043194 0.500000000 0.500000000 0.000000000 0.000000000 0.960805297 -0.075196959 0.266830742 4.077950017 0.117795251 0.982036710 -0.147404820 -0.986726080 -0.250953197 0.173058718 0.952403903 2.744720105
7241378 1.002618748 1.783043194 0.500000000 0.500000000 0.000000000 0.000000000 0.962319970 -0.066741489 0.263601691 3.956199755 0.110350855 0.981848776 -0.154258311 -1.016779802 -0.248521551 0.177534550 0.952217638 2.677009750
7310344 1.002618748 1.783043194 0.500000000 0.500000000 0.000000000 0.000000000 0.963991523 -0.060909577 0.258863688 3.835260162 0.104028769 0.982218504 -0.156284511 -1.027100281 -0.244741499 0.177586198 0.953186691 2.624950249
7379311 1.002618748 1.783043194 0.500000000 0.500000000 0.000000000 0.000000000 0.965812445 -0.058236778 0.252616137 3.708880546 0.099287152 0.983236969 -0.152928665 -1.020240143 -0.239475474 0.172781929 0.955404639 2.583900171
7448278 1.002618748 1.783043194 0.500000000 0.500000000 0.000000000 0.000000000 0.966991007 -0.057408717 0.248259157 3.583899703 0.096548527 0.984191775 -0.148475215 -0.999567806 -0.235810846 0.167543277 0.957247317 2.533239797
7517244 1.002618748 1.783043194 0.500000000 0.500000000 0.000000000 0.000000000 0.967761517 -0.055940550 0.245577514 3.467799961 0.094439015 0.984482408 -0.147904158 -0.980177813 -0.233492911 0.166328073 0.958027124 2.421709712
7586211 1.002618748 1.783043194 0.500000000 0.500000000 0.000000000 0.000000000 0.969300568 -0.053555489 0.239975557 3.346700081 0.091329351 0.984585762 -0.149163738 -0.972450166 -0.228287980 0.166501299 0.959250748 2.337240138
7655178 1.002618748 1.783043194 0.500000000 0.500000000 0.000000000 0.000000000 0.971677661 -0.052408054 0.230425477 3.200679933 0.087733686 0.985410213 -0.145840824 -0.941119087 -0.219420373 0.161926359 0.962099075 2.286410385
7724144 1.002618748 1.783043194 0.500000000 0.500000000 0.000000000 0.000000000 0.973697126 -0.051161021 0.222028196 3.051240048 0.083100587 0.987081110 -0.136986047 -0.878904200 -0.212151498 0.151833564 0.965369582 2.236170416
7793111 1.002618748 1.783043194 0.500000000 0.500000000 0.000000000 0.000000000 0.975239277 -0.049609967 0.215516284 2.917700139 0.077442907 0.989419699 -0.122683533 -0.808452108 -0.207149729 0.136335999 0.968762875 2.171320040
7862067 1.002618748 1.783043194 0.500000000 0.500000000 0.000000000 0.000000000 0.976548612 -0.047442399 0.210004911 2.791520199 0.071140580 0.991735578 -0.106768534 -0.730228997 -0.203203991 0.119204536 0.971853077 2.104160082
7931033 1.002618748 1.783043194 0.500000000 0.500000000 0.000000000 0.000000000 0.978216469 -0.043235984 0.203034922 2.675289881 0.063303933 0.993613362 -0.093407974 -0.666563870 -0.197699621 0.104226142 0.974705994 2.046370037
8000000 1.002618748 1.783043194 0.500000000 0.500000000 0.000000000 0.000000000 0.979818165 -0.037308440 0.196378291 2.562030026 0.054947428 0.994851649 -0.085152604 -0.624008974 -0.192190349 0.094224550 0.976823747 1.982090107
8068967 1.002618748 1.783043194 0.500000000 0.500000000 0.000000000 0.000000000 0.981373966 -0.029256184 0.189866394 2.456569941 0.045441810 0.995640039 -0.081461340 -0.606516029 -0.186655343 0.088571906 0.978424668 1.918470192
8137933 1.002618748 1.783043194 0.500000000 0.500000000 0.000000000 0.000000000 0.982892573 -0.021054454 0.182972342 2.352800009 0.036365259 0.996072412 -0.080730148 -0.586200026 -0.180553973 0.086002894 0.979797840 1.849760285
8206900 1.002618748 1.783043194 0.500000000 0.500000000 0.000000000 0.000000000 0.984685779 -0.010435119 0.174025953 2.204849980 0.024067063 0.996786177 -0.076407649 -0.551558972 -0.172669351 0.079425819 0.981772304 1.761520055
8275867 1.002618748 1.783043194 0.500000000 0.500000000 0.000000000 0.000000000 0.984448433 -0.008262898 0.175479263 2.118719990 0.020601340 0.997430980 -0.068608053 -0.507170983 -0.174461544 0.071156196 0.982089579 1.677959877
8344833 1.002618748 1.783043194 0.500000000 0.500000000 0.000000000 0.000000000 0.983458281 -0.008911852 0.180915311 2.041340092 0.019835101 0.998081028 -0.058658592 -0.459483973 -0.180045381 0.061276756 0.981747806 1.592329955
8413800 1.002618748 1.783043194 0.500000000 0.500000000 0.000000000 0.000000000 0.981705844 -0.010984535 0.190086737 1.963139980 0.020561539 0.998612344 -0.048483614 -0.415552001 -0.189290389 0.051505122 0.980569422 1.503819986
8482767 1.002618748 1.783043194 0.500000000 0.500000000 0.000000000 0.000000000 0.978875697 -0.015201968 0.203890413 1.870640081 0.023865066 0.998910725 -0.040097669 -0.361887997 -0.203058749 0.044116490 0.978172243 1.392060230
8551722 1.002618748 1.783043194 0.500000000 0.500000000 0.000000000 0.000000000 0.975303769 -0.020977728 0.219869331 1.780150169 0.029083297 0.999008954 -0.033693213 -0.309262956 -0.218944624 0.039255645 0.974947274 1.287889774
8620689 1.002618748 1.783043194 0.500000000 0.500000000 0.000000000 0.000000000 0.971431851 -0.028363958 0.235617772 1.676960138 0.036137521 0.998933494 -0.028739067 -0.252490994 -0.234551325 0.036432680 0.971420825 1.183430092
8689656 1.002618748 1.783043194 0.500000000 0.500000000 0.000000000 0.000000000 0.968188643 -0.036504164 0.247544199 1.567259973 0.043726988 0.998761356 -0.023741314 -0.201446979 -0.246370941 0.033810437 0.968585670 1.096489930
8758622 1.002618748 1.783043194 0.500000000 0.500000000 0.000000000 0.000000000 0.965973914 -0.045828938 0.254546702 1.456659846 0.052426435 0.998440385 -0.019191382 -0.155819975 -0.253270209 0.031883363 0.966870010 1.015949987
8827589 1.002618748 1.783043194 0.500000000 0.500000000 0.000000000 0.000000000 0.964434087 -0.056846600 0.258138269 1.341690007 0.062579259 0.997941256 -0.014038970 -0.119404984 -0.256808788 0.029693771 0.966005921 0.946808847
8896556 1.002618748 1.783043194 0.500000000 0.500000000 0.000000000 0.000000000 0.963191867 -0.067292817 0.260255694 1.227399892 0.072175123 0.997349203 -0.009237245 -0.089602567 -0.258944213 0.027681243 0.965495527 0.884911989
8965522 1.002618748 1.783043194 0.500000000 0.500000000 0.000000000 0.000000000 0.961857378 -0.074078456 0.263330281 1.114560043 0.078491777 0.996895075 -0.006263797 -0.071129615 -0.262048662 0.026694123 0.964685440 0.826785113
9034489 1.002618748 1.783043194 0.500000000 0.500000000 0.000000000 0.000000000 0.960565865 -0.075587578 0.267581254 1.010409991 0.080112733 0.996767640 -0.006018040 -0.063711113 -0.266261429 0.027217384 0.963516533 0.768939099
9103456 1.002618748 1.783043194 0.500000000 0.500000000 0.000000000 0.000000000 0.959614754 -0.073058993 0.271664888 0.919840907 0.078224689 0.996901870 -0.008219381 -0.064461583 -0.270222753 0.029138353 0.962356806 0.716747948
9172422 1.002618748 1.783043194 0.500000000 0.500000000 0.000000000 0.000000000 0.959773421 -0.063304253 0.273546249 0.797200992 0.070529662 0.997370720 -0.016650517 -0.064646396 -0.271772951 0.035273861 0.961714685 0.618596917
9241378 1.002618748 1.783043194 0.500000000 0.500000000 0.000000000 0.000000000 0.961294711 -0.056460056 0.269675136 0.722834987 0.064693138 0.997668505 -0.021732628 -0.058051888 -0.267819345 0.038337603 0.962706089 0.564090994
9310344 1.002618748 1.783043194 0.500000000 0.500000000 0.000000000 0.000000000 0.962622821 -0.052996803 0.265609831 0.640959954 0.061000798 0.997895896 -0.021970037 -0.045625284 -0.263886601 0.037351284 0.963830233 0.495849017
9379311 1.002618748 1.783043194 0.500000000 0.500000000 0.000000000 0.000000000 0.963161290 -0.052906174 0.263668716 0.552572983 0.060115959 0.998003900 -0.019345460 -0.030746192 -0.262118936 0.034483507 0.964419246 0.398714936
9448278 1.002618748 1.783043194 0.500000000 0.500000000 0.000000000 0.000000000 0.963531911 -0.055242192 0.261829108 0.460823969 0.061610457 0.997969270 -0.016169423 -0.015635893 -0.260404199 0.031711180 0.964978755 0.295852962
9517244 1.002618748 1.783043194 0.500000000 0.500000000 0.000000000 0.000000000 0.964127541 -0.058277611 0.258963048 0.365493002 0.064030901 0.997852087 -0.013830244 -0.000659842 -0.257600844 0.029915750 0.965788245 0.188804999
9586211 1.002618748 1.783043194 0.500000000 0.500000000 0.000000000 0.000000000 0.964687645 -0.060765743 0.256291389 0.261256005 0.066423282 0.997700632 -0.013467874 0.020180197 -0.254883707 0.030016005 0.966505766 0.040227907
9655178 1.002618748 1.783043194 0.500000000 0.500000000 0.000000000 0.000000000 0.965648472 -0.061031848 0.252582967 0.163091995 0.066680983 0.997678101 -0.013857835 0.039082795 -0.251150727 0.030224267 0.967476010 -0.081596203
9724144 1.002618748 1.783043194 0.500000000 0.500000000 0.000000000 0.000000000 0.966660619 -0.058766339 0.249226317 0.059909903 0.064112946 0.997852921 -0.013382634 0.070766800 -0.247904763 0.028915094 0.968352795 -0.204912996
9793111 1.002618748 1.783043194 0.500000000 0.500000000 0.000000000 0.000000000 0.966561973 -0.053287596 0.250835419 -0.047823602 0.057892799 0.998262107 -0.011011165 0.098010800 -0.249812722 0.025164545 0.967967093 -0.337720959
9862067 1.002618748 1.783043194 0.500000000 0.500000000 0.000000000 0.000000000 0.967255056 -0.045166336 0.249755234 -0.152145999 0.049102977 0.998748064 -0.009550592 0.112356995 -0.249011189 0.021501586 0.968261898 -0.454455989
9931033 1.002618748 1.783043194 0.500000000 0.500000000 0.000000000 0.000000000 0.969603717 -0.035601452 0.242076859 -0.260049000 0.039836571 0.999126494 -0.012621338 0.130499999 -0.241416052 0.021881202 0.970175028 -0.556347052
10000000 1.002618748 1.783043194 0.500000000 0.500000000 0.000000000 0.000000000 0.971166611 -0.027409049 0.236821070 -0.376000024 0.032716587 0.999293268 -0.018510092 0.149508006 -0.236146346 0.025724359 0.971376956 -0.659655014
10068967 1.002618748 1.783043194 0.500000000 0.500000000 0.000000000 0.000000000 0.971718788 -0.021707676 0.235141113 -0.495135028 0.028138585 0.999315202 -0.024028016 0.172268995 -0.234458491 0.029965019 0.971664190 -0.756421979
10137933 1.002618748 1.783043194 0.500000000 0.500000000 0.000000000 0.000000000 0.971968174 -0.019491754 0.234302878 -0.615601958 0.026580594 0.999278307 -0.027134957 0.193029987 -0.233604878 0.032602228 0.971784830 -0.844616960
10206900 1.002618748 1.783043194 0.500000000 0.500000000 0.000000000 0.000000000 0.970706165 -0.022971397 0.239169136 -0.823541019 0.030168639 0.999194145 -0.026474996 0.208666999 -0.238368228 0.032914847 0.970616937 -0.956027045
10275867 1.002618748 1.783043194 0.500000000 0.500000000 0.000000000 0.000000000 0.967615724 -0.029995214 0.250639409 -0.993860967 0.037138890 0.999026179 -0.023819776 0.209585996 -0.249680847 0.032356855 0.967787445 -1.034260018
10344833 1.002618748 1.783043194 0.500000000 0.500000000 0.000000000 0.000000000 0.964241862 -0.039733462 0.262028366 -1.173299980 0.047023125 0.998660088 -0.021606222 0.215620995 -0.260818809 0.033155013 0.964818299 -1.106449909
10413800 1.002618748 1.783043194 0.500000000 0.500000000 0.000000000 0.000000000 0.961379647 -0.050585728 0.270537078 -1.351580077 0.058058161 0.998119116 -0.019684372 0.217812005 -0.269032478 0.034631036 0.962508321 -1.151139959
10482767 1.002618748 1.783043194 0.500000000 0.500000000 0.000000000 0.000000000 0.957811117 -0.061503757 0.280740172 -1.541169898 0.069313355 0.997433186 -0.017963987 0.223158981 -0.278914720 0.036665160 0.959615648 -1.201049883
10551722 1.002618748 1.783043194 0.500000000 0.500000000 0.000000000 0.000000000 0.953078032 -0.071535788 0.294150919 -1.729529708 0.079810850 0.996678233 -0.016208678 0.225994957 -0.292014331 0.038924590 0.955621481 -1.228899729
10620689 1.002618748 1.783043194 0.500000000 0.500000000 0.000000000 0.000000000 0.949254513 -0.081340142 0.303808361 -1.908079750 0.089855738 0.995854557 -0.014130656 0.220118953 -0.301399559 0.040712535 0.952628314 -1.266129842
10689656 1.002618748 1.783043194 0.500000000 0.500000000 0.000000000 0.000000000 0.946861565 -0.087394059 0.309540540 -2.082039845 0.096749052 0.995196223 -0.014969681 0.215830958 -0.306745321 0.044121992 0.950768352 -1.288419849
10758622 1.002618748 1.783043194 0.500000000 0.500000000 0.000000000 0.000000000 0.945355654 -0.088488050 0.313803434 -2.244050110 0.099424191 0.994863987 -0.018985249 0.221350948 -0.310511768 0.049147464 0.949298143 -1.326129992
10827589 1.002618748 1.783043194 0.500000000 0.500000000 0.000000000 0.000000000 0.945136607 -0.085064419 0.315405846 -2.387929832 0.097811349 0.994896472 -0.024776956 0.235341975 -0.311688542 0.054267883 0.948633373 -1.367040015
10896556 1.002618748 1.783043194 0.500000000 0.500000000 0.000000000 0.000000000 0.946300089 -0.079946041 0.313248783 -2.498120100 0.094398767 0.995044827 -0.031220123 0.260322014 -0.309200674 0.059113897 0.949157774 -1.409599967
10965522 1.002618748 1.783043194 0.500000000 0.500000000 0.000000000 0.000000000 0.947007835 -0.074065685 0.312554806 -2.615730246 0.089966610 0.995266795 -0.036742300 0.286171027 -0.308354110 0.062914729 0.949188888 -1.442250023
11034478 1.002618748 1.783043194 0.500000000 0.500000000 0.000000000 0.000000000 0.946613789 -0.068319984 0.315047204 -2.718280094 0.084937595 0.995610714 -0.039305218 0.316858033 -0.310979068 0.063966200 0.948261797 -1.480860122
11103444 1.002618748 1.783043194 0.500000000 0.500000000 0.000000000 0.000000000 0.947122872 -0.062021893 0.314819813 -2.803420014 0.078440294 0.996126413 -0.039740056 0.346156030 -0.311135590 0.062333271 0.948319137 -1.524780053
11172411 1.002618748 1.783043194 0.500000000 0.500000000 0.000000000 0.000000000 0.947667181 -0.056638502 0.314195812 -2.883439960 0.072999962 0.996507466 -0.040544681 0.372774946 -0.310802102 0.061359152 0.948491991 -1.561969789
11241378 1.002618748 1.783043194 0.500000000 0.500000000 0.000000000 0.000000000 0.945915520 -0.052092694 0.320203424 -3.013810070 0.069058523 0.996734381 -0.041851386 0.397362054 -0.316977620 0.061700642 0.946423948 -1.621910103
11310344 1.002618748 1.783043194 0.500000000 0.500000000 0.000000000 0.000000000 0.944491386 -0.051449932 0.324482471 -3.102729749 0.068433292 0.996807098 -0.041139305 0.404600917 -0.321329802 0.061061136 0.944996595 -1.654979697
11379300 1.002618748 1.783043194 0.500000000 0.500000000 0.000000000 0.000000000 0.942967832 -0.052128732 0.328777015 -3.201809851 0.068910912 0.996836901 -0.039591972 0.408149039 -0.325673163 0.059990276 0.943577349 -1.704349979
11448267 1.002618748 1.783043194 0.500000000 0.500000000 0.000000000 0.000000000 0.942388773 -0.053449877 0.330221981 -3.301040108 0.070021816 0.996802807 -0.038485609 0.412619026 -0.327109128 0.059391141 0.943118393 -1.770549917
11517233 1.002618748 1.783043194 0.500000000 0.500000000 0.000000000 0.000000000 0.943201780 -0.056335315 0.327409178 -3.398979835 0.072818443 0.996609747 -0.038295075 0.415500017 -0.324141830 0.059961408 0.944106340 -1.843979944
11586200 1.002618748 1.783043194 0.500000000 0.500000000 0.000000000 0.000000000 0.943231344 -0.061471134 0.326398373 -3.514399951 0.077188075 0.996387601 -0.035408054 0.410570977 -0.323042691 0.058592055 0.944568872 -1.916940103
11655167 1.002618748 1.783043194 0.500000000 0.500000000 0.000000000 0.000000000 0.941779375 -0.066756018 0.329537958 -3.636290073 0.081102677 0.996255219 -0.029965626 0.405033075 -0.326303512 0.054947406 0.943666697 -1.958170035
11724133 1.002618748 1.783043194 0.500000000 0.500000000 0.000000000 0.000000000 0.939574301 -0.070925012 0.334917396 -3.758879316 0.083689019 0.996207297 -0.023814909 0.398996936 -0.331958085 0.050404802 0.941946447 -2.003249563
11793100 1.002618748 1.783043194 0.500000000 0.500000000 0.000000000 0.000000000 0.938000560 -0.073129736 0.338831812 -3.870089855 0.084104665 0.996297956 -0.017800044 0.391148028 -0.336275727 0.045193795 0.940678537 -2.048849746
11862067 1.002618748 1.783043194 0.500000000 0.500000000 0.000000000 0.000000000 0.938290894 -0.072779737 0.338102490 -3.962470079 0.081462376 0.996609569 -0.011542127 0.390838971 -0.336116165 0.038372517 0.941038489 -2.100239655
11931033 1.002618748 1.783043194 0.500000000 0.500000000 0.000000000 0.000000000 0.940559030 -0.069515675 0.332439780 -4.038799464 0.076350451 0.997052670 -0.007524093 0.406196942 -0.330936909 0.032458801 0.943094432 -2.164559725
12000000 1.002618748 1.783043194 0.500000000 0.500000000 0.000000000 0.000000000 0.944480181 -0.063097589 0.322452933 -4.098559924 0.069281645 0.997567236 -0.007725355 0.439502003 -0.321181029 0.029636510 0.946554005 -2.237339992
12068956 1.002618748 1.783043194 0.500000000 0.500000000 0.000000000 0.000000000 0.949197710 -0.056049187 0.309648633 -4.154590599 0.062748022 0.997960746 -0.011708103 0.488519086 -0.308360934 0.030543134 0.950779021 -2.337830400
12137922 1.002618748 1.783043194 0.500000000 0.500000000 0.000000000 0.000000000 0.954216003 -0.049421471 0.295007437 -4.193000103 0.056920160 0.998236001 -0.016880393 0.533992022 -0.293652803 0.032899395 0.955345869 -2.451659885
12206889 1.002618748 1.783043194 0.500000000 0.500000000 0.000000000 0.000000000 0.961410642 -0.043371283 0.271677405 -4.253040319 0.051670328 0.998388469 -0.023465408 0.577618058 -0.270221859 0.036597542 0.962102294 -2.602790422
12275856 1.002618748 1.783043194 0.500000000 0.500000000 0.000000000 0.000000000 0.965790391 -0.042370133 0.255838990 -4.288979657 0.051018812 0.998325586 -0.027260460 0.591544950 -0.254255593 0.039380498 0.966334939 -2.700919813
12344822 1.002618748 1.783043194 0.500000000 0.500000000 0.000000000 0.000000000 0.969924450 -0.042931966 0.239590079 -4.319330328 0.051910669 0.998161495 -0.031288408 0.598521007 -0.237806320 0.042784676 0.970369816 -2.789339801
12413789 1.002618748 1.783043194 0.500000000 0.500000000 0.000000000 0.000000000 0.973471045 -0.043831117 0.224572808 -4.361630078 0.053120315 0.997957349 -0.035487376 0.604072877 -0.222558618 0.046475321 0.973810911 -2.863149664
12482756 1.002618748 1.783043194 0.500000000 0.500000000 0.000000000 0.000000000 0.976408005 -0.043541208 0.211498201 -4.398819517 0.053076461 0.997804344 -0.039615780 0.609926936 -0.209308892 0.049906746 0.976575196 -2.931250077
12551722 1.002618748 1.783043194 0.500000000 0.500000000 0.000000000 0.000000000 0.978963256 -0.041856021 0.199697331 -4.431719883 0.051749341 0.997664630 -0.044579592 0.626822962 -0.197365031 0.053975988 0.978842974 -2.998899884
12620689 1.002618748 1.783043194 0.500000000 0.500000000 0.000000000 0.000000000 0.981236219 -0.039413963 0.188738063 -4.458910454 0.049734544 0.997497082 -0.050260205 0.645527954 -0.186284706 0.058703940 0.980740428 -3.057099926
12689656 1.002618748 1.783043194 0.500000000 0.500000000 0.000000000 0.000000000 0.983099401 -0.037388027 0.179214180 -4.481140046 0.048493966 0.997138441 -0.057994012 0.669644016 -0.176533073 0.065704688 0.982099295 -3.101290130
12758611 1.002618748 1.783043194 0.500000000 0.500000000 0.000000000 0.000000000 0.984650135 -0.035564512 0.170877889 -4.498310180 0.047759674 0.996555507 -0.067794353 0.696027917 -0.167878225 0.074914798 0.982957125 -3.141840245
12827578 1.002618748 1.783043194 0.500000000 0.500000000 0.000000000 0.000000000 0.986032009 -0.033471961 0.163157955 -4.508840183 0.047085080 0.995658457 -0.080294989 0.726308034 -0.159761980 0.086855732 0.983327091 -3.170959809
