https://www.youtube.com/watch?v=1eS0yrnHst8
14881533 0.730158227 1.311057605 0.500000000 0.500000000 0.000000000 0.000000000 0.999183536 -0.039621297 -0.007897696 -1.042350002 0.040078018 0.996737897 0.070051871 -1.231139924 0.005096388 -0.070311196 0.997512102 6.122079994
14948267 0.730158227 1.311057605 0.500000000 0.500000000 0.000000000 0.000000000 0.999043345 -0.043186851 -0.006874119 -1.007889953 0.043606214 0.995662391 0.082188398 -1.087759998 0.003294845 -0.082409531 0.996593118 5.997410084
15015000 0.730158227 1.311057605 0.500000000 0.500000000 0.000000000 0.000000000 0.999012232 -0.043330401 -0.009853395 -1.000020049 0.044002302 0.995547771 0.083357349 -1.021200000 0.006197616 -0.083708584 0.996470988 5.857059745
15081733 0.730158227 1.311057605 0.500000000 0.500000000 0.000000000 0.000000000 0.999051392 -0.041987333 -0.011549013 -0.977491027 0.042798918 0.995672345 0.082491331 -0.971667092 0.008035438 -0.082907371 0.996524870 5.710380198
15148467 0.730158227 1.311057605 0.500000000 0.500000000 0.000000000 0.000000000 0.999209285 -0.038823798 -0.008575508 -0.927272042 0.039392345 0.995926559 0.081108399 -0.936647017 0.005391641 -0.081382073 0.996668398 5.566309697
15215200 0.730158227 1.311057605 0.500000000 0.500000000 0.000000000 0.000000000 0.999329031 -0.036449376 -0.003602347 -0.868727098 0.036620412 0.996165454 0.079456106 -0.913633870 0.000692406 -0.079534709 0.996831834 5.424650108
15281933 0.730158227 1.311057605 0.500000000 0.500000000 0.000000000 0.000000000 0.999236941 -0.038479943 -0.006697729 -0.852495014 0.038889345 0.996114314 0.079018697 -0.893440057 0.003631070 -0.079218864 0.996850610 5.282539245
15348667 0.730158227 1.311057605 0.500000000 0.500000000 0.000000000 0.000000000 0.999178290 -0.040155843 -0.005498291 -0.810636014 0.040463164 0.996114135 0.078226551 -0.875168983 0.002335671 -0.078384757 0.996920466 5.148280220
15415400 0.730158227 1.311057605 0.500000000 0.500000000 0.000000000 0.000000000 0.999182999 -0.040398985 0.001128694 -0.751595961 0.040190458 0.996188402 0.077417232 -0.864891058 -0.004251968 -0.077308618 0.996998131 5.020289610
15482133 0.730158227 1.311057605 0.500000000 0.500000000 0.000000000 0.000000000 0.999146461 -0.038746078 0.014320889 -0.659578045 0.037658725 0.996858776 0.069673330 -0.889844931 -0.016975472 -0.069074556 0.997467041 4.902999722
15548867 0.730158227 1.311057605 0.500000000 0.500000000 0.000000000 0.000000000 0.998767853 -0.040811885 0.028233577 -0.564925986 0.039163928 0.997625887 0.056645989 -0.943552873 -0.030478377 -0.055470452 0.997995019 4.770890201
15615600 0.730158227 1.311057605 0.500000000 0.500000000 0.000000000 0.000000000 0.997873783 -0.038195673 0.052811317 -0.437373005 0.035893027 0.998391688 0.043883327 -0.982846940 -0.054402530 -0.041894462 0.997639835 4.618000274
15682333 0.730158227 1.311057605 0.500000000 0.500000000 0.000000000 0.000000000 0.996351361 -0.042863298 0.073801376 -0.318840022 0.040340748 0.998560846 0.035338756 -1.015739904 -0.075209908 -0.032232616 0.996646643 4.472580155
15749067 0.730158227 1.311057605 0.500000000 0.500000000 0.000000000 0.000000000 0.993749082 -0.051518776 0.099038504 -0.189288064 0.048645169 0.998328209 0.031215694 -1.021810000 -0.100481130 -0.026202828 0.994593859 4.309370101
15815800 0.730158227 1.311057605 0.500000000 0.500000000 0.000000000 0.000000000 0.990762115 -0.060271297 0.121481895 -0.069246276 0.057872023 0.998054743 0.023185734 -1.051300210 -0.122643009 -0.015941147 0.992322803 4.159659553
15882533 0.730158227 1.311057605 0.500000000 0.500000000 0.000000000 0.000000000 0.986415625 -0.074386857 0.146460906 0.065306564 0.072753437 0.997213721 0.016485384 -1.068869887 -0.147279128 -0.005605911 0.989079118 3.998450267
15949267 0.730158227 1.311057605 0.500000000 0.500000000 0.000000000 0.000000000 0.979713440 -0.084692322 0.181628376 0.244307928 0.084257774 0.996392608 0.010121424 -1.083960114 -0.181830376 0.005387499 0.983315170 3.845650122
16016000 0.730158227 1.311057605 0.500000000 0.500000000 0.000000000 0.000000000 0.972487271 -0.090238012 0.214768842 0.402257994 0.091121174 0.995822906 0.005805738 -1.086470127 -0.214395627 0.013923980 0.976647675 3.679529907
16082733 0.730158227 1.311057605 0.500000000 0.500000000 0.000000000 0.000000000 0.965480089 -0.095222346 0.242447764 0.537612032 0.097633414 0.995220244 0.002079171 -1.085499865 -0.241486907 0.021663610 0.970162213 3.517959947
16149467 0.730158227 1.311057605 0.500000000 0.500000000 0.000000000 0.000000000 0.959622264 -0.098982036 0.263301641 0.648822967 0.103222758 0.994655669 -0.002285646 -1.085550015 -0.261668235 0.029372068 0.964710832 3.359839827
16216200 0.730158227 1.311057605 0.500000000 0.500000000 0.000000000 0.000000000 0.953956246 -0.103095703 0.281671226 0.756494848 0.109620832 0.993945479 -0.007462478 -1.085779969 -0.279196501 0.037995920 0.959481955 3.206069801
16282933 0.730158227 1.311057605 0.500000000 0.500000000 0.000000000 0.000000000 0.948073268 -0.109155133 0.298734277 0.863840934 0.117257386 0.993058205 -0.009276411 -1.069619894 -0.295647949 0.043823533 0.954291224 3.049229798
16349667 0.730158227 1.311057605 0.500000000 0.500000000 0.000000000 0.000000000 0.943328083 -0.111196667 0.312677801 0.963578838 0.121891186 0.992433071 -0.014801575 -1.059509931 -0.308665931 0.052075423 0.949743867 2.884259688
16416400 0.730158227 1.311057605 0.500000000 0.500000000 0.000000000 0.000000000 0.940006673 -0.113221958 0.321820199 1.046279966 0.124217063 0.992159545 -0.013767377 -1.019780126 -0.317738235 0.052916981 0.946700692 2.734669944
16483133 0.730158227 1.311057605 0.500000000 0.500000000 0.000000000 0.000000000 0.935553193 -0.115725890 0.333687872 1.136749704 0.127114683 0.991810262 -0.012420038 -0.982021878 -0.329517752 0.054036267 0.942601740 2.592259531
16549867 0.730158227 1.311057605 0.500000000 0.500000000 0.000000000 0.000000000 0.933575928 -0.107495785 0.341878086 1.216429948 0.120225877 0.992614388 -0.016199077 -0.955722881 -0.337611765 0.056225680 0.939604640 2.457169721
16616600 0.730158227 1.311057605 0.500000000 0.500000000 0.000000000 0.000000000 0.928290129 -0.101594202 0.357709676 1.287940288 0.115958400 0.993074656 -0.018876806 -0.925336078 -0.353314668 0.059002563 0.933642089 2.296950482
16683333 0.730158227 1.311057605 0.500000000 0.500000000 0.000000000 0.000000000 0.925511241 -0.102904059 0.364471704 1.348469835 0.117044382 0.992983639 -0.016856832 -0.876214963 -0.360179812 0.058260582 0.931061804 2.159329711
16750067 0.730158227 1.311057605 0.500000000 0.500000000 0.000000000 0.000000000 0.921712160 -0.103472449 0.373818576 1.395360202 0.115506522 0.993257701 -0.009868352 -0.821407080 -0.370277107 0.052274227 0.927449405 2.009890351
16816800 0.730158227 1.311057605 0.500000000 0.500000000 0.000000000 0.000000000 0.921145201 -0.105221145 0.374726832 1.407630224 0.117203571 0.993064761 -0.009260353 -0.782195007 -0.371153593 0.052449420 0.927089095 1.862500318
16883533 0.730158227 1.311057605 0.500000000 0.500000000 0.000000000 0.000000000 0.920738220 -0.104409039 0.375952154 1.406520158 0.116575703 0.993134499 -0.009691376 -0.738171999 -0.372359186 0.052750085 0.926588416 1.708120091
16950267 0.730158227 1.311057605 0.500000000 0.500000000 0.000000000 0.000000000 0.921261966 -0.096757561 0.376715362 1.388460175 0.107907325 0.994124174 -0.008552572 -0.698705113 -0.373674333 0.048529483 0.926289618 1.554370128
17017000 0.730158227 1.311057605 0.500000000 0.500000000 0.000000000 0.000000000 0.922459722 -0.089560404 0.375562251 1.357169941 0.100478366 0.994893491 -0.009543501 -0.666998029 -0.372789741 0.046539374 0.926748037 1.385939942
17083733 0.730158227 1.311057605 0.500000000 0.500000000 0.000000000 0.000000000 0.923246920 -0.083546579 0.375013560 1.324180101 0.093742013 0.995555937 -0.008990962 -0.627363969 -0.372595817 0.043455392 0.926975727 1.213089974
17283933 0.730158227 1.311057605 0.500000000 0.500000000 0.000000000 0.000000000 0.931759953 -0.108261377 0.346558779 1.152360065 0.112703517 0.993601322 0.007375440 -0.435646075 -0.345139712 0.032186225 0.937999308 0.742802102
17350667 0.730158227 1.311057605 0.500000000 0.500000000 0.000000000 0.000000000 0.940371633 -0.126935825 0.315576404 1.073189890 0.133097515 0.991100848 0.002044084 -0.382157015 -0.313027531 0.040080227 0.948897958 0.599689991
17417400 0.730158227 1.311057605 0.500000000 0.500000000 0.000000000 0.000000000 0.948532462 -0.115397379 0.294906020 1.012889915 0.123547733 0.992296994 -0.009089557 -0.356278997 -0.291585445 0.045056708 0.955483019 0.428495997
17484133 0.730158227 1.311057605 0.500000000 0.500000000 0.000000000 0.000000000 0.957498312 -0.103115097 0.269377619 0.928098028 0.110598981 0.993783832 -0.012711599 -0.324127003 -0.266392380 0.041964225 0.962950706 0.284990906
17550867 0.730158227 1.311057605 0.500000000 0.500000000 0.000000000 0.000000000 0.967174590 -0.087578043 0.238544211 0.882390972 0.093388200 0.995543003 -0.013142101 -0.285653965 -0.236330077 0.034987941 0.971042693 0.159749968
17617600 0.730158227 1.311057605 0.500000000 0.500000000 0.000000000 0.000000000 0.974835277 -0.076896094 0.209244430 0.816679071 0.080955468 0.996658206 -0.010892138 -0.241317974 -0.207707614 0.027557515 0.977802694 -0.002825576
17684333 0.730158227 1.311057605 0.500000000 0.500000000 0.000000000 0.000000000 0.982236385 -0.065199696 0.175956503 0.774806998 0.067729302 0.997668326 -0.008402711 -0.190831999 -0.174998388 0.020170869 0.984362066 -0.164682003
17751067 0.730158227 1.311057605 0.500000000 0.500000000 0.000000000 0.000000000 0.987979114 -0.052949436 0.145236477 0.748246021 0.053903833 0.998542666 -0.002641158 -0.152775029 -0.144884959 0.010438208 0.989393473 -0.333610026
17817800 0.730158227 1.311057605 0.500000000 0.500000000 0.000000000 0.000000000 0.993548691 -0.046407040 0.103476427 0.723216025 0.045183327 0.998878658 0.014140067 -0.105038009 -0.104016595 -0.009373440 0.994531393 -0.501819000
17884533 0.730158227 1.311057605 0.500000000 0.500000000 0.000000000 0.000000000 0.997447193 -0.036437288 0.061411489 0.746934002 0.035019971 0.999098420 0.023999820 -0.066851491 -0.062230606 -0.021787925 0.997823954 -0.641097060
17951267 0.730158227 1.311057605 0.500000000 0.500000000 0.000000000 0.000000000 0.999312460 -0.022479378 0.029483316 0.749999979 0.021736767 0.999444306 0.025270687 -0.027208802 -0.030035002 -0.024612440 0.999245763 -0.809858962
18018000 0.730158227 1.311057605 0.500000000 0.500000000 0.000000000 0.000000000 0.999947190 -0.008776753 0.005344121 0.746066978 0.008631472 0.999608159 0.026627053 0.002790799 -0.005575726 -0.026579518 0.999631166 -0.971378031
18084733 0.730158227 1.311057605 0.500000000 0.500000000 0.000000000 0.000000000 0.999741673 -0.000306815 -0.022726607 0.748711983 0.000967756 0.999576688 0.029077012 0.039291000 0.022708066 -0.029091496 0.999318779 -1.126249990
18151467 0.730158227 1.311057605 0.500000000 0.500000000 0.000000000 0.000000000 0.999321818 0.012909968 -0.034485377 0.730597002 -0.011963048 0.999549508 0.027525224 0.089437092 0.034825191 -0.027094007 0.999026060 -1.302629893
18218200 0.730158227 1.311057605 0.500000000 0.500000000 0.000000000 0.000000000 0.998655796 0.024640016 -0.045600805 0.710875927 -0.023421194 0.999359071 0.027072158 0.125572005 0.046238635 -0.025967743 0.998592854 -1.471959946
18284933 0.730158227 1.311057605 0.500000000 0.500000000 0.000000000 0.000000000 0.998179138 0.030109914 -0.052266374 0.679659016 -0.028778961 0.999246716 0.026033467 0.160937989 0.053010866 -0.024481891 0.998293817 -1.643860081
18351667 0.730158227 1.311057605 0.500000000 0.500000000 0.000000000 0.000000000 0.997726500 0.034744166 -0.057746541 0.639335992 -0.033445187 0.999168634 0.023311080 0.208112980 0.058508459 -0.021326737 0.998059094 -1.821859983
18418400 0.730158227 1.311057605 0.500000000 0.500000000 0.000000000 0.000000000 0.997657359 0.039057672 -0.056163002 0.569048013 -0.038204461 0.999138832 0.016186384 0.263523971 0.056746837 -0.014002790 0.998290420 -2.007670057
18485133 0.730158227 1.311057605 0.500000000 0.500000000 0.000000000 0.000000000 0.997856319 0.042620130 -0.049661350 0.499631957 -0.042444080 0.999088287 0.004594737 0.345207005 0.049811903 -0.002477056 0.998755515 -2.159059808
18551867 0.730158227 1.311057605 0.500000000 0.500000000 0.000000000 0.000000000 0.997994900 0.045720413 -0.043770786 0.412117047 -0.045894280 0.998941898 -0.002975048 0.413334045 0.043588448 0.004977910 0.999037147 -2.309489965
18618600 0.730158227 1.311057605 0.500000000 0.500000000 0.000000000 0.000000000 0.998253703 0.043785911 -0.039653458 0.337327015 -0.044337045 0.998930395 -0.013127310 0.506203023 0.039036252 0.014862502 0.999127269 -2.435060141
18685333 0.730158227 1.311057605 0.500000000 0.500000000 0.000000000 0.000000000 0.998450816 0.035202652 -0.043090016 0.278037020 -0.036284275 0.999039114 -0.024582028 0.608155003 0.042183258 0.026107438 0.998768747 -2.552620141
18752067 0.730158227 1.311057605 0.500000000 0.500000000 0.000000000 0.000000000 0.998254120 0.034780957 -0.047739007 0.236940996 -0.036648206 0.998574257 -0.038812194 0.730869074 0.046321020 0.040493976 0.998105526 -2.670109924
18818800 0.730158227 1.311057605 0.500000000 0.500000000 0.000000000 0.000000000 0.998125255 0.031700429 -0.052354887 0.204970996 -0.034171332 0.998310506 -0.046994533 0.844304025 0.050776683 0.048695471 0.997522175 -2.781639987
18885533 0.730158227 1.311057605 0.500000000 0.500000000 0.000000000 0.000000000 0.997762740 0.026492978 -0.061380818 0.191224998 -0.030033233 0.997894168 -0.057491194 0.966099042 0.059728451 0.059206035 0.996457279 -2.890880120
18952267 0.730158227 1.311057605 0.500000000 0.500000000 0.000000000 0.000000000 0.997322738 0.022073314 -0.069714539 0.194867991 -0.026943974 0.997202873 -0.069716699 1.101169864 0.067980655 0.071408443 0.995127857 -2.989429700
19019000 0.730158227 1.311057605 0.500000000 0.500000000 0.000000000 0.000000000 0.996980071 0.022375697 -0.074364483 0.192499022 -0.028171046 0.996569335 -0.077819854 1.225550092 0.072368085 0.079679772 0.994190097 -3.101680070
19085733 0.730158227 1.311057605 0.500000000 0.500000000 0.000000000 0.000000000 0.995942593 0.025934815 -0.086172462 0.233225006 -0.033511117 0.995585680 -0.087670960 1.341959973 0.083518341 0.090202980 0.992415309 -3.183500183
19152467 0.730158227 1.311057605 0.500000000 0.500000000 0.000000000 0.000000000 0.994519830 0.022339959 -0.102133282 0.283582973 -0.032822732 0.994228423 -0.102139436 1.479109956 0.099262021 0.104931988 0.989513159 -3.271809797
19219200 0.730158227 1.311057605 0.500000000 0.500000000 0.000000000 0.000000000 0.992532074 0.029480305 -0.118368067 0.364681041 -0.043205988 0.992411315 -0.115121864 1.615770089 0.114075981 0.119376354 0.986273766 -3.351809961
19285933 0.730158227 1.311057605 0.500000000 0.500000000 0.000000000 0.000000000 0.990494013 0.045765892 -0.129719377 0.450778980 -0.062433258 0.989873528 -0.127485409 1.744580050 0.122571290 0.134372339 0.983321071 -3.412129991
19352667 0.730158227 1.311057605 0.500000000 0.500000000 0.000000000 0.000000000 0.988429606 0.064898737 -0.137095079 0.518790002 -0.085110657 0.985447764 -0.147135705 1.898450108 0.125551119 0.157101542 0.979569316 -3.471160132
19419400 0.730158227 1.311057605 0.500000000 0.500000000 0.000000000 0.000000000 0.987641454 0.065445140 -0.142412484 0.564398020 -0.087442189 0.984171152 -0.154146016 1.993909852 0.130070150 0.164693862 0.977730870 -3.533909796
19486133 0.730158227 1.311057605 0.500000000 0.500000000 0.000000000 0.000000000 0.987242997 0.061668083 -0.146793514 0.596326967 -0.085693508 0.982825100 -0.163436264 2.092160028 0.134193569 0.173930556 0.975571752 -3.589679856
19552867 0.730158227 1.311057605 0.500000000 0.500000000 0.000000000 0.000000000 0.987092733 0.060556218 -0.148259565 0.623747061 -0.085859716 0.981571138 -0.170722723 2.176890091 0.135188982 0.181248665 0.974101067 -3.641950030
19619600 0.730158227 1.311057605 0.500000000 0.500000000 0.000000000 0.000000000 0.987594485 0.066928916 -0.142048001 0.621345060 -0.092958666 0.978262067 -0.185369924 2.275890190 0.126553535 0.196274921 0.972347856 -3.675400228
19686333 0.730158227 1.311057605 0.500000000 0.500000000 0.000000000 0.000000000 0.988137186 0.065426968 -0.138939708 0.598638988 -0.091805749 0.976916254 -0.192889631 2.360290299 0.123112291 0.203356862 0.971333802 -3.741809801
19753067 0.730158227 1.311057605 0.500000000 0.500000000 0.000000000 0.000000000 0.988819361 0.067021765 -0.133207858 0.571326914 -0.092964001 0.975526989 -0.199260652 2.435440134 0.116593070 0.209416330 0.970850587 -3.796249855
19819800 0.730158227 1.311057605 0.500000000 0.500000000 0.000000000 0.000000000 0.989412308 0.067778789 -0.128333017 0.539055982 -0.092946224 0.975043118 -0.201623276 2.497159876 0.111464456 0.211416617 0.971019447 -3.868599976
19886533 0.730158227 1.311057605 0.500000000 0.500000000 0.000000000 0.000000000 0.990397036 0.070603415 -0.118864797 0.480589929 -0.094372988 0.973553538 -0.208056003 2.575059925 0.101031788 0.217275679 0.970867574 -3.929929731
19953267 0.730158227 1.311057605 0.500000000 0.500000000 0.000000000 0.000000000 0.992082536 0.064412877 -0.107810892 0.401221974 -0.086383343 0.973115206 -0.213505685 2.657599761 0.091159888 0.221128345 0.970974803 -3.985679843
20020000 0.730158227 1.311057605 0.500000000 0.500000000 0.000000000 0.000000000 0.994535804 0.054224480 -0.089209028 0.252586008 -0.072458275 0.973716140 -0.215932056 2.714679845 0.075155459 0.221216097 0.972324550 -4.067909869
20086733 0.730158227 1.311057605 0.500000000 0.500000000 0.000000000 0.000000000 0.995932102 0.051376134 -0.074025176 0.123879019 -0.066570640 0.973176003 -0.220219687 2.788999812 0.060725477 0.224251762 0.972637415 -4.131710105
20153467 0.730158227 1.311057605 0.500000000 0.500000000 0.000000000 0.000000000 0.998123944 0.042087179 -0.044466086 -0.099071529 -0.051055249 0.973000765 -0.225084141 2.872840001 0.033792384 0.226932094 0.973324180 -4.197970117
20220200 0.730158227 1.311057605 0.500000000 0.500000000 0.000000000 0.000000000 0.999584794 0.024935996 -0.014435419 -0.346893961 -0.027488587 0.975469351 -0.218412235 2.876259712 0.008634976 0.218718365 0.975749791 -4.272989884
20286933 0.730158227 1.311057605 0.500000000 0.500000000 0.000000000 0.000000000 0.999840677 0.017756473 -0.001819125 -0.511834033 -0.017743934 0.977693558 -0.209285647 2.870940042 -0.001937627 0.209284574 0.977852881 -4.353209616
20353667 0.730158227 1.311057605 0.500000000 0.500000000 0.000000000 0.000000000 0.999585390 0.021090683 0.019600805 -0.686406973 -0.016896971 0.980902553 -0.193764597 2.827700122 -0.023313105 0.193353057 0.980852246 -4.439560056
20420400 0.730158227 1.311057605 0.500000000 0.500000000 0.000000000 0.000000000 0.998430550 0.025638677 0.049790330 -0.921392954 -0.015811395 0.981932819 -0.188568190 2.821899988 -0.053725399 0.187484995 0.980797112 -4.477170127
20487133 0.730158227 1.311057605 0.500000000 0.500000000 0.000000000 0.000000000 0.996621430 0.020024024 0.079654157 -1.187809904 -0.006231526 0.985464871 -0.169765025 2.737390076 -0.081895754 0.168695092 0.982260168 -4.557859681
