https://www.youtube.com/watch?v=O8_LKIRyIF0
82266667 0.932708427 1.660987712 0.500000000 0.500000000 0.000000000 0.000000000 0.997709274 0.005332370 -0.067437537 6.442080132 -0.004998436 0.999974430 0.005119515 1.160110062 0.067463107 -0.004770705 0.997710347 -1.027399964
82333333 0.932708427 1.660987712 0.500000000 0.500000000 0.000000000 0.000000000 0.996840596 0.005287094 -0.079251975 5.625279873 -0.005051842 0.999982238 0.003168604 1.005300104 0.079267323 -0.002758224 0.996849597 -0.983108027
82400000 0.932708427 1.660987712 0.500000000 0.500000000 0.000000000 0.000000000 0.995863616 0.004895138 -0.090728864 4.887980154 -0.004837819 0.999987960 0.000851667 0.899059006 0.090731934 -0.000409214 0.995875239 -0.908772946
82466667 0.932708427 1.660987712 0.500000000 0.500000000 0.000000000 0.000000000 0.994753838 0.003963654 -0.102220871 4.221489824 -0.004158108 0.999989927 -0.001689284 0.831958966 0.102213152 0.002105467 0.994760275 -0.833965947
82533333 0.932708427 1.660987712 0.500000000 0.500000000 0.000000000 0.000000000 0.993512034 0.002455733 -0.113700576 3.545520185 -0.002986204 0.999985456 -0.004495422 0.705861024 0.113687880 0.004805789 0.993504882 -0.716178953
82600000 0.932708427 1.660987712 0.500000000 0.500000000 0.000000000 0.000000000 0.992121696 0.001059836 -0.125273347 2.861449829 -0.001984630 0.999971688 -0.007257645 0.567552959 0.125262111 0.007449088 0.992095709 -0.502331015
82666667 0.932708427 1.660987712 0.500000000 0.500000000 0.000000000 0.000000000 0.990670025 -0.000016987 -0.136282355 2.205599969 -0.001380123 0.999947488 -0.010157105 0.501911024 0.136275381 0.010250425 0.990617990 -0.240455036
82800000 0.932708427 1.660987712 0.500000000 0.500000000 0.000000000 0.000000000 0.987271428 -0.002133953 -0.159030214 0.896805017 -0.000457605 0.999867737 -0.016257618 0.378201039 0.159043863 0.016123455 0.987139881 0.150599002
82866667 0.932708427 1.660987712 0.500000000 0.500000000 0.000000000 0.000000000 0.985258162 -0.003368695 -0.171041027 0.324235023 0.000067066 0.999813616 -0.019305235 0.305836980 0.171074197 0.019009167 0.985074759 0.397854006
82933333 0.932708427 1.660987712 0.500000000 0.500000000 0.000000000 0.000000000 0.982954443 -0.003556254 -0.183814943 -0.170705018 -0.000516719 0.999755502 -0.022105344 0.188279003 0.183848619 0.021823525 0.982712269 0.554218043
83000000 0.932708427 1.660987712 0.500000000 0.500000000 0.000000000 0.000000000 0.980378151 -0.003673877 -0.197091863 -0.599123976 -0.001278142 0.999686837 -0.024992352 0.015978502 0.197121963 0.024753867 0.980066419 0.562223938
83066667 0.932708427 1.660987712 0.500000000 0.500000000 0.000000000 0.000000000 0.977381468 -0.003968992 -0.211446866 -1.074500095 -0.002081259 0.999594927 -0.028383363 -0.218296004 0.211473867 0.028181449 0.976977289 0.549492990
83133333 0.932708427 1.660987712 0.500000000 0.500000000 0.000000000 0.000000000 0.973854005 -0.004067760 -0.227138206 -1.590159984 -0.003242353 0.999488950 -0.031801142 -0.426752995 0.227151498 0.031706132 0.973343134 0.481952916
83200000 0.932708427 1.660987712 0.500000000 0.500000000 0.000000000 0.000000000 0.969682634 -0.003647910 -0.244340509 -2.124370221 -0.005128034 0.999364614 -0.035271123 -0.597207033 0.244313926 0.035454780 0.969047844 0.335079059
83266667 0.932708427 1.660987712 0.500000000 0.500000000 0.000000000 0.000000000 0.965014696 -0.003133388 -0.262177110 -2.847670111 -0.007127932 0.999245524 -0.038178682 -0.846729975 0.262098908 0.038711771 0.964264214 0.105819025
83333333 0.932708427 1.660987712 0.500000000 0.500000000 0.000000000 0.000000000 0.959283948 -0.003001975 -0.282427579 -3.577120375 -0.009175908 0.999084473 -0.041786067 -1.026580121 0.282294422 0.042676233 0.958378136 -0.271839958
83400000 0.932708427 1.660987712 0.500000000 0.500000000 0.000000000 0.000000000 0.952615380 -0.003389478 -0.304158419 -4.174469391 -0.010998430 0.998900235 -0.045578264 -1.062019800 0.303978413 0.046763822 0.951530457 -0.734176924
83466667 0.932708427 1.660987712 0.500000000 0.500000000 0.000000000 0.000000000 0.945020735 -0.002987322 -0.326996684 -4.664840142 -0.013627149 0.998729885 -0.048506491 -1.061040059 0.326726258 0.050295673 0.943779767 -1.237550032
83533333 0.932708427 1.660987712 0.500000000 0.500000000 0.000000000 0.000000000 0.935565531 -0.004506275 -0.353124470 -5.054520515 -0.014935998 0.998519003 -0.052313618 -1.004720045 0.352837235 0.054217085 0.934112668 -2.009180137
83600000 0.932708427 1.660987712 0.500000000 0.500000000 0.000000000 0.000000000 0.925541699 -0.004323570 -0.378620893 -5.435209746 -0.017791778 0.998333752 -0.054892346 -0.884757021 0.378227323 0.057541497 0.923922598 -2.607409577
83666667 0.932708427 1.660987712 0.500000000 0.500000000 0.000000000 0.000000000 0.914542615 -0.004684638 -0.404462427 -5.655879882 -0.020231700 0.998151541 -0.057307489 -0.710147959 0.403983265 0.060593106 0.912757337 -3.205209641
