https://www.youtube.com/watch?v=O8-Gxzh9K40
480046233 0.856601713 1.542357629 0.500000000 0.500000000 0.000000000 0.000000000 0.991232157 0.035884507 0.127165943 0.749146996 -0.033722326 0.999248385 -0.019115822 -0.942974917 -0.127756327 0.014659888 0.991697252 -5.084649966
480112967 0.856601713 1.542357629 0.500000000 0.500000000 0.000000000 0.000000000 0.988455653 0.042234901 0.145504549 0.638160977 -0.039266612 0.998959124 -0.023213256 -1.030000173 -0.146333501 0.017231803 0.989085197 -4.933409801
480179700 0.856601713 1.542357629 0.500000000 0.500000000 0.000000000 0.000000000 0.985040724 0.047733225 0.165578812 0.529903091 -0.043629356 0.998645842 -0.028336326 -1.106259845 -0.166707188 0.020688334 0.985789359 -4.792019585
480246433 0.856601713 1.542357629 0.500000000 0.500000000 0.000000000 0.000000000 0.980878472 0.052397214 0.187435254 0.421545097 -0.046881221 0.998330355 -0.033744715 -1.171240071 -0.188890442 0.024312263 0.981697142 -4.652140093
480313167 0.856601713 1.542357629 0.500000000 0.500000000 0.000000000 0.000000000 0.975869060 0.056229446 0.210992366 0.313336059 -0.049024042 0.998026848 -0.039231032 -1.228400094 -0.212781996 0.027940646 0.976700127 -4.526409719
480379900 0.856601713 1.542357629 0.500000000 0.500000000 0.000000000 0.000000000 0.970176876 0.060001284 0.234854519 0.206273005 -0.050808415 0.997693837 -0.045005556 -1.270429970 -0.237013310 0.031730767 0.970988095 -4.405429573
480446633 0.856601713 1.542357629 0.500000000 0.500000000 0.000000000 0.000000000 0.964172602 0.063494213 0.257564902 0.105578015 -0.052477140 0.997397900 -0.049432095 -1.322599829 -0.260033369 0.034144793 0.964995742 -4.299800291
480513367 0.856601713 1.542357629 0.500000000 0.500000000 0.000000000 0.000000000 0.957781374 0.065635003 0.279905230 0.024105744 -0.052901074 0.997202039 -0.052816823 -1.378860173 -0.282588691 0.035779692 0.958573699 -4.189089959
480580100 0.856601713 1.542357629 0.500000000 0.500000000 0.000000000 0.000000000 0.951050043 0.066344611 0.301831275 -0.056880121 -0.051971473 0.997110009 -0.055413056 -1.421699962 -0.304635316 0.037013959 0.951749563 -4.089839529
480646833 0.856601713 1.542357629 0.500000000 0.500000000 0.000000000 0.000000000 0.944295526 0.066360705 0.322338641 -0.130321094 -0.050890356 0.997121930 -0.056196105 -1.472059904 -0.325140119 0.036661793 0.944954872 -3.981159436
480713567 0.856601713 1.542357629 0.500000000 0.500000000 0.000000000 0.000000000 0.937630892 0.064292647 0.341635346 -0.189207974 -0.048379101 0.997318685 -0.054907978 -1.511049989 -0.344249487 0.034955390 0.938227236 -3.851669575
480780300 0.856601713 1.542357629 0.500000000 0.500000000 0.000000000 0.000000000 0.931157172 0.061152726 0.359453350 -0.232161053 -0.045584157 0.997624993 -0.051638074 -1.542780118 -0.361757427 0.031697802 0.931733251 -3.707680096
480847033 0.856601713 1.542357629 0.500000000 0.500000000 0.000000000 0.000000000 0.925080359 0.057565160 0.375383317 -0.263999939 -0.043199323 0.997979939 -0.046581812 -1.570940068 -0.377306521 0.026875624 0.925698400 -3.552190204
480913767 0.856601713 1.542357629 0.500000000 0.500000000 0.000000000 0.000000000 0.919575274 0.054018769 0.389182717 -0.287846053 -0.041592460 0.998321950 -0.040291395 -1.594829977 -0.390706152 0.020863898 0.920278966 -3.376159931
480980500 0.856601713 1.542357629 0.500000000 0.500000000 0.000000000 0.000000000 0.914485335 0.048878703 0.401656002 -0.292339103 -0.039123949 0.998707056 -0.032458708 -1.604850111 -0.402723223 0.013968647 0.915215254 -3.184640228
481047233 0.856601713 1.542357629 0.500000000 0.500000000 0.000000000 0.000000000 0.909857035 0.042482946 0.412741452 -0.279999144 -0.036484841 0.999082983 -0.022406293 -1.611580026 -0.413314849 0.005327728 0.910572648 -2.967990264
481113967 0.856601713 1.542357629 0.500000000 0.500000000 0.000000000 0.000000000 0.905835688 0.036790423 0.422028661 -0.252116018 -0.035041459 0.999314964 -0.011903016 -1.606289848 -0.422177494 -0.004006324 0.906504333 -2.739589934
481180700 0.856601713 1.542357629 0.500000000 0.500000000 0.000000000 0.000000000 0.902226329 0.031749636 0.430092573 -0.226263882 -0.034321718 0.999409258 -0.001778508 -1.584090016 -0.429894984 -0.013156898 0.902783036 -2.505880081
481247433 0.856601713 1.542357629 0.500000000 0.500000000 0.000000000 0.000000000 0.899107695 0.026651980 0.436915398 -0.189039954 -0.033577695 0.999403000 0.008134065 -1.544329900 -0.436437786 -0.021984011 0.899465859 -2.275200166
481314167 0.856601713 1.542357629 0.500000000 0.500000000 0.000000000 0.000000000 0.896752596 0.022155065 0.441977412 -0.141788012 -0.033487484 0.999279678 0.017853584 -1.475209955 -0.441263467 -0.030810956 0.896848500 -2.048029906
481380900 0.856601713 1.542357629 0.500000000 0.500000000 0.000000000 0.000000000 0.894885182 0.019886412 0.445853144 -0.103735928 -0.035506766 0.999012470 0.026707683 -1.382939978 -0.444881767 -0.039731111 0.894707561 -1.812139982
481447633 0.856601713 1.542357629 0.500000000 0.500000000 0.000000000 0.000000000 0.893900990 0.020296343 0.447804689 -0.085298936 -0.039479576 0.998657107 0.033545308 -1.280439957 -0.446522474 -0.047665328 0.893501937 -1.593539997
481514367 0.856601713 1.542357629 0.500000000 0.500000000 0.000000000 0.000000000 0.893925190 0.022276554 0.447662145 -0.076468131 -0.043939579 0.998308778 0.038063981 -1.158530033 -0.446057111 -0.053696446 0.893392205 -1.390689741
481581100 0.856601713 1.542357629 0.500000000 0.500000000 0.000000000 0.000000000 0.894808531 0.024640959 0.445769697 -0.070168848 -0.048136536 0.997979939 0.041460462 -1.017210071 -0.443847567 -0.058556974 0.894187093 -1.195600163
481647833 0.856601713 1.542357629 0.500000000 0.500000000 0.000000000 0.000000000 0.896114469 0.026413817 0.443036079 -0.058322610 -0.051594745 0.997659206 0.044878490 -0.849814983 -0.440813601 -0.063074611 0.895379663 -1.001019712
481714567 0.856601713 1.542357629 0.500000000 0.500000000 0.000000000 0.000000000 0.897623003 0.028108075 0.439866960 -0.048219897 -0.054509409 0.997382760 0.047501650 -0.670656989 -0.437380552 -0.066615455 0.896805882 -0.814782152
481781300 0.856601713 1.542357629 0.500000000 0.500000000 0.000000000 0.000000000 0.899174154 0.030535292 0.436524361 -0.037630685 -0.057626534 0.997137368 0.048951257 -0.486549988 -0.433780044 -0.069171086 0.898359776 -0.642424063
481848033 0.856601713 1.542357629 0.500000000 0.500000000 0.000000000 0.000000000 0.900904894 0.034038458 0.432679594 -0.027970095 -0.061642569 0.996848702 0.049928129 -0.299970996 -0.429616630 -0.071651988 0.900164127 -0.469005952
481914767 0.856601713 1.542357629 0.500000000 0.500000000 0.000000000 0.000000000 0.902218521 0.037482481 0.429647267 -0.015902512 -0.065506674 0.996567488 0.050617136 -0.129180000 -0.426275253 -0.073812485 0.901577055 -0.290179033
481981500 0.856601713 1.542357629 0.500000000 0.500000000 0.000000000 0.000000000 0.903113365 0.041527547 0.427389294 -0.014047699 -0.069629557 0.996302605 0.050327331 0.021915601 -0.423719078 -0.075210229 0.902665734 -0.105603984
482048233 0.856601713 1.542357629 0.500000000 0.500000000 0.000000000 0.000000000 0.903770864 0.045531236 0.425588042 -0.017297998 -0.073502615 0.996064544 0.049525548 0.164907998 -0.421658188 -0.076041579 0.903560758 0.086609301
482114967 0.856601713 1.542357629 0.500000000 0.500000000 0.000000000 0.000000000 0.904704809 0.044763286 0.423680902 -0.012756403 -0.072697058 0.996100366 0.049992036 0.305391042 -0.419790924 -0.076028377 0.904430985 0.290516018
482181700 0.856601713 1.542357629 0.500000000 0.500000000 0.000000000 0.000000000 0.905606151 0.042338282 0.422001213 0.007379582 -0.070487835 0.996191621 0.051320173 0.437786045 -0.418221265 -0.076221816 0.905141592 0.504361011
482248433 0.856601713 1.542357629 0.500000000 0.500000000 0.000000000 0.000000000 0.905942678 0.041371960 0.421374112 0.022640985 -0.069380954 0.996267736 0.051350120 0.552349995 -0.417677015 -0.075755611 0.905431926 0.725246974
482315167 0.856601713 1.542357629 0.500000000 0.500000000 0.000000000 0.000000000 0.905738413 0.040632706 0.421885043 0.035033940 -0.067977220 0.996434689 0.049970377 0.655038031 -0.418350428 -0.073938645 0.905271292 0.939041129
482381900 0.856601713 1.542357629 0.500000000 0.500000000 0.000000000 0.000000000 0.905085623 0.039658621 0.423376024 0.059111235 -0.066257827 0.996633410 0.048287816 0.751797965 -0.420035660 -0.071756579 0.904666245 1.158370012
482448633 0.856601713 1.542357629 0.500000000 0.500000000 0.000000000 0.000000000 0.903837323 0.040188409 0.425984830 0.082308348 -0.065759987 0.996798158 0.045486622 0.841893966 -0.422792882 -0.069125250 0.903586209 1.375230161
482515367 0.856601713 1.542357629 0.500000000 0.500000000 0.000000000 0.000000000 0.902222753 0.042489976 0.429172367 0.109741101 -0.066805817 0.996892333 0.041745048 0.921864990 -0.426064879 -0.066334516 0.902257562 1.594110469
482582100 0.856601713 1.542357629 0.500000000 0.500000000 0.000000000 0.000000000 0.900080502 0.045973357 0.433291346 0.138356082 -0.068576239 0.996971607 0.036672749 1.001599969 -0.430293173 -0.062721938 0.900507390 1.808229693
482648833 0.856601713 1.542357629 0.500000000 0.500000000 0.000000000 0.000000000 0.897204161 0.050180666 0.438755929 0.169859087 -0.070492312 0.997057617 0.030114679 1.077010100 -0.435953796 -0.057947911 0.898101628 2.017270618
482715567 0.856601713 1.542357629 0.500000000 0.500000000 0.000000000 0.000000000 0.893636286 0.054207712 0.445505977 0.205641855 -0.071560517 0.997188985 0.022207851 1.148229838 -0.443049848 -0.051726401 0.895003378 2.214399675
482782300 0.856601713 1.542357629 0.500000000 0.500000000 0.000000000 0.000000000 0.889840186 0.058531940 0.452502608 0.237044096 -0.072566241 0.997269452 0.013702132 1.216719936 -0.450465024 -0.045029100 0.891657889 2.405600545
482849033 0.856601713 1.542357629 0.500000000 0.500000000 0.000000000 0.000000000 0.886449575 0.063108519 0.458502233 0.256045162 -0.073552951 0.997279108 0.004938200 1.286039887 -0.456943035 -0.038101684 0.888679445 2.596359633
482915767 0.856601713 1.542357629 0.500000000 0.500000000 0.000000000 0.000000000 0.883567572 0.065810800 0.463656455 0.281007162 -0.072912514 0.997334898 -0.002614581 1.363559950 -0.462592810 -0.031496197 0.886011243 2.791760242
482982500 0.856601713 1.542357629 0.500000000 0.500000000 0.000000000 0.000000000 0.881195307 0.066704243 0.468022794 0.308406145 -0.071162954 0.997431219 -0.008171469 1.440379863 -0.467365593 -0.026105233 0.883678555 3.000909668
483049233 0.856601713 1.542357629 0.500000000 0.500000000 0.000000000 0.000000000 0.879047394 0.064929478 0.472292185 0.338841176 -0.067491405 0.997653127 -0.011537259 1.523229938 -0.471932888 -0.021733848 0.881366611 3.224180486
483115967 0.856601713 1.542357629 0.500000000 0.500000000 0.000000000 0.000000000 0.877292395 0.061148394 0.476044923 0.375853775 -0.062603347 0.997956157 -0.012818072 1.605209880 -0.475855798 -0.018556837 0.879327416 3.462479241
483182700 0.856601713 1.542357629 0.500000000 0.500000000 0.000000000 0.000000000 0.876002192 0.056355074 0.479003340 0.411634936 -0.057344973 0.998275220 -0.012575172 1.687730025 -0.478885859 -0.016452558 0.877722979 3.706689954
483249433 0.856601713 1.542357629 0.500000000 0.500000000 0.000000000 0.000000000 0.875625074 0.052498154 0.480130047 0.448805150 -0.053544730 0.998498917 -0.011526553 1.777490114 -0.480014473 -0.015615478 0.877121687 3.950841019
483316167 0.856601713 1.542357629 0.500000000 0.500000000 0.000000000 0.000000000 0.875693023 0.048527759 0.480423629 0.493468054 -0.050419506 0.998687804 -0.008975557 1.866000112 -0.480228782 -0.016362881 0.876990676 4.205140253
483382900 0.856601713 1.542357629 0.500000000 0.500000000 0.000000000 0.000000000 0.875997245 0.044556934 0.480253428 0.550298123 -0.047954287 0.998835981 -0.005199857 1.960759856 -0.479926080 -0.018475160 0.877114296 4.466519227
483449633 0.856601713 1.542357629 0.500000000 0.500000000 0.000000000 0.000000000 0.875885785 0.041497186 0.480730832 0.616007170 -0.046576977 0.998913765 -0.001364588 2.061749989 -0.480265260 -0.021195766 0.876867175 4.721109960
483516367 0.856601713 1.542357629 0.500000000 0.500000000 0.000000000 0.000000000 0.875079572 0.038357232 0.482456565 0.704611989 -0.045174945 0.998975933 0.002515701 2.168709864 -0.481866002 -0.023996394 0.875916243 4.960990061
483583100 0.856601713 1.542357629 0.500000000 0.500000000 0.000000000 0.000000000 0.873814940 0.035950419 0.484927714 0.812456853 -0.044699650 0.998979390 0.006486503 2.284609822 -0.484199584 -0.027344117 0.874530077 5.195328853
483649833 0.856601713 1.542357629 0.500000000 0.500000000 0.000000000 0.000000000 0.871723413 0.033932313 0.488821864 0.948541775 -0.044832297 0.998938203 0.010607287 2.403459832 -0.487942934 -0.031161636 0.872319102 5.414239230
483716567 0.856601713 1.542357629 0.500000000 0.500000000 0.000000000 0.000000000 0.868974328 0.032896850 0.493762404 1.107279814 -0.046098504 0.998830438 0.014581989 2.526279818 -0.492705256 -0.035433091 0.869474530 5.626149644
483783300 0.856601713 1.542357629 0.500000000 0.500000000 0.000000000 0.000000000 0.865581572 0.033079907 0.499674231 1.276540290 -0.048488185 0.998663664 0.017881215 2.648789920 -0.498415023 -0.039705940 0.866028845 5.828320515
483850033 0.856601713 1.542357629 0.500000000 0.500000000 0.000000000 0.000000000 0.861704469 0.034742899 0.506219506 1.476489616 -0.052537337 0.998400033 0.020908583 2.783789923 -0.504683137 -0.044612464 0.862151027 6.043858195
