https://www.youtube.com/watch?v=rAvmze8Jph0
334801133 1.024115293 1.821272139 0.500000000 0.500000000 0.000000000 0.000000000 0.639324427 -0.254288554 0.725672662 -3.101997358 0.342038870 0.939274430 0.027799033 -1.496179360 -0.688674748 0.230435908 0.687477827 2.190057765
334867867 1.024115293 1.821272139 0.500000000 0.500000000 0.000000000 0.000000000 0.639868736 -0.255282462 0.724844158 -2.914880328 0.349871933 0.936562300 0.020991832 -1.571760134 -0.684220612 0.240170538 0.688593149 2.235120518
334934600 1.024115293 1.821272139 0.500000000 0.500000000 0.000000000 0.000000000 0.640349150 -0.254605860 0.724657536 -2.735759346 0.354387254 0.934972882 0.015342467 -1.642269848 -0.681441426 0.246984959 0.688938141 2.250609507
335001333 1.024115293 1.821272139 0.500000000 0.500000000 0.000000000 0.000000000 0.639591932 -0.254888535 0.725226641 -2.543639097 0.358466923 0.933466077 0.011937365 -1.687229709 -0.680017114 0.252334833 0.688406527 2.280638817
335068067 1.024115293 1.821272139 0.500000000 0.500000000 0.000000000 0.000000000 0.636677027 -0.255170316 0.727688730 -2.338540856 0.361088306 0.932466209 0.011050031 -1.712370442 -0.681364834 0.255724430 0.685818791 2.311131180
335134800 1.024115293 1.821272139 0.500000000 0.500000000 0.000000000 0.000000000 0.633008540 -0.254815608 0.731005490 -2.129439736 0.361597151 0.932259142 0.011846840 -1.720669676 -0.684505284 0.256830424 0.682268620 2.333589308
335201533 1.024115293 1.821272139 0.500000000 0.500000000 0.000000000 0.000000000 0.629045010 -0.253115267 0.735006571 -1.922519221 0.359940320 0.932881832 0.013208047 -1.707819793 -0.689017415 0.256250143 0.677931130 2.361748979
335268267 1.024115293 1.821272139 0.500000000 0.500000000 0.000000000 0.000000000 0.623718619 -0.251670599 0.740025103 -1.710080598 0.357994080 0.933590710 0.015769407 -1.691310370 -0.694849312 0.255088866 0.672394454 2.374270925
335335000 1.024115293 1.821272139 0.500000000 0.500000000 0.000000000 0.000000000 0.617190063 -0.250177026 0.745980918 -1.492669602 0.356019258 0.934289932 0.018775821 -1.663069599 -0.701659739 0.253995448 0.665702343 2.387228844
335401733 1.024115293 1.821272139 0.500000000 0.500000000 0.000000000 0.000000000 0.609781861 -0.248640001 0.752558529 -1.274220203 0.353704333 0.935090303 0.022348210 -1.634440276 -0.709266841 0.252555609 0.658146143 2.388690542
335468467 1.024115293 1.821272139 0.500000000 0.500000000 0.000000000 0.000000000 0.601017118 -0.247163847 0.760057926 -1.067309615 0.351743132 0.935731232 0.026149750 -1.592369760 -0.717673182 0.251628846 0.649328709 2.383188964
335535200 1.024115293 1.821272139 0.500000000 0.500000000 0.000000000 0.000000000 0.590368092 -0.247691408 0.768188775 -0.859281632 0.351191580 0.935762525 0.031825647 -1.549549612 -0.726725161 0.250992715 0.639431536 2.364148549
335601933 1.024115293 1.821272139 0.500000000 0.500000000 0.000000000 0.000000000 0.578151941 -0.247464195 0.777496576 -0.642630450 0.350544035 0.935807705 0.037185088 -1.501149339 -0.736789227 0.251048446 0.627786279 2.325718035
335668667 1.024115293 1.821272139 0.500000000 0.500000000 0.000000000 0.000000000 0.563553333 -0.248015791 0.787969768 -0.445423176 0.351214916 0.935297787 0.043199867 -1.434020612 -0.747700632 0.252401114 0.614197016 2.252491670
335735400 1.024115293 1.821272139 0.500000000 0.500000000 0.000000000 0.000000000 0.551620781 -0.246457621 0.796851993 -0.272331968 0.349953800 0.935581684 0.047109671 -1.340860106 -0.757130623 0.252874702 0.602335095 2.181839829
335802133 1.024115293 1.821272139 0.500000000 0.500000000 0.000000000 0.000000000 0.541473985 -0.244359970 0.804421842 -0.113649910 0.346945047 0.936500788 0.050945319 -1.240410200 -0.765790761 0.251504481 0.591870308 2.089840873
335868867 1.024115293 1.821272139 0.500000000 0.500000000 0.000000000 0.000000000 0.530202091 -0.244408548 0.811880469 0.043196199 0.343624055 0.937328815 0.057768390 -1.116329883 -0.775117993 0.248352841 0.580958366 1.989429138
335935600 1.024115293 1.821272139 0.500000000 0.500000000 0.000000000 0.000000000 0.520166636 -0.248113751 0.817230821 0.169823926 0.340798795 0.937690616 0.067767657 -0.997059806 -0.783123732 0.243260860 0.572312236 1.857739831
336002333 1.024115293 1.821272139 0.500000000 0.500000000 0.000000000 0.000000000 0.513115048 -0.254489183 0.819724500 0.285346892 0.339818239 0.937229693 0.078256764 -0.877554073 -0.788185656 0.238402605 0.567386687 1.692520138
336069067 1.024115293 1.821272139 0.500000000 0.500000000 0.000000000 0.000000000 0.509466290 -0.258873135 0.820627332 0.368758211 0.338749379 0.937003791 0.085280731 -0.761557257 -0.791007876 0.234539196 0.565064907 1.511750734
336135800 1.024115293 1.821272139 0.500000000 0.500000000 0.000000000 0.000000000 0.509994388 -0.262189835 0.819245040 0.439359960 0.337161511 0.937132239 0.090029314 -0.649455122 -0.791345775 0.230303392 0.566332459 1.311520245
336202533 1.024115293 1.821272139 0.500000000 0.500000000 0.000000000 0.000000000 0.512583554 -0.262697756 0.817463934 0.497825654 0.334562719 0.937909186 0.091619149 -0.532032677 -0.790775001 0.226530716 0.568645775 1.083899059
336269267 1.024115293 1.821272139 0.500000000 0.500000000 0.000000000 0.000000000 0.514829278 -0.264991879 0.815309465 0.544402640 0.334209859 0.937822104 0.093773261 -0.387925823 -0.789464414 0.224207446 0.571381211 0.837178435
336336000 1.024115293 1.821272139 0.500000000 0.500000000 0.000000000 0.000000000 0.519068360 -0.265353680 0.812500179 0.587163599 0.332185566 0.938490093 0.094282649 -0.224949309 -0.787541687 0.220961332 0.575287104 0.564056663
336402733 1.024115293 1.821272139 0.500000000 0.500000000 0.000000000 0.000000000 0.524600983 -0.260656774 0.810464025 0.622209051 0.326450646 0.940797687 0.091267422 -0.045578200 -0.786272168 0.216697499 0.578634918 0.269883011
336469467 1.024115293 1.821272139 0.500000000 0.500000000 0.000000000 0.000000000 0.529929876 -0.255840212 0.808529556 0.670498975 0.319365889 0.943423569 0.089204118 0.138433999 -0.785607874 0.210944876 0.581654906 -0.043553571
336536200 1.024115293 1.821272139 0.500000000 0.500000000 0.000000000 0.000000000 0.533019066 -0.256090552 0.806416929 0.724961968 0.312736779 0.945230365 0.093462691 0.327396000 -0.786184728 0.202378824 0.583914757 -0.368115056
336602933 1.024115293 1.821272139 0.500000000 0.500000000 0.000000000 0.000000000 0.536213279 -0.256595910 0.804134786 0.786457167 0.303620815 0.947541595 0.099895962 0.480638703 -0.787584007 0.190586865 0.585992396 -0.701350068
336669667 1.024115293 1.821272139 0.500000000 0.500000000 0.000000000 0.000000000 0.536735415 -0.260131359 0.802649856 0.870969039 0.297700167 0.948493719 0.108324625 0.611428008 -0.789487004 0.180807322 0.586531341 -1.035060093
336736400 1.024115293 1.821272139 0.500000000 0.500000000 0.000000000 0.000000000 0.534497321 -0.262721658 0.803299189 0.940156672 0.292763054 0.949167728 0.115630485 0.740139891 -0.792844296 0.173372239 0.584242821 -1.347939477
336803133 1.024115293 1.821272139 0.500000000 0.500000000 0.000000000 0.000000000 0.535917222 -0.260710597 0.803008497 1.002749964 0.285950959 0.950962722 0.117906615 0.828989864 -0.794370592 0.166432902 0.584187746 -1.652079817
336869867 1.024115293 1.821272139 0.500000000 0.500000000 0.000000000 0.000000000 0.538922310 -0.256231457 0.802438378 1.078579102 0.281149656 0.952701271 0.115391091 0.913071401 -0.794050813 0.163418695 0.585471451 -1.932338126
336936600 1.024115293 1.821272139 0.500000000 0.500000000 0.000000000 0.000000000 0.543581784 -0.251765937 0.800707757 1.152470292 0.278138727 0.954085946 0.111170620 1.017480158 -0.791933000 0.162277460 0.588649571 -2.197320524
337003333 1.024115293 1.821272139 0.500000000 0.500000000 0.000000000 0.000000000 0.551782548 -0.251822650 0.795060694 1.239950098 0.276364803 0.954670370 0.110575631 1.129009958 -0.786866367 0.158713058 0.596365333 -2.453980253
337070067 1.024115293 1.821272139 0.500000000 0.500000000 0.000000000 0.000000000 0.561574817 -0.251475632 0.788285673 1.370020931 0.273633361 0.955535471 0.109894514 1.216130531 -0.780870736 0.153987110 0.605416656 -2.706051396
337136800 1.024115293 1.821272139 0.500000000 0.500000000 0.000000000 0.000000000 0.570086241 -0.253314435 0.781557977 1.499849042 0.274132311 0.955414116 0.109705433 1.314769491 -0.774501503 0.151708886 0.614110231 -2.963508481
337203533 1.024115293 1.821272139 0.500000000 0.500000000 0.000000000 0.000000000 0.577337503 -0.254688561 0.775767982 1.645271297 0.274331510 0.955381155 0.109495088 1.421960967 -0.769041240 0.149601743 0.621446371 -3.210682738
337270267 1.024115293 1.821272139 0.500000000 0.500000000 0.000000000 0.000000000 0.585165858 -0.256152451 0.769393563 1.791559465 0.273953974 0.955461025 0.109742522 1.527159777 -0.763236403 0.146560937 0.629277229 -3.462348986
337337000 1.024115293 1.821272139 0.500000000 0.500000000 0.000000000 0.000000000 0.593433857 -0.257342696 0.762634099 1.969829335 0.273084283 0.955681801 0.109987564 1.645429725 -0.757139981 0.142993093 0.637410223 -3.701468572
337403733 1.024115293 1.821272139 0.500000000 0.500000000 0.000000000 0.000000000 0.599952996 -0.257875532 0.757335246 2.149559885 0.271057159 0.956159472 0.110847346 1.774340076 -0.752718031 0.138777941 0.643549740 -3.945829924
337470467 1.024115293 1.821272139 0.500000000 0.500000000 0.000000000 0.000000000 0.604824662 -0.257181972 0.753687561 2.346491061 0.268179566 0.956915796 0.111319162 1.921200633 -0.749844849 0.134794936 0.647737145 -4.196742063
337537200 1.024115293 1.821272139 0.500000000 0.500000000 0.000000000 0.000000000 0.607442856 -0.256226391 0.751904547 2.557058044 0.264183670 0.957832873 0.112973906 2.040919016 -0.749145806 0.130015939 0.649519622 -4.458386749
337603933 1.024115293 1.821272139 0.500000000 0.500000000 0.000000000 0.000000000 0.607420444 -0.256017745 0.751994312 2.769920777 0.261491835 0.958325028 0.115044408 2.153680543 -0.750108421 0.126759991 0.649052739 -4.747211222
337670667 1.024115293 1.821272139 0.500000000 0.500000000 0.000000000 0.000000000 0.605616689 -0.254932702 0.753815651 2.972480900 0.257067502 0.959179938 0.117856354 2.218350121 -0.753090262 0.122405648 0.646430254 -5.027110930
337737400 1.024115293 1.821272139 0.500000000 0.500000000 0.000000000 0.000000000 0.602407634 -0.253047109 0.757015228 3.175719539 0.249241948 0.960627913 0.122770116 2.252370029 -0.758276582 0.114722326 0.641759515 -5.322449185
337804133 1.024115293 1.821272139 0.500000000 0.500000000 0.000000000 0.000000000 0.597040534 -0.250642389 0.762050152 3.358488198 0.240361422 0.962186635 0.128153279 2.252529213 -0.765355110 0.106654912 0.634709239 -5.606347031
337870867 1.024115293 1.821272139 0.500000000 0.500000000 0.000000000 0.000000000 0.589910507 -0.248884365 0.768154860 3.525819013 0.231688008 0.963482797 0.134244546 2.237989702 -0.773515344 0.098780051 0.626032174 -5.912538863
337937600 1.024115293 1.821272139 0.500000000 0.500000000 0.000000000 0.000000000 0.573364496 -0.246646583 0.781293333 3.567551893 0.224982172 0.964349806 0.139328986 2.224171246 -0.787805021 0.095890597 0.608415008 -6.252063508
