https://www.youtube.com/watch?v=Fm3lAlvwkQw
177443933 0.861891247 1.536980300 0.500000000 0.500000000 0.000000000 0.000000000 0.976313055 -0.007851950 0.216220185 -4.996769770 0.003547090 0.999787807 0.020290473 0.177364006 -0.216333643 -0.019042900 0.976133764 -0.895787988
177510667 0.861891247 1.536980300 0.500000000 0.500000000 0.000000000 0.000000000 0.973881304 -0.008431092 0.226901278 -4.967920036 0.004105507 0.999800861 0.019528925 0.175546000 -0.227020755 -0.018087309 0.973721981 -0.871058035
177577400 0.861891247 1.536980300 0.500000000 0.500000000 0.000000000 0.000000000 0.971641779 -0.008310435 0.236311555 -4.940370112 0.003949428 0.999813139 0.018921860 0.180114984 -0.236424655 -0.017451975 0.971493065 -0.861037779
177644133 0.861891247 1.536980300 0.500000000 0.500000000 0.000000000 0.000000000 0.969557881 -0.008024946 0.244730905 -4.913900273 0.003591827 0.999821365 0.018555203 0.185560965 -0.244836107 -0.017111314 0.969413519 -0.853623088
177710867 0.861891247 1.536980300 0.500000000 0.500000000 0.000000000 0.000000000 0.967402458 -0.007934581 0.253119498 -4.886429806 0.003518801 0.999833703 0.017893368 0.192197009 -0.253219396 -0.016419409 0.967269480 -0.843910776
177777600 0.861891247 1.536980300 0.500000000 0.500000000 0.000000000 0.000000000 0.965226233 -0.007886052 0.261297107 -4.851729857 0.003513971 0.999845982 0.017195225 0.197934985 -0.261392474 -0.015679091 0.965105295 -0.839411229
177844333 0.861891247 1.536980300 0.500000000 0.500000000 0.000000000 0.000000000 0.962822855 -0.007992039 0.270015419 -4.818200675 0.003702638 0.999858797 0.016391383 0.200918009 -0.270108283 -0.014782229 0.962716460 -0.832059992
177911067 0.861891247 1.536980300 0.500000000 0.500000000 0.000000000 0.000000000 0.960303247 -0.007774997 0.278849691 -4.784920126 0.003588398 0.999873102 0.015521117 0.202212995 -0.278934985 -0.013904355 0.960209310 -0.812661050
177977800 0.861891247 1.536980300 0.500000000 0.500000000 0.000000000 0.000000000 0.957481921 -0.007964814 0.288383365 -4.762649766 0.003887976 0.999884307 0.014706912 0.202038004 -0.288467109 -0.012960376 0.957402110 -0.790860193
178044533 0.861891247 1.536980300 0.500000000 0.500000000 0.000000000 0.000000000 0.954514921 -0.008273149 0.298048377 -4.742730093 0.004252575 0.999891043 0.014135631 0.198987993 -0.298132837 -0.012225198 0.954446137 -0.766061165
178111267 0.861891247 1.536980300 0.500000000 0.500000000 0.000000000 0.000000000 0.951361239 -0.008075345 0.307971597 -4.721479425 0.004153372 0.999901772 0.013388221 0.199977016 -0.308049440 -0.011457912 0.951301336 -0.734921000
178178000 0.861891247 1.536980300 0.500000000 0.500000000 0.000000000 0.000000000 0.947986662 -0.008433362 0.318198293 -4.694930248 0.004611152 0.999907911 0.012763344 0.204871986 -0.318276614 -0.010632217 0.947938263 -0.713756066
178244733 0.861891247 1.536980300 0.500000000 0.500000000 0.000000000 0.000000000 0.944308937 -0.008646744 0.328946531 -4.661329980 0.004788211 0.999909937 0.012538253 0.206765999 -0.329025328 -0.010264919 0.944265306 -0.678688026
178311467 0.861891247 1.536980300 0.500000000 0.500000000 0.000000000 0.000000000 0.940375149 -0.009081638 0.340017617 -4.623299762 0.005138248 0.999908745 0.012496191 0.209386044 -0.340100050 -0.010004011 0.940335989 -0.644585028
178378200 0.861891247 1.536980300 0.500000000 0.500000000 0.000000000 0.000000000 0.936140358 -0.009095745 0.351508766 -4.587449434 0.005052342 0.999910116 0.012418536 0.205947986 -0.351590127 -0.009849547 0.936102152 -0.608365008
178444933 0.861891247 1.536980300 0.500000000 0.500000000 0.000000000 0.000000000 0.931851208 -0.009481022 0.362716645 -4.553809705 0.005336324 0.999908566 0.012427041 0.200433010 -0.362801284 -0.009644579 0.931816578 -0.574279991
178511667 0.861891247 1.536980300 0.500000000 0.500000000 0.000000000 0.000000000 0.927572787 -0.009734219 0.373515815 -4.520590449 0.005542029 0.999909043 0.012295863 0.194989000 -0.373601526 -0.009335274 0.927542329 -0.540873914
178578400 0.861891247 1.536980300 0.500000000 0.500000000 0.000000000 0.000000000 0.923369884 -0.009849667 0.383785218 -4.487620107 0.005547559 0.999908805 0.012315012 0.191715008 -0.383871526 -0.009242239 0.923340261 -0.511980891
178645133 0.861891247 1.536980300 0.500000000 0.500000000 0.000000000 0.000000000 0.919072568 -0.009881816 0.393964380 -4.445869948 0.005623912 0.999912679 0.011960903 0.192379019 -0.394048184 -0.008777317 0.919047892 -0.487196096
178711867 0.861891247 1.536980300 0.500000000 0.500000000 0.000000000 0.000000000 0.914755464 -0.010253899 0.403877944 -4.400100723 0.005768795 0.999907434 0.012320348 0.185808973 -0.403966874 -0.008940219 0.914729953 -0.464644009
178912067 0.861891247 1.536980300 0.500000000 0.500000000 0.000000000 0.000000000 0.900579929 -0.011688594 0.434533328 -4.225970031 0.006997654 0.999898732 0.012393674 0.183295996 -0.434634179 -0.008120779 0.900570512 -0.390523996
179245733 0.861891247 1.536980300 0.500000000 0.500000000 0.000000000 0.000000000 0.872170329 -0.016444972 0.488926053 -3.884240795 0.010773832 0.999838114 0.014410556 0.196873985 -0.489083886 -0.007300857 0.872206330 -0.241893158
179312467 0.861891247 1.536980300 0.500000000 0.500000000 0.000000000 0.000000000 0.865109682 -0.018130044 0.501254857 -3.792469515 0.012237561 0.999811947 0.015041850 0.196680981 -0.501433313 -0.006878712 0.865168929 -0.211578002
179379200 0.861891247 1.536980300 0.500000000 0.500000000 0.000000000 0.000000000 0.857146740 -0.019542528 0.514701486 -3.689370049 0.013392089 0.999787688 0.015658388 0.198782976 -0.514898181 -0.006528610 0.857226491 -0.177643258
179445933 0.861891247 1.536980300 0.500000000 0.500000000 0.000000000 0.000000000 0.846877933 -0.020084519 0.531407773 -3.572399654 0.013943825 0.999781609 0.015565094 0.202932995 -0.531604350 -0.005771872 0.846973062 -0.128130964
179512667 0.861891247 1.536980300 0.500000000 0.500000000 0.000000000 0.000000000 0.831230223 -0.021627989 0.555507660 -3.467670630 0.015588737 0.999756813 0.015598172 0.191913991 -0.555709958 -0.004306016 0.831365228 -0.076442680
179579400 0.861891247 1.536980300 0.500000000 0.500000000 0.000000000 0.000000000 0.815911233 -0.023284318 0.577708483 -3.372551249 0.017111735 0.999723554 0.016126178 0.174690997 -0.577924252 -0.003271948 0.816084087 -0.052896344
179646133 0.861891247 1.536980300 0.500000000 0.500000000 0.000000000 0.000000000 0.801446557 -0.024286319 0.597573340 -3.275671082 0.018335652 0.999703228 0.016038314 0.166121999 -0.597785532 -0.001896963 0.801653981 -0.035353416
179712867 0.861891247 1.536980300 0.500000000 0.500000000 0.000000000 0.000000000 0.783542812 -0.024811979 0.620842099 -3.188129690 0.019598633 0.999692082 0.015217995 0.169321979 -0.621028543 0.000243710 0.783787847 0.001724801
179779600 0.861891247 1.536980300 0.500000000 0.500000000 0.000000000 0.000000000 0.764822841 -0.026588364 0.643692076 -3.111851230 0.021600856 0.999644578 0.015625624 0.161981995 -0.643878758 0.001953450 0.765125334 0.026585636
179846333 0.861891247 1.536980300 0.500000000 0.500000000 0.000000000 0.000000000 0.748203039 -0.027968463 0.662880123 -3.040980370 0.023185190 0.999603033 0.016006107 0.152263007 -0.663064659 0.003393180 0.748554528 0.054628232
179913067 0.861891247 1.536980300 0.500000000 0.500000000 0.000000000 0.000000000 0.733222425 -0.028984942 0.679371119 -2.980771261 0.024570599 0.999567986 0.016127720 0.146911991 -0.679545045 0.004867336 0.733617842 0.062193623
179979800 0.861891247 1.536980300 0.500000000 0.500000000 0.000000000 0.000000000 0.720893741 -0.029885471 0.692400873 -2.924579736 0.025475435 0.999537289 0.016618351 0.147037989 -0.692577183 0.005659150 0.721321583 0.063926250
180046533 0.861891247 1.536980300 0.500000000 0.500000000 0.000000000 0.000000000 0.710717857 -0.030898388 0.702798426 -2.858860599 0.026085380 0.999505401 0.017563729 0.148884986 -0.702993572 0.005849899 0.711172342 0.059492678
180113267 0.861891247 1.536980300 0.500000000 0.500000000 0.000000000 0.000000000 0.700452209 -0.032001562 0.712981343 -2.780039523 0.026869353 0.999468446 0.018463107 0.153388002 -0.713193178 0.006224827 0.700939775 0.047885574
180180000 0.861891247 1.536980300 0.500000000 0.500000000 0.000000000 0.000000000 0.689824462 -0.032852560 0.723230720 -2.687549361 0.027730186 0.999435782 0.018949781 0.159493995 -0.723445177 0.006983316 0.690346241 0.049252053
180246733 0.861891247 1.536980300 0.500000000 0.500000000 0.000000000 0.000000000 0.678249240 -0.033585407 0.734064102 -2.585430217 0.028472831 0.999405980 0.019417625 0.166567026 -0.734280229 0.007730889 0.678802609 0.046451771
180313467 0.861891247 1.536980300 0.500000000 0.500000000 0.000000000 0.000000000 0.665677726 -0.034449805 0.745443523 -2.471219221 0.029156173 0.999371767 0.020148469 0.173504972 -0.745669305 0.008321907 0.666263938 0.039606613
180380200 0.861891247 1.536980300 0.500000000 0.500000000 0.000000000 0.000000000 0.651361465 -0.035145324 0.757953107 -2.354869802 0.029805619 0.999340832 0.020724136 0.179256979 -0.758181870 0.009092364 0.651979685 0.039628191
180446933 0.861891247 1.536980300 0.500000000 0.500000000 0.000000000 0.000000000 0.635814369 -0.036004886 0.771001399 -2.248738738 0.031014152 0.999296427 0.021089856 0.188729003 -0.771218240 0.010502748 0.636483669 0.030624759
180513667 0.861891247 1.536980300 0.500000000 0.500000000 0.000000000 0.000000000 0.619936168 -0.037083995 0.783775389 -2.146129954 0.032234829 0.999242961 0.021782236 0.191904030 -0.783989847 0.011761269 0.620662212 0.013304388
180580400 0.861891247 1.536980300 0.500000000 0.500000000 0.000000000 0.000000000 0.603853762 -0.038396321 0.796169817 -2.046850082 0.033200257 0.999183893 0.023006253 0.187614022 -0.796403468 0.012540627 0.604635715 -0.012903524
180647133 0.861891247 1.536980300 0.500000000 0.500000000 0.000000000 0.000000000 0.587544382 -0.039318483 0.808235765 -1.955168756 0.034145799 0.999133825 0.023782974 0.197341001 -0.808470845 0.013624331 0.588378072 -0.044452354
180713867 0.861891247 1.536980300 0.500000000 0.500000000 0.000000000 0.000000000 0.570942163 -0.040359829 0.819997907 -1.861910752 0.035197724 0.999075890 0.024666734 0.210650989 -0.820235729 0.014778756 0.571835160 -0.097247802
180780600 0.861891247 1.536980300 0.500000000 0.500000000 0.000000000 0.000000000 0.554345906 -0.041148841 0.831268311 -1.767079315 0.036174364 0.999024451 0.025329471 0.209682999 -0.831499696 0.016029328 0.555293679 -0.130280964
180847333 0.861891247 1.536980300 0.500000000 0.500000000 0.000000000 0.000000000 0.536956370 -0.041992847 0.842564225 -1.681270037 0.036962312 0.998972297 0.026232470 0.198853990 -0.842799902 0.017057430 0.537956715 -0.137767065
180914067 0.861891247 1.536980300 0.500000000 0.500000000 0.000000000 0.000000000 0.519355178 -0.042791188 0.853486001 -1.575578788 0.037989259 0.998914242 0.026965650 0.193570010 -0.853713214 0.018418586 0.520416915 -0.137812917
180980800 0.861891247 1.536980300 0.500000000 0.500000000 0.000000000 0.000000000 0.501724124 -0.043699563 0.863923013 -1.461989611 0.039259680 0.998844385 0.027724147 0.189047011 -0.864136159 0.020007476 0.502859950 -0.109944976
181047533 0.861891247 1.536980300 0.500000000 0.500000000 0.000000000 0.000000000 0.484364629 -0.044861943 0.873715162 -1.361409868 0.041127965 0.998747885 0.028481638 0.189167006 -0.873898864 0.022138635 0.485603213 -0.102413999
181114267 0.861891247 1.536980300 0.500000000 0.500000000 0.000000000 0.000000000 0.466625810 -0.045351107 0.883291483 -1.265710217 0.042588096 0.998678207 0.028776973 0.188869991 -0.883429050 0.024189614 0.467940450 -0.131697017
181181000 0.861891247 1.536980300 0.500000000 0.500000000 0.000000000 0.000000000 0.448800743 -0.046107315 0.892441928 -1.168990732 0.044350423 0.998586655 0.029287782 0.188217009 -0.892530978 0.026435770 0.450211287 -0.167884090
181247733 0.861891247 1.536980300 0.500000000 0.500000000 0.000000000 0.000000000 0.430569410 -0.046589885 0.901354253 -1.077830041 0.045856807 0.998506248 0.029706135 0.187639997 -0.901391804 0.028542671 0.432062685 -0.202278979
181314467 0.861891247 1.536980300 0.500000000 0.500000000 0.000000000 0.000000000 0.412026405 -0.046941623 0.909962058 -0.989299204 0.047231808 0.998429775 0.030119013 0.185413015 -0.909947038 0.030569311 0.413596570 -0.237913067
181381200 0.861891247 1.536980300 0.500000000 0.500000000 0.000000000 0.000000000 0.393760800 -0.047855999 0.917965710 -0.903763951 0.048517514 0.998333871 0.031234248 0.172335988 -0.917931020 0.032238659 0.395426571 -0.279944640
181447933 0.861891247 1.536980300 0.500000000 0.500000000 0.000000000 0.000000000 0.376611233 -0.047937758 0.925129950 -0.821631610 0.050275803 0.998246074 0.031259656 0.167486991 -0.925005853 0.034738936 0.378360808 -0.328477900
181514667 0.861891247 1.536980300 0.500000000 0.500000000 0.000000000 0.000000000 0.360114336 -0.048378341 0.931652904 -0.737318915 0.052227467 0.998133779 0.031642895 0.164571998 -0.931445003 0.037262816 0.361968994 -0.362908953
181581400 0.861891247 1.536980300 0.500000000 0.500000000 0.000000000 0.000000000 0.343252897 -0.048387218 0.937995851 -0.642990038 0.053640362 0.998052061 0.031855956 0.165277990 -0.937710106 0.039379783 0.345179737 -0.418345984
181648133 0.861891247 1.536980300 0.500000000 0.500000000 0.000000000 0.000000000 0.326374352 -0.048917644 0.943974555 -0.545685579 0.055256136 0.997939587 0.032609627 0.159615052 -0.943624794 0.041517377 0.328404844 -0.471329544
181714867 0.861891247 1.536980300 0.500000000 0.500000000 0.000000000 0.000000000 0.310002387 -0.048873954 0.949478924 -0.455142135 0.057101510 0.997832060 0.032719411 0.153435016 -0.949019611 0.044073567 0.312121093 -0.523304141
181781600 0.861891247 1.536980300 0.500000000 0.500000000 0.000000000 0.000000000 0.295163691 -0.048509877 0.954213619 -0.359580393 0.058018159 0.997777283 0.032777999 0.136218933 -0.953682780 0.045686934 0.297322035 -0.587818061
181848333 0.861891247 1.536980300 0.500000000 0.500000000 0.000000000 0.000000000 0.280729592 -0.048926394 0.958539486 -0.267921251 0.058676030 0.997706711 0.033741005 0.117640032 -0.957992077 0.046771146 0.282956600 -0.635273474
181915067 0.861891247 1.536980300 0.500000000 0.500000000 0.000000000 0.000000000 0.265633166 -0.049663730 0.962793708 -0.160267845 0.059480578 0.997613966 0.035049275 0.112631973 -0.962237120 0.047957323 0.267953396 -0.680817512
181981800 0.861891247 1.536980300 0.500000000 0.500000000 0.000000000 0.000000000 0.248774409 -0.050545592 0.967241585 -0.046679165 0.061036531 0.997470617 0.036426704 0.098568787 -0.966636240 0.049975056 0.251230240 -0.735496844
182048533 0.861891247 1.536980300 0.500000000 0.500000000 0.000000000 0.000000000 0.231293917 -0.050952721 0.971548736 0.071867525 0.064010181 0.997260809 0.037062459 0.082670200 -0.970775902 0.053616688 0.233921826 -0.797011073
182115267 0.861891247 1.536980300 0.500000000 0.500000000 0.000000000 0.000000000 0.213220179 -0.050868448 0.975679815 0.196864299 0.067812338 0.997005820 0.037160926 0.067858974 -0.974648774 0.058239579 0.216031253 -0.884740372
182182000 0.861891247 1.536980300 0.500000000 0.500000000 0.000000000 0.000000000 0.194465041 -0.051040959 0.979581296 0.301202373 0.072103314 0.996687472 0.037618414 0.057613277 -0.978256524 0.063315503 0.197501123 -0.967115288
182248733 0.861891247 1.536980300 0.500000000 0.500000000 0.000000000 0.000000000 0.175905049 -0.050862230 0.983092368 0.414794044 0.076380111 0.996358871 0.037881881 0.049774808 -0.981439531 0.068425082 0.179149449 -1.046460077
182315467 0.861891247 1.536980300 0.500000000 0.500000000 0.000000000 0.000000000 0.158070505 -0.050766174 0.986121595 0.510337660 0.079757996 0.996070743 0.038493562 0.046160353 -0.984201014 0.072566435 0.161498368 -1.126389191
182382200 0.861891247 1.536980300 0.500000000 0.500000000 0.000000000 0.000000000 0.142644823 -0.050561000 0.988480687 0.609827801 0.082523629 0.995824635 0.039027929 0.045731468 -0.986326694 0.076006003 0.146221697 -1.214937501
182448933 0.861891247 1.536980300 0.500000000 0.500000000 0.000000000 0.000000000 0.127948105 -0.050778262 0.990480423 0.709246429 0.084533565 0.995612562 0.040121496 0.047447849 -0.988172054 0.078595333 0.131679177 -1.310100785
182515667 0.861891247 1.536980300 0.500000000 0.500000000 0.000000000 0.000000000 0.113504410 -0.050677873 0.992244303 0.810042186 0.085537054 0.995488644 0.041058850 0.050124216 -0.989848673 0.080213279 0.117327213 -1.404800473
182582400 0.861891247 1.536980300 0.500000000 0.500000000 0.000000000 0.000000000 0.099797904 -0.050768644 0.993712842 0.921030031 0.085519999 0.995439470 0.042268094 0.052250475 -0.991326869 0.080763906 0.103684545 -1.502873335
182649133 0.861891247 1.536980300 0.500000000 0.500000000 0.000000000 0.000000000 0.085484445 -0.050657526 0.995050609 1.023059478 0.085350290 0.995407820 0.043343309 0.044573150 -0.992676795 0.081222713 0.089415491 -1.599019248
182715867 0.861891247 1.536980300 0.500000000 0.500000000 0.000000000 0.000000000 0.071352541 -0.050146364 0.996190429 1.126781304 0.085517906 0.995365500 0.043979552 0.033386824 -0.993779063 0.082053974 0.075310290 -1.702782274
182782600 0.861891247 1.536980300 0.500000000 0.500000000 0.000000000 0.000000000 0.056393743 -0.050438061 0.997133255 1.217398710 0.085894242 0.995265424 0.045485780 0.022014797 -0.994706392 0.083082959 0.060459077 -1.799507910
182849333 0.861891247 1.536980300 0.500000000 0.500000000 0.000000000 0.000000000 0.041395664 -0.050814204 0.997850776 1.310592376 0.087106995 0.995086789 0.047059800 0.011598897 -0.995339394 0.084971577 0.045618534 -1.911263254
182916067 0.861891247 1.536980300 0.500000000 0.500000000 0.000000000 0.000000000 0.026559770 -0.051023420 0.998344064 1.393709606 0.089509293 0.994806290 0.048461337 0.006651862 -0.995631576 0.088073984 0.030988872 -2.008239088
182982800 0.861891247 1.536980300 0.500000000 0.500000000 0.000000000 0.000000000 0.012083173 -0.050860014 0.998632491 1.477679510 0.091660470 0.994557083 0.049543403 0.001532901 -0.995716751 0.090936519 0.016679227 -2.105208980
183049533 0.861891247 1.536980300 0.500000000 0.500000000 0.000000000 0.000000000 -0.002367735 -0.050709281 0.998710871 1.545660527 0.094387770 0.994243324 0.050706208 0.007272020 -0.995532870 0.094386116 0.002432287 -2.193300644
183116267 0.861891247 1.536980300 0.500000000 0.500000000 0.000000000 0.000000000 -0.015942574 -0.050647996 0.998590171 1.604452989 0.096343674 0.993991375 0.051952843 0.008795540 -0.995221317 0.097035989 -0.010967255 -2.278454038
183183000 0.861891247 1.536980300 0.500000000 0.500000000 0.000000000 0.000000000 -0.029652715 -0.050619788 0.998277783 1.660990317 0.098050572 0.993752956 0.053302817 0.013921609 -0.994739652 0.099462263 -0.024504185 -2.365110290
183249733 0.861891247 1.536980300 0.500000000 0.500000000 0.000000000 0.000000000 -0.043411732 -0.050940625 0.997757673 1.704060037 0.099926569 0.993469715 0.055069439 0.014917306 -0.994047284 0.102093168 -0.038038015 -2.447559996
183316467 0.861891247 1.536980300 0.500000000 0.500000000 0.000000000 0.000000000 -0.056881905 -0.050956234 0.997079313 1.749048800 0.102396384 0.993132353 0.056596115 0.012700354 -0.993115604 0.105316684 -0.051273584 -2.538598118
183383200 0.861891247 1.536980300 0.500000000 0.500000000 0.000000000 0.000000000 -0.070425749 -0.050860886 0.996218443 1.791145907 0.104852557 0.992789268 0.058098212 0.012514751 -0.991989851 0.108547822 -0.064584970 -2.622244040
183449933 0.861891247 1.536980300 0.500000000 0.500000000 0.000000000 0.000000000 -0.084540606 -0.050498493 0.995139539 1.816949663 0.107671879 0.992403984 0.059506781 0.019447301 -0.990585506 0.112179287 -0.078461170 -2.693020279
183516667 0.861891247 1.536980300 0.500000000 0.500000000 0.000000000 0.000000000 -0.097599506 -0.050073445 0.993964672 1.851487957 0.110050410 0.992065609 0.060783893 0.023568323 -0.989121795 0.115318790 -0.091314554 -2.773996335
183583400 0.861891247 1.536980300 0.500000000 0.500000000 0.000000000 0.000000000 -0.110266328 -0.049987223 0.992643654 1.875387868 0.112298250 0.991712391 0.062414851 0.035224492 -0.987536967 0.118354499 -0.103739023 -2.851516635
183650133 0.861891247 1.536980300 0.500000000 0.500000000 0.000000000 0.000000000 -0.123154521 -0.049873251 0.991134405 1.895043471 0.114231169 0.991385400 0.064079747 0.051473056 -0.985792041 0.121110007 -0.116396546 -2.925565374
183716867 0.861891247 1.536980300 0.500000000 0.500000000 0.000000000 0.000000000 -0.135575891 -0.049760427 0.989516675 1.922850439 0.115592107 0.991122961 0.065678723 0.066757069 -0.984000981 0.123284750 -0.128620505 -2.999930791
183783600 0.861891247 1.536980300 0.500000000 0.500000000 0.000000000 0.000000000 -0.148404956 -0.050469737 0.987638831 1.953563483 0.116483197 0.990852654 0.068136960 0.086889075 -0.982043386 0.125155047 -0.141168594 -3.074165044
183850333 0.861891247 1.536980300 0.500000000 0.500000000 0.000000000 0.000000000 -0.161201358 -0.052408908 0.985530436 1.991665366 0.116726369 0.990567565 0.071769387 0.106685568 -0.979995906 0.126606464 -0.153563261 -3.155368719
183917067 0.861891247 1.536980300 0.500000000 0.500000000 0.000000000 0.000000000 -0.173938155 -0.053832211 0.983285308 2.033134812 0.117136888 0.990284562 0.074936256 0.124969541 -0.977766275 0.128213048 -0.165942550 -3.226637784
183983800 0.861891247 1.536980300 0.500000000 0.500000000 0.000000000 0.000000000 -0.186643600 -0.054847181 0.980895877 2.071021647 0.117756918 0.989993095 0.077762470 0.143080155 -0.975345135 0.130021080 -0.178317308 -3.298022274
184050533 0.861891247 1.536980300 0.500000000 0.500000000 0.000000000 0.000000000 -0.199233174 -0.053673297 0.978481591 2.112761967 0.118589103 0.989840090 0.078442805 0.160582235 -0.972750604 0.131665587 -0.190843940 -3.364813240
184117267 0.861891247 1.536980300 0.500000000 0.500000000 0.000000000 0.000000000 -0.215468049 -0.053398140 0.975049794 2.152539814 0.118558086 0.989686847 0.080398872 0.165208973 -0.969287097 0.132923424 -0.206915140 -3.453619887
184184000 0.861891247 1.536980300 0.500000000 0.500000000 0.000000000 0.000000000 -0.236685872 -0.053669412 0.970103800 2.180514505 0.118962392 0.989359558 0.083759092 0.176718610 -0.964276850 0.135230273 -0.227782845 -3.563547487
184250733 0.861891247 1.536980300 0.500000000 0.500000000 0.000000000 0.000000000 -0.261331677 -0.054340538 0.963717163 2.189015610 0.119489148 0.988913298 0.088163257 0.197735450 -0.957823575 0.138193786 -0.251941323 -3.661802382
184317467 0.861891247 1.536980300 0.500000000 0.500000000 0.000000000 0.000000000 -0.287166238 -0.054057907 0.956353784 2.193988368 0.120061457 0.988501310 0.091926150 0.205334757 -0.950326324 0.141219378 -0.277373910 -3.784187074
184384200 0.861891247 1.536980300 0.500000000 0.500000000 0.000000000 0.000000000 -0.316471696 -0.054028772 0.947061419 2.177067113 0.120823286 0.987949312 0.096735939 0.224584607 -0.940875173 0.145041376 -0.306130052 -3.909665030
184450933 0.861891247 1.536980300 0.500000000 0.500000000 0.000000000 0.000000000 -0.347290516 -0.053916555 0.936206579 2.163300831 0.121993780 0.987264335 0.102111183 0.247932130 -0.929788828 0.149673581 -0.336290002 -4.057941497
184517667 0.861891247 1.536980300 0.500000000 0.500000000 0.000000000 0.000000000 -0.380198956 -0.053445868 0.923359394 2.129950606 0.123163335 0.986512423 0.107814565 0.274879117 -0.916667819 0.154714987 -0.368488431 -4.212211352
184584400 0.861891247 1.536980300 0.500000000 0.500000000 0.000000000 0.000000000 -0.415695190 -0.051995456 0.908018053 2.065525832 0.125700489 0.985499024 0.113978446 0.312983093 -0.900777280 0.161518335 -0.403131366 -4.372692623
184651133 0.861891247 1.536980300 0.500000000 0.500000000 0.000000000 0.000000000 -0.449478388 -0.049623705 0.891912162 1.987501295 0.128313929 0.984514952 0.119439572 0.352560377 -0.884027898 0.168130189 -0.436150789 -4.548892941
184717867 0.861891247 1.536980300 0.500000000 0.500000000 0.000000000 0.000000000 -0.478473425 -0.047993887 0.876789570 1.925270288 0.130152076 0.983600020 0.124865882 0.397612056 -0.868402958 0.173860967 -0.464379907 -4.711250174
184784600 0.861891247 1.536980300 0.500000000 0.500000000 0.000000000 0.000000000 -0.504117727 -0.046766367 0.862369359 1.875115262 0.131136641 0.982809484 0.129956692 0.448142239 -0.853622377 0.178601414 -0.489318967 -4.872483171
184851333 0.861891247 1.536980300 0.500000000 0.500000000 0.000000000 0.000000000 -0.525725126 -0.044833314 0.849472284 1.832090298 0.131530806 0.982316077 0.133246899 0.494235949 -0.840424180 0.181783020 -0.510531306 -5.043570237
184918067 0.861891247 1.536980300 0.500000000 0.500000000 0.000000000 0.000000000 -0.543339014 -0.043886051 0.838365197 1.811158675 0.130836681 0.982003808 0.136199534 0.541072735 -0.829255104 0.183691502 -0.527819037 -5.225597304
184984800 0.861891247 1.536980300 0.500000000 0.500000000 0.000000000 0.000000000 -0.559484124 -0.042115066 0.827771485 1.793522812 0.128869668 0.982142627 0.137071013 0.577045947 -0.818762481 0.183363497 -0.544065833 -5.424269889
185051533 0.861891247 1.536980300 0.500000000 0.500000000 0.000000000 0.000000000 -0.572598219 -0.040982593 0.818811119 1.785229873 0.124546394 0.982809305 0.136286765 0.599638952 -0.810320556 0.180017531 -0.557650566 -5.634658891
185118267 0.861891247 1.536980300 0.500000000 0.500000000 0.000000000 0.000000000 -0.583995700 -0.040585626 0.810740769 1.782177900 0.120124951 0.983432412 0.135759413 0.620288242 -0.802818596 0.176673234 -0.569444895 -5.842461852
185185000 0.861891247 1.536980300 0.500000000 0.500000000 0.000000000 0.000000000 -0.596875191 -0.040157154 0.801326752 1.777384285 0.116703570 0.983779490 0.136228204 0.663287376 -0.793799400 0.174829215 -0.582507014 -6.061402512
185251733 0.861891247 1.536980300 0.500000000 0.500000000 0.000000000 0.000000000 -0.611639142 -0.039668228 0.790142477 1.764222414 0.112731561 0.984180808 0.136673748 0.704531678 -0.783064663 0.172668904 -0.597491741 -6.303877911
185318467 0.861891247 1.536980300 0.500000000 0.500000000 0.000000000 0.000000000 -0.626091242 -0.038916022 0.778779566 1.746814180 0.109018400 0.984575450 0.136843830 0.745957373 -0.772092640 0.170577824 -0.612191558 -6.566866150
185385200 0.861891247 1.536980300 0.500000000 0.500000000 0.000000000 0.000000000 -0.640976429 -0.038464814 0.766597688 1.741154368 0.105452418 0.984860003 0.137588367 0.789287413 -0.760283768 0.169030264 -0.627215862 -6.840165764
