https://www.youtube.com/watch?v=qZtVYXWilQo
59509456 0.729671564 1.307990188 0.500000000 0.500000000 0.000000000 0.000000000 0.999753356 -0.007625842 -0.020857045 0.646812947 0.007325217 0.999868751 -0.014452183 1.402099987 0.020964516 0.014295836 0.999678016 -4.370820170
59542822 0.729671564 1.307990188 0.500000000 0.500000000 0.000000000 0.000000000 0.999771953 -0.008152218 -0.019739015 0.610806019 0.007888955 0.999879360 -0.013378516 1.364740000 0.019845700 0.013219744 0.999715626 -4.311860103
59576189 0.729671564 1.307990188 0.500000000 0.500000000 0.000000000 0.000000000 0.999791682 -0.008740290 -0.018444307 0.573870983 0.008509428 0.999884963 -0.012558245 1.340150060 0.018551949 0.012398678 0.999751031 -4.250620385
59609556 0.729671564 1.307990188 0.500000000 0.500000000 0.000000000 0.000000000 0.999812543 -0.009236353 -0.017015465 0.532013985 0.009040016 0.999892116 -0.011579771 1.313369940 0.017120585 0.011423780 0.999788165 -4.183569671
59642922 0.729671564 1.307990188 0.500000000 0.500000000 0.000000000 0.000000000 0.999832928 -0.009738362 -0.015469229 0.486954004 0.009577294 0.999899507 -0.010452379 1.282910049 0.015569463 0.010302479 0.999825716 -4.122620013
59676289 0.729671564 1.307990188 0.500000000 0.500000000 0.000000000 0.000000000 0.999847949 -0.010329042 -0.014051360 0.452744029 0.010197632 0.999903917 -0.009391783 1.255579935 0.014147018 0.009247065 0.999857187 -4.060279903
59709656 0.729671564 1.307990188 0.500000000 0.500000000 0.000000000 0.000000000 0.999864280 -0.010829136 -0.012414493 0.413749002 0.010725619 0.999907434 -0.008374808 1.231359991 0.012504036 0.008240519 0.999887884 -3.995980357
59743022 0.729671564 1.307990188 0.500000000 0.500000000 0.000000000 0.000000000 0.999877810 -0.011376483 -0.010720181 0.376190027 0.011297237 0.999908626 -0.007424095 1.208769961 0.010803661 0.007302080 0.999915004 -3.928360386
59776389 0.729671564 1.307990188 0.500000000 0.500000000 0.000000000 0.000000000 0.999891341 -0.011714770 -0.008947462 0.335058969 0.011662305 0.999914646 -0.005893633 1.170040123 0.009015741 0.005788645 0.999942601 -3.867039845
59809756 0.729671564 1.307990188 0.500000000 0.500000000 0.000000000 0.000000000 0.999903560 -0.012002796 -0.006986635 0.294481996 0.011969676 0.999917030 -0.004763076 1.146540101 0.007043226 0.004678989 0.999964237 -3.798929833
59843122 0.729671564 1.307990188 0.500000000 0.500000000 0.000000000 0.000000000 0.999911189 -0.012237010 -0.005282125 0.262530002 0.012218683 0.999919295 -0.003487962 1.116230078 0.005324380 0.003423112 0.999979973 -3.729260011
59876489 0.729671564 1.307990188 0.500000000 0.500000000 0.000000000 0.000000000 0.999916613 -0.012403276 -0.003591199 0.230954000 0.012395084 0.999920547 -0.002294224 1.090019996 0.003619370 0.002249520 0.999990940 -3.652030164
59909856 0.729671564 1.307990188 0.500000000 0.500000000 0.000000000 0.000000000 0.999918103 -0.012646361 -0.001976169 0.200451001 0.012644229 0.999919474 -0.001088190 1.059689949 0.001989772 0.001063113 0.999997437 -3.572949829
59943222 0.729671564 1.307990188 0.500000000 0.500000000 0.000000000 0.000000000 0.999920547 -0.012601431 -0.000310477 0.167472005 0.012601505 0.999920547 0.000240462 1.026209972 0.000307422 -0.000244356 0.999999940 -3.479170155
59976589 0.729671564 1.307990188 0.500000000 0.500000000 0.000000000 0.000000000 0.999920130 -0.012599595 0.001007902 0.144618018 0.012598021 0.999919415 0.001553024 0.991242984 -0.001027389 -0.001540202 0.999998271 -3.394659846
60009956 0.729671564 1.307990188 0.500000000 0.500000000 0.000000000 0.000000000 0.999920309 -0.012376750 0.002478418 0.114924998 0.012369571 0.999919295 0.002890863 0.950226943 -0.002513997 -0.002859976 0.999992728 -3.295709667
60043322 0.729671564 1.307990188 0.500000000 0.500000000 0.000000000 0.000000000 0.999917090 -0.012281878 0.003876152 0.089808809 0.012266077 0.999916494 0.004074309 0.912975027 -0.003925869 -0.004026426 0.999984205 -3.191550188
60076689 0.729671564 1.307990188 0.500000000 0.500000000 0.000000000 0.000000000 0.999912500 -0.012168393 0.005189289 0.063974406 0.012143080 0.999914348 0.004881839 0.884526054 -0.005248250 -0.004818399 0.999974608 -3.081740104
60110056 0.729671564 1.307990188 0.500000000 0.500000000 0.000000000 0.000000000 0.999910295 -0.011774442 0.006385901 0.042089102 0.011736003 0.999912977 0.006023741 0.841676993 -0.006456272 -0.005948256 0.999961495 -2.967300313
60143422 0.729671564 1.307990188 0.500000000 0.500000000 0.000000000 0.000000000 0.999908328 -0.011343121 0.007396511 0.026679303 0.011291302 0.999911666 0.007010257 0.799741055 -0.007475377 -0.006926098 0.999948084 -2.850979964
60176789 0.729671564 1.307990188 0.500000000 0.500000000 0.000000000 0.000000000 0.999906898 -0.010685525 0.008489606 0.004164598 0.010616777 0.999910831 0.008102234 0.752394019 -0.008575425 -0.008011348 0.999931157 -2.727050290
60210156 0.729671564 1.307990188 0.500000000 0.500000000 0.000000000 0.000000000 0.999902248 -0.010061576 0.009707713 -0.019167402 0.009975105 0.999910533 0.008915112 0.707834077 -0.009796544 -0.008817405 0.999913156 -2.584320101
60243522 0.729671564 1.307990188 0.500000000 0.500000000 0.000000000 0.000000000 0.999903202 -0.009330878 0.010321911 -0.023432697 0.009232294 0.999911726 0.009557667 0.669389015 -0.010410182 -0.009461447 0.999901056 -2.454689899
60276889 0.729671564 1.307990188 0.500000000 0.500000000 0.000000000 0.000000000 0.999900281 -0.008641846 0.011167755 -0.040016696 0.008528500 0.999912024 0.010157364 0.626922024 -0.011254551 -0.010061107 0.999886036 -2.309039800
60310256 0.729671564 1.307990188 0.500000000 0.500000000 0.000000000 0.000000000 0.999900341 -0.007684784 0.011844809 -0.050756101 0.007555646 0.999911964 0.010908976 0.578328060 -0.011927600 -0.010818394 0.999870360 -2.157930107
60343622 0.729671564 1.307990188 0.500000000 0.500000000 0.000000000 0.000000000 0.999898255 -0.006996174 0.012429916 -0.057513900 0.006856577 0.999913335 0.011238026 0.541809963 -0.012507462 -0.011151657 0.999859571 -2.004060068
60510456 0.729671564 1.307990188 0.500000000 0.500000000 0.000000000 0.000000000 0.999894857 -0.002665587 0.014255048 -0.087365501 0.002473481 0.999906123 0.013477019 0.300617004 -0.014289633 -0.013440342 0.999807537 -1.126119880
60543822 0.729671564 1.307990188 0.500000000 0.500000000 0.000000000 0.000000000 0.999893665 -0.001936717 0.014452075 -0.091342198 0.001735219 0.999901295 0.013941989 0.240718004 -0.014477651 -0.013915430 0.999798357 -0.923325958
60577189 0.729671564 1.307990188 0.500000000 0.500000000 0.000000000 0.000000000 0.999896526 -0.001254870 0.014329395 -0.082312098 0.001052764 0.999899983 0.014103073 0.186344998 -0.014345660 -0.014086529 0.999797881 -0.714523019
60610556 0.729671564 1.307990188 0.500000000 0.500000000 0.000000000 0.000000000 0.999894023 -0.000422581 0.014551464 -0.089292304 0.000210801 0.999894083 0.014552294 0.125364005 -0.014556073 -0.014547684 0.999788225 -0.514143995
60643922 0.729671564 1.307990188 0.500000000 0.500000000 0.000000000 0.000000000 0.999893725 0.000321286 0.014573699 -0.083863499 -0.000539367 0.999887884 0.014962560 0.063791605 -0.014567258 -0.014968832 0.999781847 -0.315390997
60677289 0.729671564 1.307990188 0.500000000 0.500000000 0.000000000 0.000000000 0.999891818 0.001364181 0.014644918 -0.078362500 -0.001593844 0.999875784 0.015681887 -0.003507350 -0.014621706 -0.015703531 0.999769747 -0.117578988
60710656 0.729671564 1.307990188 0.500000000 0.500000000 0.000000000 0.000000000 0.999885261 0.002182366 0.014991888 -0.078149603 -0.002421233 0.999870121 0.015933413 -0.057027899 -0.014955168 -0.015967883 0.999760628 0.088935892
60744022 0.729671564 1.307990188 0.500000000 0.500000000 0.000000000 0.000000000 0.999879718 0.002966595 0.015223949 -0.074578006 -0.003214896 0.999861777 0.016311420 -0.117534002 -0.015173457 -0.016358400 0.999751031 0.285803965
