https://www.youtube.com/watch?v=quWLifCR1A0
13233333 0.978822669 1.743314495 0.500000000 0.500000000 0.000000000 0.000000000 0.997657955 0.003824455 0.068293706 5.472430130 -0.004136181 0.999981642 0.004423680 0.001944710 -0.068275541 -0.004695795 0.997655451 2.845459817
13300000 0.978822669 1.743314495 0.500000000 0.500000000 0.000000000 0.000000000 0.996012092 0.006401365 0.088988289 5.343180413 -0.006976284 0.999956727 0.006151086 -0.029130401 -0.088945061 -0.006747364 0.996013701 2.738610111
13366667 0.978822669 1.743314495 0.500000000 0.500000000 0.000000000 0.000000000 0.993828475 0.009141158 0.110550627 5.221200035 -0.010090727 0.999916792 0.008033017 -0.059572690 -0.110468000 -0.009098977 0.993838012 2.628799777
13433333 0.978822669 1.743314495 0.500000000 0.500000000 0.000000000 0.000000000 0.991082013 0.010541356 0.132835835 5.088520593 -0.011976373 0.999878168 0.010008551 -0.081766915 -0.132714152 -0.011510188 0.991087496 2.478290040
13500000 0.978822669 1.743314495 0.500000000 0.500000000 0.000000000 0.000000000 0.987718165 0.010602906 0.155885980 4.958950044 -0.012741882 0.999837816 0.012728531 -0.094212029 -0.155725732 -0.014558483 0.987693012 2.316399779
13566667 0.978822669 1.743314495 0.500000000 0.500000000 0.000000000 0.000000000 0.983807981 0.010083789 0.178941727 4.824330135 -0.013122061 0.999789000 0.015803631 -0.110949997 -0.178744614 -0.017895821 0.983732760 2.188839965
13633333 0.978822669 1.743314495 0.500000000 0.500000000 0.000000000 0.000000000 0.979332924 0.008289465 0.202084795 4.683800205 -0.012472414 0.999733329 0.019434353 -0.119807031 -0.201869801 -0.021553190 0.979175150 2.045370059
13700000 0.978822669 1.743314495 0.500000000 0.500000000 0.000000000 0.000000000 0.974333704 0.006002979 0.225028396 4.526840158 -0.011585221 0.999656856 0.023494588 -0.125784010 -0.224810123 -0.025498575 0.974068880 1.931939841
13766667 0.978822669 1.743314495 0.500000000 0.500000000 0.000000000 0.000000000 0.968794107 0.003639521 0.247840166 4.352809942 -0.010631431 0.999582171 0.026878882 -0.116445004 -0.247638792 -0.028674997 0.968428016 1.746729978
13833333 0.978822669 1.743314495 0.500000000 0.500000000 0.000000000 0.000000000 0.962593973 0.000304142 0.270947695 4.170100022 -0.009176251 0.999462306 0.031478461 -0.101814040 -0.270792425 -0.032787260 0.962079167 1.691289772
13900000 0.978822669 1.743314495 0.500000000 0.500000000 0.000000000 0.000000000 0.955948234 -0.002652718 0.293523222 3.991729691 -0.008016830 0.999350190 0.035140868 -0.083173318 -0.293425709 -0.035945978 0.955305815 1.530359920
13966667 0.978822669 1.743314495 0.500000000 0.500000000 0.000000000 0.000000000 0.948903620 -0.005145975 0.315524161 3.818790423 -0.007439589 0.999224305 0.038670376 -0.068576080 -0.315478384 -0.039041832 0.948129296 1.468420255
14033333 0.978822669 1.743314495 0.500000000 0.500000000 0.000000000 0.000000000 0.941429734 -0.007403993 0.337128162 3.664420422 -0.007015132 0.999112546 0.041532248 -0.052990447 -0.337136507 -0.041464694 0.940542281 1.352820086
14100000 0.978822669 1.743314495 0.500000000 0.500000000 0.000000000 0.000000000 0.933376729 -0.009738291 0.358765900 3.516549572 -0.006567785 0.999000967 0.044203661 -0.035417562 -0.358837962 -0.043614969 0.932380259 1.270099715
14166667 0.978822669 1.743314495 0.500000000 0.500000000 0.000000000 0.000000000 0.924880743 -0.011181262 0.380092740 3.378929583 -0.006932680 0.998905659 0.046254300 -0.025577031 -0.380193949 -0.045414776 0.923791111 1.214659993
14233333 0.978822669 1.743314495 0.500000000 0.500000000 0.000000000 0.000000000 0.915714383 -0.013052963 0.401617497 3.249469605 -0.006855927 0.998819232 0.048094533 -0.017366434 -0.401771039 -0.046794318 0.914543688 1.177650004
14300000 0.978822669 1.743314495 0.500000000 0.500000000 0.000000000 0.000000000 0.905819595 -0.015378682 0.423384517 3.124420184 -0.006183005 0.998754680 0.049506359 -0.009515161 -0.423618585 -0.047461621 0.904596448 1.100450165
14366667 0.978822669 1.743314495 0.500000000 0.500000000 0.000000000 0.000000000 0.895359457 -0.017939607 0.444982946 2.989070486 -0.005241828 0.998694599 0.050809875 -0.007106593 -0.445313573 -0.047825627 0.894096613 1.061330171
14433333 0.978822669 1.743314495 0.500000000 0.500000000 0.000000000 0.000000000 0.884325922 -0.020765996 0.466407895 2.838399536 -0.003890639 0.998647809 0.051839814 -0.008579035 -0.466853738 -0.047657914 0.883049369 0.988856842
14500000 0.978822669 1.743314495 0.500000000 0.500000000 0.000000000 0.000000000 0.872519255 -0.024009869 0.487989366 2.664229956 -0.001924138 0.998615205 0.052573815 -0.017916220 -0.488575876 -0.046810627 0.871264815 0.907611987
14566667 0.978822669 1.743314495 0.500000000 0.500000000 0.000000000 0.000000000 0.860059381 -0.027491860 0.509452641 2.463739928 0.000555920 0.998597026 0.052949298 -0.034734603 -0.510193527 -0.045256320 0.858868062 0.872931038
14633333 0.978822669 1.743314495 0.500000000 0.500000000 0.000000000 0.000000000 0.846286297 -0.032642506 0.531727374 2.237260108 0.004507972 0.998524010 0.054124162 -0.056646695 -0.532709301 -0.043407522 0.845184326 0.869464890
14700000 0.978822669 1.743314495 0.500000000 0.500000000 0.000000000 0.000000000 0.831628859 -0.040504500 0.553852737 1.994580137 0.010846406 0.998331010 0.056723952 -0.072191499 -0.555225909 -0.041165963 0.830680192 0.881998131
14766667 0.978822669 1.743314495 0.500000000 0.500000000 0.000000000 0.000000000 0.817099810 -0.046942849 0.574582100 1.747740616 0.016685802 0.998187423 0.057822578 -0.090725360 -0.576254964 -0.037659466 0.816402018 0.911515292
14833333 0.978822669 1.743314495 0.500000000 0.500000000 0.000000000 0.000000000 0.802977741 -0.053512063 0.593602061 1.505260292 0.023070101 0.998005450 0.058760867 -0.092118775 -0.595562577 -0.033489220 0.802610695 0.936396172
14900000 0.978822669 1.743314495 0.500000000 0.500000000 0.000000000 0.000000000 0.789245248 -0.058998797 0.611237288 1.263310007 0.028309319 0.997811377 0.059758581 -0.094565382 -0.613425136 -0.029860461 0.789188147 0.996825122
14966667 0.978822669 1.743314495 0.500000000 0.500000000 0.000000000 0.000000000 0.776225984 -0.062171265 0.627381742 1.041849783 0.031668030 0.997714579 0.059688736 -0.097429394 -0.629658878 -0.026463997 0.776420832 1.077469856
15033333 0.978822669 1.743314495 0.500000000 0.500000000 0.000000000 0.000000000 0.763364613 -0.064768851 0.642712355 0.825167641 0.034690727 0.997635305 0.059332922 -0.104966004 -0.645035505 -0.022996470 0.763806343 1.154629643
15100000 0.978822669 1.743314495 0.500000000 0.500000000 0.000000000 0.000000000 0.750840962 -0.065730162 0.657204092 0.621612929 0.036602944 0.997647583 0.057961509 -0.116870997 -0.659467876 -0.019464256 0.751480579 1.161119824
15166667 0.978822669 1.743314495 0.500000000 0.500000000 0.000000000 0.000000000 0.738879323 -0.066117711 0.670586526 0.421334098 0.037949316 0.997678041 0.056553848 -0.139147025 -0.672768652 -0.016338199 0.739672780 1.258250547
15233333 0.978822669 1.743314495 0.500000000 0.500000000 0.000000000 0.000000000 0.726882219 -0.065902993 0.683592975 0.228102141 0.038900699 0.997737944 0.054824598 -0.152010009 -0.685659707 -0.013258802 0.727801681 1.272800391
15300000 0.978822669 1.743314495 0.500000000 0.500000000 0.000000000 0.000000000 0.715162277 -0.065909728 0.695843637 0.039708389 0.040059559 0.997772753 0.053336442 -0.164436937 -0.697809160 -0.010268981 0.716209710 1.325889144
15366667 0.978822669 1.743314495 0.500000000 0.500000000 0.000000000 0.000000000 0.703618407 -0.065822810 0.707522392 -0.139167994 0.040568747 0.997797430 0.052482989 -0.178330946 -0.709418654 -0.008224655 0.704738975 1.345349310
15433333 0.978822669 1.743314495 0.500000000 0.500000000 0.000000000 0.000000000 0.691794753 -0.066073939 0.719065130 -0.306562228 0.041756418 0.997798979 0.051513631 -0.191191075 -0.720886171 -0.005611304 0.693031073 1.286180617
15500000 0.978822669 1.743314495 0.500000000 0.500000000 0.000000000 0.000000000 0.679219723 -0.066561423 0.730910063 -0.478356680 0.042800903 0.997776449 0.051089980 -0.201601916 -0.732685447 -0.003417661 0.680558324 1.235899124
15566667 0.978822669 1.743314495 0.500000000 0.500000000 0.000000000 0.000000000 0.666134119 -0.067251332 0.742794037 -0.654185255 0.043905295 0.997735202 0.050959237 -0.208984055 -0.744538784 -0.001333123 0.667578101 1.176590326
15633333 0.978822669 1.743314495 0.500000000 0.500000000 0.000000000 0.000000000 0.651902974 -0.068314865 0.755219340 -0.838897623 0.045185931 0.997663558 0.051241316 -0.220540083 -0.756955385 0.000720872 0.653466702 1.137070841
15700000 0.978822669 1.743314495 0.500000000 0.500000000 0.000000000 0.000000000 0.637379646 -0.069918789 0.767371297 -1.033750200 0.046517029 0.997549832 0.052254334 -0.228424020 -0.769144654 0.002389973 0.639070332 1.066450119
15766667 0.978822669 1.743314495 0.500000000 0.500000000 0.000000000 0.000000000 0.622682810 -0.071419403 0.779207945 -1.241399522 0.047513939 0.997439384 0.053452231 -0.228480966 -0.781030178 0.003739478 0.624481797 0.982998650
15833333 0.978822669 1.743314495 0.500000000 0.500000000 0.000000000 0.000000000 0.607625127 -0.073042043 0.790858150 -1.456290088 0.048812550 0.997314095 0.054606669 -0.210371000 -0.792722583 0.005423421 0.609558463 0.885179005
15900000 0.978822669 1.743314495 0.500000000 0.500000000 0.000000000 0.000000000 0.591748118 -0.075174607 0.802610576 -1.666871246 0.050361086 0.997144938 0.056265052 -0.186979086 -0.804548800 0.007125538 0.593844533 0.814825643
15966667 0.978822669 1.743314495 0.500000000 0.500000000 0.000000000 0.000000000 0.574781001 -0.076088846 0.814762175 -1.873160254 0.050237317 0.997070670 0.057673886 -0.182237010 -0.816763818 0.007781601 0.576919794 0.765391138
16033333 0.978822669 1.743314495 0.500000000 0.500000000 0.000000000 0.000000000 0.557984471 -0.078122757 0.826165855 -2.069899642 0.052814774 0.996883750 0.058595348 -0.165990981 -0.828168929 0.010938477 0.560371757 0.639234773
16100000 0.978822669 1.743314495 0.500000000 0.500000000 0.000000000 0.000000000 0.541850388 -0.078735054 0.836778879 -2.264130040 0.054033298 0.996806145 0.058803611 -0.161869988 -0.838736296 0.013351170 0.544374108 0.582174004
16166667 0.978822669 1.743314495 0.500000000 0.500000000 0.000000000 0.000000000 0.526348352 -0.079833433 0.846512854 -2.458859781 0.055311028 0.996688485 0.059604757 -0.149283006 -0.848468125 0.015448624 0.529021025 0.529185112
16233333 0.978822669 1.743314495 0.500000000 0.500000000 0.000000000 0.000000000 0.510995746 -0.080689371 0.855787992 -2.643101410 0.056426864 0.996585846 0.060271949 -0.141247054 -0.857729435 0.017490678 0.513804197 0.434206012
16300000 0.978822669 1.743314495 0.500000000 0.500000000 0.000000000 0.000000000 0.495348513 -0.081935808 0.864821076 -2.823047604 0.057786182 0.996444762 0.061307691 -0.137384930 -0.866769671 0.019606104 0.498322189 0.407610545
16366667 0.978822669 1.743314495 0.500000000 0.500000000 0.000000000 0.000000000 0.478200376 -0.083485141 0.874274075 -2.989961617 0.059205383 0.996271551 0.062751308 -0.129385040 -0.876253188 0.021753978 0.481360197 0.359034266
16433333 0.978822669 1.743314495 0.500000000 0.500000000 0.000000000 0.000000000 0.459045649 -0.085538171 0.884284735 -3.157757310 0.060759731 0.996046305 0.064807713 -0.123698920 -0.886332035 0.023979278 0.462427974 0.342455779
16500000 0.978822669 1.743314495 0.500000000 0.500000000 0.000000000 0.000000000 0.437225163 -0.089824654 0.894854546 -3.332216645 0.063322105 0.995605052 0.068998739 -0.125105885 -0.897119522 0.026496176 0.440991461 0.348672729
16566667 0.978822669 1.743314495 0.500000000 0.500000000 0.000000000 0.000000000 0.413208902 -0.093497925 0.905823708 -3.517230158 0.065132387 0.995202005 0.073012039 -0.131546996 -0.908304095 0.028829236 0.417316079 0.371132142
16633333 0.978822669 1.743314495 0.500000000 0.500000000 0.000000000 0.000000000 0.387241244 -0.098124966 0.916741610 -3.715177772 0.066740006 0.994695127 0.078277156 -0.143981892 -0.919559360 0.030871246 0.391735852 0.406903846
16700000 0.978822669 1.743314495 0.500000000 0.500000000 0.000000000 0.000000000 0.358855426 -0.103447981 0.927642941 -3.928860445 0.068330757 0.994084239 0.084423810 -0.168495017 -0.930888772 0.033090584 0.363801181 0.466924249
16766667 0.978822669 1.743314495 0.500000000 0.500000000 0.000000000 0.000000000 0.328743994 -0.108395822 0.938177347 -4.150755924 0.069355495 0.993480086 0.090482749 -0.193889837 -0.941868424 0.035322197 0.334118426 0.531854536
16833333 0.978822669 1.743314495 0.500000000 0.500000000 0.000000000 0.000000000 0.297891974 -0.113683924 0.947806776 -4.370496154 0.069837198 0.992818177 0.097133249 -0.210978235 -0.952042282 0.037256818 0.303691924 0.617932757
16900000 0.978822669 1.743314495 0.500000000 0.500000000 0.000000000 0.000000000 0.267337382 -0.119067952 0.956218243 -4.579479261 0.070436805 0.992096424 0.103842922 -0.225847008 -0.961025000 0.039591886 0.273611248 0.683831646
16966667 0.978822669 1.743314495 0.500000000 0.500000000 0.000000000 0.000000000 0.239831150 -0.123206958 0.962964416 -4.777537229 0.070242316 0.991516590 0.109365858 -0.229178866 -0.968269825 0.041411556 0.246450901 0.801126720
17033333 0.978822669 1.743314495 0.500000000 0.500000000 0.000000000 0.000000000 0.214016140 -0.126685679 0.968580365 -4.977670942 0.069842935 0.991001308 0.114185840 -0.218311109 -0.974330068 0.043210875 0.220938385 0.937224871
17100000 0.978822669 1.743314495 0.500000000 0.500000000 0.000000000 0.000000000 0.189714730 -0.129634902 0.973243892 -5.176192965 0.069279380 0.990542114 0.118434384 -0.207375223 -0.979392231 0.044956937 0.196901441 1.063440426
17166667 0.978822669 1.743314495 0.500000000 0.500000000 0.000000000 0.000000000 0.168119431 -0.131931543 0.976898134 -5.369740055 0.068480611 0.990172327 0.121939071 -0.203729011 -0.983385146 0.046398245 0.175502002 1.179959965
17233333 0.978822669 1.743314495 0.500000000 0.500000000 0.000000000 0.000000000 0.148247361 -0.133580118 0.979887247 -5.556399786 0.067648716 0.989884555 0.124708369 -0.207606925 -0.986633778 0.047800433 0.155784309 1.291349682
17300000 0.978822669 1.743314495 0.500000000 0.500000000 0.000000000 0.000000000 0.130191147 -0.134656683 0.982302666 -5.748263979 0.066969544 0.989666283 0.126790211 -0.220798190 -0.989224911 0.049277335 0.137863636 1.390670755
17366667 0.978822669 1.743314495 0.500000000 0.500000000 0.000000000 0.000000000 0.113767743 -0.135951027 0.984161794 -5.939551001 0.066361383 0.989420831 0.129006222 -0.248592014 -0.991288722 0.050633576 0.121586025 1.481930634
17433333 0.978822669 1.743314495 0.500000000 0.500000000 0.000000000 0.000000000 0.097750187 -0.136659428 0.985783517 -6.122880354 0.065311491 0.989272773 0.130666867 -0.275297037 -0.993065655 0.051610276 0.105627000 1.587200325
17500000 0.978822669 1.743314495 0.500000000 0.500000000 0.000000000 0.000000000 0.082258761 -0.138248518 0.986975253 -6.304305567 0.064079523 0.989016294 0.133193716 -0.307881749 -0.994548500 0.052288618 0.090214193 1.630519004
17566667 0.978822669 1.743314495 0.500000000 0.500000000 0.000000000 0.000000000 0.066104650 -0.139383912 0.988029480 -6.487839876 0.062522739 0.988828182 0.135313466 -0.346696944 -0.995851874 0.052829459 0.074080825 1.649739718
