https://www.youtube.com/watch?v=advXpuSknOo
139372567 0.851131011 1.513639177 0.500000000 0.500000000 0.000000000 0.000000000 0.956789017 -0.072894000 0.281498134 1.885120003 0.065836050 0.997235119 0.034462914 0.064802105 -0.283231974 -0.014441011 0.958942711 -0.087020721
139439300 0.851131011 1.513639177 0.500000000 0.500000000 0.000000000 0.000000000 0.956061065 -0.075744316 0.283213735 1.622699981 0.068422541 0.997018516 0.035670415 0.113619987 -0.285071194 -0.014724879 0.958393216 -0.006951151
139506033 0.851131011 1.513639177 0.500000000 0.500000000 0.000000000 0.000000000 0.956108332 -0.072728500 0.283843875 1.318929880 0.064672589 0.997195542 0.037663434 0.096190800 -0.285787046 -0.017653391 0.958130479 0.087128716
139572767 0.851131011 1.513639177 0.500000000 0.500000000 0.000000000 0.000000000 0.956155300 -0.070319287 0.284292608 1.025810012 0.061804157 0.997332931 0.038823970 0.101905006 -0.286264449 -0.019551281 0.957951188 0.216743048
139639500 0.851131011 1.513639177 0.500000000 0.500000000 0.000000000 0.000000000 0.956195414 -0.067553587 0.284827918 0.718721067 0.058668815 0.997490942 0.039621279 0.108338007 -0.286789805 -0.021175180 0.957759500 0.363990060
139706233 0.851131011 1.513639177 0.500000000 0.500000000 0.000000000 0.000000000 0.956265986 -0.064450875 0.285309374 0.391680955 0.055277057 0.997665524 0.040099777 0.101748006 -0.287227809 -0.022574984 0.957596242 0.459248964
139772967 0.851131011 1.513639177 0.500000000 0.500000000 0.000000000 0.000000000 0.956085384 -0.062015947 0.286452144 0.012016200 0.052818533 0.997813404 0.039732013 0.083598094 -0.288289815 -0.022857223 0.957270384 0.478691054
139839700 0.851131011 1.513639177 0.500000000 0.500000000 0.000000000 0.000000000 0.955643058 -0.060425699 0.288262248 -0.413845038 0.051391132 0.997924030 0.038814258 0.053962792 -0.290009201 -0.022278454 0.956764519 0.428387002
139906433 0.851131011 1.513639177 0.500000000 0.500000000 0.000000000 0.000000000 0.955204546 -0.058189489 0.290169209 -0.850968912 0.049376361 0.998071909 0.037608266 0.021348416 -0.291798145 -0.021596074 0.956236064 0.385436978
139973167 0.851131011 1.513639177 0.500000000 0.500000000 0.000000000 0.000000000 0.954829991 -0.056122757 0.291804492 -1.288389946 0.047646157 0.998212397 0.036080495 -0.005204481 -0.293307781 -0.020547368 0.955797195 0.338538951
140039900 0.851131011 1.513639177 0.500000000 0.500000000 0.000000000 0.000000000 0.954494894 -0.053897668 0.293316424 -1.731929977 0.045869786 0.998362362 0.034184657 -0.025006286 -0.294678569 -0.019174716 0.955404043 0.294250052
140106633 0.851131011 1.513639177 0.500000000 0.500000000 0.000000000 0.000000000 0.954197288 -0.051620312 0.294691145 -2.186449932 0.044068471 0.998508990 0.032214493 -0.025709390 -0.295914650 -0.017752388 0.955049396 0.262983919
140173367 0.851131011 1.513639177 0.500000000 0.500000000 0.000000000 0.000000000 0.954138756 -0.049200967 0.295293927 -2.631200081 0.041903958 0.998640835 0.030992519 -0.035528690 -0.296417415 -0.017197177 0.954903662 0.216667921
140240100 0.851131011 1.513639177 0.500000000 0.500000000 0.000000000 0.000000000 0.954888523 -0.048135910 0.293037266 -2.974000058 0.041220669 0.998707592 0.029731892 -0.025491087 -0.294089705 -0.016311444 0.955638587 0.133462047
140306833 0.851131011 1.513639177 0.500000000 0.500000000 0.000000000 0.000000000 0.955926418 -0.047034469 0.289814413 -3.297179821 0.040265027 0.998759925 0.029279912 -0.028552204 -0.290832162 -0.016320055 0.956634879 -0.001304449
140373567 0.851131011 1.513639177 0.500000000 0.500000000 0.000000000 0.000000000 0.957150459 -0.045397397 0.286010742 -3.627140242 0.038635787 0.998825371 0.029243017 -0.031418714 -0.287002325 -0.016939724 0.957780123 -0.130605079
140440300 0.851131011 1.513639177 0.500000000 0.500000000 0.000000000 0.000000000 0.958590627 -0.043714844 0.281412363 -3.948529393 0.036857016 0.998881519 0.029618992 -0.030244159 -0.282392383 -0.018020460 0.959129691 -0.271624166
140507033 0.851131011 1.513639177 0.500000000 0.500000000 0.000000000 0.000000000 0.960172594 -0.041743219 0.276271850 -4.268650260 0.034646310 0.998933434 0.030521620 -0.031442818 -0.277251273 -0.019734230 0.960594773 -0.415136018
140573767 0.851131011 1.513639177 0.500000000 0.500000000 0.000000000 0.000000000 0.962260842 -0.040079813 0.269161016 -4.527579672 0.032628547 0.998951852 0.032102104 -0.037262721 -0.270165533 -0.022108272 0.962560058 -0.589226146
140640500 0.851131011 1.513639177 0.500000000 0.500000000 0.000000000 0.000000000 0.964752078 -0.039208055 0.260223478 -4.732430885 0.031429633 0.998927951 0.033987027 -0.025579434 -0.261277050 -0.024610333 0.964950085 -0.768621120
140707233 0.851131011 1.513639177 0.500000000 0.500000000 0.000000000 0.000000000 0.967249751 -0.037710514 0.251009494 -4.944690272 0.029485006 0.998900354 0.036451530 -0.023904312 -0.252108067 -0.027856717 0.967298031 -0.978838081
140773967 0.851131011 1.513639177 0.500000000 0.500000000 0.000000000 0.000000000 0.969762564 -0.035964612 0.241385758 -5.164380002 0.027409259 0.998874545 0.038708445 -0.014631324 -0.242506236 -0.030921800 0.969656944 -1.189159974
140840700 0.851131011 1.513639177 0.500000000 0.500000000 0.000000000 0.000000000 0.972336769 -0.033758953 0.231131181 -5.378880585 0.025018981 0.998860478 0.040641945 -0.000897048 -0.232239828 -0.033734996 0.972073376 -1.405949948
140907433 0.851131011 1.513639177 0.500000000 0.500000000 0.000000000 0.000000000 0.974799156 -0.032587815 0.220691279 -5.609969900 0.023805916 0.998819768 0.042336795 0.028854924 -0.221810475 -0.036016110 0.974424422 -1.616520098
140974167 0.851131011 1.513639177 0.500000000 0.500000000 0.000000000 0.000000000 0.977178335 -0.031617124 0.210054234 -5.836510066 0.022896605 0.998777092 0.043819100 0.070004935 -0.211182788 -0.038009547 0.976707280 -1.824149955
