https://www.youtube.com/watch?v=gAbKx1P-Kz4
119700000 0.872919324 1.552387275 0.500000000 0.500000000 0.000000000 0.000000000 0.999686420 0.013491661 0.021095233 0.016109604 -0.014187451 0.999348402 0.033189125 -1.293370051 -0.020633711 -0.033478007 0.999226451 5.839789970
119766667 0.872919324 1.552387275 0.500000000 0.500000000 0.000000000 0.000000000 0.999530971 0.013134977 0.027664205 0.092837300 -0.013863247 0.999557972 0.026300181 -1.248690053 -0.027306525 -0.026671361 0.999271214 5.454099929
119833333 0.872919324 1.552387275 0.500000000 0.500000000 0.000000000 0.000000000 0.999397397 0.013038951 0.032169051 0.148046006 -0.013649496 0.999729455 0.018833216 -1.204479951 -0.031914786 -0.019260958 0.999305010 5.019880532
119900000 0.872919324 1.552387275 0.500000000 0.500000000 0.000000000 0.000000000 0.999217570 0.010765427 0.038056470 0.187943959 -0.011291838 0.999843121 0.013644606 -1.171829927 -0.037903614 -0.014063658 0.999182403 4.598919745
119966667 0.872919324 1.552387275 0.500000000 0.500000000 0.000000000 0.000000000 0.999035478 0.009787316 0.042805433 0.230900981 -0.010069937 0.999928892 0.006391827 -1.133020119 -0.042739831 -0.006816710 0.999062955 4.111069766
120033333 0.872919324 1.552387275 0.500000000 0.500000000 0.000000000 0.000000000 0.998724401 0.005762107 0.050163131 0.281969991 -0.005872248 0.999980688 0.002048559 -1.072720155 -0.050150353 -0.002340516 0.998738945 3.644440027
120100000 0.872919324 1.552387275 0.500000000 0.500000000 0.000000000 0.000000000 0.998020232 0.000417434 0.062892370 0.319546025 -0.000505417 0.999998927 0.001383053 -0.955261043 -0.062891729 -0.001412102 0.998019338 3.087929949
120166667 0.872919324 1.552387275 0.500000000 0.500000000 0.000000000 0.000000000 0.997131824 -0.004608070 0.075543828 0.333793989 0.003900451 0.999947131 0.009511875 -0.803109992 -0.075583674 -0.009189939 0.997097135 2.485570010
120233333 0.872919324 1.552387275 0.500000000 0.500000000 0.000000000 0.000000000 0.996179938 -0.009302402 0.086827256 0.264612005 0.007024424 0.999624014 0.026504530 -0.655987994 -0.087041162 -0.025793372 0.995870769 1.861100029
120300000 0.872919324 1.552387275 0.500000000 0.500000000 0.000000000 0.000000000 0.995446980 -0.011882343 0.094573177 0.195847005 0.008444096 0.999291658 0.036672961 -0.485404032 -0.094941951 -0.035707403 0.994842231 1.223960236
120366667 0.872919324 1.552387275 0.500000000 0.500000000 0.000000000 0.000000000 0.994858503 -0.014021527 0.100299053 0.077246885 0.009734996 0.999023318 0.043100003 -0.287458946 -0.100805424 -0.041901994 0.994023383 0.597733016
120433333 0.872919324 1.552387275 0.500000000 0.500000000 0.000000000 0.000000000 0.993922710 -0.015501929 0.108983330 -0.058952200 0.009827826 0.998577297 0.052409574 -0.089716890 -0.109640725 -0.051019996 0.992660999 0.066844203
120500000 0.872919324 1.552387275 0.500000000 0.500000000 0.000000000 0.000000000 0.993039548 -0.017485861 0.116476402 -0.168970019 0.010468677 0.998108029 0.060587097 0.078958894 -0.117315441 -0.058946025 0.991343737 -0.504226028
120566667 0.872919324 1.552387275 0.500000000 0.500000000 0.000000000 0.000000000 0.992259026 -0.019933868 0.122574933 -0.265306999 0.011634883 0.997613907 0.068052091 0.198682989 -0.123638995 -0.066099159 0.990123391 -0.994052014
120633333 0.872919324 1.552387275 0.500000000 0.500000000 0.000000000 0.000000000 0.991773605 -0.024039533 0.125726566 -0.345809970 0.015755050 0.997663558 0.066477038 0.292452992 -0.127030894 -0.063949354 0.989835143 -1.530160020
120700000 0.872919324 1.552387275 0.500000000 0.500000000 0.000000000 0.000000000 0.990833104 -0.028989417 0.131944582 -0.422704997 0.020797139 0.997793734 0.063048959 0.363589035 -0.133481219 -0.059726931 0.989249945 -1.973019899
120766667 0.872919324 1.552387275 0.500000000 0.500000000 0.000000000 0.000000000 0.990162909 -0.030741205 0.136500448 -0.495542966 0.023223316 0.998142004 0.056331150 0.445807954 -0.137978524 -0.052607022 0.989037156 -2.466290000
120833333 0.872919324 1.552387275 0.500000000 0.500000000 0.000000000 0.000000000 0.989560306 -0.031510051 0.140632391 -0.566790948 0.024544418 0.998397350 0.050993741 0.517313055 -0.142013818 -0.047009647 0.988747776 -2.886300018
120900000 0.872919324 1.552387275 0.500000000 0.500000000 0.000000000 0.000000000 0.989478350 -0.030535797 0.141421825 -0.624420029 0.024372218 0.998684585 0.045112152 0.586735978 -0.142613322 -0.041190732 0.988920987 -3.358259776
120966667 0.872919324 1.552387275 0.500000000 0.500000000 0.000000000 0.000000000 0.990141094 -0.029708251 0.136886761 -0.647838980 0.024240389 0.998846889 0.041440018 0.656014968 -0.137960032 -0.037713274 0.989719510 -3.792749871
121033333 0.872919324 1.552387275 0.500000000 0.500000000 0.000000000 0.000000000 0.990719676 -0.029973183 0.132575065 -0.642067000 0.025156226 0.998966336 0.037861060 0.718664038 -0.133572847 -0.034174610 0.990449607 -4.274509970
121100000 0.872919324 1.552387275 0.500000000 0.500000000 0.000000000 0.000000000 0.991332889 -0.030484125 0.127788007 -0.583210917 0.026210323 0.999043763 0.034994002 0.762900030 -0.128732562 -0.031341340 0.991183937 -4.739049110
121166667 0.872919324 1.552387275 0.500000000 0.500000000 0.000000000 0.000000000 0.991618931 -0.031967156 0.125179857 -0.542356050 0.027758932 0.998994052 0.035219077 0.817571032 -0.126179785 -0.031449046 0.991508782 -5.215610248
121233333 0.872919324 1.552387275 0.500000000 0.500000000 0.000000000 0.000000000 0.991586447 -0.033799134 0.124955535 -0.504207969 0.029727630 0.998969138 0.034306407 0.900870970 -0.125986248 -0.030303136 0.991569042 -5.762259500
121300000 0.872919324 1.552387275 0.500000000 0.500000000 0.000000000 0.000000000 0.991141498 -0.036494534 0.127697408 -0.437164979 0.032486934 0.998916328 0.033327539 1.036489876 -0.128775299 -0.028883807 0.991253078 -6.254139879
