https://www.youtube.com/watch?v=3sTY7DqkgsM
30930900 0.815490696 1.460245060 0.500000000 0.500000000 0.000000000 0.000000000 0.995506704 0.035677869 -0.087712631 -4.877539971 -0.039557885 0.998295844 -0.042902283 -2.231910206 0.086032495 0.046179235 0.995221555 3.559570346
30964267 0.815490696 1.460245060 0.500000000 0.500000000 0.000000000 0.000000000 0.994493067 0.038945794 -0.097297162 -4.827699822 -0.043654338 0.997952640 -0.046742160 -2.190910158 0.095277548 0.050732199 0.994157135 3.439120008
30997633 0.815490696 1.460245060 0.500000000 0.500000000 0.000000000 0.000000000 0.993379891 0.042325549 -0.106793910 -4.781680247 -0.047905177 0.997587979 -0.050232958 -2.148799805 0.104410186 0.055016395 0.993011415 3.330439778
31031000 0.815490696 1.460245060 0.500000000 0.500000000 0.000000000 0.000000000 0.992073596 0.046468310 -0.116750315 -4.728459619 -0.052944824 0.997190118 -0.052997038 -2.104779717 0.113959581 0.058758296 0.991746247 3.206229509
31064367 0.815490696 1.460245060 0.500000000 0.500000000 0.000000000 0.000000000 0.990681946 0.050553150 -0.126466036 -4.670050410 -0.057988912 0.996755421 -0.055820905 -2.054670410 0.123233780 0.062634386 0.990399122 3.079170406
31097733 0.815490696 1.460245060 0.500000000 0.500000000 0.000000000 0.000000000 0.989001334 0.057969343 -0.136073112 -4.617490040 -0.066343099 0.996119678 -0.057829317 -1.982949996 0.132192761 0.066220783 0.989009559 2.945179960
31131100 0.815490696 1.460245060 0.500000000 0.500000000 0.000000000 0.000000000 0.987404943 0.061761342 -0.145660549 -4.554530247 -0.071120642 0.995664954 -0.059942625 -1.929520063 0.141326964 0.069547109 0.987517059 2.832460081
31164467 0.815490696 1.460245060 0.500000000 0.500000000 0.000000000 0.000000000 0.985671461 0.066242084 -0.155124769 -4.490869533 -0.076579049 0.995156884 -0.061631124 -1.864589987 0.150290921 0.072627351 0.985970557 2.721790121
31197833 0.815490696 1.460245060 0.500000000 0.500000000 0.000000000 0.000000000 0.983900249 0.070554279 -0.164202407 -4.424560293 -0.081859715 0.994642675 -0.063126415 -1.797900062 0.158868894 0.075551644 0.984404743 2.601330156
31231200 0.815490696 1.460245060 0.500000000 0.500000000 0.000000000 0.000000000 0.982089460 0.074216969 -0.173182368 -4.347849726 -0.086456932 0.994183064 -0.064228147 -1.736480032 0.167408168 0.078050599 0.982793272 2.496139891
31264567 0.815490696 1.460245060 0.500000000 0.500000000 0.000000000 0.000000000 0.980213463 0.078336254 -0.181782722 -4.274620032 -0.091521412 0.993659556 -0.065302931 -1.675299874 0.175514549 0.080647834 0.981167972 2.394170120
31297933 0.815490696 1.460245060 0.500000000 0.500000000 0.000000000 0.000000000 0.978226006 0.082447909 -0.190463334 -4.196210308 -0.096560858 0.993134379 -0.066031039 -1.613089987 0.183711559 0.082984582 0.979471087 2.288009786
31331300 0.815490696 1.460245060 0.500000000 0.500000000 0.000000000 0.000000000 0.976119578 0.086262107 -0.199372604 -4.111319779 -0.101389036 0.992592633 -0.066933408 -1.540229977 0.192121968 0.085549191 0.977635145 2.185990095
31364667 0.815490696 1.460245060 0.500000000 0.500000000 0.000000000 0.000000000 0.974019349 0.089984551 -0.207819894 -4.027729909 -0.106100887 0.992046058 -0.067729339 -1.473639941 0.200072303 0.088019565 0.975819468 2.088429833
31398033 0.815490696 1.460245060 0.500000000 0.500000000 0.000000000 0.000000000 0.971911550 0.093420208 -0.216010675 -3.937279852 -0.110575691 0.991488934 -0.068721972 -1.414739944 0.207752153 0.090677224 0.973969519 1.988159689
31431400 0.815490696 1.460245060 0.500000000 0.500000000 0.000000000 0.000000000 0.969898462 0.096510507 -0.223568127 -3.843050008 -0.114726730 0.990931451 -0.069947250 -1.360699880 0.214790031 0.093490981 0.972175241 1.894830114
31464767 0.815490696 1.460245060 0.500000000 0.500000000 0.000000000 0.000000000 0.967766047 0.099750623 -0.231254712 -3.741940041 -0.119111240 0.990318000 -0.071293637 -1.315359970 0.221904114 0.096540585 0.970277548 1.802300134
31498133 0.815490696 1.460245060 0.500000000 0.500000000 0.000000000 0.000000000 0.965566158 0.102983400 -0.238906547 -3.640609725 -0.123523861 0.989680707 -0.072621562 -1.273389958 0.228962377 0.099631585 0.968323171 1.720499973
31531500 0.815490696 1.460245060 0.500000000 0.500000000 0.000000000 0.000000000 0.963344336 0.106292233 -0.246312201 -3.538380169 -0.128020912 0.989014030 -0.073905058 -1.231310170 0.235750675 0.102729119 0.966368675 1.645980177
31564867 0.815490696 1.460245060 0.500000000 0.500000000 0.000000000 0.000000000 0.961002231 0.109572977 -0.253906280 -3.427809772 -0.132614300 0.988293290 -0.075430959 -1.196019921 0.242668673 0.106160939 0.964282990 1.567339942
31598233 0.815490696 1.460245060 0.500000000 0.500000000 0.000000000 0.000000000 0.958482981 0.112743795 -0.261914462 -3.307830086 -0.137174025 0.987558424 -0.076887183 -1.156939894 0.249987274 0.109622933 0.962023437 1.493229920
31631600 0.815490696 1.460245060 0.500000000 0.500000000 0.000000000 0.000000000 0.955803752 0.116044074 -0.270134985 -3.172699912 -0.141865194 0.986804605 -0.078044087 -1.124009796 0.257513881 0.112917602 0.959654212 1.415910031
31664967 0.815490696 1.460245060 0.500000000 0.500000000 0.000000000 0.000000000 0.953047037 0.119156018 -0.278393865 -3.030429922 -0.146471426 0.986023486 -0.079396605 -1.084870011 0.265042305 0.116445452 0.957179725 1.345630111
31698333 0.815490696 1.460245060 0.500000000 0.500000000 0.000000000 0.000000000 0.950162113 0.122242227 -0.286790580 -2.883950113 -0.151082680 0.985229433 -0.080603838 -1.047799973 0.272701353 0.119915783 0.954596400 1.280909998
31731700 0.815490696 1.460245060 0.500000000 0.500000000 0.000000000 0.000000000 0.946985185 0.125884831 -0.295587540 -2.731999926 -0.156362802 0.984310985 -0.081747070 -1.004699878 0.280659318 0.123632178 0.951811612 1.223049876
31765067 0.815490696 1.460245060 0.500000000 0.500000000 0.000000000 0.000000000 0.943688273 0.129340649 -0.304505140 -2.575979866 -0.161577791 0.983358741 -0.083055496 -0.963488010 0.288695306 0.127579778 0.948882699 1.158830010
31798433 0.815490696 1.460245060 0.500000000 0.500000000 0.000000000 0.000000000 0.939765453 0.135875225 -0.313654125 -2.421660101 -0.169840187 0.981927693 -0.083500639 -0.917672067 0.296640038 0.131742060 0.945858777 1.110440018
31831800 0.815490696 1.460245060 0.500000000 0.500000000 0.000000000 0.000000000 0.934777081 0.146848291 -0.323461682 -2.269990186 -0.182394564 0.979775190 -0.082297154 -0.859310009 0.304834515 0.135927126 0.942655683 1.063300082
31865167 0.815490696 1.460245060 0.500000000 0.500000000 0.000000000 0.000000000 0.929127157 0.159270793 -0.333699733 -2.122989784 -0.196451336 0.977196932 -0.080579378 -0.796156956 0.313256413 0.140424266 0.939229131 1.034499863
31898533 0.815490696 1.460245060 0.500000000 0.500000000 0.000000000 0.000000000 0.923073173 0.171653584 -0.344195962 -1.978059778 -0.210525796 0.974420071 -0.078641318 -0.735933012 0.321892381 0.145053834 0.935598552 1.006610019
31931900 0.815490696 1.460245060 0.500000000 0.500000000 0.000000000 0.000000000 0.916788757 0.183500692 -0.354719192 -1.836579672 -0.224250600 0.971482694 -0.077026136 -0.680879868 0.330469161 0.150162756 0.931794584 0.982354882
31965267 0.815490696 1.460245060 0.500000000 0.500000000 0.000000000 0.000000000 0.909962475 0.195833609 -0.365537107 -1.698359779 -0.238606080 0.968194187 -0.075279884 -0.632460864 0.339168549 0.155721307 0.927747488 0.954336812
31998633 0.815490696 1.460245060 0.500000000 0.500000000 0.000000000 0.000000000 0.902765274 0.208082139 -0.376452833 -1.565080229 -0.252992064 0.964674056 -0.073478088 -0.593864067 0.347864777 0.161573023 0.923517346 0.927145064
32032000 0.815490696 1.460245060 0.500000000 0.500000000 0.000000000 0.000000000 0.895264506 0.219964430 -0.387449265 -1.437819717 -0.267170131 0.960972846 -0.071772128 -0.560087814 0.356540859 0.167769983 0.919092894 0.902912951
32065367 0.815490696 1.460245060 0.500000000 0.500000000 0.000000000 0.000000000 0.887845874 0.229823619 -0.398636281 -1.312030104 -0.279647559 0.957487345 -0.070818305 -0.533590050 0.365413487 0.174353376 0.914370775 0.874133056
32098733 0.815490696 1.460245060 0.500000000 0.500000000 0.000000000 0.000000000 0.880615771 0.238070324 -0.409680605 -1.192099861 -0.290722549 0.954213262 -0.070408359 -0.511216745 0.374160528 0.181106195 0.909507751 0.847160871
32132100 0.815490696 1.460245060 0.500000000 0.500000000 0.000000000 0.000000000 0.873448014 0.244923979 -0.420833349 -1.077229850 -0.300759763 0.951075017 -0.070709512 -0.488517928 0.382925630 0.188330844 0.904377937 0.825362030
32165467 0.815490696 1.460245060 0.500000000 0.500000000 0.000000000 0.000000000 0.866817296 0.249042466 -0.431978732 -0.969096999 -0.308418006 0.948518991 -0.072041892 -0.470199998 0.391798526 0.195677161 0.899001837 0.801452925
32198833 0.815490696 1.460245060 0.500000000 0.500000000 0.000000000 0.000000000 0.859477758 0.253741831 -0.443748772 -0.865835914 -0.316802591 0.945690274 -0.072842047 -0.449050906 0.401165783 0.203186944 0.893185854 0.774773880
32232200 0.815490696 1.460245060 0.500000000 0.500000000 0.000000000 0.000000000 0.851938665 0.258026928 -0.455656230 -0.771675995 -0.325129718 0.942767501 -0.074027643 -0.429436953 0.410476744 0.211214408 0.887072325 0.749638925
32265567 0.815490696 1.460245060 0.500000000 0.500000000 0.000000000 0.000000000 0.844060063 0.261615694 -0.468102455 -0.678733008 -0.333026767 0.939914405 -0.075193547 -0.413172073 0.420304477 0.219358474 0.880469263 0.716219092
32298933 0.815490696 1.460245060 0.500000000 0.500000000 0.000000000 0.000000000 0.835702419 0.264751017 -0.481153280 -0.583398022 -0.340601861 0.937136650 -0.075929970 -0.396855095 0.430803865 0.227336496 0.873341978 0.675257081
32332300 0.815490696 1.460245060 0.500000000 0.500000000 0.000000000 0.000000000 0.826997757 0.267683268 -0.494389027 -0.488438090 -0.348117232 0.934329927 -0.076433197 -0.378241110 0.441462606 0.235315338 0.865873933 0.632646199
32365667 0.815490696 1.460245060 0.500000000 0.500000000 0.000000000 0.000000000 0.818119168 0.270515859 -0.507447064 -0.395866165 -0.355524480 0.931523025 -0.076598622 -0.362112166 0.451977521 0.243076503 0.858271778 0.583619232
32399033 0.815490696 1.460245060 0.500000000 0.500000000 0.000000000 0.000000000 0.808902979 0.273094833 -0.520667672 -0.307091923 -0.362716794 0.928765059 -0.076366670 -0.342364822 0.462722510 0.250628293 0.850337029 0.532441803
32432400 0.815490696 1.460245060 0.500000000 0.500000000 0.000000000 0.000000000 0.799552083 0.275450647 -0.533707440 -0.216867034 -0.369798303 0.925991416 -0.076086871 -0.318971080 0.473250329 0.258199453 0.842239439 0.475183033
32465767 0.815490696 1.460245060 0.500000000 0.500000000 0.000000000 0.000000000 0.790231109 0.277386427 -0.546434939 -0.130093969 -0.376429319 0.923350930 -0.075655952 -0.301681837 0.483565241 0.265480042 0.834077120 0.420232823
32499133 0.815490696 1.460245060 0.500000000 0.500000000 0.000000000 0.000000000 0.780707896 0.279329836 -0.558989882 -0.047444095 -0.383172452 0.920617282 -0.075117260 -0.280176916 0.493633181 0.272834301 0.825764775 0.364979859
32532500 0.815490696 1.460245060 0.500000000 0.500000000 0.000000000 0.000000000 0.771021485 0.281233937 -0.571343601 0.030055423 -0.389593750 0.918019354 -0.073873192 -0.254482038 0.503728807 0.279549658 0.817379534 0.309566014
32565867 0.815490696 1.460245060 0.500000000 0.500000000 0.000000000 0.000000000 0.761157751 0.283005416 -0.583563864 0.107568982 -0.395535648 0.915635049 -0.071860790 -0.226074973 0.513994515 0.285517722 0.808881462 0.250067983
32599233 0.815490696 1.460245060 0.500000000 0.500000000 0.000000000 0.000000000 0.751320481 0.284703940 -0.595366120 0.189336944 -0.401498824 0.913181484 -0.069986872 -0.198799956 0.523751736 0.291621536 0.800400317 0.191445905
32632600 0.815490696 1.460245060 0.500000000 0.500000000 0.000000000 0.000000000 0.741664529 0.286330163 -0.606587589 0.269076942 -0.407349646 0.910724759 -0.068166219 -0.171822983 0.532916248 0.297649831 0.792088747 0.128564943
32665967 0.815490696 1.460245060 0.500000000 0.500000000 0.000000000 0.000000000 0.732100368 0.288595200 -0.617042720 0.352348967 -0.413475037 0.908132255 -0.065834321 -0.140942010 0.541356862 0.303329170 0.784170866 0.074617265
32699333 0.815490696 1.460245060 0.500000000 0.500000000 0.000000000 0.000000000 0.722957492 0.290350050 -0.626920402 0.435764943 -0.419016629 0.905739665 -0.063723616 -0.109282999 0.549324453 0.308759600 0.776472807 0.022941963
32732700 0.815490696 1.460245060 0.500000000 0.500000000 0.000000000 0.000000000 0.713545799 0.292547554 -0.636607289 0.518083245 -0.424799651 0.903225243 -0.061070293 -0.071745446 0.557133913 0.314006776 0.768766522 -0.022322832
32766067 0.815490696 1.460245060 0.500000000 0.500000000 0.000000000 0.000000000 0.704503894 0.294159651 -0.645867229 0.594850060 -0.429696321 0.901089013 -0.058307275 -0.028840578 0.564832211 0.318604410 0.761220038 -0.060593624
32799433 0.815490696 1.460245060 0.500000000 0.500000000 0.000000000 0.000000000 0.695176899 0.295946538 -0.655091584 0.671312120 -0.434610307 0.898931563 -0.055099875 0.011943780 0.572575986 0.323013604 0.753537774 -0.090272146
32832800 0.815490696 1.460245060 0.500000000 0.500000000 0.000000000 0.000000000 0.686032236 0.297295958 -0.664059162 0.750800795 -0.438841432 0.897073209 -0.051746964 0.042606313 0.580325484 0.326916903 0.745887041 -0.115363028
32866167 0.815490696 1.460245060 0.500000000 0.500000000 0.000000000 0.000000000 0.677070200 0.298237473 -0.672777891 0.825134786 -0.442728430 0.895334482 -0.048657760 0.068392500 0.587849617 0.330802739 0.738242626 -0.147523995
32899533 0.815490696 1.460245060 0.500000000 0.500000000 0.000000000 0.000000000 0.667749703 0.299196571 -0.681610227 0.898566677 -0.446851224 0.893446445 -0.045581505 0.088393546 0.595344543 0.335015059 0.730294764 -0.174577002
32932900 0.815490696 1.460245060 0.500000000 0.500000000 0.000000000 0.000000000 0.658281744 0.300370276 -0.690248430 0.972162074 -0.451135039 0.891451955 -0.042315632 0.105189067 0.602613032 0.339250803 0.722334087 -0.201700025
32966267 0.815490696 1.460245060 0.500000000 0.500000000 0.000000000 0.000000000 0.648864210 0.301227152 -0.698740244 1.049630517 -0.455198824 0.889525175 -0.039232299 0.122952186 0.609729290 0.343521953 0.714299142 -0.224344010
32999633 0.815490696 1.460245060 0.500000000 0.500000000 0.000000000 0.000000000 0.639538407 0.301687062 -0.707089841 1.128230542 -0.458956599 0.887714505 -0.036358163 0.139448160 0.616725147 0.347775817 0.706188679 -0.242871048
33033000 0.815490696 1.460245060 0.500000000 0.500000000 0.000000000 0.000000000 0.630238354 0.302013487 -0.715253413 1.210819842 -0.462749213 0.885848463 -0.033700094 0.151838028 0.623428285 0.352222025 0.698052168 -0.258261981
33066367 0.815490696 1.460245060 0.500000000 0.500000000 0.000000000 0.000000000 0.621163189 0.301937282 -0.723180234 1.294129310 -0.466223538 0.884112060 -0.031326100 0.158192785 0.629913747 0.356622517 0.689948261 -0.273700957
33099733 0.815490696 1.460245060 0.500000000 0.500000000 0.000000000 0.000000000 0.611912966 0.301613420 -0.731158078 1.379000309 -0.469726890 0.882330656 -0.029144570 0.163150156 0.636332810 0.361278415 0.681585431 -0.283453063
33133100 0.815490696 1.460245060 0.500000000 0.500000000 0.000000000 0.000000000 0.602243006 0.301075399 -0.739362776 1.467730510 -0.473361611 0.880452991 -0.027045026 0.165436250 0.642831624 0.366273463 0.672764063 -0.284744942
33166467 0.815490696 1.460245060 0.500000000 0.500000000 0.000000000 0.000000000 0.592507243 0.300492346 -0.747421920 1.557580004 -0.477022469 0.878536999 -0.024946541 0.166714905 0.649141490 0.371318072 0.663881123 -0.279058992
33199833 0.815490696 1.460245060 0.500000000 0.500000000 0.000000000 0.000000000 0.582508624 0.299866915 -0.755488694 1.652009386 -0.480775356 0.876547873 -0.022777364 0.170120867 0.655391753 0.376488507 0.654765368 -0.264685875
33233200 0.815490696 1.460245060 0.500000000 0.500000000 0.000000000 0.000000000 0.572623253 0.298663169 -0.763480365 1.752198919 -0.484212130 0.874698520 -0.020996928 0.170780630 0.661544025 0.381710082 0.645489216 -0.233536000
33266567 0.815490696 1.460245060 0.500000000 0.500000000 0.000000000 0.000000000 0.562140226 0.297656447 -0.771621168 1.854870422 -0.487825602 0.872740269 -0.018726423 0.167081182 0.667850912 0.386943340 0.635806799 -0.195104913
33299933 0.815490696 1.460245060 0.500000000 0.500000000 0.000000000 0.000000000 0.551546276 0.296325624 -0.779735267 1.960518559 -0.491116285 0.870939434 -0.016404942 0.158826589 0.674240887 0.391989052 0.625893950 -0.143808117
33333300 0.815490696 1.460245060 0.500000000 0.500000000 0.000000000 0.000000000 0.540382981 0.295147359 -0.787955999 2.075540957 -0.494956970 0.868804574 -0.014012188 0.153499148 0.680444121 0.397576123 0.615572333 -0.087637016
33366667 0.815490696 1.460245060 0.500000000 0.500000000 0.000000000 0.000000000 0.529356062 0.293604255 -0.795976520 2.194889872 -0.498640180 0.866727173 -0.011914149 0.145184891 0.686396360 0.403212726 0.605210185 -0.024430020
33400033 0.815490696 1.460245060 0.500000000 0.500000000 0.000000000 0.000000000 0.517993093 0.291815281 -0.804068983 2.318669985 -0.502217472 0.864686728 -0.009721056 0.128959057 0.692431033 0.408852935 0.594456494 0.046782474
33433400 0.815490696 1.460245060 0.500000000 0.500000000 0.000000000 0.000000000 0.506372571 0.290359497 -0.811959803 2.444691309 -0.506457210 0.862232447 -0.007511169 0.116143232 0.697917283 0.415026098 0.583665371 0.123031271
33466767 0.815490696 1.460245060 0.500000000 0.500000000 0.000000000 0.000000000 0.494856298 0.288547039 -0.819669008 2.574808543 -0.510573387 0.859816074 -0.005566850 0.104961829 0.703158259 0.421256244 0.572809935 0.208219908
33500133 0.815490696 1.460245060 0.500000000 0.500000000 0.000000000 0.000000000 0.483390987 0.287256479 -0.826932192 2.702159803 -0.515046299 0.857155919 -0.003319710 0.093520166 0.707856178 0.427513093 0.562291861 0.293063910
33533500 0.815490696 1.460245060 0.500000000 0.500000000 0.000000000 0.000000000 0.472134054 0.285991251 -0.833844960 2.828387037 -0.519737661 0.854324818 -0.001266673 0.084735409 0.712012112 0.433979094 0.551996469 0.386492375
33566867 0.815490696 1.460245060 0.500000000 0.500000000 0.000000000 0.000000000 0.461103499 0.284543127 -0.840487540 2.954001713 -0.524331033 0.851514399 0.000620589 0.068916049 0.715863883 0.440407336 0.541830957 0.479520311
33600233 0.815490696 1.460245060 0.500000000 0.500000000 0.000000000 0.000000000 0.450507879 0.283606112 -0.846527815 3.071617248 -0.529402196 0.848367214 0.002483591 0.046388238 0.718870759 0.447035193 0.532338023 0.574245472
33633600 0.815490696 1.460245060 0.500000000 0.500000000 0.000000000 0.000000000 0.439982593 0.283132613 -0.852203608 3.183749103 -0.534831583 0.844946146 0.004594281 0.018963398 0.721367002 0.453764081 0.523189902 0.664098009
33666967 0.815490696 1.460245060 0.500000000 0.500000000 0.000000000 0.000000000 0.429628789 0.283099145 -0.857481062 3.289269358 -0.540634632 0.841229558 0.006856307 -0.010242064 0.723279417 0.460638404 0.514469683 0.755979842
33700333 0.815490696 1.460245060 0.500000000 0.500000000 0.000000000 0.000000000 0.419602871 0.282909662 -0.862493396 3.389807822 -0.546377897 0.837491393 0.008896098 -0.043705342 0.724847555 0.467514753 0.505989552 0.849201082
33733700 0.815490696 1.460245060 0.500000000 0.500000000 0.000000000 0.000000000 0.409500718 0.283130646 -0.867263913 3.485451813 -0.552379549 0.833516300 0.011293024 -0.080515737 0.726076126 0.474434137 0.497721016 0.940187703
33767067 0.815490696 1.460245060 0.500000000 0.500000000 0.000000000 0.000000000 0.399439991 0.283647120 -0.871775150 3.577409547 -0.558601439 0.829319954 0.013887152 -0.119376988 0.726919532 0.481427789 0.489709258 1.034019612
33800433 0.815490696 1.460245060 0.500000000 0.500000000 0.000000000 0.000000000 0.389613628 0.284294963 -0.876000226 3.660435495 -0.564962089 0.824952602 0.016453490 -0.159625528 0.727336109 0.488496900 0.482028902 1.122347968
33833800 0.815490696 1.460245060 0.500000000 0.500000000 0.000000000 0.000000000 0.379876792 0.284808993 -0.880100787 3.737289561 -0.571120799 0.820644796 0.019056365 -0.205571124 0.727677524 0.495404780 0.474404275 1.215779764
33867167 0.815490696 1.460245060 0.500000000 0.500000000 0.000000000 0.000000000 0.370316386 0.285802126 -0.883845329 3.808648560 -0.577404559 0.816161871 0.021993130 -0.252992233 0.727646470 0.502192020 0.467261612 1.306879569
33900533 0.815490696 1.460245060 0.500000000 0.500000000 0.000000000 0.000000000 0.360726237 0.286644399 -0.887530804 3.876547537 -0.583375692 0.811814904 0.025084674 -0.304854194 0.727701068 0.508715451 0.460064411 1.394829214
33933900 0.815490696 1.460245060 0.500000000 0.500000000 0.000000000 0.000000000 0.350682855 0.287588239 -0.891242683 3.942496027 -0.589722812 0.807106137 0.028397217 -0.352457174 0.727494061 0.515628159 0.452635825 1.483658349
33967267 0.815490696 1.460245060 0.500000000 0.500000000 0.000000000 0.000000000 0.341098309 0.288454711 -0.894676805 4.001113126 -0.595703185 0.802581072 0.031648070 -0.407474915 0.727179766 0.522166371 0.445592284 1.574581270
34000633 0.815490696 1.460245060 0.500000000 0.500000000 0.000000000 0.000000000 0.331082106 0.289153814 -0.898207009 4.057084651 -0.601798236 0.797879696 0.035030976 -0.459419822 0.726790607 0.528940797 0.438175678 1.665242428
34034000 0.815490696 1.460245060 0.500000000 0.500000000 0.000000000 0.000000000 0.320801973 0.289869189 -0.901699603 4.108820842 -0.607789457 0.793152809 0.038738459 -0.508768015 0.726414740 0.535616040 0.430624366 1.756720674
34067367 0.815490696 1.460245060 0.500000000 0.500000000 0.000000000 0.000000000 0.310635924 0.290124834 -0.905170500 4.160243057 -0.613068461 0.788888037 0.042461336 -0.558110030 0.726397336 0.541741133 0.422923207 1.844791487
34100733 0.815490696 1.460245060 0.500000000 0.500000000 0.000000000 0.000000000 0.300606668 0.290288627 -0.908497393 4.208047124 -0.618138552 0.784709930 0.046203703 -0.606682908 0.726319253 0.547688365 0.415327787 1.934488054
34134100 0.815490696 1.460245060 0.500000000 0.500000000 0.000000000 0.000000000 0.290629864 0.290479690 -0.911677480 4.251649808 -0.622665644 0.780869365 0.050304502 -0.654783948 0.726513386 0.553050280 0.407815695 2.024819587
34167467 0.815490696 1.460245060 0.500000000 0.500000000 0.000000000 0.000000000 0.280714691 0.290300250 -0.914836645 4.294884744 -0.626651585 0.777398586 0.054401487 -0.698354080 0.726985574 0.558012128 0.400144041 2.117562312
34200833 0.815490696 1.460245060 0.500000000 0.500000000 0.000000000 0.000000000 0.271497726 0.289967835 -0.917719066 4.333192921 -0.630179286 0.774264812 0.058208972 -0.742289946 0.727436364 0.562523723 0.392942667 2.205121939
34234200 0.815490696 1.460245060 0.500000000 0.500000000 0.000000000 0.000000000 0.262153089 0.289741516 -0.920503080 4.368461558 -0.633075416 0.771557808 0.062563151 -0.789336098 0.728348553 0.566346645 0.385694444 2.294591070
34267567 0.815490696 1.460245060 0.500000000 0.500000000 0.000000000 0.000000000 0.253132045 0.289471567 -0.923109770 4.399985748 -0.635996759 0.768805444 0.066683143 -0.830101109 0.728994846 0.570214629 0.378711939 2.381593447
34300933 0.815490696 1.460245060 0.500000000 0.500000000 0.000000000 0.000000000 0.244349003 0.288914740 -0.925646424 4.431577249 -0.638410091 0.766442478 0.070698470 -0.870278677 0.729880452 0.573667169 0.371725738 2.470807765
34334300 0.815490696 1.460245060 0.500000000 0.500000000 0.000000000 0.000000000 0.235677123 0.288500249 -0.928021252 4.459048183 -0.640367925 0.764396906 0.075007647 -0.917845575 0.731016219 0.576597691 0.364897251 2.555248575
34367667 0.815490696 1.460245060 0.500000000 0.500000000 0.000000000 0.000000000 0.227704346 0.287827253 -0.930218101 4.482637784 -0.642095864 0.762566090 0.078776568 -0.957318955 0.732026815 0.579351664 0.358452380 2.637089093
34401033 0.815490696 1.460245060 0.500000000 0.500000000 0.000000000 0.000000000 0.219867408 0.287165642 -0.932305753 4.501088936 -0.643372893 0.761073411 0.082695439 -0.995708795 0.733300388 0.581638336 0.352089882 2.708449517
34434400 0.815490696 1.460245060 0.500000000 0.500000000 0.000000000 0.000000000 0.212718844 0.286471397 -0.934176803 4.513626448 -0.644087911 0.760055304 0.086412042 -1.025970477 0.734780788 0.583309889 0.346190572 2.774374294
