https://www.youtube.com/watch?v=pUpxYG7jjHA
79800000 0.917856124 1.634538251 0.500000000 0.500000000 0.000000000 0.000000000 0.999634802 -0.000236883 0.027022203 -0.388889046 0.000099388 0.999987066 0.005089429 -0.785014012 -0.027023060 -0.005084885 0.999621868 5.784979901
79866667 0.917856124 1.634538251 0.500000000 0.500000000 0.000000000 0.000000000 0.999612868 -0.001946985 0.027754927 -0.396261044 0.001872753 0.999994576 0.002700310 -0.785049958 -0.027760034 -0.002647286 0.999611139 5.613960007
79933333 0.917856124 1.634538251 0.500000000 0.500000000 0.000000000 0.000000000 0.999616146 -0.001795697 0.027645793 -0.408250984 0.001759826 0.999997556 0.001321801 -0.773171966 -0.027648099 -0.001272642 0.999616921 5.444580518
80000000 0.917856124 1.634538251 0.500000000 0.500000000 0.000000000 0.000000000 0.999639452 -0.000343825 0.026848687 -0.428068063 0.000359512 0.999999762 -0.000579430 -0.757329001 -0.026848482 0.000588873 0.999639332 5.279949600
80066667 0.917856124 1.634538251 0.500000000 0.500000000 0.000000000 0.000000000 0.999656975 0.000312971 0.026188679 -0.446741048 -0.000264132 0.999998212 -0.001868337 -0.736759030 -0.026189215 0.001860779 0.999655247 5.114219682
80133333 0.917856124 1.634538251 0.500000000 0.500000000 0.000000000 0.000000000 0.999674499 0.001563671 0.025463771 -0.466603964 -0.001472589 0.999992430 -0.003595297 -0.715624945 -0.025469203 0.003556629 0.999669254 4.961390195
80200000 0.917856124 1.634538251 0.500000000 0.500000000 0.000000000 0.000000000 0.999665082 0.001724307 0.025820663 -0.479553016 -0.001571819 0.999981225 -0.005924786 -0.698494018 -0.025830394 0.005882216 0.999649048 4.802170039
80266667 0.917856124 1.634538251 0.500000000 0.500000000 0.000000000 0.000000000 0.999601841 0.001180850 0.028190712 -0.483501995 -0.000967036 0.999970675 -0.007596991 -0.689176021 -0.028198855 0.007566706 0.999573708 4.642889864
80333333 0.917856124 1.634538251 0.500000000 0.500000000 0.000000000 0.000000000 0.999516904 -0.000676646 0.031073436 -0.479929060 0.000987781 0.999949515 -0.009998657 -0.690595976 -0.031065103 0.010024520 0.999467075 4.469199936
80400000 0.917856124 1.634538251 0.500000000 0.500000000 0.000000000 0.000000000 0.999337852 -0.003315651 0.036234021 -0.470681024 0.003771838 0.999914408 -0.012528924 -0.691977013 -0.036189377 0.012657296 0.999264777 4.302350009
80466667 0.917856124 1.634538251 0.500000000 0.500000000 0.000000000 0.000000000 0.999086022 -0.006708970 0.042214721 -0.454905001 0.007318252 0.999871016 -0.014294960 -0.682653988 -0.042113371 0.014590833 0.999006271 4.132459954
80533333 0.917856124 1.634538251 0.500000000 0.500000000 0.000000000 0.000000000 0.998669982 -0.010636926 0.050448805 -0.432611990 0.011448609 0.999809206 -0.015827641 -0.665915023 -0.050270818 0.016384158 0.998601198 3.985429511
80600000 0.917856124 1.634538251 0.500000000 0.500000000 0.000000000 0.000000000 0.998100936 -0.015203866 0.059693947 -0.400333004 0.016249949 0.999722123 -0.017077917 -0.645001028 -0.059417710 0.018015509 0.998070657 3.837100154
80666667 0.917856124 1.634538251 0.500000000 0.500000000 0.000000000 0.000000000 0.997217596 -0.018330915 0.072256528 -0.358159920 0.019817410 0.999605358 -0.019909490 -0.629524013 -0.071863048 0.021286029 0.997187376 3.692699997
80733333 0.917856124 1.634538251 0.500000000 0.500000000 0.000000000 0.000000000 0.996127725 -0.022438724 0.085005909 -0.307635970 0.024440963 0.999446094 -0.022587016 -0.613076039 -0.084452003 0.024577178 0.996124387 3.535489944
80800000 0.917856124 1.634538251 0.500000000 0.500000000 0.000000000 0.000000000 0.994766951 -0.025294336 0.098989628 -0.259181013 0.027931152 0.999288559 -0.025342541 -0.598497989 -0.098278187 0.027974816 0.994765699 3.387150113
80866667 0.917856124 1.634538251 0.500000000 0.500000000 0.000000000 0.000000000 0.993206024 -0.027330209 0.113114446 -0.207581975 0.030659098 0.999143362 -0.027794881 -0.584756015 -0.112257913 0.031074030 0.993193090 3.224989900
80933333 0.917856124 1.634538251 0.500000000 0.500000000 0.000000000 0.000000000 0.991424263 -0.028751817 0.127480552 -0.161940040 0.032814264 0.999014676 -0.029881960 -0.567616000 -0.126495793 0.033808880 0.991390824 3.079220168
81000000 0.917856124 1.634538251 0.500000000 0.500000000 0.000000000 0.000000000 0.989570141 -0.028535334 0.141197309 -0.121403011 0.033159189 0.998984516 -0.030503279 -0.544362019 -0.140183493 0.034867126 0.989511430 2.923810030
81066667 0.917856124 1.634538251 0.500000000 0.500000000 0.000000000 0.000000000 0.987647891 -0.029009974 0.153980792 -0.082634822 0.034249727 0.998917222 -0.031485137 -0.514372982 -0.152900696 0.036370028 0.987572074 2.762880124
81133333 0.917856124 1.634538251 0.500000000 0.500000000 0.000000000 0.000000000 0.985605061 -0.028548088 0.166636229 -0.058689004 0.034307007 0.998905838 -0.031783659 -0.478656042 -0.165546536 0.037042927 0.985506058 2.625050216
81200000 0.917856124 1.634538251 0.500000000 0.500000000 0.000000000 0.000000000 0.983393073 -0.027163647 0.179444000 -0.037964592 0.033301603 0.998955667 -0.031281546 -0.443845992 -0.178406879 0.036737829 0.983270705 2.480649828
81266667 0.917856124 1.634538251 0.500000000 0.500000000 0.000000000 0.000000000 0.981383026 -0.027558574 0.190073341 -0.019325132 0.033976935 0.998954296 -0.030591482 -0.407866006 -0.189031541 0.036480073 0.981293142 2.330400017
81333333 0.917856124 1.634538251 0.500000000 0.500000000 0.000000000 0.000000000 0.979088247 -0.026789736 0.201664343 -0.016422701 0.033417180 0.999005139 -0.029530650 -0.376215986 -0.200672582 0.035652172 0.979009390 2.204039834
81400000 0.917856124 1.634538251 0.500000000 0.500000000 0.000000000 0.000000000 0.976770580 -0.026507197 0.212641954 -0.016144584 0.033180118 0.999060631 -0.027873477 -0.348343989 -0.211703360 0.034281477 0.976732552 2.061700160
81466667 0.917856124 1.634538251 0.500000000 0.500000000 0.000000000 0.000000000 0.974324882 -0.026837545 0.223541424 -0.024181897 0.033468112 0.999103487 -0.025925092 -0.324575995 -0.222645238 0.032740969 0.974349618 1.924370066
83466667 0.917856124 1.634538251 0.500000000 0.500000000 0.000000000 0.000000000 0.766660988 -0.126266614 0.629513443 -1.436419336 0.107932486 0.991864085 0.067499228 0.199843858 -0.632914722 0.016196014 0.774051785 -1.934598950
83533333 0.917856124 1.634538251 0.500000000 0.500000000 0.000000000 0.000000000 0.755175114 -0.127605140 0.642983019 -1.498299392 0.108566903 0.991671026 0.069294661 0.214036907 -0.646470010 0.017477123 0.762739003 -2.029399449
83600000 0.917856124 1.634538251 0.500000000 0.500000000 0.000000000 0.000000000 0.742918491 -0.128754199 0.656882584 -1.564460297 0.109961800 0.991469800 0.069971792 0.232027070 -0.660288393 0.020248620 0.750739217 -2.136180178
83666667 0.917856124 1.634538251 0.500000000 0.500000000 0.000000000 0.000000000 0.730166554 -0.129106849 0.670960784 -1.631080413 0.110326692 0.991377592 0.070699789 0.242932987 -0.674303293 0.022402242 0.738114715 -2.235690485
83800000 0.917856124 1.634538251 0.500000000 0.500000000 0.000000000 0.000000000 0.701353312 -0.127902523 0.701244533 -1.779829014 0.111359730 0.991351187 0.069439083 0.265001851 -0.704061091 0.029389154 0.709530711 -2.472398807
83866667 0.917856124 1.634538251 0.500000000 0.500000000 0.000000000 0.000000000 0.687558293 -0.127001047 0.714936912 -1.854250933 0.111183792 0.991388798 0.069183856 0.274414227 -0.717566907 0.031921372 0.695758104 -2.581231533
83933333 0.917856124 1.634538251 0.500000000 0.500000000 0.000000000 0.000000000 0.675193548 -0.125687912 0.726853549 -1.920409860 0.111744389 0.991432548 0.067636721 0.297162949 -0.729127347 0.035553955 0.683453798 -2.727399567
84000000 0.917856124 1.634538251 0.500000000 0.500000000 0.000000000 0.000000000 0.664823890 -0.124221139 0.736599326 -1.983420352 0.111436777 0.991534948 0.066635653 0.315368062 -0.738641500 0.037783261 0.673038840 -2.835370305
84066667 0.917856124 1.634538251 0.500000000 0.500000000 0.000000000 0.000000000 0.656402826 -0.122480087 0.744402051 -2.032630709 0.110977285 0.991674900 0.065306954 0.337463246 -0.746203661 0.039743982 0.664530635 -2.931221241
84133333 0.917856124 1.634538251 0.500000000 0.500000000 0.000000000 0.000000000 0.650154471 -0.120459855 0.750192583 -2.067020616 0.110538855 0.991843522 0.063463710 0.365366084 -0.751718462 0.041664187 0.658166945 -3.054100944
84200000 0.917856124 1.634538251 0.500000000 0.500000000 0.000000000 0.000000000 0.645740271 -0.117933802 0.754394829 -2.091270984 0.109793372 0.992074072 0.061110005 0.387753170 -0.755622447 0.043366298 0.653570533 -3.152641460
84266667 0.917856124 1.634538251 0.500000000 0.500000000 0.000000000 0.000000000 0.643269777 -0.115239955 0.756917536 -2.104570681 0.108852036 0.992330790 0.058573008 0.409389078 -0.757862508 0.044713721 0.650880456 -3.279670810
84333333 0.917856124 1.634538251 0.500000000 0.500000000 0.000000000 0.000000000 0.642090857 -0.112351887 0.758350968 -2.109329548 0.107619233 0.992617249 0.055938598 0.431980947 -0.759037018 0.045695517 0.649441719 -3.413299361
84400000 0.917856124 1.634538251 0.500000000 0.500000000 0.000000000 0.000000000 0.642488599 -0.109836280 0.758382559 -2.098409283 0.105881527 0.992905915 0.054101214 0.454729805 -0.758944750 0.045539334 0.649560392 -3.526998701
84533333 0.917856124 1.634538251 0.500000000 0.500000000 0.000000000 0.000000000 0.644526899 -0.104850933 0.757358074 -2.073249911 0.101445913 0.993521988 0.051213667 0.507944921 -0.757821679 0.043822318 0.650988340 -3.787739588
84600000 0.917856124 1.634538251 0.500000000 0.500000000 0.000000000 0.000000000 0.645245254 -0.102522448 0.757065415 -2.059270704 0.098857164 0.993828058 0.050329298 0.534305118 -0.757552743 0.042366564 0.651397943 -3.920261416
84666667 0.917856124 1.634538251 0.500000000 0.500000000 0.000000000 0.000000000 0.645400524 -0.100700058 0.757177114 -2.046038829 0.096246786 0.994092345 0.050169796 0.552303901 -0.757756114 0.040496312 0.651279807 -4.052058834
84733333 0.917856124 1.634538251 0.500000000 0.500000000 0.000000000 0.000000000 0.644490242 -0.100269109 0.758009672 -2.036770775 0.094957083 0.994185686 0.050774012 0.565403157 -0.758693457 0.039254997 0.650264263 -4.165881575
84800000 0.917856124 1.634538251 0.500000000 0.500000000 0.000000000 0.000000000 0.642496109 -0.100491464 0.759670675 -2.031998677 0.093752742 0.994224727 0.052226983 0.571219673 -0.760531723 0.037665658 0.648206890 -4.282947113
84866667 0.917856124 1.634538251 0.500000000 0.500000000 0.000000000 0.000000000 0.638407707 -0.101761147 0.762941897 -2.038220050 0.093011484 0.994157434 0.054771334 0.566956073 -0.764057934 0.035995908 0.644142687 -4.394539755
84933333 0.917856124 1.634538251 0.500000000 0.500000000 0.000000000 0.000000000 0.631547272 -0.104233652 0.768299341 -2.064621373 0.093190432 0.993943274 0.058243163 0.564368292 -0.769716859 0.034814768 0.637435794 -4.522293043
85000000 0.917856124 1.634538251 0.500000000 0.500000000 0.000000000 0.000000000 0.621849298 -0.107521757 0.775720716 -2.103890740 0.093514413 0.993637741 0.062762037 0.561535961 -0.777533650 0.033512525 0.627947807 -4.620180789
85066667 0.917856124 1.634538251 0.500000000 0.500000000 0.000000000 0.000000000 0.608123899 -0.111757815 0.785936117 -2.170930067 0.094781384 0.993180513 0.067889556 0.564194142 -0.788163662 0.033206835 0.614569426 -4.721881140
85133333 0.917856124 1.634538251 0.500000000 0.500000000 0.000000000 0.000000000 0.592514038 -0.116125204 0.797146380 -2.247220531 0.096185572 0.992674470 0.073114835 0.567721183 -0.799797356 0.033352382 0.599343061 -4.830351182
85200000 0.917856124 1.634538251 0.500000000 0.500000000 0.000000000 0.000000000 0.574786007 -0.120483056 0.809386015 -2.323992114 0.097611755 0.992134333 0.078367457 0.567971490 -0.812461615 0.033960961 0.582025468 -4.911794081
85266667 0.917856124 1.634538251 0.500000000 0.500000000 0.000000000 0.000000000 0.555630088 -0.125932977 0.821837246 -2.403251049 0.100817390 0.991373658 0.083750732 0.579309224 -0.825294793 0.036321007 0.563533306 -5.019382883
85333333 0.917856124 1.634538251 0.500000000 0.500000000 0.000000000 0.000000000 0.529013157 -0.130696997 0.838489175 -2.543712025 0.103782162 0.990616143 0.088931918 0.582498327 -0.842244029 0.039973974 0.537613034 -5.052603958
85400000 0.917856124 1.634538251 0.500000000 0.500000000 0.000000000 0.000000000 0.500102401 -0.134539232 0.855451405 -2.684830712 0.106944561 0.989890695 0.093162410 0.581918163 -0.859337389 0.044895090 0.509434938 -5.120131147
