https://www.youtube.com/watch?v=4WhtfSpa22M
48666667 0.909647207 1.618430182 0.500000000 0.500000000 0.000000000 0.000000000 0.992385149 -0.011014014 0.122680008 -0.049407583 0.011305325 0.999934673 -0.001678686 -0.392265978 -0.122653499 0.003052839 0.992444873 5.551849734
48733333 0.909647207 1.618430182 0.500000000 0.500000000 0.000000000 0.000000000 0.991816580 -0.016737968 0.126569137 -0.043563193 0.017081711 0.999852777 -0.001630890 -0.397657021 -0.126523212 0.003779561 0.991956472 5.397530517
48800000 0.909647207 1.618430182 0.500000000 0.500000000 0.000000000 0.000000000 0.991374314 -0.019495424 0.129602686 -0.046216075 0.020093277 0.999792635 -0.003306861 -0.400705018 -0.129511341 0.005882478 0.991560519 5.216170514
48866667 0.909647207 1.618430182 0.500000000 0.500000000 0.000000000 0.000000000 0.991098642 -0.020164071 0.131593838 -0.052351712 0.021009782 0.999766588 -0.005041292 -0.399168036 -0.131461456 0.007761176 0.991290927 5.042050026
48933333 0.909647207 1.618430182 0.500000000 0.500000000 0.000000000 0.000000000 0.990906715 -0.017499737 0.133407846 -0.060399753 0.018686827 0.999796093 -0.007651214 -0.382441989 -0.133246765 0.010074611 0.991031706 4.858050280
49000000 0.909647207 1.618430182 0.500000000 0.500000000 0.000000000 0.000000000 0.990512550 -0.013883078 0.136719316 -0.064900404 0.015246624 0.999843895 -0.008931152 -0.363957026 -0.136573970 0.010930925 0.990569592 4.683670456
49066667 0.909647207 1.618430182 0.500000000 0.500000000 0.000000000 0.000000000 0.989903152 -0.009218810 0.141445220 -0.054049383 0.010773638 0.999889612 -0.010230586 -0.343796999 -0.141335309 0.011651168 0.989893198 4.513229549
49133333 0.909647207 1.618430182 0.500000000 0.500000000 0.000000000 0.000000000 0.989068389 -0.005330706 0.147361219 -0.048919709 0.006695727 0.999939144 -0.008768602 -0.321888013 -0.147305518 0.009659437 0.989043891 4.357920415
49200000 0.909647207 1.618430182 0.500000000 0.500000000 0.000000000 0.000000000 0.988374233 -0.002100470 0.152026266 -0.061790549 0.002666688 0.999990225 -0.003520688 -0.288166987 -0.152017385 0.003885163 0.988370180 4.181580127
49333333 0.909647207 1.618430182 0.500000000 0.500000000 0.000000000 0.000000000 0.987099767 -0.004984191 0.160028607 -0.076997479 0.003048426 0.999919236 0.012339582 -0.207534016 -0.160077184 -0.011692562 0.987035215 3.883649958
49400000 0.909647207 1.618430182 0.500000000 0.500000000 0.000000000 0.000000000 0.984999895 -0.011055476 0.172200516 -0.045029444 0.008332922 0.999828696 0.016525250 -0.193922997 -0.172353730 -0.014842436 0.984923303 3.759550169
49466667 0.909647207 1.618430182 0.500000000 0.500000000 0.000000000 0.000000000 0.981001198 -0.016961424 0.193258882 0.009877120 0.014223009 0.999777973 0.015548410 -0.188181011 -0.193479687 -0.012504285 0.981024563 3.601449704
49566667 0.909647207 1.618430182 0.500000000 0.500000000 0.000000000 0.000000000 0.973152399 -0.021152966 0.229187548 0.094145768 0.019246370 0.999759078 0.010551276 -0.200380986 -0.229355514 -0.005856973 0.973325133 3.318040116
49633333 0.909647207 1.618430182 0.500000000 0.500000000 0.000000000 0.000000000 0.969083428 -0.022126997 0.245739102 0.102651112 0.020982964 0.999753356 0.007273150 -0.202480000 -0.245839417 -0.001891954 0.969308734 3.153260140
49700000 0.909647207 1.618430182 0.500000000 0.500000000 0.000000000 0.000000000 0.966528594 -0.022763571 0.255546868 0.100876907 0.022284238 0.999740303 0.004771360 -0.205614993 -0.255589128 0.001083016 0.966784835 3.003579776
49766667 0.909647207 1.618430182 0.500000000 0.500000000 0.000000000 0.000000000 0.964602709 -0.023884356 0.262623578 0.104020020 0.023774605 0.999710858 0.003596030 -0.205207995 -0.262633532 0.002775033 0.964891672 2.857880106
49833333 0.909647207 1.618430182 0.500000000 0.500000000 0.000000000 0.000000000 0.962845564 -0.025556061 0.268840641 0.099442911 0.025620263 0.999666393 0.003270264 -0.202460997 -0.268834502 0.003739005 0.963179111 2.712210023
49900000 0.909647207 1.618430182 0.500000000 0.500000000 0.000000000 0.000000000 0.961616516 -0.027781194 0.272987127 0.089981280 0.028031422 0.999602616 0.002984299 -0.197092019 -0.272961557 0.004782460 0.962013066 2.567599995
49966667 0.909647207 1.618430182 0.500000000 0.500000000 0.000000000 0.000000000 0.960563481 -0.032923639 0.276104659 0.075317978 0.033351868 0.999438703 0.003145825 -0.190460969 -0.276053280 0.006186850 0.961122394 2.425049710
50033333 0.909647207 1.618430182 0.500000000 0.500000000 0.000000000 0.000000000 0.959496200 -0.040394567 0.278810561 0.069889093 0.040984243 0.999152899 0.003716207 -0.183961032 -0.278724492 0.007861147 0.960338950 2.273080192
50100000 0.909647207 1.618430182 0.500000000 0.500000000 0.000000000 0.000000000 0.958188415 -0.045850966 0.282440513 0.059254365 0.046917278 0.998894274 0.002990648 -0.175030980 -0.282265335 0.010385740 0.959280133 2.118619738
50166667 0.909647207 1.618430182 0.500000000 0.500000000 0.000000000 0.000000000 0.957304835 -0.046668716 0.285288513 0.060978715 0.048408650 0.998827159 0.000953928 -0.171918009 -0.284998417 0.012897233 0.958441198 1.965659966
50233333 0.909647207 1.618430182 0.500000000 0.500000000 0.000000000 0.000000000 0.956285477 -0.043572675 0.289170176 0.056427838 0.046250682 0.998926878 -0.002430885 -0.168130983 -0.288753957 0.015698947 0.957274556 1.810869704
50300000 0.909647207 1.618430182 0.500000000 0.500000000 0.000000000 0.000000000 0.954997957 -0.039568648 0.293961406 0.043588795 0.042980462 0.999062598 -0.005152717 -0.162990005 -0.293481946 0.017555427 0.955803394 1.649999977
50366667 0.909647207 1.618430182 0.500000000 0.500000000 0.000000000 0.000000000 0.953892112 -0.037343439 0.297817677 0.054256636 0.040747281 0.999155819 -0.005226679 -0.156415022 -0.297371060 0.017120939 0.954608500 1.484320124
50433333 0.909647207 1.618430182 0.500000000 0.500000000 0.000000000 0.000000000 0.951369643 -0.035386045 0.306012660 0.037455089 0.038267042 0.999261677 -0.003418756 -0.144196007 -0.305665761 0.014962691 0.952021360 1.319500129
50500000 0.909647207 1.618430182 0.500000000 0.500000000 0.000000000 0.000000000 0.948708594 -0.033797283 0.314340025 0.054467276 0.036392752 0.999334693 -0.002390133 -0.138244992 -0.314050108 0.013707248 0.949307382 1.131039796
50566667 0.909647207 1.618430182 0.500000000 0.500000000 0.000000000 0.000000000 0.944332004 -0.030198086 0.327604949 0.054836424 0.033847306 0.999412179 -0.005441786 -0.122059982 -0.327248037 0.016227407 0.944799066 0.965371926
50633333 0.909647207 1.618430182 0.500000000 0.500000000 0.000000000 0.000000000 0.939474940 -0.025609039 0.341659278 0.057169594 0.031077407 0.999461412 -0.010540327 -0.112673008 -0.341205329 0.020520255 0.939764798 0.793833986
50700000 0.909647207 1.618430182 0.500000000 0.500000000 0.000000000 0.000000000 0.935006917 -0.022999113 0.353882790 0.050493976 0.030622611 0.999403656 -0.015957121 -0.100357994 -0.353304744 0.025756840 0.935153604 0.631945908
50766667 0.909647207 1.618430182 0.500000000 0.500000000 0.000000000 0.000000000 0.931895316 -0.021198284 0.362107545 0.047466806 0.030419130 0.999341488 -0.019781772 -0.090943304 -0.361449748 0.029449530 0.931926429 0.452186019
50833333 0.909647207 1.618430182 0.500000000 0.500000000 0.000000000 0.000000000 0.930831313 -0.019830089 0.364910781 0.044169095 0.029703096 0.999328315 -0.021462260 -0.075851500 -0.364240110 0.030816717 0.930795133 0.274183031
50900000 0.909647207 1.618430182 0.500000000 0.500000000 0.000000000 0.000000000 0.931955874 -0.018112283 0.362118989 0.038103097 0.027273286 0.999423862 -0.020202346 -0.065697803 -0.361544460 0.028703872 0.931912899 0.113973989
50966667 0.909647207 1.618430182 0.500000000 0.500000000 0.000000000 0.000000000 0.935255468 -0.017647311 0.353533208 0.032751797 0.025913760 0.999489963 -0.018662086 -0.038119303 -0.353023589 0.026615197 0.935235739 -0.060495197
51033333 0.909647207 1.618430182 0.500000000 0.500000000 0.000000000 0.000000000 0.939170003 -0.016777329 0.343042672 0.022582400 0.024223700 0.999554574 -0.017433155 -0.011346200 -0.342597365 0.024682458 0.939158022 -0.215843999
51100000 0.909647207 1.618430182 0.500000000 0.500000000 0.000000000 0.000000000 0.942848861 -0.012071892 0.333001941 0.020300022 0.018683061 0.999686658 -0.016658137 -0.005996350 -0.332696527 0.021927601 0.942778945 -0.403918965
51166667 0.909647207 1.618430182 0.500000000 0.500000000 0.000000000 0.000000000 0.945720255 -0.008587704 0.324868381 0.013933181 0.014921899 0.999743938 -0.017011315 0.020673298 -0.324639082 0.020935599 0.945606232 -0.562704977
51233333 0.909647207 1.618430182 0.500000000 0.500000000 0.000000000 0.000000000 0.948445559 -0.005707432 0.316888601 0.004310421 0.011604348 0.999792814 -0.016724609 0.039577701 -0.316727489 0.019539669 0.948315263 -0.731199915
51300000 0.909647207 1.618430182 0.500000000 0.500000000 0.000000000 0.000000000 0.950558245 -0.004295618 0.310516626 -0.012320293 0.009673594 0.999828696 -0.015781540 0.050760902 -0.310395628 0.018005084 0.950436950 -0.891172042
51366667 0.909647207 1.618430182 0.500000000 0.500000000 0.000000000 0.000000000 0.951764047 -0.003454152 0.306811452 -0.039463128 0.008115418 0.999870181 -0.013918191 0.057456101 -0.306723535 0.015736736 0.951668561 -1.055009999
51433333 0.909647207 1.618430182 0.500000000 0.500000000 0.000000000 0.000000000 0.952074707 -0.004830538 0.305827469 -0.078194291 0.008121804 0.999921978 -0.009490337 0.066722500 -0.305757791 0.011519380 0.952039659 -1.207900113
51533333 0.909647207 1.618430182 0.500000000 0.500000000 0.000000000 0.000000000 0.951860249 -0.008672195 0.306409746 -0.133321992 0.009571822 0.999953151 -0.001433533 0.073757799 -0.306382984 0.004297420 0.951898694 -1.435630098
51600000 0.909647207 1.618430182 0.500000000 0.500000000 0.000000000 0.000000000 0.950728178 -0.010596297 0.309844553 -0.164023944 0.011119084 0.999938190 0.000078798 0.081601804 -0.309826255 0.003370272 0.950787246 -1.574759958
51666667 0.909647207 1.618430182 0.500000000 0.500000000 0.000000000 0.000000000 0.947250843 -0.013532015 0.320207328 -0.210123956 0.014606836 0.999892831 -0.000954919 0.103887996 -0.320160121 0.005581765 0.947346985 -1.695610039
51733333 0.909647207 1.618430182 0.500000000 0.500000000 0.000000000 0.000000000 0.940469563 -0.017566361 0.339423776 -0.282318005 0.018574975 0.999827445 0.000277324 0.106734007 -0.339370072 0.006043972 0.940633535 -1.815040006
51800000 0.909647207 1.618430182 0.500000000 0.500000000 0.000000000 0.000000000 0.933688700 -0.020070808 0.357522875 -0.344192062 0.021424437 0.999770463 0.000174661 0.128177017 -0.357444316 0.007496643 0.933904409 -1.973540126
51866667 0.909647207 1.618430182 0.500000000 0.500000000 0.000000000 0.000000000 0.928716302 -0.022509523 0.370107234 -0.410580018 0.023232434 0.999726951 0.002504782 0.137789990 -0.370062530 0.006272258 0.928985655 -2.150439880
51933333 0.909647207 1.618430182 0.500000000 0.500000000 0.000000000 0.000000000 0.926286340 -0.024336522 0.376033485 -0.473972941 0.024429535 0.999691308 0.004521582 0.149360976 -0.376027465 0.004998055 0.926594973 -2.311849860
52000000 0.909647207 1.618430182 0.500000000 0.500000000 0.000000000 0.000000000 0.926225007 -0.023662476 0.376227826 -0.514348053 0.023377175 0.999712527 0.005324304 0.153162992 -0.376245648 0.003863637 0.926511884 -2.488980055
52066667 0.909647207 1.618430182 0.500000000 0.500000000 0.000000000 0.000000000 0.927237809 -0.022118527 0.373819292 -0.536000161 0.022467215 0.999741733 0.003425083 0.173207017 -0.373798490 0.005222809 0.927495241 -2.673070149
52133333 0.909647207 1.618430182 0.500000000 0.500000000 0.000000000 0.000000000 0.927329004 -0.019065401 0.373761326 -0.570632004 0.020440252 0.999791026 0.000285146 0.198680015 -0.373688668 0.007375344 0.927524924 -2.822560265
52200000 0.909647207 1.618430182 0.500000000 0.500000000 0.000000000 0.000000000 0.925837755 -0.016520081 0.377560049 -0.616390903 0.018990481 0.999815702 -0.002820921 0.227201995 -0.377443880 0.009781763 0.925980806 -2.944129903
52266667 0.909647207 1.618430182 0.500000000 0.500000000 0.000000000 0.000000000 0.921898365 -0.016680233 0.387072414 -0.689470944 0.019939672 0.999791503 -0.004406394 0.251468995 -0.386918217 0.011780350 0.922038734 -3.057159674
52333333 0.909647207 1.618430182 0.500000000 0.500000000 0.000000000 0.000000000 0.917294025 -0.018209560 0.397793949 -0.754613799 0.021612624 0.999758124 -0.004072388 0.259005985 -0.397623599 0.012332952 0.917465687 -3.168439748
52400000 0.909647207 1.618430182 0.500000000 0.500000000 0.000000000 0.000000000 0.911235213 -0.020133488 0.411394000 -0.848803003 0.023834232 0.999708474 -0.003867276 0.268994018 -0.411196172 0.013329260 0.911449432 -3.272010032
52466667 0.909647207 1.618430182 0.500000000 0.500000000 0.000000000 0.000000000 0.904761016 -0.026047120 0.425122321 -0.927240963 0.029408531 0.999566555 -0.001345169 0.263839963 -0.424903035 0.013719285 0.905134857 -3.402889653
52533333 0.909647207 1.618430182 0.500000000 0.500000000 0.000000000 0.000000000 0.893952727 -0.033988908 0.446870744 -1.056090260 0.036373794 0.999332964 0.003244298 0.276921029 -0.446682930 0.013354123 0.894592762 -3.507580847
52600000 0.909647207 1.618430182 0.500000000 0.500000000 0.000000000 0.000000000 0.882976890 -0.034776397 0.468126386 -1.193969895 0.034509830 0.999362469 0.009148911 0.247983962 -0.468146116 0.008076694 0.883614123 -3.613149805
52666667 0.909647207 1.618430182 0.500000000 0.500000000 0.000000000 0.000000000 0.869494796 -0.036783729 0.492570698 -1.376680320 0.035719875 0.999294877 0.011571024 0.241818041 -0.492648959 0.007533610 0.870195568 -3.677290282
52733333 0.909647207 1.618430182 0.500000000 0.500000000 0.000000000 0.000000000 0.859717727 -0.041158006 0.509108543 -1.485859997 0.040701896 0.999098837 0.012038242 0.253855032 -0.509145260 0.010372188 0.860618174 -3.760080482
52800000 0.909647207 1.618430182 0.500000000 0.500000000 0.000000000 0.000000000 0.846870959 -0.046703517 0.529743850 -1.644860541 0.048037417 0.998782039 0.011260432 0.297555063 -0.529624522 0.015911378 0.848083019 -3.822470667
52866667 0.909647207 1.618430182 0.500000000 0.500000000 0.000000000 0.000000000 0.834786654 -0.050408341 0.548261404 -1.794490491 0.050349884 0.998616695 0.015151892 0.282619109 -0.548266768 0.014956273 0.836169958 -3.890731144
52933333 0.909647207 1.618430182 0.500000000 0.500000000 0.000000000 0.000000000 0.825193882 -0.052393161 0.562414348 -1.900570121 0.051632024 0.998516977 0.017263127 0.277681961 -0.562484682 0.014793171 0.826675296 -3.958009894
53000000 0.909647207 1.618430182 0.500000000 0.500000000 0.000000000 0.000000000 0.815552950 -0.051229477 0.576410353 -2.030420284 0.051139124 0.998556972 0.016392637 0.286307968 -0.576418340 0.016108058 0.816995978 -4.029100134
53066667 0.909647207 1.618430182 0.500000000 0.500000000 0.000000000 0.000000000 0.808336079 -0.049914375 0.586601853 -2.125951002 0.049946457 0.998621345 0.016147308 0.291598125 -0.586599112 0.016246200 0.809714735 -4.110801513
53133333 0.909647207 1.618430182 0.500000000 0.500000000 0.000000000 0.000000000 0.799657643 -0.048501246 0.598494470 -2.241410728 0.047330558 0.998722494 0.017696150 0.293272094 -0.598588169 0.014176190 0.800931692 -4.199331233
53200000 0.909647207 1.618430182 0.500000000 0.500000000 0.000000000 0.000000000 0.789130807 -0.049800497 0.612202823 -2.384779302 0.045273636 0.998712480 0.022883849 0.277587961 -0.612554252 0.009658312 0.790369451 -4.294639590
53266667 0.909647207 1.618430182 0.500000000 0.500000000 0.000000000 0.000000000 0.778576851 -0.048660580 0.625660121 -2.545230731 0.041280981 0.998801112 0.026311137 0.286773174 -0.626190364 0.005342591 0.779652178 -4.390111788
53333333 0.909647207 1.618430182 0.500000000 0.500000000 0.000000000 0.000000000 0.771414638 -0.050268214 0.634344399 -2.635150771 0.039225955 0.998735547 0.031442203 0.269982078 -0.635122836 0.000627767 0.772411108 -4.480461656
53400000 0.909647207 1.618430182 0.500000000 0.500000000 0.000000000 0.000000000 0.760636330 -0.047903638 0.647408426 -2.797679825 0.037234660 0.998851299 0.030161142 0.289732056 -0.648109615 0.001164370 0.761546254 -4.546590195
53466667 0.909647207 1.618430182 0.500000000 0.500000000 0.000000000 0.000000000 0.754164875 -0.045101080 0.655134261 -2.901049080 0.036657479 0.998974502 0.026573237 0.313452896 -0.655660927 0.003974988 0.755044818 -4.629028868
53533333 0.909647207 1.618430182 0.500000000 0.500000000 0.000000000 0.000000000 0.747045755 -0.040425137 0.663542449 -3.036580540 0.036270529 0.999141157 0.020035909 0.360362019 -0.663782537 0.009099286 0.747870386 -4.712460895
53600000 0.909647207 1.618430182 0.500000000 0.500000000 0.000000000 0.000000000 0.741427660 -0.038699828 0.669916272 -3.143771461 0.036829889 0.999177635 0.016959298 0.389453072 -0.670021653 0.012098825 0.742243171 -4.805281693
53666667 0.909647207 1.618430182 0.500000000 0.500000000 0.000000000 0.000000000 0.732698083 -0.037614860 0.679513693 -3.309390799 0.035862997 0.999218106 0.016642345 0.406932015 -0.679608345 0.012175579 0.733474135 -4.879620498
53733333 0.909647207 1.618430182 0.500000000 0.500000000 0.000000000 0.000000000 0.727330506 -0.040133767 0.685112655 -3.426979079 0.035793692 0.999148309 0.020530542 0.395160982 -0.685353100 0.009590236 0.728147566 -4.946618491
