https://www.youtube.com/watch?v=Pi6Tf-WDvzY
23633333 0.965904390 1.720103663 0.500000000 0.500000000 0.000000000 0.000000000 0.915279210 -0.029773267 0.401718110 -6.265059369 0.055539139 0.997067750 -0.052643474 -0.118695112 -0.398972780 0.070494562 0.914248943 -0.487920972
23700000 0.965904390 1.720103663 0.500000000 0.500000000 0.000000000 0.000000000 0.910224855 -0.030596800 0.412982464 -6.195779369 0.057341017 0.996972322 -0.052518092 -0.156753999 -0.410125196 0.071484111 0.909223437 -0.395248305
23766667 0.965904390 1.720103663 0.500000000 0.500000000 0.000000000 0.000000000 0.905487895 -0.031379502 0.423210442 -6.096740372 0.059008364 0.996884584 -0.052337147 -0.189167955 -0.420249641 0.072363600 0.904518545 -0.307898920
23833333 0.965904390 1.720103663 0.500000000 0.500000000 0.000000000 0.000000000 0.901159942 -0.032186486 0.432290196 -5.971250402 0.060417436 0.996832013 -0.051727436 -0.223787966 -0.429255784 0.072732553 0.900249660 -0.239132802
23900000 0.965904390 1.720103663 0.500000000 0.500000000 0.000000000 0.000000000 0.896747410 -0.032880593 0.441319376 -5.842308842 0.061728161 0.996780753 -0.051164322 -0.248534104 -0.438216358 0.073123321 0.895890176 -0.162895932
23966667 0.965904390 1.720103663 0.500000000 0.500000000 0.000000000 0.000000000 0.892189741 -0.033495545 0.450417161 -5.715070397 0.062670231 0.996780455 -0.050011497 -0.278951991 -0.447291851 0.072847486 0.891416430 -0.088387103
24033333 0.965904390 1.720103663 0.500000000 0.500000000 0.000000000 0.000000000 0.887702763 -0.033832032 0.459172219 -5.574979256 0.063615412 0.996743858 -0.049545027 -0.287549016 -0.456000894 0.073191687 0.886964560 -0.006999789
24100000 0.965904390 1.720103663 0.500000000 0.500000000 0.000000000 0.000000000 0.883210361 -0.034166414 0.467730582 -5.428799132 0.064610466 0.996697128 -0.049197212 -0.290408138 -0.464504838 0.073671795 0.882500768 0.074979301
24166667 0.965904390 1.720103663 0.500000000 0.500000000 0.000000000 0.000000000 0.878748119 -0.034293342 0.476052403 -5.273450686 0.065489084 0.996644974 -0.049091533 -0.283597904 -0.472771704 0.074315310 0.878045738 0.156504004
24233333 0.965904390 1.720103663 0.500000000 0.500000000 0.000000000 0.000000000 0.874237061 -0.034572009 0.484266669 -5.115529328 0.066357002 0.996609449 -0.048644543 -0.283137107 -0.480942994 0.074661359 0.873566985 0.234926974
24300000 0.965904390 1.720103663 0.500000000 0.500000000 0.000000000 0.000000000 0.869684219 -0.034806378 0.492379814 -4.960779862 0.066926450 0.996614158 -0.047760610 -0.291661921 -0.489050299 0.074489877 0.869069099 0.311098622
24366667 0.965904390 1.720103663 0.500000000 0.500000000 0.000000000 0.000000000 0.865385771 -0.034967154 0.499884844 -4.790450748 0.067282096 0.996637583 -0.046761561 -0.301792008 -0.496568918 0.074100077 0.864828646 0.390388362
24433333 0.965904390 1.720103663 0.500000000 0.500000000 0.000000000 0.000000000 0.861147642 -0.035242107 0.507132053 -4.616680695 0.067664206 0.996663809 -0.045637712 -0.310981932 -0.503831744 0.073615476 0.860659301 0.465404892
24500000 0.965904390 1.720103663 0.500000000 0.500000000 0.000000000 0.000000000 0.856893897 -0.035430536 0.514273882 -4.443990626 0.067891836 0.996701777 -0.044455737 -0.319638036 -0.511002541 0.073008843 0.856473088 0.541316862
24566667 0.965904390 1.720103663 0.500000000 0.500000000 0.000000000 0.000000000 0.852549732 -0.035772204 0.521420300 -4.277709091 0.068080209 0.996755719 -0.042931959 -0.334177074 -0.518192828 0.072100051 0.852219224 0.605858685
24633333 0.965904390 1.720103663 0.500000000 0.500000000 0.000000000 0.000000000 0.848408222 -0.035961352 0.528119504 -4.100699895 0.067988075 0.996829152 -0.041343495 -0.349577047 -0.524958193 0.070981994 0.848162949 0.658651157
24700000 0.965904390 1.720103663 0.500000000 0.500000000 0.000000000 0.000000000 0.844580650 -0.036214985 0.534202039 -3.908809443 0.067888431 0.996900737 -0.039749928 -0.361180059 -0.531106889 0.069838174 0.844421625 0.709268988
24766667 0.965904390 1.720103663 0.500000000 0.500000000 0.000000000 0.000000000 0.840959191 -0.036646996 0.539856255 -3.707610463 0.067764536 0.996981919 -0.037881978 -0.375149009 -0.536838710 0.068440296 0.840904474 0.754531284
24833333 0.965904390 1.720103663 0.500000000 0.500000000 0.000000000 0.000000000 0.837266266 -0.037051741 0.545538902 -3.510561276 0.067744210 0.997043848 -0.036253624 -0.375645924 -0.542582989 0.067311004 0.837301195 0.797813424
24900000 0.965904390 1.720103663 0.500000000 0.500000000 0.000000000 0.000000000 0.834001005 -0.037511766 0.550486505 -3.294820772 0.067538485 0.997124314 -0.034375571 -0.381201997 -0.547614038 0.065848261 0.834136128 0.839859486
24966667 0.965904390 1.720103663 0.500000000 0.500000000 0.000000000 0.000000000 0.831251144 -0.038046174 0.554593325 -3.052099057 0.067017622 0.997237325 -0.032036781 -0.399712036 -0.551842332 0.063798167 0.831504405 0.871754781
25033333 0.965904390 1.720103663 0.500000000 0.500000000 0.000000000 0.000000000 0.828455806 -0.038721085 0.558714449 -2.814310709 0.066738345 0.997324169 -0.029840467 -0.405224974 -0.556063950 0.062009171 0.828823149 0.905559170
25100000 0.965904390 1.720103663 0.500000000 0.500000000 0.000000000 0.000000000 0.825556993 -0.039320961 0.562947273 -2.586240318 0.066219911 0.997427642 -0.027442206 -0.415625008 -0.560420156 0.059933405 0.826037169 0.936361284
25166667 0.965904390 1.720103663 0.500000000 0.500000000 0.000000000 0.000000000 0.823167026 -0.039815240 0.566401660 -2.330899994 0.065375321 0.997550309 -0.024888892 -0.432249958 -0.564023197 0.057516400 0.823753476 0.965670005
25233333 0.965904390 1.720103663 0.500000000 0.500000000 0.000000000 0.000000000 0.820610404 -0.040341202 0.570062220 -2.086569541 0.064777792 0.997642636 -0.022648782 -0.431864966 -0.567804754 0.055513211 0.821289182 0.993172950
25300000 0.965904390 1.720103663 0.500000000 0.500000000 0.000000000 0.000000000 0.817827344 -0.041030418 0.573998868 -1.864039737 0.064344272 0.997720063 -0.020358259 -0.421311006 -0.571854889 0.053583108 0.818602800 1.013619839
25366667 0.965904390 1.720103663 0.500000000 0.500000000 0.000000000 0.000000000 0.815298498 -0.041440822 0.577556491 -1.630230682 0.063540399 0.997815132 -0.018100632 -0.409787014 -0.575544477 0.051455542 0.816150308 1.027420427
25433333 0.965904390 1.720103663 0.500000000 0.500000000 0.000000000 0.000000000 0.813105702 -0.041890867 0.580606997 -1.382500339 0.062057741 0.997961283 -0.014905185 -0.427911989 -0.578798950 0.048150629 0.814047635 1.028970294
25500000 0.965904390 1.720103663 0.500000000 0.500000000 0.000000000 0.000000000 0.810483396 -0.041977882 0.584255636 -1.157080160 0.060287647 0.998109877 -0.011918755 -0.440313984 -0.582650959 0.044883341 0.811482251 1.038250090
25566667 0.965904390 1.720103663 0.500000000 0.500000000 0.000000000 0.000000000 0.807617784 -0.042474002 0.588174462 -0.947575841 0.058938898 0.998222411 -0.008843625 -0.439097992 -0.586753368 0.041808642 0.808685541 1.036169840
25633333 0.965904390 1.720103663 0.500000000 0.500000000 0.000000000 0.000000000 0.804635942 -0.042834844 0.592221618 -0.745009186 0.057256002 0.998343945 -0.005582940 -0.439932032 -0.591001749 0.038400453 0.805755913 1.015920338
25700000 0.965904390 1.720103663 0.500000000 0.500000000 0.000000000 0.000000000 0.801180720 -0.042898539 0.596882999 -0.569607146 0.055335287 0.998464644 -0.002514550 -0.433605998 -0.595858753 0.035043284 0.802324474 0.996485295
25766667 0.965904390 1.720103663 0.500000000 0.500000000 0.000000000 0.000000000 0.797440469 -0.043298643 0.601842105 -0.410582857 0.053561557 0.998564184 0.000871189 -0.421059024 -0.601015627 0.031540878 0.798614621 0.963231868
25833333 0.965904390 1.720103663 0.500000000 0.500000000 0.000000000 0.000000000 0.794052124 -0.043945592 0.606258988 -0.232431928 0.051737893 0.998650014 0.004624557 -0.416088033 -0.605643749 0.027694426 0.795253813 0.924891952
25900000 0.965904390 1.720103663 0.500000000 0.500000000 0.000000000 0.000000000 0.790529609 -0.044031579 0.610839128 -0.074688986 0.049263265 0.998751819 0.008238741 -0.413101955 -0.610439420 0.023578942 0.791712046 0.896268282
25966667 0.965904390 1.720103663 0.500000000 0.500000000 0.000000000 0.000000000 0.787106693 -0.044068687 0.615240335 0.078254986 0.047175027 0.998823941 0.011190884 -0.381907979 -0.615009904 0.020215586 0.788259983 0.809636763
26033333 0.965904390 1.720103663 0.500000000 0.500000000 0.000000000 0.000000000 0.783364892 -0.044224586 0.619986594 0.217005935 0.043863606 0.998912096 0.015831416 -0.408407004 -0.620012224 0.014793091 0.784452498 0.714494768
26100000 0.965904390 1.720103663 0.500000000 0.500000000 0.000000000 0.000000000 0.780007958 -0.044430729 0.624190331 0.366867034 0.040606234 0.998967648 0.020365059 -0.422758008 -0.624450803 0.009461101 0.781006932 0.601813127
26166667 0.965904390 1.720103663 0.500000000 0.500000000 0.000000000 0.000000000 0.776719272 -0.045009684 0.628236711 0.508948061 0.037368421 0.998979449 0.025370970 -0.440010984 -0.628737509 0.003770086 0.777608514 0.499858009
26233333 0.965904390 1.720103663 0.500000000 0.500000000 0.000000000 0.000000000 0.772981822 -0.044446677 0.632869542 0.611564129 0.032806918 0.999008656 0.030090675 -0.469117005 -0.633579552 -0.002497063 0.773673654 0.445563093
26300000 0.965904390 1.720103663 0.500000000 0.500000000 0.000000000 0.000000000 0.769905508 -0.044829808 0.636581421 0.747607069 0.029135227 0.998958588 0.035112169 -0.481204980 -0.637492537 -0.008486114 0.770409822 0.331859021
26366667 0.965904390 1.720103663 0.500000000 0.500000000 0.000000000 0.000000000 0.767398477 -0.045760557 0.639535367 0.916787900 0.026565729 0.998862624 0.039594382 -0.449068999 -0.640619814 -0.013394940 0.767741323 0.174649988
26433333 0.965904390 1.720103663 0.500000000 0.500000000 0.000000000 0.000000000 0.765059590 -0.046121038 0.642305732 1.078819964 0.022869600 0.998748660 0.044475272 -0.444682974 -0.643553257 -0.019336956 0.765157044 0.022550352
26500000 0.965904390 1.720103663 0.500000000 0.500000000 0.000000000 0.000000000 0.762545109 -0.046497259 0.645262182 1.224770366 0.019262265 0.998603404 0.049195498 -0.424355999 -0.646648467 -0.025084587 0.762375772 -0.107042016
26566667 0.965904390 1.720103663 0.500000000 0.500000000 0.000000000 0.000000000 0.760306895 -0.047151495 0.647850156 1.370759520 0.015932683 0.998415530 0.053967785 -0.391858993 -0.649368286 -0.030710068 0.759853482 -0.224088923
26633333 0.965904390 1.720103663 0.500000000 0.500000000 0.000000000 0.000000000 0.758616447 -0.047362082 0.649813473 1.539009516 0.012676047 0.998238504 0.057958737 -0.335052044 -0.651413858 -0.035731375 0.757880569 -0.361527810
26700000 0.965904390 1.720103663 0.500000000 0.500000000 0.000000000 0.000000000 0.756635606 -0.047813810 0.652086198 1.681430027 0.009693669 0.998033285 0.061932303 -0.263185004 -0.653764904 -0.040539078 0.755611002 -0.498853942
26766667 0.965904390 1.720103663 0.500000000 0.500000000 0.000000000 0.000000000 0.755070448 -0.048196178 0.653869569 1.827999239 0.006214082 0.997775793 0.066369317 -0.206369097 -0.655613959 -0.046050292 0.753690481 -0.609006796
26833333 0.965904390 1.720103663 0.500000000 0.500000000 0.000000000 0.000000000 0.753337860 -0.048688605 0.655828536 1.955669247 0.002773771 0.997481942 0.070866659 -0.145298090 -0.657627523 -0.051567398 0.751575947 -0.731435728
26900000 0.965904390 1.720103663 0.500000000 0.500000000 0.000000000 0.000000000 0.751606941 -0.048992202 0.657789528 2.070840577 -0.001032574 0.997149229 0.075447619 -0.089488141 -0.659610689 -0.057386175 0.749413669 -0.855866407
26966667 0.965904390 1.720103663 0.500000000 0.500000000 0.000000000 0.000000000 0.750135005 -0.049391557 0.659437776 2.187780410 -0.004842155 0.996769786 0.080165729 -0.033950145 -0.661267161 -0.063328221 0.747472763 -0.981892284
27033333 0.965904390 1.720103663 0.500000000 0.500000000 0.000000000 0.000000000 0.748727024 -0.049602006 0.661020219 2.298570447 -0.008661818 0.996379197 0.084578000 0.027411563 -0.662822068 -0.069051482 0.745586395 -1.111400377
27100000 0.965904390 1.720103663 0.500000000 0.500000000 0.000000000 0.000000000 0.747364640 -0.049693480 0.662553430 2.400681041 -0.012439331 0.995977759 0.088733010 0.095518699 -0.664297938 -0.074557640 0.743740439 -1.235710593
27166667 0.965904390 1.720103663 0.500000000 0.500000000 0.000000000 0.000000000 0.745848060 -0.049804062 0.664251685 2.493109952 -0.016430361 0.995522082 0.093090639 0.153282077 -0.665913463 -0.080345377 0.741689920 -1.365579908
27233333 0.965904390 1.720103663 0.500000000 0.500000000 0.000000000 0.000000000 0.743952632 -0.050278801 0.666338563 2.565181540 -0.020018902 0.995040834 0.097431935 0.219880196 -0.667932868 -0.085824125 0.739256740 -1.493220957
27300000 0.965904390 1.720103663 0.500000000 0.500000000 0.000000000 0.000000000 0.742331088 -0.050652556 0.668115616 2.649778883 -0.023640491 0.994537592 0.101666361 0.283642839 -0.669615746 -0.091264680 0.737078786 -1.609119350
27366667 0.965904390 1.720103663 0.500000000 0.500000000 0.000000000 0.000000000 0.740603209 -0.051085077 0.669997811 2.726719823 -0.027290938 0.993996263 0.105955735 0.345686923 -0.671388030 -0.096756026 0.734762669 -1.724249547
27433333 0.965904390 1.720103663 0.500000000 0.500000000 0.000000000 0.000000000 0.738850117 -0.051701080 0.671883523 2.799730105 -0.030577768 0.993453264 0.110071145 0.413947024 -0.673175633 -0.101870783 0.732432127 -1.828259834
27500000 0.965904390 1.720103663 0.500000000 0.500000000 0.000000000 0.000000000 0.737565398 -0.051936015 0.673275590 2.894510253 -0.034791403 0.992791116 0.114696801 0.441398982 -0.674378872 -0.108020589 0.730441451 -1.945410064
27566667 0.965904390 1.720103663 0.500000000 0.500000000 0.000000000 0.000000000 0.736052275 -0.052373402 0.674895644 2.979219958 -0.038170524 0.992204964 0.118626706 0.496132946 -0.675847650 -0.113076575 0.728315592 -2.055669837
27633333 0.965904390 1.720103663 0.500000000 0.500000000 0.000000000 0.000000000 0.734683752 -0.052712545 0.676358938 3.069250859 -0.041879311 0.991551399 0.122768067 0.527625165 -0.677116036 -0.118521146 0.726269126 -2.167440329
27700000 0.965904390 1.720103663 0.500000000 0.500000000 0.000000000 0.000000000 0.732936025 -0.052866459 0.678240120 3.139229174 -0.045591980 0.990917385 0.126507223 0.559119963 -0.678767979 -0.123644024 0.723868847 -2.276779561
27766667 0.965904390 1.720103663 0.500000000 0.500000000 0.000000000 0.000000000 0.731216490 -0.053215872 0.680066228 3.210578652 -0.048947435 0.990289330 0.130119964 0.593162665 -0.680386782 -0.128433362 0.721511126 -2.387678991
27833333 0.965904390 1.720103663 0.500000000 0.500000000 0.000000000 0.000000000 0.729712307 -0.053454176 0.681661904 3.294311499 -0.052219823 0.989670992 0.133508369 0.623936251 -0.681757629 -0.133018956 0.719383717 -2.493761424
27900000 0.965904390 1.720103663 0.500000000 0.500000000 0.000000000 0.000000000 0.728872180 -0.053738751 0.682537377 3.412379521 -0.054649167 0.989167392 0.136239886 0.679778697 -0.682465136 -0.136601567 0.718039751 -2.594109930
27966667 0.965904390 1.720103663 0.500000000 0.500000000 0.000000000 0.000000000 0.728690505 -0.053759996 0.682730079 3.561740819 -0.057477009 0.988596082 0.139191091 0.712352235 -0.682427168 -0.140668511 0.717290640 -2.680120643
28033333 0.965904390 1.720103663 0.500000000 0.500000000 0.000000000 0.000000000 0.728447437 -0.053738974 0.682991266 3.702602393 -0.060378902 0.988004029 0.142135486 0.737411433 -0.682436347 -0.144776478 0.716464281 -2.770571958
28100000 0.965904390 1.720103663 0.500000000 0.500000000 0.000000000 0.000000000 0.728000045 -0.053706609 0.683470070 3.829498916 -0.063645050 0.987327397 0.145375133 0.735717768 -0.682616293 -0.149332583 0.715356231 -2.854928907
28166667 0.965904390 1.720103663 0.500000000 0.500000000 0.000000000 0.000000000 0.727877259 -0.053481203 0.683618546 3.973349296 -0.066962697 0.986644804 0.148485661 0.726418791 -0.682429910 -0.153856277 0.714575052 -2.945819618
28233333 0.965904390 1.720103663 0.500000000 0.500000000 0.000000000 0.000000000 0.727810383 -0.053461481 0.683691502 4.114070839 -0.069451012 0.986084938 0.151040003 0.745434193 -0.682252765 -0.157411560 0.713969946 -3.029931435
28300000 0.965904390 1.720103663 0.500000000 0.500000000 0.000000000 0.000000000 0.728479207 -0.053312797 0.682990372 4.297170195 -0.071515143 0.985602140 0.153212264 0.772265102 -0.681324899 -0.160456106 0.714177966 -3.112099465
28366667 0.965904390 1.720103663 0.500000000 0.500000000 0.000000000 0.000000000 0.729359269 -0.053214785 0.682057858 4.487568120 -0.073596209 0.985081494 0.155557036 0.784993562 -0.680160522 -0.163653851 0.714561939 -3.189228790
28433333 0.965904390 1.720103663 0.500000000 0.500000000 0.000000000 0.000000000 0.730020821 -0.053230140 0.681348562 4.672048781 -0.075065315 0.984684885 0.157355711 0.810765500 -0.679289699 -0.166018590 0.714844704 -3.266248857
28500000 0.965904390 1.720103663 0.500000000 0.500000000 0.000000000 0.000000000 0.730376124 -0.053135581 0.680975497 4.877401468 -0.076336719 0.984373987 0.158683941 0.845139423 -0.678766310 -0.167882398 0.714907050 -3.372571043
28566667 0.965904390 1.720103663 0.500000000 0.500000000 0.000000000 0.000000000 0.730848312 -0.052846115 0.680490851 5.100578856 -0.077781223 0.984054685 0.159957618 0.852503805 -0.678093314 -0.169834167 0.715084314 -3.452289139
