https://www.youtube.com/watch?v=KwpBIAxAd74
32449089 0.683531191 1.239317309 0.500000000 0.500000000 0.000000000 0.000000000 0.996435761 -0.009294714 -0.083841115 0.875344920 0.010289748 0.999881566 0.011443797 -0.061250699 0.083724827 -0.012265713 0.996413410 1.130380035
32482456 0.683531191 1.239317309 0.500000000 0.500000000 0.000000000 0.000000000 0.996415079 -0.009630130 -0.084048942 0.477937995 0.010565276 0.999887049 0.010688514 -0.051602795 0.083936512 -0.011538196 0.996404290 0.521095922
32515822 0.683531191 1.239317309 0.500000000 0.500000000 0.000000000 0.000000000 0.996430755 -0.010121589 -0.083805390 0.055473397 0.011035304 0.999884546 0.010446756 -0.067431395 0.083689980 -0.011334288 0.996427357 -0.087037590
32549189 0.683531191 1.239317309 0.500000000 0.500000000 0.000000000 0.000000000 0.996453822 -0.010118038 -0.083530925 -0.378093983 0.011047012 0.999882102 0.010666620 -0.074541300 0.083413146 -0.011551561 0.996448100 -0.719115995
32582556 0.683531191 1.239317309 0.500000000 0.500000000 0.000000000 0.000000000 0.996544361 -0.010270177 -0.082424670 -0.833215982 0.011203309 0.999878168 0.010866500 -0.045183900 0.082303032 -0.011752377 0.996538043 -1.297070068
32615922 0.683531191 1.239317309 0.500000000 0.500000000 0.000000000 0.000000000 0.996627331 -0.010454548 -0.081391871 -1.270459964 0.011387932 0.999874532 0.011012027 -0.001984017 0.081266537 -0.011901772 0.996621370 -1.912000008
32649289 0.683531191 1.239317309 0.500000000 0.500000000 0.000000000 0.000000000 0.996755779 -0.010698257 -0.079771444 -1.664020048 0.011673719 0.999862552 0.011771872 0.056424693 0.079634547 -0.012664909 0.996743679 -2.435770094
32682656 0.683531191 1.239317309 0.500000000 0.500000000 0.000000000 0.000000000 0.996879637 -0.011008859 -0.078165375 -2.046849926 0.011999656 0.999853373 0.012217247 0.097532304 0.078019418 -0.013117083 0.996865511 -2.940799750
32716022 0.683531191 1.239317309 0.500000000 0.500000000 0.000000000 0.000000000 0.997019947 -0.010833623 -0.076379903 -2.415240120 0.011841413 0.999848545 0.012753919 0.122474002 0.076230161 -0.013620356 0.996997237 -3.452459998
32749389 0.683531191 1.239317309 0.500000000 0.500000000 0.000000000 0.000000000 0.997164011 -0.011439476 -0.074384600 -2.760139834 0.012375670 0.999849737 0.012137133 0.137486010 0.074234575 -0.013023271 0.997155786 -4.010139946
32782756 0.683531191 1.239317309 0.500000000 0.500000000 0.000000000 0.000000000 0.997365594 -0.011014322 -0.071698040 -3.089300267 0.011982504 0.999842584 0.013087504 0.177502025 0.071542606 -0.013912149 0.997340500 -4.541560120
32816122 0.683531191 1.239317309 0.500000000 0.500000000 0.000000000 0.000000000 0.997587740 -0.011324209 -0.068486914 -3.407219878 0.012268550 0.999835193 0.013383755 0.244271011 0.068324059 -0.014191705 0.997562230 -5.060210227
