https://www.youtube.com/watch?v=7rnYak4V5tY
301668033 1.011133887 1.808079631 0.500000000 0.500000000 0.000000000 0.000000000 0.998848617 0.018296402 0.044347450 -6.183670266 -0.018409744 0.999828219 0.002148685 -0.902417030 -0.044300519 -0.002962637 0.999013841 2.932099900
301734767 1.011133887 1.808079631 0.500000000 0.500000000 0.000000000 0.000000000 0.998227835 0.020396169 0.055902991 -5.753429659 -0.020585183 0.999784172 0.002807295 -0.767505054 -0.055833664 -0.003953095 0.998432279 2.704880213
301801500 1.011133887 1.808079631 0.500000000 0.500000000 0.000000000 0.000000000 0.997930348 0.019087289 0.061406374 -5.208940002 -0.019420959 0.999799669 0.004841533 -0.701654991 -0.061301664 -0.006024083 0.998101115 2.421900225
301868233 1.011133887 1.808079631 0.500000000 0.500000000 0.000000000 0.000000000 0.997579575 0.018847527 0.066930644 -4.677390097 -0.019348720 0.999789357 0.006847891 -0.624844055 -0.066787474 -0.008126338 0.997734129 2.159979953
301934967 1.011133887 1.808079631 0.500000000 0.500000000 0.000000000 0.000000000 0.997311473 0.018003082 0.071033292 -4.117830237 -0.018707434 0.999782085 0.009262970 -0.559983039 -0.070851050 -0.010566918 0.997430921 1.852489888
302001700 1.011133887 1.808079631 0.500000000 0.500000000 0.000000000 0.000000000 0.996945500 0.019205596 0.075702175 -3.572129960 -0.020078819 0.999740183 0.010790739 -0.484565025 -0.075475261 -0.012277791 0.997072101 1.578629996
302068433 1.011133887 1.808079631 0.500000000 0.500000000 0.000000000 0.000000000 0.996711493 0.020430112 0.078414664 -3.019070009 -0.021431768 0.999698877 0.011953475 -0.433473003 -0.078146845 -0.013594730 0.996849179 1.272549930
302135167 1.011133887 1.808079631 0.500000000 0.500000000 0.000000000 0.000000000 0.996614635 0.021434946 0.079371497 -2.446379967 -0.022462519 0.999674737 0.012076110 -0.370696968 -0.079086825 -0.013818113 0.996771932 0.954341917
302201900 1.011133887 1.808079631 0.500000000 0.500000000 0.000000000 0.000000000 0.996392608 0.023124192 0.081652291 -1.909560126 -0.024126247 0.999644995 0.011306840 -0.298283992 -0.081361838 -0.013236015 0.996596754 0.727698090
302268633 1.011133887 1.808079631 0.500000000 0.500000000 0.000000000 0.000000000 0.996127665 0.024674628 0.084384881 -1.422909952 -0.025651753 0.999615669 0.010514634 -0.255332017 -0.084092997 -0.012638537 0.996377766 0.494468982
302402100 1.011133887 1.808079631 0.500000000 0.500000000 0.000000000 0.000000000 0.995784223 0.023072714 0.088777244 -0.489910972 -0.024014896 0.999665916 0.009559292 -0.175068010 -0.088527024 -0.011650970 0.996005654 -0.003430171
302468833 1.011133887 1.808079631 0.500000000 0.500000000 0.000000000 0.000000000 0.995486736 0.021535313 0.092424870 -0.086918301 -0.022461986 0.999707222 0.008997610 -0.104011998 -0.092204034 -0.011033049 0.995679021 -0.211227995
302535567 1.011133887 1.808079631 0.500000000 0.500000000 0.000000000 0.000000000 0.995054185 0.018487791 0.097597979 0.250405983 -0.019501025 0.999765277 0.009437963 -0.034035000 -0.097400583 -0.011294547 0.995181143 -0.413183957
