https://www.youtube.com/watch?v=5wCqXoNZBpI
33867167 0.833633539 1.483051665 0.500000000 0.500000000 0.000000000 0.000000000 0.967938900 0.175538957 -0.179667413 -6.377299703 -0.171951622 0.984466493 0.035474233 1.060960111 0.183103651 -0.003442802 0.983087599 -0.950312900
33933900 0.833633539 1.483051665 0.500000000 0.500000000 0.000000000 0.000000000 0.956722498 0.200373948 -0.211026743 -5.851749484 -0.196085304 0.979717672 0.041277569 1.104339825 0.215017572 0.001888093 0.976608336 -0.938093999
34000633 0.833633539 1.483051665 0.500000000 0.500000000 0.000000000 0.000000000 0.946616888 0.220846936 -0.234825715 -5.370049791 -0.214309081 0.975308478 0.053338625 1.101229937 0.240807191 -0.000165982 0.970572948 -0.878997064
34067367 0.833633539 1.483051665 0.500000000 0.500000000 0.000000000 0.000000000 0.935622096 0.232381120 -0.265726149 -4.951690552 -0.224895820 0.972612798 0.058704671 1.043020080 0.272090495 0.004835259 0.962259531 -0.890259093
34134100 0.833633539 1.483051665 0.500000000 0.500000000 0.000000000 0.000000000 0.923598945 0.239460871 -0.299371809 -4.534289786 -0.230861709 0.970857620 0.064330600 0.956364960 0.306052059 0.009697789 0.951965392 -0.915908978
34200833 0.833633539 1.483051665 0.500000000 0.500000000 0.000000000 0.000000000 0.911851406 0.248330712 -0.326892853 -4.136860265 -0.238477975 0.968579829 0.070578665 0.903878011 0.334148705 0.013599487 0.942422271 -0.960417167
34267567 0.833633539 1.483051665 0.500000000 0.500000000 0.000000000 0.000000000 0.901592731 0.258332700 -0.346979409 -3.786869641 -0.246389598 0.965949953 0.078948140 0.848968844 0.355559617 0.014313053 0.934543967 -0.965742801
34334300 0.833633539 1.483051665 0.500000000 0.500000000 0.000000000 0.000000000 0.891375363 0.266377151 -0.366732776 -3.471329261 -0.251740932 0.963770926 0.088159174 0.809152818 0.376929998 0.013738837 0.926139772 -1.022449961
34401033 0.833633539 1.483051665 0.500000000 0.500000000 0.000000000 0.000000000 0.879521012 0.277633011 -0.386474550 -3.138749726 -0.258159697 0.960639775 0.102589987 0.767001827 0.399745226 0.009542152 0.916576564 -1.057419959
34467767 0.833633539 1.483051665 0.500000000 0.500000000 0.000000000 0.000000000 0.869626760 0.286727667 -0.401915818 -2.795399190 -0.264498770 0.957963228 0.111116096 0.662575787 0.416880637 0.009676795 0.908909678 -1.056689678
34534500 0.833633539 1.483051665 0.500000000 0.500000000 0.000000000 0.000000000 0.859247088 0.298874378 -0.415172577 -2.521409247 -0.276200294 0.954164267 0.115255579 0.641489716 0.430589795 0.015637908 0.902412117 -1.103109665
34601233 0.833633539 1.483051665 0.500000000 0.500000000 0.000000000 0.000000000 0.841973186 0.316724718 -0.436768442 -2.166120210 -0.288045943 0.948410094 0.132468224 0.593521026 0.456191570 0.014274649 0.889767110 -1.147060064
34667967 0.833633539 1.483051665 0.500000000 0.500000000 0.000000000 0.000000000 0.820137501 0.336924553 -0.462445945 -1.779639838 -0.303785384 0.941321909 0.147062957 0.534418043 0.484859616 0.019872464 0.874366164 -1.150809943
34734700 0.833633539 1.483051665 0.500000000 0.500000000 0.000000000 0.000000000 0.797932148 0.362242937 -0.481751382 -1.329640178 -0.325253248 0.931676209 0.161832646 0.481630030 0.507459044 0.027559742 0.861235023 -1.072190126
34801433 0.833633539 1.483051665 0.500000000 0.500000000 0.000000000 0.000000000 0.778264940 0.393820137 -0.489090592 -0.949893182 -0.355553895 0.918372154 0.173706830 0.452360214 0.517576396 0.038708009 0.854761064 -0.963129152
34868167 0.833633539 1.483051665 0.500000000 0.500000000 0.000000000 0.000000000 0.756926179 0.423942238 -0.497328669 -0.690084980 -0.383552939 0.904357672 0.187148184 0.410513079 0.529102981 0.049094461 0.847136259 -0.890471029
34934900 0.833633539 1.483051665 0.500000000 0.500000000 0.000000000 0.000000000 0.728814185 0.449404716 -0.516590357 -0.366786113 -0.402170718 0.891571522 0.208228335 0.332872162 0.554156065 0.055997595 0.830527306 -0.759999215
35001633 0.833633539 1.483051665 0.500000000 0.500000000 0.000000000 0.000000000 0.701016307 0.469204396 -0.537050843 -0.094443314 -0.420371681 0.880203962 0.220292315 0.250357076 0.576076388 0.071332380 0.814277470 -0.624947085
35068367 0.833633539 1.483051665 0.500000000 0.500000000 0.000000000 0.000000000 0.674853742 0.486057043 -0.555266023 0.148830890 -0.431148767 0.870360434 0.237872303 0.135390841 0.598901153 0.078873545 0.796929121 -0.445907814
35135100 0.833633539 1.483051665 0.500000000 0.500000000 0.000000000 0.000000000 0.653060734 0.500020385 -0.568762720 0.374344909 -0.442088783 0.861496687 0.249761581 0.051319554 0.614873111 0.088334262 0.783663154 -0.273912933
35201833 0.833633539 1.483051665 0.500000000 0.500000000 0.000000000 0.000000000 0.641396582 0.500683308 -0.581314325 0.573809803 -0.439662904 0.860814333 0.256310612 -0.093974084 0.628734112 0.091185741 0.772255361 -0.074967304
35268567 0.833633539 1.483051665 0.500000000 0.500000000 0.000000000 0.000000000 0.625799716 0.503562450 -0.595650077 0.771740542 -0.439765960 0.858508885 0.263757825 -0.206227907 0.644189477 0.096887328 0.758704424 0.099941476
35335300 0.833633539 1.483051665 0.500000000 0.500000000 0.000000000 0.000000000 0.608185291 0.509617627 -0.608605921 0.960919630 -0.447319388 0.853405356 0.267590910 -0.308374192 0.655756533 0.109496087 0.746990204 0.281516154
35402033 0.833633539 1.483051665 0.500000000 0.500000000 0.000000000 0.000000000 0.595164239 0.520021260 -0.612663865 1.118719576 -0.451686502 0.847042859 0.280174166 -0.437731835 0.664649129 0.109982543 0.739016354 0.485659849
35468767 0.833633539 1.483051665 0.500000000 0.500000000 0.000000000 0.000000000 0.575741172 0.529841721 -0.622727633 1.269119792 -0.456917495 0.840095580 0.292345285 -0.584972862 0.678047419 0.116220035 0.725771606 0.729966799
35535500 0.833633539 1.483051665 0.500000000 0.500000000 0.000000000 0.000000000 0.557030380 0.540043116 -0.630928159 1.391249766 -0.464332581 0.832386971 0.302534461 -0.754004972 0.688558102 0.124439731 0.714424491 0.976488913
35602233 0.833633539 1.483051665 0.500000000 0.500000000 0.000000000 0.000000000 0.534629285 0.554030716 -0.638138950 1.519819868 -0.467750371 0.822899699 0.322560936 -0.931173852 0.703833044 0.126039296 0.699094415 1.284689874
35668967 0.833633539 1.483051665 0.500000000 0.500000000 0.000000000 0.000000000 0.517614961 0.565209329 -0.642350018 1.671780651 -0.470055848 0.815154314 0.338483542 -1.128400582 0.714928448 0.126736045 0.687615871 1.686420684
35735700 0.833633539 1.483051665 0.500000000 0.500000000 0.000000000 0.000000000 0.510215342 0.573540568 -0.640883327 1.829599814 -0.469911814 0.810014844 0.350797355 -1.351819969 0.720321536 0.122176483 0.682795525 2.107499962
35802433 0.833633539 1.483051665 0.500000000 0.500000000 0.000000000 0.000000000 0.503267348 0.577130139 -0.643150091 1.949608474 -0.469497830 0.807457924 0.357187778 -1.622068204 0.725460529 0.122196995 0.677328885 2.507808065
35869167 0.833633539 1.483051665 0.500000000 0.500000000 0.000000000 0.000000000 0.496853054 0.578799069 -0.646628559 2.052899805 -0.471455127 0.805587590 0.358829528 -1.913739760 0.728606164 0.126570880 0.673136532 2.918799879
35935900 0.833633539 1.483051665 0.500000000 0.500000000 0.000000000 0.000000000 0.488553345 0.580996811 -0.650966465 2.109247985 -0.476858050 0.802579761 0.358429521 -2.162427507 0.730699003 0.135307133 0.669156432 3.259077071
36002633 0.833633539 1.483051665 0.500000000 0.500000000 0.000000000 0.000000000 0.483353078 0.584868848 -0.651381016 2.174777690 -0.482146770 0.798907220 0.359557211 -2.438887288 0.730686903 0.140268639 0.668147266 3.646556710
36069367 0.833633539 1.483051665 0.500000000 0.500000000 0.000000000 0.000000000 0.483967781 0.588317811 -0.647810102 2.205821420 -0.487050951 0.796116829 0.359137356 -2.705072247 0.727019429 0.141705289 0.671835423 3.953132724
36136100 0.833633539 1.483051665 0.500000000 0.500000000 0.000000000 0.000000000 0.483554363 0.590931594 -0.645735860 2.224079599 -0.490749031 0.793894470 0.359022141 -2.948109375 0.724803686 0.143287614 0.673890352 4.227099320
36202833 0.833633539 1.483051665 0.500000000 0.500000000 0.000000000 0.000000000 0.483440697 0.591882944 -0.644949079 2.240489174 -0.491712928 0.793161690 0.359322667 -3.174228874 0.724225879 0.143418789 0.674483299 4.520238320
36269567 0.833633539 1.483051665 0.500000000 0.500000000 0.000000000 0.000000000 0.484908581 0.591271162 -0.644407928 2.263358798 -0.489091128 0.794176996 0.360655755 -3.359448486 0.725019395 0.140289336 0.674288929 4.792788275
