https://www.youtube.com/watch?v=CgUuJM4QCBU
43243200 1.099736933 1.974665675 0.500000000 0.500000000 0.000000000 0.000000000 0.987106383 -0.079430476 0.138966918 3.904339897 0.074944094 0.996492445 0.037232377 -0.668666124 -0.141436875 -0.026337571 0.989596844 5.787299388
43309933 1.099736933 1.974665675 0.500000000 0.500000000 0.000000000 0.000000000 0.985161424 -0.075026862 0.154362917 3.864659726 0.070557274 0.996919870 0.034240514 -0.697395975 -0.156456411 -0.022840999 0.987420678 5.613779412
43376667 1.099736933 1.974665675 0.500000000 0.500000000 0.000000000 0.000000000 0.983088195 -0.071697108 0.168514416 3.824249967 0.067441501 0.997246146 0.030850355 -0.726301971 -0.170262232 -0.018963765 0.985216320 5.432620281
43443400 1.099736933 1.974665675 0.500000000 0.500000000 0.000000000 0.000000000 0.981164336 -0.066079490 0.181521475 3.772840120 0.062324699 0.997708857 0.026318194 -0.769184956 -0.182844669 -0.014509199 0.983034730 5.267479997
43510133 1.099736933 1.974665675 0.500000000 0.500000000 0.000000000 0.000000000 0.979214430 -0.061028816 0.193428278 3.721569553 0.057791889 0.998078704 0.022338530 -0.805719910 -0.194419950 -0.010695616 0.980860054 5.099359583
43576867 1.099736933 1.974665675 0.500000000 0.500000000 0.000000000 0.000000000 0.976905882 -0.059734043 0.205150574 3.669150130 0.056707453 0.998178184 0.020606201 -0.820558053 -0.206007719 -0.008496757 0.978513479 4.928870537
43643600 1.099736933 1.974665675 0.500000000 0.500000000 0.000000000 0.000000000 0.974347651 -0.062045813 0.216325998 3.614289980 0.059086949 0.998049974 0.020125132 -0.807212977 -0.217152834 -0.006826830 0.976113737 4.753349897
43710333 1.099736933 1.974665675 0.500000000 0.500000000 0.000000000 0.000000000 0.971522510 -0.066357270 0.227465943 3.556060317 0.063118085 0.997774601 0.021493157 -0.768523921 -0.228385970 -0.006523869 0.973548830 4.577300023
43777067 1.099736933 1.974665675 0.500000000 0.500000000 0.000000000 0.000000000 0.968264520 -0.075711146 0.238184154 3.498010255 0.072144315 0.997113287 0.023669995 -0.710161960 -0.239288658 -0.005735195 0.970931530 4.407300095
43843800 1.099736933 1.974665675 0.500000000 0.500000000 0.000000000 0.000000000 0.965513289 -0.078611605 0.248202190 3.434340044 0.074659206 0.996887803 0.025312023 -0.668712067 -0.249419555 -0.005908534 0.968377531 4.235830455
43910533 1.099736933 1.974665675 0.500000000 0.500000000 0.000000000 0.000000000 0.963253796 -0.076825276 0.257371187 3.364189639 0.072648153 0.997026086 0.025714574 -0.632264929 -0.258581340 -0.006072102 0.965970397 4.083259692
43977267 1.099736933 1.974665675 0.500000000 0.500000000 0.000000000 0.000000000 0.961042464 -0.075514413 0.265885115 3.295289667 0.070765026 0.997116268 0.027412020 -0.589329959 -0.267188370 -0.007528730 0.963614881 3.955859836
44044000 1.099736933 1.974665675 0.500000000 0.500000000 0.000000000 0.000000000 0.958673060 -0.075753920 0.274239451 3.230269741 0.070278160 0.997083664 0.029752173 -0.543416963 -0.275693506 -0.009249552 0.961201072 3.828629783
44110733 1.099736933 1.974665675 0.500000000 0.500000000 0.000000000 0.000000000 0.956098676 -0.074079037 0.283527076 3.163489829 0.067614123 0.997180939 0.032534588 -0.514508013 -0.285137951 -0.011935849 0.958412170 3.704809816
44177467 1.099736933 1.974665675 0.500000000 0.500000000 0.000000000 0.000000000 0.953555703 -0.069438532 0.293103695 3.091029746 0.062466100 0.997498274 0.033093765 -0.503314983 -0.294668436 -0.013247695 0.955507696 3.575859749
44244200 1.099736933 1.974665675 0.500000000 0.500000000 0.000000000 0.000000000 0.950607181 -0.063657425 0.303798854 3.009139929 0.056473870 0.997878790 0.032383032 -0.500247026 -0.305215836 -0.013626848 0.952185690 3.451729718
44310933 1.099736933 1.974665675 0.500000000 0.500000000 0.000000000 0.000000000 0.947104037 -0.063843809 0.314512074 2.923979863 0.056123983 0.997859955 0.033550143 -0.482334903 -0.315980971 -0.014123787 0.948660374 3.318609617
44377667 1.099736933 1.974665675 0.500000000 0.500000000 0.000000000 0.000000000 0.943006754 -0.069921583 0.325344563 2.831339665 0.061598137 0.997457802 0.035827734 -0.444447005 -0.327022612 -0.013745153 0.944916487 3.187439508
44444400 1.099736933 1.974665675 0.500000000 0.500000000 0.000000000 0.000000000 0.937918425 -0.082184240 0.336978942 2.738230136 0.072140485 0.996499538 0.042242028 -0.381902987 -0.339270979 -0.015309769 0.940564156 3.056160574
44511133 1.099736933 1.974665675 0.500000000 0.500000000 0.000000000 0.000000000 0.930934966 -0.094492048 0.352748394 2.644130200 0.081894472 0.995360553 0.050504081 -0.316204041 -0.355884075 -0.018127881 0.934354305 2.919510083
44577867 1.099736933 1.974665675 0.500000000 0.500000000 0.000000000 0.000000000 0.922194600 -0.108587436 0.371168345 2.555079924 0.093214445 0.993886352 0.059169143 -0.246060085 -0.375324160 -0.019967223 0.926678538 2.766769819
44644600 1.099736933 1.974665675 0.500000000 0.500000000 0.000000000 0.000000000 0.912736177 -0.120512679 0.390370846 2.469990031 0.102356926 0.992484093 0.067069694 -0.189562993 -0.395519614 -0.021259787 0.918211460 2.616390238
44711333 1.099736933 1.974665675 0.500000000 0.500000000 0.000000000 0.000000000 0.902074754 -0.132902935 0.410606891 2.397170351 0.112287849 0.990913153 0.074044645 -0.145937992 -0.416716486 -0.020687656 0.908801079 2.458780200
44778067 1.099736933 1.974665675 0.500000000 0.500000000 0.000000000 0.000000000 0.891554177 -0.134896904 0.432358563 2.325180001 0.112846218 0.990671277 0.076394849 -0.138644936 -0.438630641 -0.019320093 0.898459673 2.290979673
44844800 1.099736933 1.974665675 0.500000000 0.500000000 0.000000000 0.000000000 0.881366193 -0.127436578 0.454921395 2.252199689 0.105319060 0.991699398 0.073758021 -0.156744001 -0.460544735 -0.017095912 0.887471795 2.128719670
44911533 1.099736933 1.974665675 0.500000000 0.500000000 0.000000000 0.000000000 0.870366156 -0.125340834 0.476185530 2.178820512 0.103600115 0.992026925 0.071760826 -0.162075073 -0.481383413 -0.013125375 0.876411974 1.970930593
44978267 1.099736933 1.974665675 0.500000000 0.500000000 0.000000000 0.000000000 0.859674096 -0.124525256 0.495432884 2.101779600 0.103575297 0.992179453 0.069657050 -0.163043965 -0.500232399 -0.008567730 0.865848720 1.814719785
45045000 1.099736933 1.974665675 0.500000000 0.500000000 0.000000000 0.000000000 0.850238085 -0.119710818 0.512605608 2.009840007 0.099680558 0.992793798 0.066514984 -0.175397964 -0.516874254 -0.005456747 0.856043935 1.677530113
45111733 1.099736933 1.974665675 0.500000000 0.500000000 0.000000000 0.000000000 0.840813518 -0.118479326 0.528199792 1.919409415 0.098758399 0.992952228 0.065518565 -0.181496936 -0.532239795 -0.002924666 0.846588433 1.532189456
45178467 1.099736933 1.974665675 0.500000000 0.500000000 0.000000000 0.000000000 0.831245542 -0.117974177 0.543243051 1.818959979 0.097969621 0.993015647 0.065741092 -0.181512032 -0.547204614 -0.001425695 0.836997747 1.399130124
45245200 1.099736933 1.974665675 0.500000000 0.500000000 0.000000000 0.000000000 0.821245909 -0.126580521 0.556356192 1.721459351 0.104681708 0.991956294 0.071164683 -0.161907918 -0.560889125 -0.000203330 0.827890754 1.263989658
45311933 1.099736933 1.974665675 0.500000000 0.500000000 0.000000000 0.000000000 0.810921907 -0.140579164 0.568016708 1.620909749 0.115591288 0.990069151 0.080010980 -0.129356948 -0.573623717 0.000775170 0.819118500 1.135359942
45378667 1.099736933 1.974665675 0.500000000 0.500000000 0.000000000 0.000000000 0.800847113 -0.147891328 0.580320597 1.518159851 0.120655350 0.989002466 0.085536152 -0.108608001 -0.586588502 0.001517434 0.809883595 1.020069797
45445400 1.099736933 1.974665675 0.500000000 0.500000000 0.000000000 0.000000000 0.791423082 -0.148211837 0.593028128 1.413109525 0.120425053 0.988951087 0.086449623 -0.097456669 -0.599288642 0.002997287 0.800527215 0.904562766
45512133 1.099736933 1.974665675 0.500000000 0.500000000 0.000000000 0.000000000 0.783177793 -0.143501461 0.605012417 1.308550123 0.116663933 0.989637375 0.083710372 -0.094904032 -0.610755444 0.005022991 0.791803420 0.805559098
45578867 1.099736933 1.974665675 0.500000000 0.500000000 0.000000000 0.000000000 0.775762260 -0.131356001 0.617202163 1.206549948 0.106372997 0.991318822 0.077276997 -0.103667998 -0.621994972 0.005705066 0.783000469 0.714611995
45645600 1.099736933 1.974665675 0.500000000 0.500000000 0.000000000 0.000000000 0.766274571 -0.125366718 0.630164027 1.105380232 0.100748278 0.992091596 0.074860550 -0.106768029 -0.634565473 0.006124176 0.772844970 0.631549036
45712333 1.099736933 1.974665675 0.500000000 0.500000000 0.000000000 0.000000000 0.756119072 -0.124735877 0.642436981 1.005450415 0.100340784 0.992156923 0.074541166 -0.100201003 -0.646696210 0.008100566 0.762704849 0.549202249
45779067 1.099736933 1.974665675 0.500000000 0.500000000 0.000000000 0.000000000 0.745432019 -0.124384947 0.654873908 0.891262311 0.100294419 0.992180526 0.074288614 -0.087255993 -0.658993542 0.010303035 0.752078235 0.475963148
45845800 1.099736933 1.974665675 0.500000000 0.500000000 0.000000000 0.000000000 0.734411001 -0.127673849 0.666588306 0.774118069 0.103120893 0.991735220 0.076337278 -0.065262409 -0.670825362 0.012676213 0.741507113 0.404950071
45912533 1.099736933 1.974665675 0.500000000 0.500000000 0.000000000 0.000000000 0.721201062 -0.135139778 0.679416120 0.637466021 0.107489951 0.990738630 0.082962900 -0.049211704 -0.684335411 0.013197467 0.729047894 0.348491966
45979267 1.099736933 1.974665675 0.500000000 0.500000000 0.000000000 0.000000000 0.706910372 -0.146238625 0.692019880 0.493482782 0.114487194 0.989148319 0.092077538 -0.036908282 -0.697975576 0.014136940 0.715981722 0.298612889
46046000 1.099736933 1.974665675 0.500000000 0.500000000 0.000000000 0.000000000 0.691931486 -0.157869205 0.704491735 0.343029175 0.121669553 0.987341344 0.101752535 -0.022168014 -0.711637378 0.015309315 0.702380419 0.265568105
46112733 1.099736933 1.974665675 0.500000000 0.500000000 0.000000000 0.000000000 0.675017238 -0.166656882 0.718732655 0.180491911 0.126404405 0.985873878 0.109884366 -0.013121378 -0.726892769 0.016677227 0.686548114 0.237211903
46179467 1.099736933 1.974665675 0.500000000 0.500000000 0.000000000 0.000000000 0.656959534 -0.176446021 0.732987463 0.029392793 0.132181466 0.984125316 0.118429177 -0.010970892 -0.742247880 0.019084223 0.669853449 0.218404943
46246200 1.099736933 1.974665675 0.500000000 0.500000000 0.000000000 0.000000000 0.638413489 -0.190334648 0.745789051 -0.095086521 0.143125892 0.981399417 0.127946138 -0.003186282 -0.756269455 0.025059108 0.653780460 0.191492058
46312933 1.099736933 1.974665675 0.500000000 0.500000000 0.000000000 0.000000000 0.621583819 -0.192938685 0.759215713 -0.211813079 0.147705704 0.980675817 0.128288761 0.006742525 -0.769296288 0.032398224 0.638070345 0.172783040
46379667 1.099736933 1.974665675 0.500000000 0.500000000 0.000000000 0.000000000 0.605410576 -0.189633891 0.772992611 -0.318970170 0.147051558 0.981131792 0.125524223 0.007726892 -0.782211185 0.037675954 0.621873498 0.149856055
46446400 1.099736933 1.974665675 0.500000000 0.500000000 0.000000000 0.000000000 0.588941336 -0.186602518 0.786337972 -0.426481897 0.146068290 0.981532514 0.123522952 0.006052669 -0.794865966 0.042111307 0.605321825 0.126575961
46513133 1.099736933 1.974665675 0.500000000 0.500000000 0.000000000 0.000000000 0.573853374 -0.183423460 0.798153102 -0.529177132 0.145793974 0.981908500 0.120829821 0.017002097 -0.805876315 0.047027290 0.590213537 0.103809006
46579867 1.099736933 1.974665675 0.500000000 0.500000000 0.000000000 0.000000000 0.560967207 -0.173271373 0.809501410 -0.644542758 0.139944300 0.983625352 0.113563657 0.023168818 -0.815923452 0.049579661 0.576029956 0.080183669
46646600 1.099736933 1.974665675 0.500000000 0.500000000 0.000000000 0.000000000 0.548859477 -0.166334242 0.819198728 -0.767938297 0.134865791 0.984784186 0.109596081 0.019926493 -0.824963570 0.050328977 0.562940955 0.055307936
46713333 1.099736933 1.974665675 0.500000000 0.500000000 0.000000000 0.000000000 0.538177550 -0.162469670 0.827024400 -0.891175731 0.130902395 0.985450149 0.108409218 0.017536265 -0.832604587 0.049915917 0.551614761 0.027745712
46780067 1.099736933 1.974665675 0.500000000 0.500000000 0.000000000 0.000000000 0.527625203 -0.162003681 0.833886266 -1.017759887 0.127223536 0.985644817 0.110988453 0.010807901 -0.839896202 0.047529668 0.540661752 -0.005630187
46846800 1.099736933 1.974665675 0.500000000 0.500000000 0.000000000 0.000000000 0.516523600 -0.172177225 0.838783860 -1.142689946 0.128425956 0.984072387 0.122915849 -0.002335931 -0.846587300 0.044232696 0.530408621 -0.031557756
46913533 1.099736933 1.974665675 0.500000000 0.500000000 0.000000000 0.000000000 0.504898190 -0.185864851 0.842930198 -1.257428972 0.129657999 0.981792986 0.138821304 -0.021262443 -0.853384972 0.039202161 0.519804358 -0.051209625
46980267 1.099736933 1.974665675 0.500000000 0.500000000 0.000000000 0.000000000 0.494872868 -0.188554198 0.848262489 -1.371391509 0.124630958 0.981483161 0.145457745 -0.025121460 -0.859981954 0.033736479 0.509209037 -0.068175836
47047000 1.099736933 1.974665675 0.500000000 0.500000000 0.000000000 0.000000000 0.487708628 -0.182011068 0.853821814 -1.476169134 0.114069633 0.982926190 0.144375175 -0.027567880 -0.865521729 0.026982222 0.500143528 -0.088129914
47113733 1.099736933 1.974665675 0.500000000 0.500000000 0.000000000 0.000000000 0.479185402 -0.166308999 0.861813247 -1.597079073 0.099619262 0.985845029 0.134853780 -0.011946159 -0.872041762 0.021233324 0.488970160 -0.087572220
47180467 1.099736933 1.974665675 0.500000000 0.500000000 0.000000000 0.000000000 0.471044302 -0.152728021 0.868787467 -1.711760479 0.084940568 0.988173842 0.127661929 -0.010409226 -0.878010571 0.013660830 0.478446484 -0.094832700
47247200 1.099736933 1.974665675 0.500000000 0.500000000 0.000000000 0.000000000 0.462005317 -0.144182742 0.875078857 -1.830881104 0.076137535 0.989501834 0.122838281 -0.007488135 -0.883603275 0.009874336 0.468132794 -0.097201838
47313933 1.099736933 1.974665675 0.500000000 0.500000000 0.000000000 0.000000000 0.452477813 -0.144375712 0.880011559 -1.943351620 0.077544294 0.989439785 0.122457549 0.001723886 -0.888398290 0.012830451 0.458895028 -0.096285231
47380667 1.099736933 1.974665675 0.500000000 0.500000000 0.000000000 0.000000000 0.442616165 -0.148189306 0.884381294 -2.063868751 0.080551736 0.988833666 0.125376970 -0.004020702 -0.893085480 0.015744653 0.449610651 -0.090067439
47447400 1.099736933 1.974665675 0.500000000 0.500000000 0.000000000 0.000000000 0.431408763 -0.151793554 0.889294207 -2.195417821 0.083732024 0.988225400 0.128060490 -0.005129284 -0.898261845 0.019216131 0.439039052 -0.078504769
47514133 1.099736933 1.974665675 0.500000000 0.500000000 0.000000000 0.000000000 0.417300224 -0.165414795 0.893587828 -2.337701493 0.091535076 0.985944748 0.139764979 -0.036502392 -0.904147387 0.023470581 0.426576197 -0.057034292
47580867 1.099736933 1.974665675 0.500000000 0.500000000 0.000000000 0.000000000 0.399514556 -0.180331767 0.898815215 -2.478260534 0.099881776 0.983186901 0.152863041 -0.072187156 -0.911269367 0.028704230 0.410809338 -0.021991205
47647600 1.099736933 1.974665675 0.500000000 0.500000000 0.000000000 0.000000000 0.381018043 -0.189412624 0.904957354 -2.628819151 0.104777247 0.981330454 0.161283106 -0.096556819 -0.918611228 0.033367217 0.393750727 0.020880269
47714333 1.099736933 1.974665675 0.500000000 0.500000000 0.000000000 0.000000000 0.361471057 -0.189000189 0.913026989 -2.784161711 0.104342699 0.981288254 0.161820889 -0.117536113 -0.926526845 0.036774024 0.374428093 0.076313870
47781067 1.099736933 1.974665675 0.500000000 0.500000000 0.000000000 0.000000000 0.337188303 -0.194034427 0.921225309 -2.930284166 0.110249817 0.979935467 0.166046619 -0.147600272 -0.934960127 0.045575716 0.351814985 0.140935266
47847800 1.099736933 1.974665675 0.500000000 0.500000000 0.000000000 0.000000000 0.312444627 -0.198569939 0.928950489 -3.054191778 0.114753202 0.978636444 0.170594439 -0.215790111 -0.942979753 0.053298604 0.328556180 0.200412329
47914533 1.099736933 1.974665675 0.500000000 0.500000000 0.000000000 0.000000000 0.290623069 -0.195564315 0.936638832 -3.169918316 0.122790202 0.978419185 0.166188046 -0.234743873 -0.948925853 0.066712081 0.308364630 0.252173789
47981267 1.099736933 1.974665675 0.500000000 0.500000000 0.000000000 0.000000000 0.271947205 -0.185949862 0.944175780 -3.292941645 0.134176493 0.978895843 0.154141486 -0.192428121 -0.952912390 0.084767744 0.291158080 0.308579244
48048000 1.099736933 1.974665675 0.500000000 0.500000000 0.000000000 0.000000000 0.257079482 -0.180803657 0.949325860 -3.393668040 0.141141683 0.978833556 0.148202047 -0.193872880 -0.956027448 0.095889851 0.277156949 0.345925757
48114733 1.099736933 1.974665675 0.500000000 0.500000000 0.000000000 0.000000000 0.244499385 -0.174819440 0.953760326 -3.487231836 0.148936510 0.978711903 0.141212597 -0.167570007 -0.958143294 0.107523248 0.265331447 0.369049243
48181467 1.099736933 1.974665675 0.500000000 0.500000000 0.000000000 0.000000000 0.232535481 -0.164903238 0.958506286 -3.583060426 0.152165428 0.979553401 0.131608605 -0.133994994 -0.960610807 0.115247831 0.252873480 0.393313146
48248200 1.099736933 1.974665675 0.500000000 0.500000000 0.000000000 0.000000000 0.220790148 -0.161466926 0.961862445 -3.660507260 0.153569669 0.979654551 0.129202589 -0.134289900 -0.963154912 0.119186357 0.241094470 0.408955860
48314933 1.099736933 1.974665675 0.500000000 0.500000000 0.000000000 0.000000000 0.209067881 -0.164007917 0.964049876 -3.734140426 0.154777005 0.978959024 0.132978737 -0.141974036 -0.965574920 0.121411145 0.230053544 0.421730029
48381667 1.099736933 1.974665675 0.500000000 0.500000000 0.000000000 0.000000000 0.198170424 -0.169334397 0.965429246 -3.805687237 0.155916616 0.977868319 0.139511704 -0.162935918 -0.967686832 0.122879505 0.220186651 0.422983752
48448400 1.099736933 1.974665675 0.500000000 0.500000000 0.000000000 0.000000000 0.186101079 -0.174024776 0.966996670 -3.892193175 0.156074360 0.976929069 0.145775318 -0.184700044 -0.970055699 0.123794310 0.208968341 0.433509371
48515133 1.099736933 1.974665675 0.500000000 0.500000000 0.000000000 0.000000000 0.173416436 -0.185504019 0.967220008 -3.974848059 0.157187521 0.974724174 0.158760518 -0.235931956 -0.972223461 0.124503314 0.198192120 0.445292854
48581867 1.099736933 1.974665675 0.500000000 0.500000000 0.000000000 0.000000000 0.160567224 -0.191904828 0.968189538 -4.063780913 0.157329813 0.973351479 0.166835964 -0.262299005 -0.974405348 0.125536650 0.186480701 0.465166068
48648600 1.099736933 1.974665675 0.500000000 0.500000000 0.000000000 0.000000000 0.149524570 -0.190975904 0.970139503 -4.151300090 0.156508923 0.973371506 0.167489886 -0.245813858 -0.976292729 0.126791626 0.175432384 0.484340076
48715333 1.099736933 1.974665675 0.500000000 0.500000000 0.000000000 0.000000000 0.139572501 -0.185232148 0.972732782 -4.237662237 0.153147981 0.974565804 0.163606793 -0.225015172 -0.978297353 0.126136959 0.164390504 0.508005319
48782067 1.099736933 1.974665675 0.500000000 0.500000000 0.000000000 0.000000000 0.131768703 -0.179243341 0.974939346 -4.318330372 0.152574226 0.975463748 0.158718422 -0.193799611 -0.979467154 0.127836838 0.155883551 0.527136005
48848800 1.099736933 1.974665675 0.500000000 0.500000000 0.000000000 0.000000000 0.124458432 -0.166919336 0.978083670 -4.400948246 0.148173317 0.977821410 0.148019940 -0.150092970 -0.981098592 0.126503617 0.146431148 0.553966774
48915533 1.099736933 1.974665675 0.500000000 0.500000000 0.000000000 0.000000000 0.115339756 -0.162475154 0.979947150 -4.481650110 0.145428315 0.978664041 0.145145491 -0.137701772 -0.982621610 0.125771329 0.136507392 0.589630803
48982267 1.099736933 1.974665675 0.500000000 0.500000000 0.000000000 0.000000000 0.107049108 -0.159507990 0.981375456 -4.558489960 0.143298477 0.979216933 0.143526062 -0.127089977 -0.983873010 0.125265285 0.127681553 0.616696055
49049000 1.099736933 1.974665675 0.500000000 0.500000000 0.000000000 0.000000000 0.098365426 -0.162304983 0.981824875 -4.636214407 0.141830698 0.978825033 0.147599548 -0.152443790 -0.984990835 0.124734394 0.119302392 0.646093138
49115733 1.099736933 1.974665675 0.500000000 0.500000000 0.000000000 0.000000000 0.088079929 -0.162608445 0.982751429 -4.728479425 0.141438335 0.978631496 0.149250224 -0.155291000 -0.986020863 0.125852779 0.109196842 0.694307168
49182467 1.099736933 1.974665675 0.500000000 0.500000000 0.000000000 0.000000000 0.076329648 -0.159517929 0.984239280 -4.831985434 0.140012637 0.979053617 0.147819191 -0.140775688 -0.987202823 0.126523077 0.097065389 0.756535266
49249200 1.099736933 1.974665675 0.500000000 0.500000000 0.000000000 0.000000000 0.062583625 -0.161234289 0.984929025 -4.936421963 0.136531830 0.978969634 0.151583299 -0.162267659 -0.988655984 0.124987759 0.083281159 0.839206378
49315933 1.099736933 1.974665675 0.500000000 0.500000000 0.000000000 0.000000000 0.047337830 -0.166686252 0.984872937 -5.046129821 0.135254487 0.977967262 0.159016490 -0.195551987 -0.989679337 0.125681013 0.068839967 0.933749474
49382667 1.099736933 1.974665675 0.500000000 0.500000000 0.000000000 0.000000000 0.030383289 -0.177614540 0.983630836 -5.145498608 0.134462655 0.975866497 0.172059119 -0.259772942 -0.990452588 0.127033919 0.053532600 1.043219528
49449400 1.099736933 1.974665675 0.500000000 0.500000000 0.000000000 0.000000000 0.013129056 -0.182108551 0.983191729 -5.245159713 0.135998219 0.974463701 0.178675920 -0.283332571 -0.990622997 0.131366193 0.037560165 1.160442135
49516133 1.099736933 1.974665675 0.500000000 0.500000000 0.000000000 0.000000000 -0.005428076 -0.185491487 0.982630074 -5.340831314 0.137610748 0.973158002 0.184463561 -0.317041406 -0.990470707 0.136221975 0.020243347 1.294247567
49582867 1.099736933 1.974665675 0.500000000 0.500000000 0.000000000 0.000000000 -0.026645064 -0.185775548 0.982230186 -5.436232704 0.143112630 0.971749306 0.187675431 -0.330929553 -0.989346981 0.145570382 0.000694573 1.439327935
