https://www.youtube.com/watch?v=vJUHtF8Tag4
244377467 0.828118935 1.491072787 0.500000000 0.500000000 0.000000000 0.000000000 0.998111725 -0.013117048 0.060007349 1.635529906 0.013378321 0.999902666 -0.003954306 -0.685598952 -0.059949644 0.004749638 0.998190105 5.493730620
244444200 0.828118935 1.491072787 0.500000000 0.500000000 0.000000000 0.000000000 0.997190356 -0.017607564 0.072810799 1.692940099 0.017872358 0.999835789 -0.002986786 -0.656952927 -0.072746247 0.004279695 0.997341275 5.044169685
244510933 0.828118935 1.491072787 0.500000000 0.500000000 0.000000000 0.000000000 0.996090829 -0.020175681 0.085999735 1.719449978 0.020217575 0.999795556 0.000383888 -0.667324041 -0.085989900 0.001356320 0.996295094 4.591630288
244577667 0.828118935 1.491072787 0.500000000 0.500000000 0.000000000 0.000000000 0.994721174 -0.023431608 0.099903554 1.719409940 0.023165157 0.999724329 0.003826462 -0.640667070 -0.099965677 -0.001491983 0.994989753 4.121029821
244644400 0.828118935 1.491072787 0.500000000 0.500000000 0.000000000 0.000000000 0.992759287 -0.026723031 0.117110349 1.651240040 0.025795210 0.999622762 0.009431388 -0.631064042 -0.117318206 -0.006342210 0.993074119 3.658999816
244711133 0.828118935 1.491072787 0.500000000 0.500000000 0.000000000 0.000000000 0.990417600 -0.030017585 0.134803012 1.593549991 0.028261837 0.999489188 0.014919776 -0.604383927 -0.135182008 -0.010967025 0.990760088 3.175910181
244777867 0.828118935 1.491072787 0.500000000 0.500000000 0.000000000 0.000000000 0.987565219 -0.032765612 0.153757513 1.479319969 0.030126855 0.999356627 0.019461138 -0.587049046 -0.154296249 -0.014586913 0.987916946 2.707060165
244844600 0.828118935 1.491072787 0.500000000 0.500000000 0.000000000 0.000000000 0.983889222 -0.035452101 0.175228745 1.321970006 0.032000493 0.999234915 0.022485103 -0.574571027 -0.175891817 -0.016515445 0.984270930 2.219989956
244911333 0.828118935 1.491072787 0.500000000 0.500000000 0.000000000 0.000000000 0.979116023 -0.040618256 0.199203327 1.130110081 0.036563195 0.999043226 0.023994479 -0.538323988 -0.199987337 -0.016209871 0.979664385 1.705209988
244978067 0.828118935 1.491072787 0.500000000 0.500000000 0.000000000 0.000000000 0.973630130 -0.048036527 0.223017573 0.905755967 0.044039894 0.998768151 0.022862704 -0.464352986 -0.223841101 -0.012438150 0.974546313 1.161579990
245044800 0.828118935 1.491072787 0.500000000 0.500000000 0.000000000 0.000000000 0.968020260 -0.054146398 0.244959041 0.672581005 0.050276924 0.998492360 0.022026870 -0.411474977 -0.245782420 -0.009006670 0.969283164 0.625491056
245111533 0.828118935 1.491072787 0.500000000 0.500000000 0.000000000 0.000000000 0.961835682 -0.062914424 0.266296655 0.390393016 0.059425529 0.998008728 0.021147665 -0.303164995 -0.267096847 -0.004515770 0.963659108 0.089419808
245178267 0.828118935 1.491072787 0.500000000 0.500000000 0.000000000 0.000000000 0.955113530 -0.071267329 0.287539721 0.051679388 0.067540564 0.997454286 0.022873376 -0.221953979 -0.288437843 -0.002426079 0.957495570 -0.378676003
245245000 0.828118935 1.491072787 0.500000000 0.500000000 0.000000000 0.000000000 0.947802842 -0.079437241 0.308803439 -0.320948042 0.074800640 0.996837139 0.026844716 -0.134344986 -0.309959173 -0.002344819 0.950747013 -0.818407007
245311733 0.828118935 1.491072787 0.500000000 0.500000000 0.000000000 0.000000000 0.940350473 -0.088360921 0.328532010 -0.710291898 0.082460299 0.996084332 0.031879202 -0.020970707 -0.330062479 -0.002886761 0.943954647 -1.227329860
245378467 0.828118935 1.491072787 0.500000000 0.500000000 0.000000000 0.000000000 0.933268905 -0.096876122 0.345867485 -1.136610103 0.089262135 0.995286226 0.037915990 0.098003252 -0.347910315 -0.004512979 0.937517047 -1.617540261
245445200 0.828118935 1.491072787 0.500000000 0.500000000 0.000000000 0.000000000 0.925937891 -0.105491176 0.362643957 -1.608829933 0.096206933 0.994405031 0.043622151 0.215313014 -0.365216732 -0.005502541 0.930906236 -1.958109812
245511933 0.828118935 1.491072787 0.500000000 0.500000000 0.000000000 0.000000000 0.918954909 -0.114116326 0.377490938 -2.056230189 0.102838352 0.993441999 0.049972471 0.305923003 -0.380718052 -0.007101916 0.924663901 -2.274310115
245578667 0.828118935 1.491072787 0.500000000 0.500000000 0.000000000 0.000000000 0.911268413 -0.124833770 0.392436355 -2.530519568 0.111666895 0.992149413 0.056302711 0.384239960 -0.396383971 -0.007484699 0.918054223 -2.569089410
245645400 0.828118935 1.491072787 0.500000000 0.500000000 0.000000000 0.000000000 0.904295027 -0.133675963 0.405439436 -2.995219709 0.118002295 0.990978420 0.063538708 0.392814825 -0.410275340 -0.009614907 0.911910951 -2.816809606
245712133 0.828118935 1.491072787 0.500000000 0.500000000 0.000000000 0.000000000 0.897627831 -0.141768754 0.417331874 -3.458249926 0.123914547 0.989840090 0.069726862 0.393930059 -0.422976911 -0.010875279 0.906075180 -3.043829457
245778867 0.828118935 1.491072787 0.500000000 0.500000000 0.000000000 0.000000000 0.891836047 -0.148491219 0.427292168 -3.912759030 0.128628924 0.988839984 0.075166658 0.358640878 -0.433685184 -0.012074146 0.900983453 -3.231849130
245845600 0.828118935 1.491072787 0.500000000 0.500000000 0.000000000 0.000000000 0.886707067 -0.152935043 0.436304092 -4.358939280 0.130686924 0.988128424 0.080765724 0.280876865 -0.443476379 -0.014596228 0.896167099 -3.382859524
245979067 0.828118935 1.491072787 0.500000000 0.500000000 0.000000000 0.000000000 0.877572179 -0.159735203 0.452052891 -5.185750338 0.132667184 0.986956060 0.091198638 0.121016065 -0.460723937 -0.020060807 0.887316763 -3.631900085
246045800 0.828118935 1.491072787 0.500000000 0.500000000 0.000000000 0.000000000 0.873920679 -0.159769028 0.459060252 -5.560788791 0.130657941 0.986890793 0.094736770 0.005032861 -0.468178332 -0.022812497 0.883339405 -3.726639488
