https://www.youtube.com/watch?v=XxJMMI4mY5c
28820000 0.846343841 1.509403030 0.500000000 0.500000000 0.000000000 0.000000000 0.993633687 -0.019114548 0.111025758 3.982779977 0.018964337 0.999817252 0.002408897 0.537496957 -0.111051507 -0.000288032 0.993814588 -2.959229713
28860000 0.846343841 1.509403030 0.500000000 0.500000000 0.000000000 0.000000000 0.991761327 -0.021732774 0.126242355 3.768669830 0.021450397 0.999763429 0.003595924 0.519029951 -0.126290634 -0.000858352 0.991992891 -2.932999961
28900000 0.846343841 1.509403030 0.500000000 0.500000000 0.000000000 0.000000000 0.989612103 -0.023385268 0.141848788 3.558410075 0.023003362 0.999725997 0.004331755 0.500029976 -0.141911224 -0.001023759 0.989878893 -2.897420104
28940000 0.846343841 1.509403030 0.500000000 0.500000000 0.000000000 0.000000000 0.987160385 -0.027217947 0.157396123 3.348570149 0.026664551 0.999628603 0.005626883 0.490871998 -0.157490805 -0.001357736 0.987519503 -2.854519883
28980000 0.846343841 1.509403030 0.500000000 0.500000000 0.000000000 0.000000000 0.984638095 -0.029438296 0.172107980 3.149259731 0.028713359 0.999565244 0.006700617 0.473477027 -0.172230408 -0.001655886 0.985055327 -2.802880082
29020000 0.846343841 1.509403030 0.500000000 0.500000000 0.000000000 0.000000000 0.981902719 -0.033613596 0.186379209 2.951580276 0.032718878 0.999433577 0.007875346 0.462730004 -0.186538354 -0.001634710 0.982446313 -2.748249954
29060000 0.846343841 1.509403030 0.500000000 0.500000000 0.000000000 0.000000000 0.979086339 -0.036457140 0.200151935 2.759349999 0.035386380 0.999333858 0.008925880 0.444546990 -0.200344011 -0.001656552 0.979724228 -2.688240170
29100000 0.846343841 1.509403030 0.500000000 0.500000000 0.000000000 0.000000000 0.976073742 -0.037250787 0.214225292 2.566879903 0.036124878 0.999305189 0.009169621 0.426138968 -0.214418024 -0.001211364 0.976741254 -2.624180292
29140000 0.846343841 1.509403030 0.500000000 0.500000000 0.000000000 0.000000000 0.972763360 -0.038745739 0.228539422 2.372629976 0.037464105 0.999248505 0.009945393 0.403916054 -0.228753015 -0.001112495 0.973483860 -2.560169931
29180000 0.846343841 1.509403030 0.500000000 0.500000000 0.000000000 0.000000000 0.969358265 -0.040198047 0.242339939 2.180059897 0.038870882 0.999191582 0.010257242 0.386269974 -0.242556363 -0.000522971 0.970137179 -2.490250263
29220000 0.846343841 1.509403030 0.500000000 0.500000000 0.000000000 0.000000000 0.965925634 -0.041583199 0.255457520 1.993140038 0.040180545 0.999135017 0.010709478 0.362551945 -0.255681872 -0.000080137 0.966760993 -2.417060045
29260000 0.846343841 1.509403030 0.500000000 0.500000000 0.000000000 0.000000000 0.962251961 -0.044498254 0.268497765 1.808339945 0.043148857 0.999008894 0.010927759 0.343852037 -0.268717945 0.001070113 0.963218331 -2.343090118
29300000 0.846343841 1.509403030 0.500000000 0.500000000 0.000000000 0.000000000 0.958600819 -0.046680905 0.280900985 1.629830137 0.045290686 0.998908341 0.011442669 0.322477065 -0.281128496 0.001753247 0.959668517 -2.258680035
29340000 0.846343841 1.509403030 0.500000000 0.500000000 0.000000000 0.000000000 0.954955697 -0.048724107 0.292720914 1.456560061 0.047384694 0.998808563 0.011669032 0.302216995 -0.292940736 0.002727087 0.956126690 -2.175439917
29380000 0.846343841 1.509403030 0.500000000 0.500000000 0.000000000 0.000000000 0.951199770 -0.052038152 0.304156184 1.287269820 0.050692830 0.998638272 0.012323548 0.286098999 -0.304383278 0.003696389 0.952542424 -2.086059831
29420000 0.846343841 1.509403030 0.500000000 0.500000000 0.000000000 0.000000000 0.947391808 -0.052666251 0.315713465 1.122869847 0.051326599 0.998602927 0.012562880 0.264500013 -0.315934002 0.004302531 0.948771417 -1.989840022
29460000 0.846343841 1.509403030 0.500000000 0.500000000 0.000000000 0.000000000 0.943615198 -0.053605087 0.326675475 0.962231999 0.052299902 0.998549581 0.012784426 0.244026994 -0.326886952 0.005021519 0.945050120 -1.884570085
29500000 0.846343841 1.509403030 0.500000000 0.500000000 0.000000000 0.000000000 0.939890683 -0.055419132 0.336948335 0.813819923 0.054030672 0.998447955 0.013504135 0.223080996 -0.337173760 0.005513133 0.941426277 -1.773659982
29540000 0.846343841 1.509403030 0.500000000 0.500000000 0.000000000 0.000000000 0.935975730 -0.057160880 0.347393066 0.670539893 0.055677358 0.998346984 0.014259733 0.203400969 -0.347633928 0.005995182 0.937611103 -1.659249849
29580000 0.846343841 1.509403030 0.500000000 0.500000000 0.000000000 0.000000000 0.932212710 -0.059752449 0.356944174 0.533440053 0.058208726 0.998190582 0.015076359 0.184529016 -0.357199162 0.006722885 0.934004068 -1.537230084
29620000 0.846343841 1.509403030 0.500000000 0.500000000 0.000000000 0.000000000 0.928678811 -0.060965717 0.365840048 0.405981043 0.059384219 0.998113513 0.015585606 0.164083034 -0.366100103 0.007251085 0.930547297 -1.408340179
29660000 0.846343841 1.509403030 0.500000000 0.500000000 0.000000000 0.000000000 0.924960732 -0.063079439 0.374791622 0.284185071 0.061468352 0.997976482 0.016265009 0.139771034 -0.375059247 0.007993309 0.926966429 -1.272020166
29700000 0.846343841 1.509403030 0.500000000 0.500000000 0.000000000 0.000000000 0.921006322 -0.064917661 0.384100080 0.161139933 0.063282676 0.997852385 0.016908340 0.115832966 -0.384372830 0.008734213 0.923136592 -1.131109885
29740000 0.846343841 1.509403030 0.500000000 0.500000000 0.000000000 0.000000000 0.915409863 -0.065215141 0.397204846 -0.010150076 0.063643545 0.997825265 0.017153315 0.079233600 -0.397459716 0.009577216 0.917569637 -0.904995973
29780000 0.846343841 1.509403030 0.500000000 0.500000000 0.000000000 0.000000000 0.911483288 -0.067365453 0.405783325 -0.116276988 0.065973565 0.997669041 0.017434496 0.053988804 -0.406011969 0.010879718 0.913802981 -0.750154006
29820000 0.846343841 1.509403030 0.500000000 0.500000000 0.000000000 0.000000000 0.907682896 -0.069263645 0.413901269 -0.215097982 0.067689084 0.997535110 0.018489180 0.024769488 -0.414161682 0.011234302 0.910133958 -0.590542923
29860000 0.846343841 1.509403030 0.500000000 0.500000000 0.000000000 0.000000000 0.901620626 -0.069476053 0.426911414 -0.352444994 0.068286791 0.997501254 0.018115399 -0.016430200 -0.427103281 0.012819197 0.904111981 -0.342501025
29900000 0.846343841 1.509403030 0.500000000 0.500000000 0.000000000 0.000000000 0.897259831 -0.072028480 0.435587674 -0.434532979 0.070753537 0.997309625 0.019170405 -0.043970709 -0.435796589 0.013618553 0.899942100 -0.168639988
29940000 0.846343841 1.509403030 0.500000000 0.500000000 0.000000000 0.000000000 0.890942216 -0.073931493 0.448058367 -0.545177102 0.072743677 0.997152388 0.019887038 -0.078482102 -0.448252738 0.014875181 0.893783212 0.094252712
29980000 0.846343841 1.509403030 0.500000000 0.500000000 0.000000000 0.000000000 0.884247720 -0.076526582 0.460705757 -0.643457098 0.075302079 0.996938169 0.021068938 -0.109466014 -0.460907459 0.016061924 0.887302876 0.347618024
30020000 0.846343841 1.509403030 0.500000000 0.500000000 0.000000000 0.000000000 0.878046572 -0.076131530 0.472481102 -0.729687072 0.075193278 0.996949852 0.020902663 -0.134495012 -0.472631305 0.017173868 0.881093025 0.606120058
30060000 0.846343841 1.509403030 0.500000000 0.500000000 0.000000000 0.000000000 0.871570885 -0.081061393 0.483521521 -0.801821895 0.079859942 0.996538043 0.023116143 -0.170694985 -0.483721435 0.018466668 0.875027120 0.861538933
30100000 0.846343841 1.509403030 0.500000000 0.500000000 0.000000000 0.000000000 0.865782022 -0.082015961 0.493654400 -0.863160880 0.081202731 0.996429145 0.023132037 -0.215851965 -0.493788809 0.020058829 0.869350314 1.128539733
30140000 0.846343841 1.509403030 0.500000000 0.500000000 0.000000000 0.000000000 0.858960569 -0.084319010 0.505051315 -0.927966735 0.083605513 0.996206820 0.024126926 -0.276470953 -0.505169928 0.021501025 0.862751961 1.483979742
30180000 0.846343841 1.509403030 0.500000000 0.500000000 0.000000000 0.000000000 0.854730487 -0.086387984 0.511833012 -0.973695079 0.085580342 0.996012688 0.025194539 -0.321861068 -0.511968672 0.022268282 0.858715534 1.750260379
30220000 0.846343841 1.509403030 0.500000000 0.500000000 0.000000000 0.000000000 0.850444496 -0.086195424 0.518955410 -1.038310143 0.085674569 0.996008694 0.025030907 -0.370410047 -0.519041598 0.023173850 0.854434848 2.114730101
30260000 0.846343841 1.509403030 0.500000000 0.500000000 0.000000000 0.000000000 0.847278714 -0.085886918 0.524158776 -1.116810266 0.085668422 0.996016860 0.024724925 -0.416393110 -0.524194539 0.023954907 0.851261735 2.481460584
30300000 0.846343841 1.509403030 0.500000000 0.500000000 0.000000000 0.000000000 0.844997227 -0.084796146 0.528005064 -1.190460098 0.085097969 0.996088743 0.023781853 -0.463669043 -0.527956545 0.024836546 0.848908186 2.848590102
30340000 0.846343841 1.509403030 0.500000000 0.500000000 0.000000000 0.000000000 0.843221605 -0.084451593 0.530891240 -1.254690190 0.084935702 0.996108055 0.023551513 -0.517101080 -0.530813992 0.025232431 0.847112775 3.216440503
30380000 0.846343841 1.509403030 0.500000000 0.500000000 0.000000000 0.000000000 0.842554390 -0.087210529 0.531504035 -1.310050242 0.087595619 0.995853722 0.024543291 -0.574733110 -0.531440735 0.025878349 0.846700191 3.577000445
30420000 0.846343841 1.509403030 0.500000000 0.500000000 0.000000000 0.000000000 0.842230976 -0.085607424 0.532276452 -1.353939609 0.086471379 0.995980382 0.023360878 -0.619060858 -0.532136738 0.026351448 0.846248150 3.941979066
30460000 0.846343841 1.509403030 0.500000000 0.500000000 0.000000000 0.000000000 0.841819584 -0.086824931 0.532729924 -1.379929984 0.087775804 0.995860577 0.023603201 -0.669239962 -0.532574117 0.026891172 0.845956087 4.310190273
30500000 0.846343841 1.509403030 0.500000000 0.500000000 0.000000000 0.000000000 0.841572881 -0.084705621 0.533460677 -1.401060163 0.085974172 0.996042669 0.022526279 -0.716075253 -0.533257663 0.026906282 0.845525026 4.673841175
30540000 0.846343841 1.509403030 0.500000000 0.500000000 0.000000000 0.000000000 0.841675758 -0.083322003 0.533516049 -1.413479676 0.084884718 0.996155322 0.021660546 -0.773204985 -0.533269644 0.027056197 0.845512569 5.041530585
30580000 0.846343841 1.509403030 0.500000000 0.500000000 0.000000000 0.000000000 0.841624081 -0.084039174 0.533484936 -1.412410377 0.085800223 0.996079206 0.021552887 -0.845304936 -0.533204556 0.027633719 0.845534801 5.407598749
30620000 0.846343841 1.509403030 0.500000000 0.500000000 0.000000000 0.000000000 0.841276288 -0.084765919 0.533918679 -1.392490687 0.086516000 0.996011734 0.021808539 -0.914474286 -0.533637941 0.027845468 0.845254660 5.765971871
30660000 0.846343841 1.509403030 0.500000000 0.500000000 0.000000000 0.000000000 0.840888143 -0.084260821 0.534609735 -1.365170306 0.085961536 0.996060312 0.021781929 -0.966331230 -0.534338892 0.027639661 0.844818473 6.130821598
30700000 0.846343841 1.509403030 0.500000000 0.500000000 0.000000000 0.000000000 0.840474844 -0.086060978 0.534972429 -1.334749748 0.087549619 0.995902300 0.022664845 -1.022869875 -0.534730792 0.027787410 0.844565451 6.492609511
30740000 0.846343841 1.509403030 0.500000000 0.500000000 0.000000000 0.000000000 0.840301573 -0.088274784 0.534883857 -1.310559420 0.089632742 0.995697320 0.023512444 -1.073699794 -0.534657955 0.028185574 0.844598353 6.846979489
30780000 0.846343841 1.509403030 0.500000000 0.500000000 0.000000000 0.000000000 0.841200411 -0.085111633 0.533982694 -1.302829563 0.087053463 0.995969236 0.021609617 -1.125619647 -0.533669531 0.028307075 0.845219016 7.201796996
