https://www.youtube.com/watch?v=xFiiOywkuhM
25625600 0.743604061 1.326042781 0.500000000 0.500000000 0.000000000 0.000000000 0.999678254 0.004298241 0.024999067 1.696250026 -0.003745264 0.999748230 -0.022124859 -0.997655016 -0.025087871 0.022024112 0.999442637 5.287129928
25825800 0.743604061 1.326042781 0.500000000 0.500000000 0.000000000 0.000000000 0.998620033 -0.016722325 0.049782887 2.170870035 0.018364239 0.999296188 -0.032708842 -0.966589953 -0.049200878 0.033577930 0.998224318 4.529390053
26159467 0.743604061 1.326042781 0.500000000 0.500000000 0.000000000 0.000000000 0.997854650 -0.027341161 0.059485756 2.657510020 0.030956980 0.997673631 -0.060737401 -0.833397064 -0.057686739 0.062448598 0.996379673 3.148540063
26226200 0.743604061 1.326042781 0.500000000 0.500000000 0.000000000 0.000000000 0.997694135 -0.031666689 0.060030688 2.712470101 0.036011994 0.996700406 -0.072742000 -0.810185980 -0.057529110 0.074736089 0.995542526 2.972429907
26292933 0.743604061 1.326042781 0.500000000 0.500000000 0.000000000 0.000000000 0.997560561 -0.036486961 0.059511874 2.753370166 0.041610181 0.995316803 -0.087253027 -0.799301045 -0.056049567 0.089516483 0.994406998 2.833250037
26359667 0.743604061 1.326042781 0.500000000 0.500000000 0.000000000 0.000000000 0.997161269 -0.044026449 0.061082605 2.783070081 0.049564764 0.994493663 -0.092334665 -0.794455956 -0.056681100 0.095100097 0.993852735 2.747170109
26426400 0.743604061 1.326042781 0.500000000 0.500000000 0.000000000 0.000000000 0.997048378 -0.046382211 0.061181922 2.812439967 0.052577056 0.993200064 -0.103871368 -0.779465002 -0.055948105 0.106781550 0.992707133 2.654799868
26493133 0.743604061 1.326042781 0.500000000 0.500000000 0.000000000 0.000000000 0.996827900 -0.049593430 0.062246397 2.826799967 0.056067247 0.992679238 -0.106978558 -0.761495029 -0.056485273 0.110129200 0.992310941 2.578940079
26559867 0.743604061 1.326042781 0.500000000 0.500000000 0.000000000 0.000000000 0.997435272 -0.037995648 0.060656235 2.814189788 0.044571031 0.992818415 -0.111018151 -0.772012015 -0.056002423 0.113436937 0.991965592 2.513400112
26893533 0.743604061 1.326042781 0.500000000 0.500000000 0.000000000 0.000000000 0.999539018 0.013850147 0.027017793 2.447470111 -0.010771478 0.993768811 -0.110939257 -0.809688972 -0.028385965 0.110597096 0.993459880 2.214970204
26960267 0.743604061 1.326042781 0.500000000 0.500000000 0.000000000 0.000000000 0.999483526 0.026539970 0.018117819 2.266849663 -0.024391562 0.993637264 -0.109954543 -0.814391032 -0.020920731 0.109455831 0.993771493 2.114140254
27027000 0.743604061 1.326042781 0.500000000 0.500000000 0.000000000 0.000000000 0.999387205 0.034982219 0.001211855 2.158319998 -0.034644030 0.993486285 -0.108557791 -0.817979002 -0.005001554 0.108449280 0.994089425 2.025130183
27093733 0.743604061 1.326042781 0.500000000 0.500000000 0.000000000 0.000000000 0.999192238 0.040038988 -0.003426534 2.003269908 -0.040174909 0.993351758 -0.107880697 -0.809699995 -0.000915683 0.107931212 0.994157910 1.882269828
27160467 0.743604061 1.326042781 0.500000000 0.500000000 0.000000000 0.000000000 0.999258816 0.038017470 -0.006036596 1.830969969 -0.038448785 0.993319929 -0.108799025 -0.777400015 0.001860011 0.108950481 0.994045436 1.728639936
27227200 0.743604061 1.326042781 0.500000000 0.500000000 0.000000000 0.000000000 0.998923659 0.045492042 -0.009055515 1.602610017 -0.046212617 0.992865205 -0.109923020 -0.728154977 0.003990279 0.110223189 0.993898869 1.539920125
27293933 0.743604061 1.326042781 0.500000000 0.500000000 0.000000000 0.000000000 0.998120666 0.059779078 -0.013476230 1.343849951 -0.060915902 0.991825163 -0.112125523 -0.661270967 0.006663298 0.112735726 0.993602633 1.337169890
27360667 0.743604061 1.326042781 0.500000000 0.500000000 0.000000000 0.000000000 0.997555017 0.067217872 -0.019123932 1.072209925 -0.069001660 0.990726054 -0.117049970 -0.570364010 0.011078727 0.118083365 0.992941856 1.157200065
27427400 0.743604061 1.326042781 0.500000000 0.500000000 0.000000000 0.000000000 0.996860623 0.072604619 -0.031582803 0.774355015 -0.075932674 0.989674926 -0.121563725 -0.461513998 0.022430612 0.123580255 0.992081046 0.899806923
27494133 0.743604061 1.326042781 0.500000000 0.500000000 0.000000000 0.000000000 0.995999157 0.078435890 -0.042819723 0.480036009 -0.083471604 0.987679064 -0.132372618 -0.360336982 0.031909384 0.135417253 0.990274668 0.640214927
27560867 0.743604061 1.326042781 0.500000000 0.500000000 0.000000000 0.000000000 0.996126950 0.065543815 -0.058609799 0.199682989 -0.073612347 0.986210704 -0.148221537 -0.246897995 0.048086606 0.151961878 0.987215936 0.362653031
27627600 0.743604061 1.326042781 0.500000000 0.500000000 0.000000000 0.000000000 0.995716512 0.062133811 -0.068469010 -0.029370098 -0.072603889 0.983962953 -0.162928060 -0.135543995 0.057247631 0.167201266 0.984259307 0.054214401
27694333 0.743604061 1.326042781 0.500000000 0.500000000 0.000000000 0.000000000 0.995715916 0.059111577 -0.071102820 -0.228015006 -0.070505336 0.982878983 -0.170228958 -0.034042197 0.059822958 0.174512804 0.982835948 -0.182280002
27761067 0.743604061 1.326042781 0.500000000 0.500000000 0.000000000 0.000000000 0.995531857 0.057422642 -0.074959472 -0.374723985 -0.069757439 0.982276797 -0.173971668 0.049968100 0.063641042 0.178423330 0.981893539 -0.354691015
27827800 0.743604061 1.326042781 0.500000000 0.500000000 0.000000000 0.000000000 0.994875848 0.062839858 -0.079203442 -0.515605976 -0.075967483 0.981549501 -0.175469533 0.126338012 0.066715628 0.180587277 0.981293678 -0.505325039
27894533 0.743604061 1.326042781 0.500000000 0.500000000 0.000000000 0.000000000 0.994203329 0.068142258 -0.083164848 -0.636562993 -0.082012095 0.980830193 -0.176765874 0.198956002 0.069525354 0.182561740 0.980733097 -0.631787003
27961267 0.743604061 1.326042781 0.500000000 0.500000000 0.000000000 0.000000000 0.992989779 0.077710867 -0.089063808 -0.745103046 -0.092598781 0.979746878 -0.177543074 0.269995992 0.073462963 0.184545666 0.980074525 -0.761318962
28028000 0.743604061 1.326042781 0.500000000 0.500000000 0.000000000 0.000000000 0.992133915 0.081171922 -0.095296249 -0.852244914 -0.097320236 0.978961468 -0.179341182 0.338044990 0.078733906 0.187204733 0.979160547 -0.877456041
28094733 0.743604061 1.326042781 0.500000000 0.500000000 0.000000000 0.000000000 0.990403712 0.085040897 -0.108943008 -0.932053085 -0.103833303 0.978086889 -0.180456817 0.406379004 0.091209523 0.190037012 0.977530956 -1.030640016
28161467 0.743604061 1.326042781 0.500000000 0.500000000 0.000000000 0.000000000 0.989481151 0.080061838 -0.120487392 -1.011520075 -0.101281807 0.978100598 -0.181827381 0.460293015 0.103291363 0.192117944 0.975920916 -1.187620139
28228200 0.743604061 1.326042781 0.500000000 0.500000000 0.000000000 0.000000000 0.988797903 0.069857486 -0.131903976 -1.095260050 -0.093802683 0.978233218 -0.185096681 0.528550989 0.116102472 0.195396155 0.973827779 -1.357589940
28294933 0.743604061 1.326042781 0.500000000 0.500000000 0.000000000 0.000000000 0.986549079 0.057717200 -0.152936861 -1.140800010 -0.086238354 0.978568614 -0.186993077 0.605023060 0.138866499 0.197666869 0.970383406 -1.581240232
28361667 0.743604061 1.326042781 0.500000000 0.500000000 0.000000000 0.000000000 0.984661937 0.052946851 -0.166245520 -1.162310113 -0.084122613 0.978846014 -0.186504543 0.701207016 0.152853936 0.197628915 0.968286395 -1.818780143
28428400 0.743604061 1.326042781 0.500000000 0.500000000 0.000000000 0.000000000 0.983323932 0.046681177 -0.175769374 -1.205790035 -0.079849020 0.979175031 -0.186655849 0.809163970 0.163395658 0.197578192 0.966573656 -2.022239702
28495133 0.743604061 1.326042781 0.500000000 0.500000000 0.000000000 0.000000000 0.980823636 0.039207567 -0.190913022 -1.242450014 -0.075645939 0.979346097 -0.187507212 0.930478019 0.179618210 0.198353291 0.963531673 -2.229930205
28561867 0.743604061 1.326042781 0.500000000 0.500000000 0.000000000 0.000000000 0.976171672 0.036318623 -0.213938728 -1.215329938 -0.076885290 0.979824424 -0.184479609 1.041929935 0.202922329 0.196532533 0.959269226 -2.499009786
28628600 0.743604061 1.326042781 0.500000000 0.500000000 0.000000000 0.000000000 0.974467397 0.042194601 -0.220528886 -1.245540081 -0.083249107 0.980075479 -0.180337682 1.151919927 0.208525673 0.194092020 0.958564222 -2.669630286
28762067 0.743604061 1.326042781 0.500000000 0.500000000 0.000000000 0.000000000 0.971259952 0.052938238 -0.232059464 -1.316799872 -0.094384372 0.980684221 -0.171318352 1.304509918 0.218507752 0.188297451 0.957495868 -2.986519605
28828800 0.743604061 1.326042781 0.500000000 0.500000000 0.000000000 0.000000000 0.970171928 0.054937858 -0.236110821 -1.360060039 -0.096551120 0.980965674 -0.168476194 1.350980117 0.222360894 0.186247617 0.957009673 -3.144770095
28895533 0.743604061 1.326042781 0.500000000 0.500000000 0.000000000 0.000000000 0.968968570 0.061401874 -0.239436239 -1.404099886 -0.103130072 0.980743706 -0.165849134 1.410189986 0.224642128 0.185395673 0.956642210 -3.297569959
28962267 0.743604061 1.326042781 0.500000000 0.500000000 0.000000000 0.000000000 0.968179286 0.070320457 -0.240174830 -1.465710306 -0.111840591 0.980120361 -0.163877442 1.472440006 0.223876297 0.185524032 0.956796885 -3.426719905
29029000 0.743604061 1.326042781 0.500000000 0.500000000 0.000000000 0.000000000 0.968993843 0.073383152 -0.235936090 -1.555809993 -0.114228442 0.979756534 -0.164404944 1.532780096 0.219095394 0.186257973 0.957760513 -3.565000225
29095733 0.743604061 1.326042781 0.500000000 0.500000000 0.000000000 0.000000000 0.972037375 0.075153351 -0.222475618 -1.677510169 -0.113571331 0.979687214 -0.165271297 1.597670096 0.205535829 0.185916707 0.960827827 -3.735890520
29162467 0.743604061 1.326042781 0.500000000 0.500000000 0.000000000 0.000000000 0.978703499 0.070576906 -0.192765042 -1.914770013 -0.103849187 0.980238616 -0.168367520 1.673130004 0.177072898 0.184800372 0.966692328 -3.870170209
29229200 0.743604061 1.326042781 0.500000000 0.500000000 0.000000000 0.000000000 0.983470917 0.063217334 -0.169671550 -2.174149723 -0.092631869 0.980822623 -0.171482667 1.761500026 0.155576989 0.184365228 0.970466495 -3.974869702
29295933 0.743604061 1.326042781 0.500000000 0.500000000 0.000000000 0.000000000 0.986336648 0.054747615 -0.155379295 -2.421580106 -0.081844836 0.981381655 -0.173756972 1.838690197 0.142973602 0.184099868 0.972453475 -4.101330005
29362667 0.743604061 1.326042781 0.500000000 0.500000000 0.000000000 0.000000000 0.987852216 0.046257876 -0.148351625 -2.604130067 -0.072315775 0.981839359 -0.175390705 1.899190017 0.137544259 0.183988258 0.973257363 -4.270870286
29429400 0.743604061 1.326042781 0.500000000 0.500000000 0.000000000 0.000000000 0.989208102 0.042546038 -0.140204251 -2.803760164 -0.067343697 0.981870651 -0.177186057 1.975450162 0.130123883 0.184715733 0.974139571 -4.411870588
29496133 0.743604061 1.326042781 0.500000000 0.500000000 0.000000000 0.000000000 0.990082324 0.039360564 -0.134861812 -2.968109945 -0.063323677 0.981936157 -0.178301618 2.033790003 0.125407621 0.185073242 0.974690080 -4.556929580
29562867 0.743604061 1.326042781 0.500000000 0.500000000 0.000000000 0.000000000 0.990788937 0.031337406 -0.131739110 -3.090999886 -0.054954845 0.982191086 -0.179668084 2.067439828 0.123762637 0.185252860 0.974866211 -4.716659671
29629600 0.743604061 1.326042781 0.500000000 0.500000000 0.000000000 0.000000000 0.991149962 0.024917375 -0.130387232 -3.197719862 -0.048382666 0.982470095 -0.180032074 2.093959967 0.123615630 0.184747279 0.974980831 -4.855330194
29696333 0.743604061 1.326042781 0.500000000 0.500000000 0.000000000 0.000000000 0.990733922 0.028415879 -0.132811084 -3.257549693 -0.052075133 0.982609987 -0.178229645 2.144820000 0.125436947 0.183494315 0.974984825 -4.998610026
29763067 0.743604061 1.326042781 0.500000000 0.500000000 0.000000000 0.000000000 0.989904702 0.040061168 -0.135954991 -3.319699806 -0.063781254 0.982520938 -0.174884513 2.219160233 0.126572534 0.181790397 0.975157261 -5.097740502
29829800 0.743604061 1.326042781 0.500000000 0.500000000 0.000000000 0.000000000 0.988383710 0.058872364 -0.140113056 -3.359619984 -0.082658537 0.981880307 -0.170524597 2.321490067 0.127535045 0.180125266 0.975340784 -5.165619440
