https://www.youtube.com/watch?v=kVdrLna2WDA
58200000 0.867204723 1.546607187 0.500000000 0.500000000 0.000000000 0.000000000 0.983363569 -0.031700309 -0.178860679 -1.953649899 0.026745470 0.999190629 -0.030046463 -1.456940127 0.179668382 0.024762884 0.983415484 6.315709746
58280000 0.867204723 1.546607187 0.500000000 0.500000000 0.000000000 0.000000000 0.979842484 -0.027908538 -0.197812602 -1.827150051 0.021705821 0.999204457 -0.033456154 -1.099269986 0.198588952 0.028488077 0.979668736 4.979010210
58360000 0.867204723 1.546607187 0.500000000 0.500000000 0.000000000 0.000000000 0.975632668 -0.025293855 -0.217947394 -1.678549911 0.017795241 0.999182463 -0.036300316 -0.779417015 0.218687385 0.031537347 0.975285172 3.724299473
58440000 0.867204723 1.546607187 0.500000000 0.500000000 0.000000000 0.000000000 0.971768379 -0.023556147 -0.234758005 -1.490259985 0.015025888 0.999162495 -0.038059361 -0.548177012 0.235457942 0.033457443 0.971308470 2.721420056
58520000 0.867204723 1.546607187 0.500000000 0.500000000 0.000000000 0.000000000 0.968322515 -0.010696568 -0.249473453 -1.204139908 0.001247383 0.999276817 -0.038003869 -0.300449984 0.249699533 0.036488816 0.967635632 1.727500034
58600000 0.867204723 1.546607187 0.500000000 0.500000000 0.000000000 0.000000000 0.965102375 -0.007866614 -0.261754841 -0.882277079 -0.002479497 0.999229372 -0.039172243 -0.126804989 0.261861295 0.038454246 0.964339137 0.805549941
58680000 0.867204723 1.546607187 0.500000000 0.500000000 0.000000000 0.000000000 0.961845517 -0.006228695 -0.273522228 -0.545999009 -0.004886428 0.999190271 -0.039936930 0.002338371 0.273549527 0.039749704 0.961036205 -0.075525417
58760000 0.867204723 1.546607187 0.500000000 0.500000000 0.000000000 0.000000000 0.957725763 -0.000890771 -0.287681311 -0.212208006 -0.010680400 0.999195695 -0.038650244 0.067005702 0.287484378 0.040088885 0.956946015 -0.861601022
58840000 0.867204723 1.546607187 0.500000000 0.500000000 0.000000000 0.000000000 0.952981472 0.006596406 -0.302956551 0.221134033 -0.018470749 0.999168515 -0.036346309 0.123557994 0.302464873 0.040233195 0.952310979 -1.535129862
58920000 0.867204723 1.546607187 0.500000000 0.500000000 0.000000000 0.000000000 0.948114276 0.011665421 -0.317715585 0.728392941 -0.023801764 0.999126613 -0.034343801 0.201128983 0.317037463 0.040124044 0.947563887 -2.118939940
59000000 0.867204723 1.546607187 0.500000000 0.500000000 0.000000000 0.000000000 0.943796694 0.005797149 -0.330475628 1.303699786 -0.018728755 0.999177754 -0.035959538 0.282040999 0.329995453 0.040127892 0.943129241 -2.634129857
59080000 0.867204723 1.546607187 0.500000000 0.500000000 0.000000000 0.000000000 0.939990282 -0.007440110 -0.341120213 1.957880174 -0.006528893 0.999186993 -0.039784100 0.375824044 0.341138870 0.039623801 0.939177454 -3.118819924
59160000 0.867204723 1.546607187 0.500000000 0.500000000 0.000000000 0.000000000 0.936826766 -0.014088248 -0.349509805 2.700200171 -0.000556143 0.999127328 -0.041764084 0.485054016 0.349793166 0.039320085 0.936001420 -3.570890286
59240000 0.867204723 1.546607187 0.500000000 0.500000000 0.000000000 0.000000000 0.934050143 -0.018904181 -0.356641233 3.503989789 0.003451766 0.999029338 -0.043914467 0.629529027 0.357125223 0.039787270 0.933208764 -4.003170090
59320000 0.867204723 1.546607187 0.500000000 0.500000000 0.000000000 0.000000000 0.931612909 -0.026159041 -0.362509549 4.309200594 0.009756590 0.998847008 -0.047004350 0.805867986 0.363321185 0.040253006 0.930794001 -4.396810450
