https://www.youtube.com/watch?v=CgUuJM4QCBU
103269833 1.098562934 1.964418010 0.500000000 0.500000000 0.000000000 0.000000000 0.994594693 0.001675153 -0.103820093 -4.914080047 -0.007115153 0.998619139 -0.052050114 -1.475400125 0.103589542 0.052507460 0.993233204 4.168850219
103336567 1.098562934 1.964418010 0.500000000 0.500000000 0.000000000 0.000000000 0.993688703 0.004718435 -0.112073854 -4.679220345 -0.011219026 0.998285711 -0.057443179 -1.455150017 0.111610696 0.058337994 0.992038190 3.903910119
103403300 1.098562934 1.964418010 0.500000000 0.500000000 0.000000000 0.000000000 0.992892146 0.000872067 -0.119014256 -4.453509726 -0.008507735 0.997935057 -0.063664623 -1.453729725 0.118712984 0.064224653 0.990849316 3.700859857
103470033 1.098562934 1.964418010 0.500000000 0.500000000 0.000000000 0.000000000 0.992335260 -0.004179634 -0.123504028 -4.262139819 -0.004674138 0.997443140 -0.071311459 -1.431729997 0.123486295 0.071342155 0.989778459 3.496859753
103536767 1.098562934 1.964418010 0.500000000 0.500000000 0.000000000 0.000000000 0.991714418 -0.006713345 -0.128286585 -4.088869807 -0.003023671 0.997137010 -0.075555325 -1.391999950 0.128426537 0.075317204 0.988854885 3.311850189
103603500 1.098562934 1.964418010 0.500000000 0.500000000 0.000000000 0.000000000 0.991132200 -0.004768473 -0.132794023 -3.933060026 -0.005661827 0.996932864 -0.078056745 -1.331169948 0.132758945 0.078116409 0.988065243 3.126230146
103670233 1.098562934 1.964418010 0.500000000 0.500000000 0.000000000 0.000000000 0.990638316 -0.003957004 -0.136455357 -3.764230045 -0.007098227 0.996734560 -0.080435604 -1.278450120 0.136328042 0.080651179 0.987375319 2.921029902
103736967 1.098562934 1.964418010 0.500000000 0.500000000 0.000000000 0.000000000 0.990262389 -0.005377236 -0.139109418 -3.577850080 -0.006225882 0.996543348 -0.082840584 -1.226589974 0.139074013 0.082899995 0.986805975 2.685400102
103803700 1.098562934 1.964418010 0.500000000 0.500000000 0.000000000 0.000000000 0.989956439 -0.005200434 -0.141276896 -3.384679786 -0.006994238 0.996297836 -0.085684061 -1.150570177 0.141199470 0.085811615 0.986255109 2.445470305
103870433 1.098562934 1.964418010 0.500000000 0.500000000 0.000000000 0.000000000 0.989714682 -0.001508945 -0.143047407 -3.192209927 -0.011177391 0.996071815 -0.087841079 -1.040539978 0.142618045 0.088536501 0.985809982 2.192529737
103937167 1.098562934 1.964418010 0.500000000 0.500000000 0.000000000 0.000000000 0.989721775 0.002058511 -0.142991513 -2.993370072 -0.014713488 0.996055782 -0.087500781 -0.927498006 0.142247409 0.088705331 0.985848367 1.932179912
104003900 1.098562934 1.964418010 0.500000000 0.500000000 0.000000000 0.000000000 0.989947081 0.000220031 -0.141438290 -2.784970283 -0.012576171 0.996174812 -0.086472787 -0.845228072 0.140878245 0.087382235 0.986163139 1.690980067
104070633 1.098562934 1.964418010 0.500000000 0.500000000 0.000000000 0.000000000 0.990064502 0.001668705 -0.140604034 -2.602009968 -0.013649952 0.996347666 -0.084291533 -0.760776002 0.139949843 0.085373297 0.986471236 1.467460133
104137367 1.098562934 1.964418010 0.500000000 0.500000000 0.000000000 0.000000000 0.990068495 0.005907926 -0.140461490 -2.439989850 -0.017404038 0.996581733 -0.080758490 -0.683330996 0.139504239 0.082401030 0.986787021 1.256899940
104204100 1.098562934 1.964418010 0.500000000 0.500000000 0.000000000 0.000000000 0.990133524 0.001452337 -0.140119493 -2.264539962 -0.012568608 0.996836305 -0.078481957 -0.630137032 0.139562219 0.079468727 0.987019300 1.084269903
104270833 1.098562934 1.964418010 0.500000000 0.500000000 0.000000000 0.000000000 0.990138590 -0.010269776 -0.139714599 -2.091710163 -0.000284959 0.997159660 -0.075316139 -0.602213035 0.140091240 0.074613221 0.987323344 0.927350011
104337567 1.098562934 1.964418010 0.500000000 0.500000000 0.000000000 0.000000000 0.989896059 -0.019579485 -0.140436724 -1.938730072 0.009441776 0.997324228 -0.072493352 -0.562039041 0.141480312 0.070434906 0.987432182 0.783177041
104404300 1.098562934 1.964418010 0.500000000 0.500000000 0.000000000 0.000000000 0.989494205 -0.018371876 -0.143400595 -1.793680034 0.008625081 0.997627735 -0.068296924 -0.503162948 0.144315168 0.066342562 0.987305284 0.642995892
104471033 1.098562934 1.964418010 0.500000000 0.500000000 0.000000000 0.000000000 0.988939047 -0.007529142 -0.148131132 -1.658659985 -0.001809513 0.998023987 -0.062807553 -0.440950943 0.148311317 0.062380888 0.986971319 0.511152027
104537767 1.098562934 1.964418010 0.500000000 0.500000000 0.000000000 0.000000000 0.987867892 0.004951538 -0.155217826 -1.508340131 -0.013967752 0.998273551 -0.057050869 -0.384900011 0.154667377 0.058526762 0.986231565 0.419227013
104604500 1.098562934 1.964418010 0.500000000 0.500000000 0.000000000 0.000000000 0.986091077 0.016445249 -0.165390134 -1.341719975 -0.025352135 0.998331070 -0.051887669 -0.336176005 0.164260805 0.055358961 0.984862328 0.343790025
104671233 1.098562934 1.964418010 0.500000000 0.500000000 0.000000000 0.000000000 0.984098971 0.018967694 -0.176605359 -1.167850035 -0.027914407 0.998442113 -0.048313312 -0.294248993 0.175413832 0.052474916 0.983095288 0.259510000
104737967 1.098562934 1.964418010 0.500000000 0.500000000 0.000000000 0.000000000 0.981640279 0.023516398 -0.189286575 -0.988767085 -0.032774817 0.998406827 -0.045931160 -0.228433006 0.187904879 0.051291704 0.980847061 0.181840012
104804700 1.098562934 1.964418010 0.500000000 0.500000000 0.000000000 0.000000000 0.978580773 0.028997045 -0.203810751 -0.781771008 -0.038557049 0.998326778 -0.043092206 -0.165443997 0.202220201 0.050027549 0.978061438 0.125710957
104871433 1.098562934 1.964418010 0.500000000 0.500000000 0.000000000 0.000000000 0.975101352 0.031044064 -0.219576016 -0.550471032 -0.041310437 0.998249769 -0.042318501 -0.093080598 0.217877969 0.050335616 0.974677145 0.040292692
104938167 1.098562934 1.964418010 0.500000000 0.500000000 0.000000000 0.000000000 0.971264958 0.037098322 -0.235091731 -0.328798009 -0.048465323 0.997909248 -0.042757411 -0.024833797 0.233014002 0.052922565 0.971032321 -0.033005605
105004900 1.098562934 1.964418010 0.500000000 0.500000000 0.000000000 0.000000000 0.966950774 0.047558494 -0.250488192 -0.107844993 -0.060001403 0.997302890 -0.042270165 0.029310999 0.247802287 0.055902820 0.967196405 -0.096135299
105071633 1.098562934 1.964418010 0.500000000 0.500000000 0.000000000 0.000000000 0.963092446 0.052184347 -0.264063776 0.100778986 -0.065779187 0.996911585 -0.042899664 0.063622193 0.261009574 0.058686253 0.963550687 -0.146989002
105138367 1.098562934 1.964418010 0.500000000 0.500000000 0.000000000 0.000000000 0.959566057 0.044642888 -0.277920842 0.289826987 -0.059783295 0.997139871 -0.046239104 0.118343002 0.275061727 0.060984503 0.959490478 -0.244837007
105205100 1.098562934 1.964418010 0.500000000 0.500000000 0.000000000 0.000000000 0.955054104 0.042461909 -0.293374658 0.458328998 -0.058692046 0.997181416 -0.046738371 0.194140006 0.290563166 0.061856434 0.954854369 -0.348773024
105271833 1.098562934 1.964418010 0.500000000 0.500000000 0.000000000 0.000000000 0.949845910 0.042032432 -0.309880793 0.604345037 -0.059118103 0.997192919 -0.045948833 0.249141015 0.307079613 0.061963864 0.949664533 -0.461307050
105338567 1.098562934 1.964418010 0.500000000 0.500000000 0.000000000 0.000000000 0.943527877 0.046306375 -0.328040868 0.738584938 -0.063353151 0.997129440 -0.041464359 0.271523005 0.325179130 0.059905216 0.943753064 -0.583098032
105405300 1.098562934 1.964418010 0.500000000 0.500000000 0.000000000 0.000000000 0.935833037 0.056329973 -0.347912937 0.887796931 -0.073527060 0.996628225 -0.036414277 0.262100969 0.344688624 0.059658710 0.936819375 -0.637751919
105472033 1.098562934 1.964418010 0.500000000 0.500000000 0.000000000 0.000000000 0.928163648 0.058511525 -0.367543846 1.032109823 -0.077518821 0.996298432 -0.037152555 0.257645966 0.364009470 0.062975243 0.929263711 -0.711278848
105538767 1.098562934 1.964418010 0.500000000 0.500000000 0.000000000 0.000000000 0.918679237 0.074435875 -0.387927651 1.203660172 -0.093477711 0.995156527 -0.030419830 0.242274013 0.383784413 0.064208642 0.921187758 -0.708795113
105605500 1.098562934 1.964418010 0.500000000 0.500000000 0.000000000 0.000000000 0.909569621 0.088209733 -0.406081527 1.406420104 -0.105978236 0.994137526 -0.021429189 0.214893048 0.401810616 0.062527120 0.913585603 -0.700447990
105672233 1.098562934 1.964418010 0.500000000 0.500000000 0.000000000 0.000000000 0.901286662 0.091609836 -0.423426688 1.634570285 -0.108628824 0.993950725 -0.016177652 0.213470994 0.419383228 0.060577013 0.905785978 -0.697449066
105738967 1.098562934 1.964418010 0.500000000 0.500000000 0.000000000 0.000000000 0.893933237 0.091503277 -0.438760430 1.871640383 -0.108199522 0.994042397 -0.013139363 0.239956098 0.434944183 0.059219334 0.898508132 -0.691576098
105805700 1.098562934 1.964418010 0.500000000 0.500000000 0.000000000 0.000000000 0.887416005 0.091950394 -0.451705575 2.114479905 -0.108144842 0.994083822 -0.010101847 0.260664971 0.448104322 0.057814173 0.892109871 -0.688934150
105872433 1.098562934 1.964418010 0.500000000 0.500000000 0.000000000 0.000000000 0.877540350 0.113905862 -0.465776831 2.385279263 -0.126559228 0.991950393 0.004139639 0.234307926 0.462499052 0.055315722 0.884892404 -0.659882958
105939167 1.098562934 1.964418010 0.500000000 0.500000000 0.000000000 0.000000000 0.868263841 0.123082161 -0.480591834 2.737479551 -0.133181214 0.991003931 0.013188912 0.213718909 0.477891743 0.052554391 0.876845121 -0.661582765
106005900 1.098562934 1.964418010 0.500000000 0.500000000 0.000000000 0.000000000 0.857035756 0.134084120 -0.497504830 3.090669643 -0.140962765 0.989726067 0.023912156 0.206317008 0.495599747 0.049636126 0.867131472 -0.652227950
106072633 1.098562934 1.964418010 0.500000000 0.500000000 0.000000000 0.000000000 0.846251309 0.141926840 -0.513532221 3.445869349 -0.146618888 0.988687098 0.031633463 0.209413009 0.512212336 0.048523698 0.857486963 -0.590260946
106139367 1.098562934 1.964418010 0.500000000 0.500000000 0.000000000 0.000000000 0.835817516 0.138291463 -0.531304598 3.765730057 -0.142770156 0.989209592 0.032880258 0.230323033 0.530118704 0.048372548 0.846542597 -0.512967957
106206100 1.098562934 1.964418010 0.500000000 0.500000000 0.000000000 0.000000000 0.821778059 0.149697110 -0.549792469 4.031790532 -0.150632396 0.987620950 0.043757621 0.180716953 0.549537003 0.046857458 0.834154487 -0.400670863
106272833 1.098562934 1.964418010 0.500000000 0.500000000 0.000000000 0.000000000 0.804505229 0.168428868 -0.569564164 4.268721251 -0.165024251 0.984579146 0.058059633 0.104215051 0.570559919 0.047282532 0.819893897 -0.268429100
106339567 1.098562934 1.964418010 0.500000000 0.500000000 0.000000000 0.000000000 0.787123859 0.175274208 -0.591366827 4.523298937 -0.170485064 0.983246744 0.064502984 0.068693613 0.592765272 0.050047450 0.803818583 -0.098395213
106406300 1.098562934 1.964418010 0.500000000 0.500000000 0.000000000 0.000000000 0.769132376 0.173693895 -0.615033448 4.770521725 -0.169988751 0.983292341 0.065115191 0.067066311 0.616067827 0.054466471 0.785808027 0.092136029
106473033 1.098562934 1.964418010 0.500000000 0.500000000 0.000000000 0.000000000 0.748749495 0.173133329 -0.639842987 5.002649883 -0.170407608 0.983119905 0.066607304 0.066345318 0.640574336 0.059161913 0.765613794 0.339215143
106539767 1.098562934 1.964418010 0.500000000 0.500000000 0.000000000 0.000000000 0.728129506 0.172746539 -0.663314521 5.224890689 -0.170856029 0.982916892 0.068429351 0.072046662 0.663803995 0.063505828 0.745205522 0.642704335
106606500 1.098562934 1.964418010 0.500000000 0.500000000 0.000000000 0.000000000 0.708760262 0.168117076 -0.685124695 5.416371572 -0.168738008 0.983398259 0.066748783 0.121744977 0.684971988 0.068297625 0.725361347 0.964061911
106673233 1.098562934 1.964418010 0.500000000 0.500000000 0.000000000 0.000000000 0.688270092 0.174347222 -0.704192698 5.568749865 -0.173313856 0.982100844 0.073757969 0.131189949 0.704447687 0.071280934 0.706167459 1.335179639
106739967 1.098562934 1.964418010 0.500000000 0.500000000 0.000000000 0.000000000 0.669278502 0.174543455 -0.722218871 5.695445677 -0.173380777 0.981869578 0.076623417 0.180664312 0.722498894 0.073936649 0.687406778 1.675438787
106806700 1.098562934 1.964418010 0.500000000 0.500000000 0.000000000 0.000000000 0.654869080 0.161593661 -0.738263726 5.809126489 -0.164434806 0.983935952 0.069507062 0.323351299 0.737636089 0.075878382 0.670920849 1.987508734
