https://www.youtube.com/watch?v=4DZt5i9tmS0
101020233 0.813262842 1.450262853 0.500000000 0.500000000 0.000000000 0.000000000 0.999013484 0.043642696 -0.008208497 0.283746988 -0.043826994 0.998755574 -0.023800615 -0.370503965 0.007159559 0.024136890 0.999683022 6.729679523
101087133 0.813262842 1.450262853 0.500000000 0.500000000 0.000000000 0.000000000 0.998926520 0.044072699 -0.014262058 0.226031024 -0.044452172 0.998633385 -0.027484415 -0.381054004 0.013031255 0.028088892 0.999520481 6.626719863
101154033 0.813262842 1.450262853 0.500000000 0.500000000 0.000000000 0.000000000 0.998697221 0.046538793 -0.020928895 0.171100991 -0.047156177 0.998435676 -0.030042211 -0.392648018 0.019498026 0.030989999 0.999329507 6.515979905
101220933 0.813262842 1.450262853 0.500000000 0.500000000 0.000000000 0.000000000 0.998345435 0.050110668 -0.028202290 0.103723014 -0.051092707 0.998071611 -0.035250019 -0.419373998 0.026381506 0.036632624 0.998980522 6.419270132
101287833 0.813262842 1.450262853 0.500000000 0.500000000 0.000000000 0.000000000 0.997932255 0.053042684 -0.036300428 0.031087724 -0.054449100 0.997757792 -0.038918607 -0.447199949 0.034154691 0.040814660 0.998582780 6.319069547
101354744 0.813262842 1.450262853 0.500000000 0.500000000 0.000000000 0.000000000 0.997847497 0.052720152 -0.038999923 -0.017629219 -0.054338470 0.997652769 -0.041669287 -0.471605006 0.036711566 0.043698788 0.998369992 6.208569913
101421644 0.813262842 1.450262853 0.500000000 0.500000000 0.000000000 0.000000000 0.997870862 0.053291243 -0.037599653 -0.026021379 -0.054932024 0.997518182 -0.044045351 -0.495642017 0.035159111 0.046016999 0.998321712 6.098719883
101488544 0.813262842 1.450262853 0.500000000 0.500000000 0.000000000 0.000000000 0.997778356 0.056233622 -0.035722923 -0.040092308 -0.057880901 0.997221887 -0.046886060 -0.519708994 0.032987107 0.048849571 0.998261273 5.977360049
101555444 0.813262842 1.450262853 0.500000000 0.500000000 0.000000000 0.000000000 0.997979641 0.054457139 -0.032726359 -0.047862704 -0.055852067 0.997497976 -0.043339282 -0.495266966 0.030284343 0.045079559 0.998524249 5.860949719
101622344 0.813262842 1.450262853 0.500000000 0.500000000 0.000000000 0.000000000 0.998259664 0.052204479 -0.027429722 -0.055319374 -0.053249341 0.997825086 -0.038853131 -0.462874963 0.025341760 0.040246129 0.998868406 5.723619819
101689244 0.813262842 1.450262853 0.500000000 0.500000000 0.000000000 0.000000000 0.998485506 0.050231066 -0.022439165 -0.069480415 -0.050978567 0.998117924 -0.034084924 -0.415537026 0.020684810 0.035177216 0.999167025 5.597430593
101756144 0.813262842 1.450262853 0.500000000 0.500000000 0.000000000 0.000000000 0.998913825 0.043847140 -0.015767399 -0.085606796 -0.044270728 0.998638213 -0.027602060 -0.349725039 0.014535655 0.028270112 0.999494612 5.451369549
101823044 0.813262842 1.450262853 0.500000000 0.500000000 0.000000000 0.000000000 0.999222040 0.039170913 -0.004578044 -0.069901696 -0.039261565 0.998992145 -0.021752445 -0.291974000 0.003721367 0.021915263 0.999752879 5.291249828
101889944 0.813262842 1.450262853 0.500000000 0.500000000 0.000000000 0.000000000 0.999409795 0.033333361 0.008302476 -0.051805608 -0.033222988 0.999362171 -0.013095072 -0.232040985 -0.008733684 0.012811510 0.999879777 5.135159552
101956844 0.813262842 1.450262853 0.500000000 0.500000000 0.000000000 0.000000000 0.999474347 0.023994885 0.021801172 -0.036165000 -0.023894295 0.999702692 -0.004862843 -0.172041996 -0.021911373 0.004339363 0.999750495 4.978240365
102023744 0.813262842 1.450262853 0.500000000 0.500000000 0.000000000 0.000000000 0.999197006 0.022183048 0.033366192 -0.024107804 -0.021904936 0.999722421 -0.008677728 -0.195692015 -0.033549424 0.007939877 0.999405503 4.801419944
102090644 0.813262842 1.450262853 0.500000000 0.500000000 0.000000000 0.000000000 0.998882949 0.020592889 0.042529497 -0.024181808 -0.020124735 0.999732435 -0.011406710 -0.215556980 -0.042753015 0.010538075 0.999030113 4.620289501
102157556 0.813262842 1.450262853 0.500000000 0.500000000 0.000000000 0.000000000 0.998453677 0.019449474 0.052076623 -0.019151222 -0.018764967 0.999731421 -0.013601136 -0.238510007 -0.052327171 0.012602889 0.998550475 4.433259526
102224456 0.813262842 1.450262853 0.500000000 0.500000000 0.000000000 0.000000000 0.997996926 0.020256588 0.059931595 -0.018546293 -0.019318385 0.999682248 -0.016192822 -0.264842001 -0.060240563 0.015002606 0.998071134 4.250830343
102291356 0.813262842 1.450262853 0.500000000 0.500000000 0.000000000 0.000000000 0.997288346 0.026735516 0.068564899 -0.022553400 -0.025619632 0.999525428 -0.017103044 -0.273454016 -0.068989627 0.015300060 0.997500062 4.061470210
102358256 0.813262842 1.450262853 0.500000000 0.500000000 0.000000000 0.000000000 0.996748269 0.029761402 0.074880712 -0.037491380 -0.028799320 0.999488652 -0.013895590 -0.248250012 -0.075255968 0.011693891 0.997095704 3.868460155
102425156 0.813262842 1.450262853 0.500000000 0.500000000 0.000000000 0.000000000 0.996037781 0.037272427 0.080743812 -0.054405458 -0.036214728 0.999238491 -0.014525068 -0.238011005 -0.081223704 0.011543403 0.996629059 3.674530158
102492056 0.813262842 1.450262853 0.500000000 0.500000000 0.000000000 0.000000000 0.995540738 0.041498259 0.084714495 -0.072279643 -0.040293515 0.999061644 -0.015882563 -0.233474028 -0.085294105 0.012398290 0.996278644 3.468549742
102558956 0.813262842 1.450262853 0.500000000 0.500000000 0.000000000 0.000000000 0.995427012 0.044450514 0.084552914 -0.104367998 -0.043007359 0.998897612 -0.018814510 -0.222440022 -0.085296020 0.015092073 0.996241331 3.281030082
102625856 0.813262842 1.450262853 0.500000000 0.500000000 0.000000000 0.000000000 0.995084643 0.050792057 0.085010029 -0.137080968 -0.049330231 0.998597741 -0.019210402 -0.209539982 -0.085866563 0.014922414 0.996194899 3.080970184
102692756 0.813262842 1.450262853 0.500000000 0.500000000 0.000000000 0.000000000 0.995054185 0.051067535 0.085201673 -0.165316994 -0.049498077 0.998565197 -0.020433767 -0.205567003 -0.086122923 0.016115388 0.996154189 2.889270189
102759656 0.813262842 1.450262853 0.500000000 0.500000000 0.000000000 0.000000000 0.995053113 0.050323222 0.085655615 -0.196556995 -0.048782062 0.998609304 -0.019992849 -0.201968981 -0.086542606 0.015715493 0.996124208 2.695890029
102826556 0.813262842 1.450262853 0.500000000 0.500000000 0.000000000 0.000000000 0.995280385 0.044502098 0.086234994 -0.226689977 -0.043043714 0.998898208 -0.018698933 -0.195575996 -0.086972125 0.014898806 0.996099353 2.507650106
102893456 0.813262842 1.450262853 0.500000000 0.500000000 0.000000000 0.000000000 0.995372236 0.038613625 0.087994769 -0.257476013 -0.037217706 0.999154806 -0.017450124 -0.192536995 -0.088594213 0.014094405 0.995968103 2.312040287
102960356 0.813262842 1.450262853 0.500000000 0.500000000 0.000000000 0.000000000 0.995279312 0.031640604 0.091749474 -0.285286028 -0.030328175 0.999417245 -0.015663959 -0.174445997 -0.092191622 0.012807422 0.995658934 2.122859976
103027256 0.813262842 1.450262853 0.500000000 0.500000000 0.000000000 0.000000000 0.995292902 0.025153974 0.093591146 -0.311438996 -0.024008354 0.999622643 -0.013346758 -0.151490002 -0.093891554 0.011036964 0.995521247 1.944609940
103094167 0.813262842 1.450262853 0.500000000 0.500000000 0.000000000 0.000000000 0.994322419 0.022271514 0.104052313 -0.322083982 -0.021211684 0.999711335 -0.011281188 -0.133071995 -0.104273520 0.009010014 0.994507849 1.763810129
103161067 0.813262842 1.450262853 0.500000000 0.500000000 0.000000000 0.000000000 0.993367136 0.020646041 0.113116801 -0.322168974 -0.019487502 0.999745786 -0.011338275 -0.119871993 -0.113322139 0.009058705 0.993516982 1.586679949
103227967 0.813262842 1.450262853 0.500000000 0.500000000 0.000000000 0.000000000 0.992379308 0.019087162 0.121733323 -0.330927010 -0.018241089 0.999801099 -0.008060966 -0.110980995 -0.121862978 0.005778987 0.992530107 1.419090054
103294867 0.813262842 1.450262853 0.500000000 0.500000000 0.000000000 0.000000000 0.991846919 0.017819451 0.126183122 -0.340800999 -0.017156472 0.999832749 -0.006338997 -0.118559015 -0.126274973 0.004122456 0.991986692 1.246259988
103361767 0.813262842 1.450262853 0.500000000 0.500000000 0.000000000 0.000000000 0.991724908 0.019764539 0.126850486 -0.347879994 -0.019133057 0.999797761 -0.006194790 -0.122367994 -0.126947254 0.003716491 0.991902530 1.069750022
103428667 0.813262842 1.450262853 0.500000000 0.500000000 0.000000000 0.000000000 0.991599977 0.022053374 0.127448440 -0.354270966 -0.021529535 0.999753177 -0.005486489 -0.125008000 -0.127537966 0.002696499 0.991830051 0.890914054
103495567 0.813262842 1.450262853 0.500000000 0.500000000 0.000000000 0.000000000 0.991365135 0.025606180 0.128606111 -0.356841008 -0.025538256 0.999671459 -0.002177432 -0.118192002 -0.128619611 -0.001125745 0.991693377 0.710685072
103562467 0.813262842 1.450262853 0.500000000 0.500000000 0.000000000 0.000000000 0.991281927 0.026975770 0.128966630 -0.350519989 -0.027004987 0.999634147 -0.001522429 -0.109725001 -0.128960520 -0.001973587 0.991647780 0.528977014
103629367 0.813262842 1.450262853 0.500000000 0.500000000 0.000000000 0.000000000 0.991182685 0.026996154 0.129723161 -0.344246999 -0.026997220 0.999633968 -0.001750637 -0.086763296 -0.129722953 -0.001766965 0.991548717 0.356101038
103696267 0.813262842 1.450262853 0.500000000 0.500000000 0.000000000 0.000000000 0.990802169 0.029691001 0.132020697 -0.334689968 -0.029499630 0.999558985 -0.003405605 -0.063089099 -0.132063583 -0.000520278 0.991241097 0.187674994
103763167 0.813262842 1.450262853 0.500000000 0.500000000 0.000000000 0.000000000 0.990368426 0.030494869 0.135057092 -0.326882004 -0.030188471 0.999534905 -0.004316534 -0.046248202 -0.135125905 0.000197796 0.990828395 0.021188798
103830067 0.813262842 1.450262853 0.500000000 0.500000000 0.000000000 0.000000000 0.989959717 0.032925416 0.137461409 -0.318159989 -0.032307249 0.999455333 -0.006726308 -0.035476597 -0.137608007 0.002217772 0.990484297 -0.137491994
103896967 0.813262842 1.450262853 0.500000000 0.500000000 0.000000000 0.000000000 0.989694417 0.035298917 0.138776556 -0.316044001 -0.034673546 0.999374747 -0.006922146 -0.027299901 -0.138934121 0.002038936 0.990299523 -0.291692992
103963878 0.813262842 1.450262853 0.500000000 0.500000000 0.000000000 0.000000000 0.989181399 0.037867896 0.141725808 -0.320544027 -0.037173316 0.999280334 -0.007546206 -0.024560303 -0.141909570 0.002196151 0.989877224 -0.450136024
104030778 0.813262842 1.450262853 0.500000000 0.500000000 0.000000000 0.000000000 0.988643467 0.039380446 0.145028636 -0.329959004 -0.038765796 0.999223351 -0.007062841 -0.025891099 -0.145194128 0.001360486 0.989402235 -0.608902972
104097678 0.813262842 1.450262853 0.500000000 0.500000000 0.000000000 0.000000000 0.988108516 0.040132135 0.148428306 -0.347756000 -0.040005781 0.999192059 -0.003837936 -0.027515603 -0.148462400 -0.002145689 0.988915741 -0.758350045
104164578 0.813262842 1.450262853 0.500000000 0.500000000 0.000000000 0.000000000 0.987219870 0.037596099 0.154865950 -0.364685001 -0.037876338 0.999281764 -0.001141803 -0.022487996 -0.154797643 -0.004738549 0.987934828 -0.901979003
104231478 0.813262842 1.450262853 0.500000000 0.500000000 0.000000000 0.000000000 0.986208200 0.037017740 0.161316589 -0.387761005 -0.037610650 0.999292254 0.000622294 -0.004883983 -0.161179379 -0.006680938 0.986902475 -1.042749904
104298378 0.813262842 1.450262853 0.500000000 0.500000000 0.000000000 0.000000000 0.985156476 0.032849994 0.168486401 -0.414375998 -0.034315143 0.999394298 0.005790926 0.007939726 -0.168194100 -0.011486600 0.985686958 -1.172739889
104365278 0.813262842 1.450262853 0.500000000 0.500000000 0.000000000 0.000000000 0.984404564 0.029510925 0.173426539 -0.432710989 -0.031239258 0.999485672 0.007244112 0.018296998 -0.173123568 -0.012548855 0.984820187 -1.292870056
104432178 0.813262842 1.450262853 0.500000000 0.500000000 0.000000000 0.000000000 0.983620822 0.026830303 0.178241864 -0.440285980 -0.028824707 0.999547422 0.008608656 0.029025005 -0.177930221 -0.013605425 0.983949065 -1.394189959
104499078 0.813262842 1.450262853 0.500000000 0.500000000 0.000000000 0.000000000 0.983349264 0.025581375 0.179916173 -0.445612989 -0.027365364 0.999597788 0.007440261 0.041321206 -0.179653466 -0.012239850 0.983653784 -1.493289898
104565978 0.813262842 1.450262853 0.500000000 0.500000000 0.000000000 0.000000000 0.982987463 0.024808880 0.181989491 -0.447816020 -0.026441243 0.999628901 0.006548391 0.053170092 -0.181759506 -0.011249012 0.983278692 -1.579069959
104632878 0.813262842 1.450262853 0.500000000 0.500000000 0.000000000 0.000000000 0.982483864 0.024446419 0.184737399 -0.449281042 -0.025975699 0.999645412 0.005862142 0.060615099 -0.184528574 -0.010558140 0.982770443 -1.661530027
104699778 0.813262842 1.450262853 0.500000000 0.500000000 0.000000000 0.000000000 0.982119381 0.024328135 0.186680704 -0.447823973 -0.025696397 0.999657750 0.004912775 0.070472108 -0.186497301 -0.009621954 0.982408345 -1.739219938
104766678 0.813262842 1.450262853 0.500000000 0.500000000 0.000000000 0.000000000 0.981832087 0.024341248 0.188184217 -0.444530004 -0.025482267 0.999668598 0.003646024 0.078122199 -0.188033119 -0.008375145 0.982126951 -1.813529886
104833578 0.813262842 1.450262853 0.500000000 0.500000000 0.000000000 0.000000000 0.981490374 0.025428331 0.189815819 -0.440109963 -0.026337108 0.999650538 0.002266270 0.083215800 -0.189691871 -0.007223522 0.981817126 -1.889730041
104900489 0.813262842 1.450262853 0.500000000 0.500000000 0.000000000 0.000000000 0.981884360 0.024228143 0.187925756 -0.430272958 -0.025247263 0.999676645 0.003030894 0.081481803 -0.187791556 -0.007720599 0.982178569 -1.970069877
104967389 0.813262842 1.450262853 0.500000000 0.500000000 0.000000000 0.000000000 0.982660055 0.024724090 0.183760613 -0.416761979 -0.025932191 0.999655008 0.004173721 0.077435305 -0.183594018 -0.008866666 0.982962132 -2.052189628
105034289 0.813262842 1.450262853 0.500000000 0.500000000 0.000000000 0.000000000 0.983412027 0.024800660 0.179682404 -0.401532987 -0.026115341 0.999646664 0.004954540 0.073449797 -0.179496050 -0.009564819 0.983712196 -2.136169801
105101189 0.813262842 1.450262853 0.500000000 0.500000000 0.000000000 0.000000000 0.983954012 0.024084069 0.176789343 -0.386853049 -0.025721606 0.999644816 0.006976458 0.069137488 -0.176558524 -0.011411817 0.984224021 -2.224870195
105168089 0.813262842 1.450262853 0.500000000 0.500000000 0.000000000 0.000000000 0.984219790 0.021524850 0.175636292 -0.369663054 -0.023656219 0.999669611 0.010050198 0.066598198 -0.175361931 -0.014046492 0.984403849 -2.318650230
105234989 0.813262842 1.450262853 0.500000000 0.500000000 0.000000000 0.000000000 0.984223008 0.020431299 0.175748795 -0.350995994 -0.022708621 0.999682069 0.010956224 0.075324100 -0.175469071 -0.014774380 0.984374046 -2.413559911
105301889 0.813262842 1.450262853 0.500000000 0.500000000 0.000000000 0.000000000 0.984289825 0.019659545 0.175462469 -0.330170951 -0.021926485 0.999699175 0.010990305 0.092514998 -0.175193623 -0.014664920 0.984424770 -2.505549728
105368789 0.813262842 1.450262853 0.500000000 0.500000000 0.000000000 0.000000000 0.984332681 0.020928511 0.175074995 -0.308185041 -0.023142984 0.999675810 0.010616420 0.106686999 -0.174796045 -0.014501842 0.984497905 -2.597500222
105435689 0.813262842 1.450262853 0.500000000 0.500000000 0.000000000 0.000000000 0.984413326 0.022741918 0.174394011 -0.284787976 -0.024646040 0.999657869 0.008760358 0.125275011 -0.174135119 -0.012921934 0.984636962 -2.689499895
105502589 0.813262842 1.450262853 0.500000000 0.500000000 0.000000000 0.000000000 0.984410465 0.023855571 0.174261302 -0.265592031 -0.025554132 0.999645233 0.007509671 0.139226987 -0.174020320 -0.011845695 0.984670818 -2.779329950
105569489 0.813262842 1.450262853 0.500000000 0.500000000 0.000000000 0.000000000 0.984755874 0.026301751 0.171941891 -0.244961943 -0.027778039 0.999594986 0.006185153 0.153984013 -0.171709582 -0.010867080 0.985087633 -2.861969593
105636389 0.813262842 1.450262853 0.500000000 0.500000000 0.000000000 0.000000000 0.985257268 0.030312903 0.168372229 -0.238175051 -0.031241547 0.999507725 0.002868542 0.174493969 -0.168202385 -0.008086458 0.985719323 -2.957990083
105703289 0.813262842 1.450262853 0.500000000 0.500000000 0.000000000 0.000000000 0.985981762 0.031052407 0.163938135 -0.216909053 -0.031315845 0.999509037 -0.000977879 0.196753979 -0.163888007 -0.004169689 0.986470163 -3.029370322
105770189 0.813262842 1.450262853 0.500000000 0.500000000 0.000000000 0.000000000 0.986692727 0.031995505 0.159416720 -0.201283971 -0.031664409 0.999487877 -0.004617322 0.214690007 -0.159482822 -0.000491958 0.987200558 -3.110699843
105837100 0.813262842 1.450262853 0.500000000 0.500000000 0.000000000 0.000000000 0.987346590 0.035213016 0.154617995 -0.182313947 -0.034441404 0.999377310 -0.007667190 0.227573990 -0.154791713 0.002244918 0.987944603 -3.191499930
105904000 0.813262842 1.450262853 0.500000000 0.500000000 0.000000000 0.000000000 0.987873018 0.038031273 0.150534213 -0.165143024 -0.036876410 0.999265134 -0.010456827 0.235785010 -0.150821269 0.004778853 0.988549471 -3.270349752
105970900 0.813262842 1.450262853 0.500000000 0.500000000 0.000000000 0.000000000 0.988454163 0.039911266 0.146169156 -0.148240951 -0.038624715 0.999186099 -0.011630489 0.239942982 -0.146514386 0.005850467 0.989191234 -3.356019913
106037800 0.813262842 1.450262853 0.500000000 0.500000000 0.000000000 0.000000000 0.989089131 0.041078039 0.141475320 -0.127436023 -0.040153027 0.999149442 -0.009388039 0.232212007 -0.141740620 0.003604942 0.989897251 -3.448289969
106104700 0.813262842 1.450262853 0.500000000 0.500000000 0.000000000 0.000000000 0.989326477 0.042090073 0.139504686 -0.115339053 -0.041743241 0.999113739 -0.005412551 0.219097029 -0.139608845 -0.000468601 0.990206599 -3.546839833
106171600 0.813262842 1.450262853 0.500000000 0.500000000 0.000000000 0.000000000 0.989885986 0.041924100 0.135528848 -0.099396539 -0.042095821 0.999112308 -0.001599825 0.200651013 -0.135475621 -0.004121555 0.990772128 -3.659899931
106238500 0.813262842 1.450262853 0.500000000 0.500000000 0.000000000 0.000000000 0.989986062 0.040756889 0.135153577 -0.098500672 -0.041630037 0.999126494 0.003639313 0.182062029 -0.134887174 -0.009229319 0.990817964 -3.780420182
106305400 0.813262842 1.450262853 0.500000000 0.500000000 0.000000000 0.000000000 0.990219772 0.038873248 0.133991301 -0.092948368 -0.039833531 0.999196231 0.004492436 0.185789971 -0.133708954 -0.009785839 0.990972340 -3.897049914
106372300 0.813262842 1.450262853 0.500000000 0.500000000 0.000000000 0.000000000 0.990362644 0.038723223 0.132975116 -0.086514710 -0.039680257 0.999202073 0.004553651 0.193795019 -0.132692680 -0.009786257 0.991108894 -4.016940079
106439200 0.813262842 1.450262853 0.500000000 0.500000000 0.000000000 0.000000000 0.990285933 0.035915684 0.134327263 -0.087100407 -0.037017126 0.999298334 0.005710370 0.208294001 -0.134027928 -0.010627310 0.990920544 -4.127100226
106506100 0.813262842 1.450262853 0.500000000 0.500000000 0.000000000 0.000000000 0.990346730 0.032167770 0.134827986 -0.090385553 -0.033532649 0.999406695 0.007863846 0.212780004 -0.134495035 -0.012309074 0.990837812 -4.238389811
106573000 0.813262842 1.450262853 0.500000000 0.500000000 0.000000000 0.000000000 0.989989400 0.027214775 0.138493240 -0.103762958 -0.028808778 0.999539614 0.009517723 0.215357973 -0.138170451 -0.013412262 0.990317643 -4.342569342
