https://www.youtube.com/watch?v=7nWgxhwS06U
51418033 0.988185307 1.757374631 0.500000000 0.500000000 0.000000000 0.000000000 0.999404132 0.019243136 -0.028654421 -5.832089700 -0.019542538 0.999756932 -0.010205562 -0.104860003 0.028451068 0.010759461 0.999537289 2.956500247
51451400 0.988185307 1.757374631 0.500000000 0.500000000 0.000000000 0.000000000 0.999194980 0.021350700 -0.033964552 -5.756980119 -0.021750659 0.999697864 -0.011450085 -0.097077875 0.033709824 0.012179620 0.999357462 2.882289905
51484767 0.988185307 1.757374631 0.500000000 0.500000000 0.000000000 0.000000000 0.998953223 0.023429820 -0.039288025 -5.680070444 -0.023940368 0.999634266 -0.012575166 -0.089912777 0.038979020 0.013502572 0.999148786 2.827699769
51518133 0.988185307 1.757374631 0.500000000 0.500000000 0.000000000 0.000000000 0.998690724 0.025235321 -0.044496939 -5.599779748 -0.025868632 0.999571264 -0.013714657 -0.082951917 0.044131771 0.014847777 0.998915374 2.774080181
51551500 0.988185307 1.757374631 0.500000000 0.500000000 0.000000000 0.000000000 0.998399913 0.026999075 -0.049685933 -5.518249997 -0.027781703 0.999499500 -0.015128748 -0.075231903 0.049252607 0.016484899 0.998650312 2.709960148
51584867 0.988185307 1.757374631 0.500000000 0.500000000 0.000000000 0.000000000 0.998074591 0.028568640 -0.055053543 -5.436459873 -0.029527932 0.999424577 -0.016690621 -0.065278283 0.054545034 0.018284103 0.998343885 2.641780008
51618233 0.988185307 1.757374631 0.500000000 0.500000000 0.000000000 0.000000000 0.997736216 0.030246956 -0.060062584 -5.352359595 -0.031387296 0.999342799 -0.018133834 -0.052073190 0.059474614 0.019977987 0.998029888 2.586339876
51651600 0.988185307 1.757374631 0.500000000 0.500000000 0.000000000 0.000000000 0.997380912 0.031973761 -0.064876422 -5.268329981 -0.033294458 0.999257684 -0.019378908 -0.036361527 0.064208642 0.021488179 0.997705102 2.533620283
51684967 0.988185307 1.757374631 0.500000000 0.500000000 0.000000000 0.000000000 0.996995091 0.033415470 -0.069887251 -5.185470275 -0.034913931 0.999183536 -0.020330280 -0.022534377 0.069150835 0.022709228 0.997347713 2.486360018
51718333 0.988185307 1.757374631 0.500000000 0.500000000 0.000000000 0.000000000 0.996593535 0.034836877 -0.074751295 -5.104320271 -0.036526490 0.999104440 -0.021355975 -0.007680796 0.073940374 0.024013627 0.996973515 2.441950248
51751700 0.988185307 1.757374631 0.500000000 0.500000000 0.000000000 0.000000000 0.996188164 0.036263179 -0.079335213 -5.024979461 -0.038134959 0.999025822 -0.022206329 0.006150529 0.078452647 0.025147129 0.996600628 2.392689938
51785067 0.988185307 1.757374631 0.500000000 0.500000000 0.000000000 0.000000000 0.995770633 0.037645213 -0.083807595 -4.949460082 -0.039704971 0.998945594 -0.023047151 0.016564080 0.082851611 0.026277253 0.996215403 2.341769926
51818433 0.988185307 1.757374631 0.500000000 0.500000000 0.000000000 0.000000000 0.995345891 0.038857691 -0.088185191 -4.876209948 -0.041122049 0.998865664 -0.024006922 0.023317660 0.087152302 0.027521543 0.995814741 2.288680084
51851800 0.988185307 1.757374631 0.500000000 0.500000000 0.000000000 0.000000000 0.994917452 0.039829478 -0.092481703 -4.806449840 -0.042323202 0.998787105 -0.025160957 0.028494461 0.091367379 0.028947193 0.995396435 2.230290140
51885167 0.988185307 1.757374631 0.500000000 0.500000000 0.000000000 0.000000000 0.994502723 0.040618513 -0.096511729 -4.738270042 -0.043338981 0.998715222 -0.026260016 0.029978943 0.095321096 0.030298380 0.994985342 2.180359663
51918533 0.988185307 1.757374631 0.500000000 0.500000000 0.000000000 0.000000000 0.994104683 0.041502848 -0.100166634 -4.672900073 -0.044417404 0.998646975 -0.027043493 0.030003002 0.098908722 0.031333208 0.994603097 2.127220012
51951900 0.988185307 1.757374631 0.500000000 0.500000000 0.000000000 0.000000000 0.993709028 0.042174913 -0.103747837 -4.608959680 -0.045297183 0.998583198 -0.027924053 0.025659679 0.102423154 0.032447867 0.994211555 2.069500158
51985267 0.988185307 1.757374631 0.500000000 0.500000000 0.000000000 0.000000000 0.993337929 0.042532954 -0.107101545 -4.543909830 -0.045867015 0.998530567 -0.028860372 0.016892486 0.105716646 0.033580527 0.993829131 2.024590117
52018633 0.988185307 1.757374631 0.500000000 0.500000000 0.000000000 0.000000000 0.993022084 0.042745091 -0.109909236 -4.477159946 -0.046265617 0.998488069 -0.029681876 0.007067741 0.108474314 0.034559779 0.993498325 1.974149806
52052000 0.988185307 1.757374631 0.500000000 0.500000000 0.000000000 0.000000000 0.992719173 0.042724941 -0.112620085 -4.405400266 -0.046454329 0.998448551 -0.030700114 -0.002604744 0.111133695 0.035708275 0.993163764 1.916710121
52085367 0.988185307 1.757374631 0.500000000 0.500000000 0.000000000 0.000000000 0.992462635 0.042502843 -0.114940815 -4.329549485 -0.046402536 0.998427093 -0.031466555 -0.013082995 0.113422610 0.036562931 0.992873847 1.869229931
52118733 0.988185307 1.757374631 0.500000000 0.500000000 0.000000000 0.000000000 0.992257118 0.042175386 -0.116820537 -4.250389798 -0.046198901 0.998421192 -0.031949762 -0.022638594 0.115288608 0.037099365 0.992639005 1.828710047
52152100 0.988185307 1.757374631 0.500000000 0.500000000 0.000000000 0.000000000 0.992057502 0.041655622 -0.118687481 -4.167500202 -0.045811735 0.998421073 -0.032505676 -0.030134247 0.117146045 0.037684783 0.992399454 1.774970010
52185467 0.988185307 1.757374631 0.500000000 0.500000000 0.000000000 0.000000000 0.991917789 0.040884323 -0.120115057 -4.084149869 -0.045153536 0.998433590 -0.033037614 -0.036939210 0.118576184 0.038194213 0.992210090 1.728239919
52218833 0.988185307 1.757374631 0.500000000 0.500000000 0.000000000 0.000000000 0.991822064 0.040004887 -0.121196352 -3.998790044 -0.044368632 0.998452663 -0.033522513 -0.042969313 0.119667761 0.038625684 0.992062330 1.687519866
52252200 0.988185307 1.757374631 0.500000000 0.500000000 0.000000000 0.000000000 0.991772473 0.039056294 -0.121909671 -3.912689889 -0.043482445 0.998480260 -0.033859123 -0.046581808 0.120401986 0.038881470 0.991963506 1.641820064
52285567 0.988185307 1.757374631 0.500000000 0.500000000 0.000000000 0.000000000 0.991741359 0.037728406 -0.122579344 -3.827559974 -0.042228729 0.998518169 -0.034324512 -0.051018800 0.121102698 0.039217405 0.991864979 1.584089911
52318933 0.988185307 1.757374631 0.500000000 0.500000000 0.000000000 0.000000000 0.991724074 0.036552574 -0.123074152 -3.743389903 -0.041161928 0.998535097 -0.035119034 -0.050178185 0.121610172 0.039894357 0.991775870 1.525119878
52352300 0.988185307 1.757374631 0.500000000 0.500000000 0.000000000 0.000000000 0.991693199 0.035337273 -0.123676620 -3.658430388 -0.040021624 0.998564482 -0.035597876 -0.044103584 0.122241147 0.040251911 0.991683841 1.478639833
52385667 0.988185307 1.757374631 0.500000000 0.500000000 0.000000000 0.000000000 0.991704047 0.034120727 -0.123930968 -3.572320028 -0.038818676 0.998608589 -0.035692390 -0.038047527 0.122540690 0.040207122 0.991648734 1.450200025
52419033 0.988185307 1.757374631 0.500000000 0.500000000 0.000000000 0.000000000 0.991754770 0.032886639 -0.123858683 -3.485130351 -0.037584394 0.998652518 -0.035784125 -0.030002285 0.122514971 0.040144235 0.991654456 1.411389965
52452400 0.988185307 1.757374631 0.500000000 0.500000000 0.000000000 0.000000000 0.991789639 0.031406380 -0.123963311 -3.397169956 -0.036122218 0.998699486 -0.035979234 -0.021038197 0.122672126 0.040161662 0.991634309 1.372970061
52485767 0.988185307 1.757374631 0.500000000 0.500000000 0.000000000 0.000000000 0.991797924 0.029801194 -0.124292888 -3.309240061 -0.034534294 0.998751283 -0.036100723 -0.013238403 0.123061843 0.040096991 0.991588652 1.333359967
52519133 0.988185307 1.757374631 0.500000000 0.500000000 0.000000000 0.000000000 0.991782248 0.028093506 -0.124814846 -3.222940265 -0.032862045 0.998800039 -0.036311377 -0.006417980 0.123644955 0.040114645 0.991515398 1.295430041
52552500 0.988185307 1.757374631 0.500000000 0.500000000 0.000000000 0.000000000 0.991737485 0.026424779 -0.125533000 -3.137210018 -0.031260841 0.998836815 -0.036711469 0.000460029 0.124416888 0.040332407 0.991409957 1.256909909
52585867 0.988185307 1.757374631 0.500000000 0.500000000 0.000000000 0.000000000 0.991688013 0.024760790 -0.126260877 -3.053410174 -0.029664986 0.998870790 -0.037110325 0.007166231 0.125199407 0.040547390 0.991302669 1.222909915
52619233 0.988185307 1.757374631 0.500000000 0.500000000 0.000000000 0.000000000 0.991573334 0.023139719 -0.127463102 -2.968439861 -0.028122056 0.998903513 -0.037428346 0.011899304 0.126457274 0.040697474 0.991136849 1.177809873
52652600 0.988185307 1.757374631 0.500000000 0.500000000 0.000000000 0.000000000 0.991404951 0.021586595 -0.129035786 -2.882490045 -0.026679458 0.998926401 -0.037871089 0.014058902 0.128079757 0.040988188 0.990916491 1.137129901
52685967 0.988185307 1.757374631 0.500000000 0.500000000 0.000000000 0.000000000 0.991218805 0.020212166 -0.130678236 -2.795700236 -0.025418997 0.998942912 -0.038300093 0.013032797 0.129765987 0.041285481 0.990684748 1.100889924
52719333 0.988185307 1.757374631 0.500000000 0.500000000 0.000000000 0.000000000 0.991024733 0.018844992 -0.132343665 -2.706420004 -0.024173357 0.998955667 -0.038770869 0.008244147 0.131474808 0.041622080 0.990445316 1.065770031
52752700 0.988185307 1.757374631 0.500000000 0.500000000 0.000000000 0.000000000 0.990787148 0.017319208 -0.134316549 -2.615240110 -0.022831878 0.998954296 -0.039611153 0.002842759 0.133490071 0.042312920 0.990146458 1.021619832
52786067 0.988185307 1.757374631 0.500000000 0.500000000 0.000000000 0.000000000 0.990495622 0.015931683 -0.136618495 -2.524980108 -0.021615708 0.998956919 -0.040222958 -0.005848411 0.135835171 0.042793766 0.989806771 0.981356893
52819433 0.988185307 1.757374631 0.500000000 0.500000000 0.000000000 0.000000000 0.990167141 0.014826596 -0.139101222 -2.435879618 -0.020665880 0.998960555 -0.040628634 -0.016556708 0.138354257 0.043103792 0.989444375 0.939908142
52852800 0.988185307 1.757374631 0.500000000 0.500000000 0.000000000 0.000000000 0.989792049 0.013776271 -0.141851619 -2.348089759 -0.019803444 0.998956084 -0.041165605 -0.028280414 0.141136423 0.043554537 0.989031613 0.892958000
52886167 0.988185307 1.757374631 0.500000000 0.500000000 0.000000000 0.000000000 0.989368021 0.013008332 -0.144850507 -2.263899793 -0.019221509 0.998950362 -0.041577112 -0.040250793 0.144157633 0.043919314 0.988579631 0.844969994
52919533 0.988185307 1.757374631 0.500000000 0.500000000 0.000000000 0.000000000 0.988911688 0.012512466 -0.147976637 -2.182890059 -0.018894864 0.998947144 -0.041804280 -0.050773889 0.147297770 0.044136744 0.988106906 0.807997991
52952900 0.988185307 1.757374631 0.500000000 0.500000000 0.000000000 0.000000000 0.988378644 0.012437735 -0.151502162 -2.099849839 -0.019004188 0.998938024 -0.041971706 -0.060447387 0.150819242 0.044363119 0.987565398 0.758764022
52986267 0.988185307 1.757374631 0.500000000 0.500000000 0.000000000 0.000000000 0.987845838 0.012400638 -0.154941574 -2.013350090 -0.019204147 0.998912275 -0.042490810 -0.066425907 0.154246137 0.044949889 0.987009466 0.707322991
53019633 0.988185307 1.757374631 0.500000000 0.500000000 0.000000000 0.000000000 0.987349689 0.012417531 -0.158070967 -1.922370007 -0.019446520 0.998885870 -0.042998526 -0.066399998 0.157360926 0.045528512 0.986491084 0.643959006
53053000 0.988185307 1.757374631 0.500000000 0.500000000 0.000000000 0.000000000 0.986894429 0.012952994 -0.160846666 -1.833430078 -0.020218382 0.998843789 -0.043615401 -0.056971600 0.160095736 0.046295851 0.986015260 0.604146019
53086367 0.988185307 1.757374631 0.500000000 0.500000000 0.000000000 0.000000000 0.986424208 0.013952449 -0.163623482 -1.746300046 -0.021320991 0.998831809 -0.043364089 -0.047393682 0.162827313 0.046264004 0.985569298 0.588525978
53119733 0.988185307 1.757374631 0.500000000 0.500000000 0.000000000 0.000000000 0.985964298 0.014819645 -0.166297376 -1.657440054 -0.022284096 0.998821735 -0.043110374 -0.035538302 0.165462554 0.046211075 0.985132813 0.578112989
53153100 0.988185307 1.757374631 0.500000000 0.500000000 0.000000000 0.000000000 0.985539854 0.015742581 -0.168710709 -1.563119946 -0.023224231 0.998827994 -0.042464826 -0.018904694 0.167844474 0.045768958 0.984750450 0.550468950
53186467 0.988185307 1.757374631 0.500000000 0.500000000 0.000000000 0.000000000 0.985149086 0.016922623 -0.170865074 -1.468629882 -0.024385229 0.998833716 -0.041671500 -0.001233631 0.169960603 0.045219220 0.984412849 0.506225048
53219833 0.988185307 1.757374631 0.500000000 0.500000000 0.000000000 0.000000000 0.984803319 0.018271744 -0.172709659 -1.375860087 -0.025674969 0.998840332 -0.040728737 0.015557390 0.171765193 0.044544104 0.984130383 0.475809991
53253200 0.988185307 1.757374631 0.500000000 0.500000000 0.000000000 0.000000000 0.984551668 0.019670200 -0.173985943 -1.285089939 -0.026958354 0.998850882 -0.039625622 0.032941391 0.173006579 0.043703847 0.983950555 0.448793021
53286567 0.988185307 1.757374631 0.500000000 0.500000000 0.000000000 0.000000000 0.984323442 0.021152055 -0.175099820 -1.196020049 -0.028244590 0.998874187 -0.038112972 0.049135895 0.174096525 0.042461116 0.983812690 0.415090974
53319933 0.988185307 1.757374631 0.500000000 0.500000000 0.000000000 0.000000000 0.984082818 0.022747641 -0.176248789 -1.108960095 -0.029582163 0.998904884 -0.036247484 0.063332182 0.175231248 0.040884338 0.983678043 0.383105982
53353300 0.988185307 1.757374631 0.500000000 0.500000000 0.000000000 0.000000000 0.983850658 0.024386793 -0.177322328 -1.023210053 -0.030927017 0.998935938 -0.034212943 0.075952804 0.176299304 0.039144475 0.983557940 0.353972986
53386667 0.988185307 1.757374631 0.500000000 0.500000000 0.000000000 0.000000000 0.983692110 0.026174555 -0.177945703 -0.937661973 -0.032323055 0.998973310 -0.031741414 0.083643206 0.176932186 0.036975529 0.983528256 0.329679027
53420033 0.988185307 1.757374631 0.500000000 0.500000000 0.000000000 0.000000000 0.983578563 0.027898876 -0.178311020 -0.850796002 -0.033597942 0.999013960 -0.029021462 0.086059001 0.177325547 0.034535777 0.983546078 0.294691992
53453400 0.988185307 1.757374631 0.500000000 0.500000000 0.000000000 0.000000000 0.983459413 0.029591873 -0.178694993 -0.761874965 -0.034812771 0.999051630 -0.026151445 0.084465709 0.177751660 0.031939756 0.983556867 0.256706972
53486767 0.988185307 1.757374631 0.500000000 0.500000000 0.000000000 0.000000000 0.983368933 0.030903148 -0.178970799 -0.671645015 -0.035621516 0.999095798 -0.023209877 0.076976894 0.178091720 0.029199079 0.983580589 0.223520010
53520133 0.988185307 1.757374631 0.500000000 0.500000000 0.000000000 0.000000000 0.983215094 0.031769890 -0.179662794 -0.578040014 -0.035961058 0.999150634 -0.020118538 0.066330491 0.178871036 0.026241712 0.983522534 0.188994011
53553500 0.988185307 1.757374631 0.500000000 0.500000000 0.000000000 0.000000000 0.983036697 0.032829437 -0.180447042 -0.481206022 -0.036456149 0.999193728 -0.016818026 0.055616599 0.179749429 0.023111137 0.983440936 0.157248031
53586867 0.988185307 1.757374631 0.500000000 0.500000000 0.000000000 0.000000000 0.982861638 0.033758599 -0.181227356 -0.382117000 -0.036812570 0.999230802 -0.013513585 0.039182101 0.180631757 0.019953426 0.983348370 0.120374003
53620233 0.988185307 1.757374631 0.500000000 0.500000000 0.000000000 0.000000000 0.982638538 0.034232993 -0.182344541 -0.280649947 -0.036805648 0.999264717 -0.010742436 0.022786901 0.181842729 0.017267246 0.983175993 0.081338299
53653600 0.988185307 1.757374631 0.500000000 0.500000000 0.000000000 0.000000000 0.982364774 0.034754205 -0.183716252 -0.177419018 -0.036760163 0.999295771 -0.007523322 0.004938229 0.183325425 0.014144079 0.982950568 0.045850804
53686967 0.988185307 1.757374631 0.500000000 0.500000000 0.000000000 0.000000000 0.982022166 0.035013493 -0.185489908 -0.075617496 -0.036556449 0.999319553 -0.004903633 -0.008063180 0.185192004 0.011596326 0.982633948 0.002993542
53720333 0.988185307 1.757374631 0.500000000 0.500000000 0.000000000 0.000000000 0.981581032 0.035295896 -0.187757671 0.024507102 -0.036369145 0.999335825 -0.002273210 -0.019645800 0.187552720 0.009059919 0.982212782 -0.041928901
53753700 0.988185307 1.757374631 0.500000000 0.500000000 0.000000000 0.000000000 0.980980277 0.035536945 -0.190826744 0.124188001 -0.036066882 0.999349117 0.000696524 -0.031499594 0.190727293 0.006199246 0.981623471 -0.053841998
53787067 0.988185307 1.757374631 0.500000000 0.500000000 0.000000000 0.000000000 0.980255127 0.035661209 -0.194494665 0.219991012 -0.035709087 0.999356925 0.003261053 -0.036891602 0.194485873 0.003748557 0.980898201 -0.105599008
53820433 0.988185307 1.757374631 0.500000000 0.500000000 0.000000000 0.000000000 0.979416788 0.035842456 -0.198640451 0.315824013 -0.035458125 0.999356091 0.005492789 -0.037588999 0.198709413 0.001663694 0.980057001 -0.156962000
53853800 0.988185307 1.757374631 0.500000000 0.500000000 0.000000000 0.000000000 0.978456855 0.036196955 -0.203253388 0.410590992 -0.035421260 0.999344647 0.007454038 -0.037044697 0.203390002 -0.000093966 0.979097784 -0.213167974
53887167 0.988185307 1.757374631 0.500000000 0.500000000 0.000000000 0.000000000 0.977366865 0.036283150 -0.208416849 0.507797021 -0.035180762 0.999340475 0.008994997 -0.033592999 0.208605766 -0.001459145 0.977998734 -0.235016987
53920533 0.988185307 1.757374631 0.500000000 0.500000000 0.000000000 0.000000000 0.976219058 0.036321945 -0.213721976 0.605714044 -0.034927085 0.999336779 0.010300158 -0.028483900 0.213954344 -0.002590530 0.976840258 -0.241239047
53953900 0.988185307 1.757374631 0.500000000 0.500000000 0.000000000 0.000000000 0.975007534 0.036518492 -0.219149753 0.700860932 -0.034902513 0.999327481 0.011242154 -0.024546998 0.219412908 -0.003312300 0.975626469 -0.265176005
53987267 0.988185307 1.757374631 0.500000000 0.500000000 0.000000000 0.000000000 0.973655820 0.036599088 -0.225066274 0.794453982 -0.034858275 0.999323726 0.011704871 -0.020838997 0.225342453 -0.003551099 0.974273145 -0.292846001
54020633 0.988185307 1.757374631 0.500000000 0.500000000 0.000000000 0.000000000 0.972170055 0.036924653 -0.231348127 0.885088959 -0.035195746 0.999313116 0.011597419 -0.018494902 0.231617451 -0.003132190 0.972801864 -0.326317927
54054000 0.988185307 1.757374631 0.500000000 0.500000000 0.000000000 0.000000000 0.970532835 0.037313391 -0.238062382 0.975965986 -0.035722915 0.999301255 0.010993144 -0.014283599 0.238306224 -0.002164920 0.971187651 -0.343745013
54087367 0.988185307 1.757374631 0.500000000 0.500000000 0.000000000 0.000000000 0.968746662 0.037667643 -0.245175436 1.066439872 -0.036282998 0.999289870 0.010163577 -0.013475995 0.245384172 -0.000950232 0.969425440 -0.363543026
54120733 0.988185307 1.757374631 0.500000000 0.500000000 0.000000000 0.000000000 0.966795087 0.038022265 -0.252708584 1.157640024 -0.036944211 0.999276698 0.009011509 -0.014652702 0.252868444 0.000623833 0.967500508 -0.384198037
54154100 0.988185307 1.757374631 0.500000000 0.500000000 0.000000000 0.000000000 0.964789271 0.038313795 -0.260218710 1.250970111 -0.037717935 0.999261856 0.007284861 -0.017438597 0.260305732 0.002786549 0.965522230 -0.395114021
54187467 0.988185307 1.757374631 0.500000000 0.500000000 0.000000000 0.000000000 0.962730289 0.038530827 -0.267704606 1.345589952 -0.038451731 0.999245107 0.005540034 -0.024027197 0.267715991 0.004960142 0.963485122 -0.400392975
54220833 0.988185307 1.757374631 0.500000000 0.500000000 0.000000000 0.000000000 0.960542619 0.038876835 -0.275402397 1.440430036 -0.039379563 0.999217451 0.003706077 -0.036839699 0.275330991 0.007285384 0.961321890 -0.417905952
54254200 0.988185307 1.757374631 0.500000000 0.500000000 0.000000000 0.000000000 0.958222747 0.038846374 -0.283372849 1.535390089 -0.040157914 0.999192655 0.001181420 -0.052756599 0.283189982 0.010247597 0.959009111 -0.433216949
54287567 0.988185307 1.757374631 0.500000000 0.500000000 0.000000000 0.000000000 0.955892563 0.038737044 -0.291150928 1.632270013 -0.040897496 0.999162436 -0.001336120 -0.072385099 0.290855289 0.013184527 0.956676245 -0.431800157
54320933 0.988185307 1.757374631 0.500000000 0.500000000 0.000000000 0.000000000 0.953599274 0.038767178 -0.298572630 1.730950095 -0.041861068 0.999115527 -0.003971552 -0.091800484 0.298154563 0.016285826 0.954378724 -0.433090103
54354300 0.988185307 1.757374631 0.500000000 0.500000000 0.000000000 0.000000000 0.951282740 0.038659718 -0.305886567 1.832599994 -0.042729128 0.999064803 -0.006616586 -0.113452982 0.305344701 0.019364504 0.952045023 -0.436985105
54387667 0.988185307 1.757374631 0.500000000 0.500000000 0.000000000 0.000000000 0.949072957 0.038571667 -0.312686473 1.937920145 -0.043845568 0.998989761 -0.009849947 -0.130587987 0.311990649 0.023058232 0.949805319 -0.449577990
54421033 0.988185307 1.757374631 0.500000000 0.500000000 0.000000000 0.000000000 0.946846366 0.038487494 -0.319375217 2.044449778 -0.044890471 0.998911083 -0.012708532 -0.142359020 0.318538308 0.026369942 0.947543085 -0.444689042
54454400 0.988185307 1.757374631 0.500000000 0.500000000 0.000000000 0.000000000 0.944648683 0.038539778 -0.325812101 2.144819938 -0.045949463 0.998830020 -0.015074369 -0.153519010 0.324849963 0.029210880 0.945314348 -0.438921946
54487767 0.988185307 1.757374631 0.500000000 0.500000000 0.000000000 0.000000000 0.942484796 0.038856052 -0.331982881 2.240929976 -0.047366358 0.998722911 -0.017578147 -0.159439983 0.330875903 0.032291960 0.943121612 -0.428126990
54521133 0.988185307 1.757374631 0.500000000 0.500000000 0.000000000 0.000000000 0.940370619 0.039412156 -0.337860763 2.332430197 -0.048930578 0.998607874 -0.019699220 -0.164443975 0.336614013 0.035056282 0.940989971 -0.426210059
54554500 0.988185307 1.757374631 0.500000000 0.500000000 0.000000000 0.000000000 0.938270867 0.040555809 -0.343515664 2.422450162 -0.050806414 0.998490036 -0.020888742 -0.167203979 0.342149824 0.037052091 0.938914657 -0.415596089
54587867 0.988185307 1.757374631 0.500000000 0.500000000 0.000000000 0.000000000 0.936172545 0.041709900 -0.349057496 2.507039774 -0.052607521 0.998377383 -0.021794369 -0.168062015 0.347582102 0.038766354 0.936847806 -0.418726859
54621233 0.988185307 1.757374631 0.500000000 0.500000000 0.000000000 0.000000000 0.934174359 0.043067224 -0.354208142 2.589240027 -0.054583386 0.998253822 -0.022580978 -0.164384026 0.352617115 0.040428463 0.934893906 -0.406053992
54654600 0.988185307 1.757374631 0.500000000 0.500000000 0.000000000 0.000000000 0.932410717 0.044588305 -0.358639330 2.669310069 -0.056554489 0.998135984 -0.022938978 -0.160680990 0.356947988 0.041671213 0.933194339 -0.390874102
54687967 0.988185307 1.757374631 0.500000000 0.500000000 0.000000000 0.000000000 0.930743694 0.046112712 -0.362752944 2.745899642 -0.058371756 0.998032212 -0.022900321 -0.156207044 0.360983104 0.042488873 0.931603849 -0.381199866
54721333 0.988185307 1.757374631 0.500000000 0.500000000 0.000000000 0.000000000 0.929102242 0.047400970 -0.366772711 2.817430075 -0.060044903 0.997927547 -0.023134548 -0.148203988 0.364915967 0.043517191 0.930022895 -0.380270063
54754700 0.988185307 1.757374631 0.500000000 0.500000000 0.000000000 0.000000000 0.927569389 0.048458643 -0.370495200 2.888619689 -0.061505690 0.997830629 -0.023474693 -0.138505050 0.368553936 0.044561990 0.928537607 -0.377305746
54788067 0.988185307 1.757374631 0.500000000 0.500000000 0.000000000 0.000000000 0.926193595 0.049631402 -0.373767376 2.961679551 -0.062989160 0.997735143 -0.023600642 -0.126204046 0.371749520 0.045402076 0.927222133 -0.369011006
54821433 0.988185307 1.757374631 0.500000000 0.500000000 0.000000000 0.000000000 0.925020516 0.050861977 -0.376497060 3.031849875 -0.064457923 0.997641504 -0.023593482 -0.115704034 0.374409050 0.046092685 0.926117301 -0.375874979
54854800 0.988185307 1.757374631 0.500000000 0.500000000 0.000000000 0.000000000 0.923917055 0.051860288 -0.379061818 3.099750173 -0.065694623 0.997559607 -0.023644336 -0.105661951 0.376910567 0.046747714 0.925069273 -0.393055958
54888167 0.988185307 1.757374631 0.500000000 0.500000000 0.000000000 0.000000000 0.922859669 0.052746378 -0.381507277 3.170329918 -0.066660807 0.997502685 -0.023338754 -0.099703541 0.379323483 0.046969991 0.924071133 -0.397508052
54921533 0.988185307 1.757374631 0.500000000 0.500000000 0.000000000 0.000000000 0.921922922 0.053848341 -0.383612245 3.243169557 -0.067630164 0.997456312 -0.022518624 -0.099743240 0.381423861 0.046704214 0.923219621 -0.397634050
54954900 0.988185307 1.757374631 0.500000000 0.500000000 0.000000000 0.000000000 0.921148062 0.055032395 -0.385301948 3.318839585 -0.068638928 0.997406900 -0.021637378 -0.103288999 0.383112073 0.046377949 0.922536790 -0.403881084
54988267 0.988185307 1.757374631 0.500000000 0.500000000 0.000000000 0.000000000 0.920486569 0.055875011 -0.386758834 3.395409992 -0.069277145 0.997380853 -0.020788183 -0.108261023 0.384584278 0.045928799 0.921946526 -0.421067035
55021633 0.988185307 1.757374631 0.500000000 0.500000000 0.000000000 0.000000000 0.919914484 0.056784485 -0.387985677 3.475730015 -0.069875918 0.997361064 -0.019704955 -0.113754983 0.385842890 0.045237727 0.921454787 -0.434500987
55055000 0.988185307 1.757374631 0.500000000 0.500000000 0.000000000 0.000000000 0.919455647 0.057820320 -0.388919324 3.558010402 -0.070425361 0.997350633 -0.018219382 -0.121134957 0.386835486 0.044141680 0.921091676 -0.450766024
55088367 0.988185307 1.757374631 0.500000000 0.500000000 0.000000000 0.000000000 0.919103026 0.058515362 -0.389648080 3.639140114 -0.070636608 0.997359991 -0.016839404 -0.130099982 0.387634039 0.043000560 0.920809865 -0.463968943
55121733 0.988185307 1.757374631 0.500000000 0.500000000 0.000000000 0.000000000 0.918874502 0.059193078 -0.390084535 3.720240447 -0.070863277 0.997364342 -0.015579697 -0.139763952 0.388134211 0.041958429 0.920647323 -0.477512108
55155100 0.988185307 1.757374631 0.500000000 0.500000000 0.000000000 0.000000000 0.918638706 0.060096867 -0.390501291 3.799449930 -0.071203284 0.997363389 -0.014011932 -0.148151002 0.388629645 0.040676877 0.920495749 -0.509187963
55188467 0.988185307 1.757374631 0.500000000 0.500000000 0.000000000 0.000000000 0.918223262 0.060755175 -0.391375721 3.873110455 -0.071403101 0.997366726 -0.012695760 -0.154569920 0.389573812 0.039602958 0.920143485 -0.549270186
55221833 0.988185307 1.757374631 0.500000000 0.500000000 0.000000000 0.000000000 0.917554200 0.060817108 -0.392931819 3.949399346 -0.071092531 0.997401834 -0.011635961 -0.155721048 0.391203284 0.038611174 0.919493854 -0.552218836
55255200 0.988185307 1.757374631 0.500000000 0.500000000 0.000000000 0.000000000 0.917150676 0.060997993 -0.393844783 4.021769207 -0.070925996 0.997424304 -0.010686778 -0.153272060 0.392178476 0.037735246 0.919114769 -0.569953039
55288567 0.988185307 1.757374631 0.500000000 0.500000000 0.000000000 0.000000000 0.916601181 0.061624363 -0.395024836 4.090219569 -0.071057484 0.997429073 -0.009279001 -0.147639044 0.393437445 0.036574624 0.918623567 -0.614672223
55321933 0.988185307 1.757374631 0.500000000 0.500000000 0.000000000 0.000000000 0.915759027 0.062268719 -0.396872580 4.162739716 -0.071312174 0.997421503 -0.008054474 -0.138884060 0.395347714 0.035677828 0.917838335 -0.634158015
55355300 0.988185307 1.757374631 0.500000000 0.500000000 0.000000000 0.000000000 0.915076017 0.062627345 -0.398388982 4.236530275 -0.071210206 0.997438371 -0.006766831 -0.126460001 0.396944702 0.034561511 0.917191625 -0.639081913
55388667 0.988185307 1.757374631 0.500000000 0.500000000 0.000000000 0.000000000 0.914503336 0.062745154 -0.399683237 4.306399803 -0.070754826 0.997479677 -0.005300463 -0.109151025 0.398343325 0.033126816 0.916637957 -0.649503914
55422033 0.988185307 1.757374631 0.500000000 0.500000000 0.000000000 0.000000000 0.913703799 0.062943071 -0.401476622 4.374269758 -0.070267633 0.997521937 -0.003528738 -0.091605226 0.400259614 0.031435050 0.915862441 -0.651356107
55455400 0.988185307 1.757374631 0.500000000 0.500000000 0.000000000 0.000000000 0.912733197 0.062842816 -0.403694034 4.438789610 -0.069546103 0.997576833 -0.001948259 -0.073334504 0.402593374 0.029853597 0.914891958 -0.647839114
55488767 0.988185307 1.757374631 0.500000000 0.500000000 0.000000000 0.000000000 0.911648452 0.062488180 -0.406192601 4.499870081 -0.068622068 0.997642577 -0.000537525 -0.054465447 0.405201435 0.028363790 0.913787365 -0.648072168
55522133 0.988185307 1.757374631 0.500000000 0.500000000 0.000000000 0.000000000 0.910423517 0.062286492 -0.408961475 4.561610425 -0.067845762 0.997695386 0.000915894 -0.037519072 0.408076048 0.026912440 0.912551224 -0.651851026
55555500 0.988185307 1.757374631 0.500000000 0.500000000 0.000000000 0.000000000 0.909084439 0.062156238 -0.411948919 4.622209181 -0.067203619 0.997736752 0.002237669 -0.024922036 0.411155641 0.025650248 0.911204100 -0.657659054
55588867 0.988185307 1.757374631 0.500000000 0.500000000 0.000000000 0.000000000 0.907667160 0.061920013 -0.415097624 4.680579149 -0.066602662 0.997774422 0.003202042 -0.014941935 0.414372057 0.024740245 0.909771144 -0.657775920
55622233 0.988185307 1.757374631 0.500000000 0.500000000 0.000000000 0.000000000 0.906109989 0.061772604 -0.418507695 4.741679411 -0.066077083 0.997805595 0.004214862 -0.008518838 0.417849720 0.023834664 0.908203363 -0.655022621
55655600 0.988185307 1.757374631 0.500000000 0.500000000 0.000000000 0.000000000 0.904353142 0.061774701 -0.422290683 4.803030642 -0.065755337 0.997822523 0.005148423 -0.004872577 0.421689212 0.023111846 0.906445920 -0.660148905
55688967 0.988185307 1.757374631 0.500000000 0.500000000 0.000000000 0.000000000 0.902543366 0.061956689 -0.426118284 4.864259995 -0.065705553 0.997821510 0.005912930 -0.005296433 0.425556332 0.022661665 0.904648125 -0.664196937
55722333 0.988185307 1.757374631 0.500000000 0.500000000 0.000000000 0.000000000 0.900735736 0.062239099 -0.429885447 4.928130486 -0.065816559 0.997810185 0.006558662 -0.008418094 0.429352283 0.022385942 0.902859688 -0.662574239
55755700 0.988185307 1.757374631 0.500000000 0.500000000 0.000000000 0.000000000 0.898906469 0.062724680 -0.433627337 4.994519606 -0.066132694 0.997784555 0.007238033 -0.013866506 0.433120698 0.022170652 0.901063144 -0.664578756
55789067 0.988185307 1.757374631 0.500000000 0.500000000 0.000000000 0.000000000 0.896966398 0.063193478 -0.437558949 5.062699655 -0.066504277 0.997755885 0.007769369 -0.020059097 0.437067986 0.022130683 0.899156153 -0.672634112
55822433 0.988185307 1.757374631 0.500000000 0.500000000 0.000000000 0.000000000 0.894928992 0.063668527 -0.441642791 5.131159543 -0.066971101 0.997721791 0.008126687 -0.028209073 0.441154093 0.022304500 0.897154152 -0.679437854
55855800 0.988185307 1.757374631 0.500000000 0.500000000 0.000000000 0.000000000 0.892721713 0.064395472 -0.445983350 5.200689915 -0.067721829 0.997668087 0.008494853 -0.038510218 0.445490360 0.022619266 0.895000935 -0.673643073
55889167 0.988185307 1.757374631 0.500000000 0.500000000 0.000000000 0.000000000 0.890399396 0.065355256 -0.450463861 5.271060216 -0.068743601 0.997595072 0.008854924 -0.051120895 0.449959248 0.023082083 0.892750740 -0.666384976
55922533 0.988185307 1.757374631 0.500000000 0.500000000 0.000000000 0.000000000 0.887942970 0.066435792 -0.455130100 5.341498934 -0.070038490 0.997503996 0.008963988 -0.064467499 0.454589605 0.023917135 0.890379786 -0.659044045
55955900 0.988185307 1.757374631 0.500000000 0.500000000 0.000000000 0.000000000 0.885373414 0.067552716 -0.459946156 5.412119564 -0.071585819 0.997396588 0.008689413 -0.076791384 0.459335744 0.025232261 0.887904227 -0.651971811
55989267 0.988185307 1.757374631 0.500000000 0.500000000 0.000000000 0.000000000 0.882812619 0.068911470 -0.464643121 5.483431040 -0.073395096 0.997267067 0.008456000 -0.090377205 0.463955998 0.026637439 0.885457754 -0.641700123
56022633 0.988185307 1.757374631 0.500000000 0.500000000 0.000000000 0.000000000 0.880221069 0.070277557 -0.469331145 5.554058924 -0.075409696 0.997121513 0.007879446 -0.101042094 0.468533933 0.028456490 0.882986963 -0.645275642
56056000 0.988185307 1.757374631 0.500000000 0.500000000 0.000000000 0.000000000 0.877516329 0.071608678 -0.474169999 5.624129166 -0.077395305 0.996973515 0.007331370 -0.110700037 0.473259956 0.030265152 0.880402684 -0.633570686
