https://www.youtube.com/watch?v=3WMbAh4NyvU
59976589 0.782059965 1.398456560 0.500000000 0.500000000 0.000000000 0.000000000 0.918575108 0.052888252 -0.391692102 -4.399990406 -0.028647950 0.997309387 0.067478187 0.447365058 0.394207001 -0.050762620 0.917618692 -1.867100021
60060000 0.782059965 1.398456560 0.500000000 0.500000000 0.000000000 0.000000000 0.928436816 0.053062215 -0.367681265 -4.320330435 -0.031466015 0.997422218 0.064488560 0.446863034 0.370155394 -0.048304096 0.927713156 -1.680770292
60143422 0.782059965 1.398456560 0.500000000 0.500000000 0.000000000 0.000000000 0.937390268 0.049953897 -0.344679624 -4.235699868 -0.032997053 0.997946918 0.054892175 0.444883981 0.346714050 -0.040081970 0.937114060 -1.506360083
60226833 0.782059965 1.398456560 0.500000000 0.500000000 0.000000000 0.000000000 0.946122289 0.046581022 -0.320441574 -4.160620221 -0.035579637 0.998561800 0.040105093 0.444848993 0.321848840 -0.026543129 0.946418941 -1.332289965
60310256 0.782059965 1.398456560 0.500000000 0.500000000 0.000000000 0.000000000 0.952466249 0.043928508 -0.301460326 -4.085800352 -0.035535868 0.998814464 0.033270434 0.438977060 0.302564442 -0.020976320 0.952898085 -1.189770138
60477089 0.782059965 1.398456560 0.500000000 0.500000000 0.000000000 0.000000000 0.957992852 0.037616353 -0.284314483 -3.916610254 -0.033840429 0.999261856 0.018183032 0.420131038 0.284788579 -0.007797897 0.958558679 -1.003160044
60560500 0.782059965 1.398456560 0.500000000 0.500000000 0.000000000 0.000000000 0.960908175 0.031037733 -0.275122225 -3.831540369 -0.027696636 0.999487996 0.016021680 0.389230035 0.275478601 -0.007775412 0.961275816 -0.910699932
61061000 0.782059965 1.398456560 0.500000000 0.500000000 0.000000000 0.000000000 0.961456954 0.038356874 -0.272266865 -3.135699980 -0.042871285 0.999023855 -0.010649344 0.298453983 0.271592617 0.021911321 0.962162852 -0.509078994
61311256 0.782059965 1.398456560 0.500000000 0.500000000 0.000000000 0.000000000 0.974418879 0.006271954 -0.224652022 -2.894780145 -0.019509360 0.998197615 -0.056752868 0.035203686 0.223891169 0.059683882 0.972784996 -0.307636085
61394667 0.782059965 1.398456560 0.500000000 0.500000000 0.000000000 0.000000000 0.982424855 -0.007324639 -0.186514616 -2.843039869 -0.005679988 0.997593939 -0.069094695 -0.080992882 0.186571956 0.068939753 0.980019510 -0.187227057
61561500 0.782059965 1.398456560 0.500000000 0.500000000 0.000000000 0.000000000 0.995402575 -0.029055288 -0.091266021 -2.747239981 0.020973979 0.995873988 -0.088289663 -0.316914953 0.093454733 0.085969552 0.991904974 0.084934047
61644922 0.782059965 1.398456560 0.500000000 0.500000000 0.000000000 0.000000000 0.998606384 -0.032650866 -0.041463539 -2.710410182 0.028603232 0.995093286 -0.094716564 -0.412948975 0.044352673 0.093398571 0.994640410 0.244079971
61728333 0.782059965 1.398456560 0.500000000 0.500000000 0.000000000 0.000000000 0.999380827 -0.034488011 0.006968271 -2.680670031 0.035033327 0.993730128 -0.106174901 -0.492510007 -0.003262819 0.106353283 0.994323075 0.405271008
61811756 0.782059965 1.398456560 0.500000000 0.500000000 0.000000000 0.000000000 0.997906744 -0.044969082 0.046474341 -2.655969956 0.049899086 0.992563784 -0.111028016 -0.584033997 -0.041135918 0.113114640 0.992730021 0.569497934
61895167 0.782059965 1.398456560 0.500000000 0.500000000 0.000000000 0.000000000 0.993900776 -0.058945298 0.093202718 -2.620020018 0.069794685 0.990582168 -0.117795259 -0.691900012 -0.085381486 0.123581842 0.988654435 0.774935104
61978589 0.782059965 1.398456560 0.500000000 0.500000000 0.000000000 0.000000000 0.988013387 -0.077188417 0.133684382 -2.576420194 0.094510600 0.987196624 -0.128493696 -0.811314002 -0.122054555 0.139588088 0.982658565 0.972992109
62062000 0.782059965 1.398456560 0.500000000 0.500000000 0.000000000 0.000000000 0.981648445 -0.093923844 0.165965736 -2.534210082 0.117612980 0.983254075 -0.139207125 -0.911546993 -0.150111645 0.156172186 0.976256490 1.137450067
62145422 0.782059965 1.398456560 0.500000000 0.500000000 0.000000000 0.000000000 0.976299286 -0.106142834 0.188609004 -2.499069763 0.134300813 0.980512321 -0.143383533 -0.985301949 -0.169714332 0.165315598 0.971528590 1.292749992
62562500 0.782059965 1.398456560 0.500000000 0.500000000 0.000000000 0.000000000 0.972204328 -0.100907177 0.211273700 -2.408170111 0.134199530 0.979585767 -0.149673820 -1.121939969 -0.191857547 0.173866361 0.965899169 1.802320022
62729333 0.782059965 1.398456560 0.500000000 0.500000000 0.000000000 0.000000000 0.979475617 -0.103401661 0.173019052 -2.383729751 0.130324885 0.979707837 -0.152275771 -1.113369872 -0.153762549 0.171699107 0.973075747 1.773049717
62812756 0.782059965 1.398456560 0.500000000 0.500000000 0.000000000 0.000000000 0.983133733 -0.102730244 0.151309416 -2.343960026 0.125512943 0.980739236 -0.149656400 -1.092190048 -0.133020833 0.166123554 0.977091789 1.741019839
62896167 0.782059965 1.398456560 0.500000000 0.500000000 0.000000000 0.000000000 0.986267388 -0.096573427 0.133978546 -2.279120231 0.116673425 0.981570542 -0.151349455 -1.063280118 -0.116893075 0.164902747 0.979358554 1.699860162
62979589 0.782059965 1.398456560 0.500000000 0.500000000 0.000000000 0.000000000 0.990733385 -0.079089098 0.110418379 -2.217289947 0.095718436 0.983345270 -0.154499367 -0.996987020 -0.096360177 0.163636759 0.981803298 1.634560093
63063000 0.782059965 1.398456560 0.500000000 0.500000000 0.000000000 0.000000000 0.993798792 -0.063918479 0.090985507 -2.125609998 0.077741049 0.984446406 -0.157548711 -0.940563073 -0.079500079 0.163645014 0.983310759 1.577360078
63146422 0.782059965 1.398456560 0.500000000 0.500000000 0.000000000 0.000000000 0.995622873 -0.060716301 0.071053401 -2.009909965 0.071483850 0.984457016 -0.160419673 -0.910298986 -0.060208928 0.164796680 0.984488130 1.514599934
63229833 0.782059965 1.398456560 0.500000000 0.500000000 0.000000000 0.000000000 0.997450113 -0.052435055 0.048413776 -1.903499967 0.059659310 0.984917879 -0.162411779 -0.872000029 -0.039167531 0.164885968 0.985534668 1.440560121
63313256 0.782059965 1.398456560 0.500000000 0.500000000 0.000000000 0.000000000 0.998560011 -0.049959686 0.019544238 -1.803670189 0.052511420 0.984804869 -0.165535241 -0.844461065 -0.010977181 0.166323155 0.986010194 1.355880017
63396667 0.782059965 1.398456560 0.500000000 0.500000000 0.000000000 0.000000000 0.998907268 -0.046541303 -0.004262221 -1.695880084 0.045145199 0.984476089 -0.169613451 -0.814970002 0.012090085 0.169235677 0.985501468 1.288700039
63480089 0.782059965 1.398456560 0.500000000 0.500000000 0.000000000 0.000000000 0.998867750 -0.041306734 -0.023600956 -1.591410111 0.036608189 0.984206557 -0.173197448 -0.787115052 0.030382430 0.172137350 0.984604299 1.220919952
63646922 0.782059965 1.398456560 0.500000000 0.500000000 0.000000000 0.000000000 0.996818304 -0.045111515 -0.065713078 -1.386689974 0.031722151 0.980853319 -0.192146927 -0.758836955 0.073122934 0.189451009 0.979163587 1.060030031
64230833 0.782059965 1.398456560 0.500000000 0.500000000 0.000000000 0.000000000 0.980722129 0.000404159 -0.195407301 -0.594836049 -0.036248781 0.983017802 -0.179894537 -0.521585016 0.192016155 0.183509827 0.964081943 0.715953031
64314256 0.782059965 1.398456560 0.500000000 0.500000000 0.000000000 0.000000000 0.977277040 -0.000119893 -0.211966172 -0.478133065 -0.038880192 0.982931912 -0.179814473 -0.503421065 0.208369866 0.183969840 0.960592091 0.675713088
64397667 0.782059965 1.398456560 0.500000000 0.500000000 0.000000000 0.000000000 0.973554432 -0.000216050 -0.228455216 -0.351647025 -0.042100407 0.982703149 -0.180338994 -0.489631061 0.224542618 0.185187891 0.956705868 0.648792116
64481089 0.782059965 1.398456560 0.500000000 0.500000000 0.000000000 0.000000000 0.970701158 0.000534123 -0.240289494 -0.204288018 -0.044940859 0.982755780 -0.179363906 -0.472372000 0.236050084 0.184907556 0.953986168 0.631028017
64564500 0.782059965 1.398456560 0.500000000 0.500000000 0.000000000 0.000000000 0.968127728 0.003790529 -0.250428230 -0.049057105 -0.049748808 0.982872248 -0.177446440 -0.450572052 0.245466322 0.184249327 0.951734424 0.612102957
64647922 0.782059965 1.398456560 0.500000000 0.500000000 0.000000000 0.000000000 0.966332316 0.017361594 -0.256710619 0.121508995 -0.063668139 0.982827365 -0.173195437 -0.420315957 0.249295264 0.183708653 0.950843275 0.590295910
64731333 0.782059965 1.398456560 0.500000000 0.500000000 0.000000000 0.000000000 0.963108182 0.030857304 -0.267339677 0.287078020 -0.075771548 0.984308541 -0.159359366 -0.396254011 0.258227319 0.173737049 0.950333655 0.585916936
64814756 0.782059965 1.398456560 0.500000000 0.500000000 0.000000000 0.000000000 0.960337818 0.037868220 -0.276255846 0.450316006 -0.081602737 0.985527813 -0.148579746 -0.375998013 0.266631365 0.165229976 0.949529767 0.589080023
64898167 0.782059965 1.398456560 0.500000000 0.500000000 0.000000000 0.000000000 0.958459973 0.034282602 -0.283159375 0.615344988 -0.079002991 0.985817671 -0.148060843 -0.358369990 0.274067581 0.164280817 0.947575212 0.576976995
64981589 0.782059965 1.398456560 0.500000000 0.500000000 0.000000000 0.000000000 0.955603480 0.020796405 -0.293920904 0.767540957 -0.065973826 0.987282395 -0.144640684 -0.336955001 0.287174910 0.157610238 0.944822550 0.571766006
65065000 0.782059965 1.398456560 0.500000000 0.500000000 0.000000000 0.000000000 0.951846719 0.011808477 -0.306346923 0.909465040 -0.058091037 0.988102138 -0.142406583 -0.319961976 0.301020473 0.153345257 0.941207767 0.564819123
65148422 0.782059965 1.398456560 0.500000000 0.500000000 0.000000000 0.000000000 0.947871029 0.003140360 -0.318638623 1.047299890 -0.051365510 0.988380432 -0.143058553 -0.300644062 0.314486921 0.151968107 0.937018454 0.550595944
65231833 0.782059965 1.398456560 0.500000000 0.500000000 0.000000000 0.000000000 0.943405688 0.001376508 -0.331637979 1.186109936 -0.048958361 0.989612997 -0.135163486 -0.284459031 0.328007221 0.143750459 0.933673918 0.546096916
65315256 0.782059965 1.398456560 0.500000000 0.500000000 0.000000000 0.000000000 0.938105643 0.009202844 -0.346226901 1.325989898 -0.054769397 0.991010845 -0.122056790 -0.274770006 0.341991335 0.133464813 0.930176854 0.549863947
65398667 0.782059965 1.398456560 0.500000000 0.500000000 0.000000000 0.000000000 0.932632089 0.024096906 -0.360023260 1.468700123 -0.066829875 0.992040336 -0.106722534 -0.277810997 0.354585946 0.123593166 0.926819086 0.563841135
65482089 0.782059965 1.398456560 0.500000000 0.500000000 0.000000000 0.000000000 0.927725673 0.035106130 -0.371608347 1.605710293 -0.076823235 0.992211342 -0.098055445 -0.274088956 0.365271658 0.119516693 0.923196912 0.574680092
65565500 0.782059965 1.398456560 0.500000000 0.500000000 0.000000000 0.000000000 0.922916412 0.035096757 -0.383397520 1.748300189 -0.073727883 0.993517339 -0.086530179 -0.251217950 0.377875149 0.108127192 0.919521034 0.592535991
65648922 0.782059965 1.398456560 0.500000000 0.500000000 0.000000000 0.000000000 0.917914569 0.031020885 -0.395563424 1.886249794 -0.067910306 0.994511247 -0.079595894 -0.225732011 0.390923142 0.099925071 0.914983034 0.629805837
65732333 0.782059965 1.398456560 0.500000000 0.500000000 0.000000000 0.000000000 0.913037539 0.019992450 -0.407385290 2.025729864 -0.052945167 0.996156752 -0.069774993 -0.171442011 0.404424608 0.085276268 0.910587013 0.671415925
65815756 0.782059965 1.398456560 0.500000000 0.500000000 0.000000000 0.000000000 0.905049443 0.017476836 -0.424947143 2.154329984 -0.047793202 0.997005999 -0.060785681 -0.149692998 0.422612488 0.075323626 0.903174996 0.739622951
65899167 0.782059965 1.398456560 0.500000000 0.500000000 0.000000000 0.000000000 0.894147456 0.027777307 -0.446910232 2.300390013 -0.056215346 0.997140944 -0.050495416 -0.159123010 0.444229871 0.070273556 0.893152535 0.813437007
65982589 0.782059965 1.398456560 0.500000000 0.500000000 0.000000000 0.000000000 0.881414890 0.039115097 -0.470720619 2.441770526 -0.065699615 0.997030497 -0.040171772 -0.177395005 0.467751473 0.066334158 0.881367326 0.902252128
66066000 0.782059965 1.398456560 0.500000000 0.500000000 0.000000000 0.000000000 0.868838072 0.051390357 -0.492422104 2.593930333 -0.076128013 0.996637285 -0.030310147 -0.195342989 0.489208579 0.063821711 0.869828641 1.000690179
66149422 0.782059965 1.398456560 0.500000000 0.500000000 0.000000000 0.000000000 0.855466962 0.064977504 -0.513764560 2.739499834 -0.087313078 0.995991647 -0.019418217 -0.210316038 0.510443509 0.061470032 0.857711315 1.104910103
66232833 0.782059965 1.398456560 0.500000000 0.500000000 0.000000000 0.000000000 0.844396234 0.070532866 -0.531055391 2.877509212 -0.091489427 0.995718241 -0.013223566 -0.207436010 0.527848899 0.059751928 0.847233713 1.194429768
66316256 0.782059965 1.398456560 0.500000000 0.500000000 0.000000000 0.000000000 0.834161162 0.073125176 -0.546651602 3.022520428 -0.091936119 0.995739639 -0.007090272 -0.187711010 0.543804169 0.056171440 0.837330222 1.253940062
