https://www.youtube.com/watch?v=3KTkpYBWLh8
7466667 0.947756492 1.685970903 0.500000000 0.500000000 0.000000000 0.000000000 0.992883742 -0.028555198 0.115613602 0.018920276 0.027624117 0.999571800 0.009647964 -2.171489841 -0.115839593 -0.006385581 0.993247390 6.157359763
7533333 0.947756492 1.685970903 0.500000000 0.500000000 0.000000000 0.000000000 0.991994977 -0.031522151 0.122279577 0.062421121 0.030525956 0.999483824 0.010012183 -2.112819990 -0.122532062 -0.006199331 0.992445171 5.954909619
7600000 0.947756492 1.685970903 0.500000000 0.500000000 0.000000000 0.000000000 0.990946174 -0.035197508 0.129564226 0.100810053 0.034135271 0.999363005 0.010410822 -2.044540051 -0.129848123 -0.005893857 0.991516411 5.765700081
7666667 0.947756492 1.685970903 0.500000000 0.500000000 0.000000000 0.000000000 0.989841580 -0.038757145 0.136789903 0.128486135 0.037652634 0.999234080 0.010653680 -1.969110025 -0.137098029 -0.005394955 0.990542769 5.546110042
7733333 0.947756492 1.685970903 0.500000000 0.500000000 0.000000000 0.000000000 0.988729417 -0.041588571 0.143821090 0.150248133 0.040235762 0.999114454 0.012303192 -1.887159815 -0.144205391 -0.006377773 0.989527225 5.344370002
7800000 0.947756492 1.685970903 0.500000000 0.500000000 0.000000000 0.000000000 0.987182558 -0.045187894 0.153064266 0.182759978 0.043491583 0.998949826 0.014414254 -1.810800031 -0.153554872 -0.007572488 0.988111079 5.188000115
7866667 0.947756492 1.685970903 0.500000000 0.500000000 0.000000000 0.000000000 0.985882640 -0.048657306 0.160212100 0.215125102 0.046839476 0.998788178 0.015105704 -1.734189868 -0.160752952 -0.007388193 0.986967027 4.992860415
7933333 0.947756492 1.685970903 0.500000000 0.500000000 0.000000000 0.000000000 0.984403968 -0.051542684 0.168202713 0.241697058 0.049579747 0.998644352 0.015851747 -1.665039930 -0.168791726 -0.007265066 0.985624969 4.803490185
8000000 0.947756492 1.685970903 0.500000000 0.500000000 0.000000000 0.000000000 0.983096242 -0.054421842 0.174814254 0.274861972 0.052450702 0.998497248 0.015879553 -1.605819871 -0.175415754 -0.006441992 0.984473348 4.622209950
8066667 0.947756492 1.685970903 0.500000000 0.500000000 0.000000000 0.000000000 0.981748700 -0.057384972 0.181318566 0.297627983 0.055608165 0.998341918 0.014872035 -1.556130131 -0.181871340 -0.004517813 0.983311951 4.430240113
8133333 0.947756492 1.685970903 0.500000000 0.500000000 0.000000000 0.000000000 0.980751276 -0.057842899 0.186497077 0.313109885 0.056376230 0.998322845 0.013162836 -1.521550147 -0.186945662 -0.002395477 0.982367337 4.263669470
8200000 0.947756492 1.685970903 0.500000000 0.500000000 0.000000000 0.000000000 0.979810953 -0.058979720 0.191028476 0.334105066 0.057805344 0.998259068 0.011719367 -1.477539944 -0.191387117 -0.000440291 0.981514513 4.073969801
8266667 0.947756492 1.685970903 0.500000000 0.500000000 0.000000000 0.000000000 0.979159176 -0.059409499 0.194210753 0.354065054 0.058730379 0.998230934 0.009258058 -1.430660049 -0.194417194 0.002340949 0.980916142 3.865619916
8333333 0.947756492 1.685970903 0.500000000 0.500000000 0.000000000 0.000000000 0.978546023 -0.059811346 0.197155371 0.366732133 0.059586659 0.998198032 0.007077042 -1.371490068 -0.197223380 0.004822616 0.980346739 3.665980504
8400000 0.947756492 1.685970903 0.500000000 0.500000000 0.000000000 0.000000000 0.978153825 -0.059874084 0.199073151 0.380643049 0.059963148 0.998184979 0.005587030 -1.299060066 -0.199046329 0.006472088 0.979968667 3.454599770
8466667 0.947756492 1.685970903 0.500000000 0.500000000 0.000000000 0.000000000 0.977872133 -0.059652898 0.200518250 0.394998914 0.059899326 0.998192668 0.004843456 -1.215739825 -0.200444788 0.007274640 0.979677975 3.246319808
8533333 0.947756492 1.685970903 0.500000000 0.500000000 0.000000000 0.000000000 0.977703571 -0.058596391 0.201648653 0.406360998 0.059006911 0.998249650 0.003979999 -1.128880134 -0.201528907 0.008007399 0.979449868 3.050260049
8600000 0.947756492 1.685970903 0.500000000 0.500000000 0.000000000 0.000000000 0.977596760 -0.057641841 0.202440128 0.414665036 0.058112293 0.998303473 0.003624087 -1.040849995 -0.202305570 0.008221358 0.979287922 2.866329893
8666667 0.947756492 1.685970903 0.500000000 0.500000000 0.000000000 0.000000000 0.977363229 -0.056912027 0.203769833 0.422963028 0.057330631 0.998347819 0.003853116 -0.959434996 -0.203652442 0.007916362 0.979011238 2.691319747
8733333 0.947756492 1.685970903 0.500000000 0.500000000 0.000000000 0.000000000 0.977040231 -0.056555908 0.205411345 0.425271952 0.056892391 0.998371184 0.004272583 -0.884281992 -0.205318391 0.007511859 0.978666425 2.527679801
8800000 0.947756492 1.685970903 0.500000000 0.500000000 0.000000000 0.000000000 0.976558805 -0.056974869 0.207573339 0.422916055 0.057196464 0.998350739 0.004938936 -0.812634976 -0.207512394 0.007049306 0.978206992 2.346960287
8866667 0.947756492 1.685970903 0.500000000 0.500000000 0.000000000 0.000000000 0.975679398 -0.058319803 0.211301863 0.417230981 0.058366556 0.998277068 0.006021130 -0.747573010 -0.211288959 0.006458275 0.977402270 2.164269742
8933333 0.947756492 1.685970903 0.500000000 0.500000000 0.000000000 0.000000000 0.974454701 -0.059909455 0.216446146 0.400474009 0.059678204 0.998188674 0.007610357 -0.694037978 -0.216510013 0.005501170 0.976264894 1.994299911
9000000 0.947756492 1.685970903 0.500000000 0.500000000 0.000000000 0.000000000 0.972872436 -0.063501209 0.222456351 0.377831970 0.063017398 0.997969270 0.009279869 -0.638077927 -0.222593889 0.004990503 0.974898458 1.786199960
9066667 0.947756492 1.685970903 0.500000000 0.500000000 0.000000000 0.000000000 0.970615149 -0.067110255 0.231089801 0.346356967 0.066481724 0.997732222 0.010514968 -0.585114962 -0.231271416 0.005157250 0.972875595 1.588739928
9133333 0.947756492 1.685970903 0.500000000 0.500000000 0.000000000 0.000000000 0.967686176 -0.071567260 0.241788372 0.305302001 0.070622526 0.997423768 0.012583108 -0.527983106 -0.242066011 0.004899197 0.970247447 1.398900109
9200000 0.947756492 1.685970903 0.500000000 0.500000000 0.000000000 0.000000000 0.963754654 -0.078619421 0.254942834 0.264578979 0.077411905 0.996889591 0.014782894 -0.463148971 -0.255312085 0.005488546 0.966843069 1.182519919
9266667 0.947756492 1.685970903 0.500000000 0.500000000 0.000000000 0.000000000 0.958495319 -0.086989976 0.271513343 0.209897992 0.085370086 0.996190369 0.017795650 -0.389565001 -0.272027016 0.006122069 0.962270141 0.968269984
9333333 0.947756492 1.685970903 0.500000000 0.500000000 0.000000000 0.000000000 0.951357186 -0.097288854 0.292325705 0.154500984 0.095202662 0.995228052 0.021390039 -0.310932969 -0.293011755 0.007480629 0.956079543 0.749566913
9400000 0.947756492 1.685970903 0.500000000 0.500000000 0.000000000 0.000000000 0.941381335 -0.111602709 0.318348765 0.099919581 0.108469144 0.993716240 0.027613116 -0.235667987 -0.319430053 0.008536579 0.947571337 0.537315940
9466667 0.947756492 1.685970903 0.500000000 0.500000000 0.000000000 0.000000000 0.926772833 -0.130324334 0.352289349 0.023518220 0.126300484 0.991392255 0.034490608 -0.154719014 -0.353751868 0.012529312 0.935255468 0.320451067
9533333 0.947756492 1.685970903 0.500000000 0.500000000 0.000000000 0.000000000 0.915997684 -0.142632455 0.374972314 -0.022218095 0.137678087 0.989663959 0.040123980 -0.089930993 -0.376819581 0.014871997 0.926167309 0.135920012
9600000 0.947756492 1.685970903 0.500000000 0.500000000 0.000000000 0.000000000 0.906606436 -0.155781433 0.392169356 -0.088223087 0.149917260 0.987639666 0.045745440 -0.021453001 -0.394448340 0.017319895 0.918754816 -0.047211990
9666667 0.947756492 1.685970903 0.500000000 0.500000000 0.000000000 0.000000000 0.900313020 -0.161423221 0.404201508 -0.159986968 0.155013189 0.986707330 0.048780311 0.037124893 -0.406702876 0.018739048 0.913368225 -0.213409974
9733333 0.947756492 1.685970903 0.500000000 0.500000000 0.000000000 0.000000000 0.895431876 -0.164836898 0.413558483 -0.230850007 0.158199027 0.986114144 0.050516535 0.090132806 -0.416142881 0.020190421 0.909075081 -0.391402020
9800000 0.947756492 1.685970903 0.500000000 0.500000000 0.000000000 0.000000000 0.891617954 -0.166210651 0.421178639 -0.299442002 0.159338653 0.985867143 0.051741496 0.140958005 -0.423826158 0.020976381 0.905500650 -0.565947020
9866667 0.947756492 1.685970903 0.500000000 0.500000000 0.000000000 0.000000000 0.888453186 -0.165259510 0.428182572 -0.368396033 0.158343226 0.986013651 0.052004889 0.191057024 -0.430788189 0.021595865 0.902194679 -0.730419055
9933333 0.947756492 1.685970903 0.500000000 0.500000000 0.000000000 0.000000000 0.885846913 -0.164230376 0.433939785 -0.431365049 0.157187074 0.986180305 0.052350745 0.243146060 -0.436540455 0.021834940 0.899419665 -0.934512068
10000000 0.947756492 1.685970903 0.500000000 0.500000000 0.000000000 0.000000000 0.883860588 -0.163915187 0.438089430 -0.498268021 0.156341553 0.986248195 0.053589329 0.293095011 -0.440849006 0.021126077 0.897332668 -1.126560036
10066667 0.947756492 1.685970903 0.500000000 0.500000000 0.000000000 0.000000000 0.882341862 -0.164604500 0.440883607 -0.564991139 0.156471863 0.986148059 0.055032097 0.352849052 -0.443835050 0.020428708 0.895875692 -1.317450343
10133333 0.947756492 1.685970903 0.500000000 0.500000000 0.000000000 0.000000000 0.881379247 -0.164870143 0.442705989 -0.630354124 0.155939579 0.986132622 0.056791447 0.422077069 -0.445930064 0.018980527 0.894866645 -1.503410359
10200000 0.947756492 1.685970903 0.500000000 0.500000000 0.000000000 0.000000000 0.880397141 -0.164038703 0.444962978 -0.697462935 0.154336408 0.986300409 0.058238760 0.496238931 -0.448420584 0.017400781 0.893653274 -1.676549908
10266667 0.947756492 1.685970903 0.500000000 0.500000000 0.000000000 0.000000000 0.879657686 -0.162719369 0.446905702 -0.757998926 0.152696669 0.986531794 0.058641098 0.564022988 -0.450428694 0.016656948 0.892656922 -1.841779626
10333333 0.947756492 1.685970903 0.500000000 0.500000000 0.000000000 0.000000000 0.878382087 -0.160167307 0.450323254 -0.826046688 0.150432169 0.986940920 0.057600267 0.627364881 -0.453668147 0.017148135 0.891005576 -1.970539642
10400000 0.947756492 1.685970903 0.500000000 0.500000000 0.000000000 0.000000000 0.876528382 -0.158087298 0.454649687 -0.891868784 0.149088040 0.987245560 0.055847608 0.677785993 -0.457679689 0.018830849 0.888917685 -2.119649689
10466667 0.947756492 1.685970903 0.500000000 0.500000000 0.000000000 0.000000000 0.872816324 -0.155647948 0.462563932 -0.977962829 0.148344591 0.987547219 0.052386511 0.726524005 -0.464957595 0.022895034 0.885036886 -2.223680007
10533333 0.947756492 1.685970903 0.500000000 0.500000000 0.000000000 0.000000000 0.867300451 -0.154772237 0.473112553 -1.072430031 0.150067315 0.987512290 0.047950629 0.770619032 -0.474625915 0.029411111 0.879696131 -2.343070188
10600000 0.947756492 1.685970903 0.500000000 0.500000000 0.000000000 0.000000000 0.859537125 -0.156888723 0.486396998 -1.171880211 0.153983742 0.986990631 0.046244029 0.795483098 -0.487324446 0.035148736 0.872513354 -2.481620493
10666667 0.947756492 1.685970903 0.500000000 0.500000000 0.000000000 0.000000000 0.849948347 -0.159779713 0.502053916 -1.297180032 0.160878643 0.986102521 0.041470900 0.848625938 -0.501702845 0.045521662 0.863841414 -2.569299929
10733333 0.947756492 1.685970903 0.500000000 0.500000000 0.000000000 0.000000000 0.838561654 -0.166433111 0.518762290 -1.436220038 0.170188650 0.984567642 0.040772025 0.885308005 -0.517542422 0.054097604 0.853945732 -2.674210148
10800000 0.947756492 1.685970903 0.500000000 0.500000000 0.000000000 0.000000000 0.825249612 -0.175475299 0.536816239 -1.594340331 0.181137800 0.982529998 0.042707060 0.918559234 -0.534932137 0.061993670 0.842617750 -2.789041087
10866667 0.947756492 1.685970903 0.500000000 0.500000000 0.000000000 0.000000000 0.810381413 -0.186324731 0.555486143 -1.776469698 0.193493471 0.980001986 0.046436947 0.950199937 -0.553029835 0.069851346 0.830228031 -2.885049478
10933333 0.947756492 1.685970903 0.500000000 0.500000000 0.000000000 0.000000000 0.795363307 -0.197502300 0.573053300 -1.955870258 0.206248149 0.977194190 0.050529148 0.986361975 -0.569963992 0.078002125 0.817958891 -2.973210369
11000000 0.947756492 1.685970903 0.500000000 0.500000000 0.000000000 0.000000000 0.779455304 -0.210182637 0.590146720 -2.151631071 0.219603032 0.973933220 0.056821618 1.007540552 -0.586706340 0.085307963 0.805294096 -3.068261317
11066667 0.947756492 1.685970903 0.500000000 0.500000000 0.000000000 0.000000000 0.763498425 -0.219725028 0.607281923 -2.351320592 0.231353357 0.970989645 0.060454287 1.041440352 -0.602947831 0.094339870 0.792183161 -3.123510779
11133333 0.947756492 1.685970903 0.500000000 0.500000000 0.000000000 0.000000000 0.748336911 -0.228407964 0.622753382 -2.534870444 0.242446378 0.968069851 0.063722283 1.062860182 -0.617423415 0.103298515 0.779819131 -3.165260694
11200000 0.947756492 1.685970903 0.500000000 0.500000000 0.000000000 0.000000000 0.735266805 -0.234693617 0.635846794 -2.696838692 0.251471221 0.965637028 0.065629691 1.084479248 -0.629400074 0.111642018 0.769019604 -3.216168518
11266667 0.947756492 1.685970903 0.500000000 0.500000000 0.000000000 0.000000000 0.723517299 -0.238570377 0.647770941 -2.844510902 0.259778976 0.963498533 0.064695105 1.116550383 -0.639560759 0.121469140 0.759083390 -3.260150980
11333333 0.947756492 1.685970903 0.500000000 0.500000000 0.000000000 0.000000000 0.713189244 -0.241758049 0.657961905 -2.982159514 0.267572939 0.961459935 0.063241571 1.143739814 -0.647893131 0.130949661 0.750390887 -3.309639642
11400000 0.947756492 1.685970903 0.500000000 0.500000000 0.000000000 0.000000000 0.704699695 -0.243761674 0.666317523 -3.099981580 0.274882108 0.959583223 0.060331963 1.175790673 -0.654093683 0.140642703 0.743223667 -3.369411261
11466667 0.947756492 1.685970903 0.500000000 0.500000000 0.000000000 0.000000000 0.697774649 -0.244855180 0.673168898 -3.204669174 0.281872928 0.957803726 0.056210894 1.224640022 -0.658527255 0.150525570 0.737349212 -3.438519345
11533333 0.947756492 1.685970903 0.500000000 0.500000000 0.000000000 0.000000000 0.692388296 -0.246188194 0.678225577 -3.290379974 0.288348109 0.956075668 0.052675210 1.267880289 -0.661403000 0.159093320 0.732963443 -3.493199865
11600000 0.947756492 1.685970903 0.500000000 0.500000000 0.000000000 0.000000000 0.686983943 -0.247770861 0.683127224 -3.372170652 0.294855833 0.954254210 0.049588319 1.316810552 -0.664163530 0.167357579 0.728613973 -3.582640460
11666667 0.947756492 1.685970903 0.500000000 0.500000000 0.000000000 0.000000000 0.681066036 -0.249651745 0.688348174 -3.453010640 0.301124185 0.952402115 0.047480896 1.363920099 -0.667437911 0.174940631 0.723824918 -3.653920184
11733333 0.947756492 1.685970903 0.500000000 0.500000000 0.000000000 0.000000000 0.675050139 -0.251614690 0.693540037 -3.527521332 0.306973994 0.950601459 0.046085887 1.412280973 -0.670876086 0.181788296 0.718942761 -3.744481617
11800000 0.947756492 1.685970903 0.500000000 0.500000000 0.000000000 0.000000000 0.668097079 -0.254544318 0.699180961 -3.596651868 0.312368214 0.948800743 0.046939895 1.447601194 -0.675331712 0.187041312 0.713402510 -3.803042381
11866667 0.947756492 1.685970903 0.500000000 0.500000000 0.000000000 0.000000000 0.661497593 -0.257142723 0.704485059 -3.651162333 0.318183899 0.946870863 0.046847038 1.509501127 -0.679102778 0.193166375 0.708171427 -3.910822434
