https://www.youtube.com/watch?v=FKPJoFuWYjA
57991267 1.155772687 2.055409795 0.500000000 0.500000000 0.000000000 0.000000000 0.996568084 -0.000543572 0.082775243 2.471790019 0.002336896 0.999764621 -0.021569643 0.601912985 -0.082744040 0.021689054 0.996334791 -6.738449778
58058000 1.155772687 2.055409795 0.500000000 0.500000000 0.000000000 0.000000000 0.996092260 -0.000461617 0.088317677 2.210180097 0.002577036 0.999712467 -0.023839876 0.657131025 -0.088281274 0.023974314 0.995807052 -6.147049890
58124733 1.155772687 2.055409795 0.500000000 0.500000000 0.000000000 0.000000000 0.995566845 -0.000157282 0.094056740 1.932290146 0.002596645 0.999663413 -0.025813192 0.685281996 -0.094021022 0.025942989 0.995232165 -5.550189868
58191467 1.155772687 2.055409795 0.500000000 0.500000000 0.000000000 0.000000000 0.994997501 -0.000156418 0.099899374 1.651699933 0.002899695 0.999622643 -0.027315766 0.680457030 -0.099857397 0.027468797 0.994622529 -4.953829822
58258200 1.155772687 2.055409795 0.500000000 0.500000000 0.000000000 0.000000000 0.994368434 -0.000152860 0.105978571 1.359990069 0.003186942 0.999589860 -0.028460464 0.643834021 -0.105930753 0.028637933 0.993961036 -4.328129954
58324933 1.155772687 2.055409795 0.500000000 0.500000000 0.000000000 0.000000000 0.993685007 0.000162822 0.112205371 1.056990043 0.003097737 0.999577999 -0.028883917 0.551615035 -0.112162724 0.029049100 0.993265152 -3.715229973
58391667 1.155772687 2.055409795 0.500000000 0.500000000 0.000000000 0.000000000 0.993012786 -0.000271571 0.118006259 0.799401892 0.003716641 0.999573231 -0.028974863 0.434747033 -0.117948025 0.029210998 0.992590010 -3.035170174
58792067 1.155772687 2.055409795 0.500000000 0.500000000 0.000000000 0.000000000 0.988006473 -0.003566144 0.154371366 -0.637095007 0.008049402 0.999563456 -0.028426738 -0.176459976 -0.154202595 0.029328397 0.987603843 0.445730996
58858800 1.155772687 2.055409795 0.500000000 0.500000000 0.000000000 0.000000000 0.987201035 -0.004089040 0.159428298 -0.753615968 0.008759743 0.999552429 -0.028604815 -0.241161006 -0.159239978 0.029635252 0.986795008 1.025630000
58925533 1.155772687 2.055409795 0.500000000 0.500000000 0.000000000 0.000000000 0.986440897 -0.004716028 0.164049149 -0.819641998 0.009598010 0.999533951 -0.028979357 -0.287387035 -0.163836032 0.030160967 0.986026406 1.569440118
58992267 1.155772687 2.055409795 0.500000000 0.500000000 0.000000000 0.000000000 0.985691488 -0.005652726 0.168464690 -0.853854027 0.010700807 0.999520004 -0.029072415 -0.353880974 -0.168219507 0.030459139 0.985278845 2.097170061
59259200 1.155772687 2.055409795 0.500000000 0.500000000 0.000000000 0.000000000 0.982428849 -0.008711029 0.186434001 -0.914062911 0.014375672 0.999474466 -0.029053815 -0.611949925 -0.186082929 0.031223420 0.982037783 4.070309975
59325933 1.155772687 2.055409795 0.500000000 0.500000000 0.000000000 0.000000000 0.981459141 -0.009356368 0.191442952 -0.942140023 0.015147554 0.999470174 -0.028809082 -0.687837044 -0.191071972 0.031174827 0.981080830 4.526489911
59392667 1.155772687 2.055409795 0.500000000 0.500000000 0.000000000 0.000000000 0.980434716 -0.009845369 0.196598187 -0.953814969 0.015778469 0.999465406 -0.028635323 -0.752660989 -0.196211144 0.031177085 0.980065882 4.966289892
59459400 1.155772687 2.055409795 0.500000000 0.500000000 0.000000000 0.000000000 0.979362071 -0.010367282 0.201847479 -0.938387828 0.016415779 0.999464273 -0.028314745 -0.826228983 -0.201445803 0.031043874 0.979007602 5.405370699
