https://www.youtube.com/watch?v=jot2pxcAPC0
155320000 0.692592663 1.248779968 0.500000000 0.500000000 0.000000000 0.000000000 0.999958873 -0.005463033 -0.007240267 -0.597121005 0.005469016 0.999984741 0.000806840 -4.925209931 0.007235748 -0.000846404 0.999973476 7.036080303
155400000 0.692592663 1.248779968 0.500000000 0.500000000 0.000000000 0.000000000 0.999907553 -0.005490289 -0.012440243 -0.398110994 0.005666255 0.999883771 0.014154069 -3.948889789 0.012361088 -0.014223250 0.999822438 5.499849569
155480000 0.692592663 1.248779968 0.500000000 0.500000000 0.000000000 0.000000000 0.999835014 -0.005364308 -0.017353749 -0.242431014 0.005855739 0.999579668 0.028392693 -2.989559542 0.017194146 -0.028489629 0.999446213 4.033000187
155560000 0.692592663 1.248779968 0.500000000 0.500000000 0.000000000 0.000000000 0.999741793 -0.005335498 -0.022087941 -0.062375505 0.006290241 0.999038696 0.043383248 -2.118079812 0.021835236 -0.043510988 0.998814285 2.725889821
155640000 0.692592663 1.248779968 0.500000000 0.500000000 0.000000000 0.000000000 0.999639034 -0.005085574 -0.026381142 0.113214002 0.006609355 0.998294771 0.057998538 -1.371949980 0.026041202 -0.058151960 0.997968018 1.658120036
155720000 0.692592663 1.248779968 0.500000000 0.500000000 0.000000000 0.000000000 0.999519169 -0.004929158 -0.030612675 0.206554002 0.007089449 0.997460663 0.070865989 -0.780564094 0.030185631 -0.071048945 0.997016013 0.712335031
155800000 0.692592663 1.248779968 0.500000000 0.500000000 0.000000000 0.000000000 0.999357522 -0.004676546 -0.035534371 0.260980019 0.007519800 0.996741831 0.080307037 -0.283319014 0.035043035 -0.080522656 0.996136606 -0.098732199
155880000 0.692592663 1.248779968 0.500000000 0.500000000 0.000000000 0.000000000 0.999167442 -0.004319448 -0.040568393 0.268790010 0.007862246 0.996126473 0.087579980 0.041406611 0.040032949 -0.087826028 0.995331049 -0.791999926
155960000 0.692592663 1.248779968 0.500000000 0.500000000 0.000000000 0.000000000 0.998976350 -0.003909311 -0.045065835 0.270363995 0.008164220 0.995479763 0.094622128 0.254153956 0.044492222 -0.094893195 0.994492710 -1.326670089
156040000 0.692592663 1.248779968 0.500000000 0.500000000 0.000000000 0.000000000 0.998827875 -0.003907187 -0.048244782 0.175289987 0.008653782 0.995092213 0.098572932 0.437302964 0.047622867 -0.098874889 0.993959665 -1.728809957
156120000 0.692592663 1.248779968 0.500000000 0.500000000 0.000000000 0.000000000 0.998724341 -0.003557469 -0.050369304 -0.047187594 0.008616666 0.994891167 0.100584619 0.581339896 0.049754146 -0.100890316 0.993652701 -2.118200096
156200000 0.692592663 1.248779968 0.500000000 0.500000000 0.000000000 0.000000000 0.998655438 -0.003324244 -0.051733118 -0.162668014 0.008572912 0.994791627 0.101568542 0.760900987 0.051126029 -0.101875477 0.993482530 -2.500989973
156280000 0.692592663 1.248779968 0.500000000 0.500000000 0.000000000 0.000000000 0.998658478 -0.003094283 -0.051688571 -0.142384984 0.008382360 0.994707406 0.102405742 1.035010009 0.051098127 -0.102701634 0.993398905 -2.895289967
156360000 0.692592663 1.248779968 0.500000000 0.500000000 0.000000000 0.000000000 0.998699546 -0.002933942 -0.050897703 -0.023339156 0.008175073 0.994640112 0.103073835 1.336279934 0.050322480 -0.103355885 0.993370652 -3.288750155
156440000 0.692592663 1.248779968 0.500000000 0.500000000 0.000000000 0.000000000 0.998732448 -0.003068086 -0.050240763 0.180513007 0.008254305 0.994611025 0.103348061 1.642569987 0.049652934 -0.103631765 0.993375599 -3.683380079
156520000 0.692592663 1.248779968 0.500000000 0.500000000 0.000000000 0.000000000 0.998782635 -0.003213327 -0.049223613 0.351820020 0.008315812 0.994562507 0.103808567 1.870809829 0.048622388 -0.104091525 0.993378460 -4.053829954
