https://www.youtube.com/watch?v=b4lApd_TkOI
6566667 0.952694962 1.694259248 0.500000000 0.500000000 0.000000000 0.000000000 0.987731576 0.127050683 -0.090799145 2.897569869 -0.096565261 0.953874290 0.284251601 -6.541139741 0.122725345 -0.271996230 0.954440415 -1.639510005
6633333 0.952694962 1.694259248 0.500000000 0.500000000 0.000000000 0.000000000 0.990484476 0.119261473 -0.068681613 2.798530079 -0.094632670 0.952547371 0.289306432 -6.274700447 0.099925578 -0.280054003 0.954769433 -1.613280262
6700000 0.952694962 1.694259248 0.500000000 0.500000000 0.000000000 0.000000000 0.992995620 0.109193981 -0.045126908 2.703750244 -0.091440290 0.952115595 0.291744083 -5.991640182 0.074822709 -0.285574168 0.955431342 -1.589370529
6766667 0.952694962 1.694259248 0.500000000 0.500000000 0.000000000 0.000000000 0.994840384 0.099214219 -0.021193750 2.607030057 -0.088652290 0.951715827 0.293900996 -5.737539959 0.049329579 -0.290505677 0.955600858 -1.521260105
6833333 0.952694962 1.694259248 0.500000000 0.500000000 0.000000000 0.000000000 0.995958269 0.089747988 0.003533083 2.495290244 -0.086718850 0.950610697 0.298025548 -5.487750852 0.023388591 -0.297127366 0.954551399 -1.488380113
6900000 0.952694962 1.694259248 0.500000000 0.500000000 0.000000000 0.000000000 0.996405721 0.079921022 0.028075706 2.397259830 -0.084668368 0.949899316 0.300869703 -5.248090330 -0.002623289 -0.302165449 0.953251898 -1.448499721
6966667 0.952694962 1.694259248 0.500000000 0.500000000 0.000000000 0.000000000 0.996128559 0.070034355 0.053133126 2.300620154 -0.082909778 0.949372530 0.303014696 -5.011360696 -0.029221710 -0.306246817 0.951503575 -1.450800400
7033333 0.952694962 1.694259248 0.500000000 0.500000000 0.000000000 0.000000000 0.995058894 0.058235522 0.080414206 2.199050104 -0.080067486 0.949596941 0.303075492 -4.777759965 -0.058711305 -0.308016539 0.949567676 -1.410030001
7133333 0.952694962 1.694259248 0.500000000 0.500000000 0.000000000 0.000000000 0.992100179 0.039560512 0.119047023 2.076080194 -0.074137993 0.950417817 0.302009106 -4.436500132 -0.101196758 -0.308449209 0.945842624 -1.419959837
7200000 0.952694962 1.694259248 0.500000000 0.500000000 0.000000000 0.000000000 0.989077926 0.027095776 0.144881591 1.976629924 -0.070220307 0.950861037 0.301550001 -4.201170077 -0.129591540 -0.308430105 0.942378342 -1.399190076
7266667 0.952694962 1.694259248 0.500000000 0.500000000 0.000000000 0.000000000 0.985438466 0.013977788 0.169457048 1.891040344 -0.064926036 0.952031314 0.299033254 -3.953939603 -0.157148600 -0.305681020 0.939075828 -1.381890266
7333333 0.952694962 1.694259248 0.500000000 0.500000000 0.000000000 0.000000000 0.980714321 0.000814959 0.195444867 1.791440186 -0.059945963 0.953048110 0.296825945 -3.731669531 -0.186026469 -0.302817583 0.934716821 -1.347159832
7400000 0.952694962 1.694259248 0.500000000 0.500000000 0.000000000 0.000000000 0.974808514 -0.011917474 0.222724766 1.691489978 -0.055503897 0.954197705 0.293983102 -3.528020056 -0.216026992 -0.298939347 0.929498613 -1.300169865
7466667 0.952694962 1.694259248 0.500000000 0.500000000 0.000000000 0.000000000 0.968240678 -0.025277030 0.248738810 1.613129994 -0.049513284 0.955786526 0.289862931 -3.344529942 -0.245068058 -0.292972982 0.924179852 -1.258289932
7533333 0.952694962 1.694259248 0.500000000 0.500000000 0.000000000 0.000000000 0.960755825 -0.039744467 0.274533302 1.543089942 -0.041623473 0.957822442 0.284330189 -3.187340160 -0.274254709 -0.284598947 0.918579221 -1.189889917
7600000 0.952694962 1.694259248 0.500000000 0.500000000 0.000000000 0.000000000 0.952582300 -0.053936619 0.299462736 1.473860036 -0.032688532 0.960328877 0.276947588 -3.054819948 -0.302520335 -0.273604363 0.913029134 -1.113890072
7666667 0.952694962 1.694259248 0.500000000 0.500000000 0.000000000 0.000000000 0.943349123 -0.067691676 0.324823588 1.404439834 -0.023688531 0.962730110 0.269424587 -2.973789744 -0.330955237 -0.261856049 0.906587124 -0.994801179
7733333 0.952694962 1.694259248 0.500000000 0.500000000 0.000000000 0.000000000 0.933138371 -0.081419781 0.350176662 1.318979799 -0.014092058 0.964986265 0.261921823 -2.847230319 -0.359241277 -0.249344036 0.899318337 -0.865414994
7800000 0.952694962 1.694259248 0.500000000 0.500000000 0.000000000 0.000000000 0.921542764 -0.094700195 0.376551419 1.219130032 -0.003803231 0.967552662 0.252641052 -2.661200208 -0.388258487 -0.234251663 0.891280949 -0.720319001
7866667 0.952694962 1.694259248 0.500000000 0.500000000 0.000000000 0.000000000 0.905916929 -0.108936168 0.409203351 1.109220073 0.007452533 0.970295370 0.241808519 -2.443989961 -0.423389792 -0.216008827 0.879818857 -0.531425036
7966667 0.952694962 1.694259248 0.500000000 0.500000000 0.000000000 0.000000000 0.875063181 -0.132447079 0.465534508 0.976919004 0.025487963 0.973105788 0.228944391 -2.105560234 -0.483337343 -0.188475311 0.854904890 -0.195641986
8033333 0.952694962 1.694259248 0.500000000 0.500000000 0.000000000 0.000000000 0.857408226 -0.142533600 0.494505197 0.887463950 0.033598986 0.974335074 0.222581074 -1.832730131 -0.513539016 -0.174227998 0.840191901 0.031553989
8100000 0.952694962 1.694259248 0.500000000 0.500000000 0.000000000 0.000000000 0.843128324 -0.148167521 0.516895652 0.790614079 0.037582856 0.975173533 0.218229562 -1.570009984 -0.536397457 -0.164569139 0.827764988 0.307580081
8166667 0.952694962 1.694259248 0.500000000 0.500000000 0.000000000 0.000000000 0.832385361 -0.149796769 0.533568501 0.694190891 0.038241010 0.976007581 0.214351997 -1.310029853 -0.552876115 -0.158019230 0.818142831 0.608079786
8233333 0.952694962 1.694259248 0.500000000 0.500000000 0.000000000 0.000000000 0.824692011 -0.150337055 0.545235932 0.579820129 0.037085187 0.976324618 0.213107839 -1.056130051 -0.564365208 -0.155528232 0.810742438 0.867090481
8300000 0.952694962 1.694259248 0.500000000 0.500000000 0.000000000 0.000000000 0.819521844 -0.148854300 0.553377092 0.455675023 0.034307543 0.976686060 0.211913511 -0.821099020 -0.572019875 -0.154682711 0.805522323 1.114239660
8366667 0.952694962 1.694259248 0.500000000 0.500000000 0.000000000 0.000000000 0.816662788 -0.146438450 0.558227062 0.307458955 0.030723590 0.976931989 0.211328909 -0.591678896 -0.576296568 -0.155433670 0.802323103 1.289729564
8433333 0.952694962 1.694259248 0.500000000 0.500000000 0.000000000 0.000000000 0.814516246 -0.144498095 0.561857343 0.145725073 0.026458297 0.976729155 0.212838382 -0.365979041 -0.579537153 -0.158494532 0.799384952 1.485230235
8500000 0.952694962 1.694259248 0.500000000 0.500000000 0.000000000 0.000000000 0.813302875 -0.142311946 0.564168215 -0.035572980 0.021784540 0.976394832 0.214891970 -0.120318033 -0.581432581 -0.162482113 0.797204912 1.652279849
8566667 0.952694962 1.694259248 0.500000000 0.500000000 0.000000000 0.000000000 0.811747372 -0.142051041 0.566469431 -0.222825033 0.017815586 0.975539267 0.219101995 0.119449031 -0.583736897 -0.167763472 0.794422150 1.848649824
8633333 0.952694962 1.694259248 0.500000000 0.500000000 0.000000000 0.000000000 0.809791327 -0.141730577 0.569342315 -0.411693904 0.013988651 0.974772751 0.222761020 0.340923924 -0.586551368 -0.172425643 0.791345119 2.086520283
8700000 0.952694962 1.694259248 0.500000000 0.500000000 0.000000000 0.000000000 0.807775080 -0.142378733 0.572038591 -0.599142099 0.010464132 0.973704159 0.227575988 0.537431894 -0.589398324 -0.177844375 0.788023770 2.278971011
8766667 0.952694962 1.694259248 0.500000000 0.500000000 0.000000000 0.000000000 0.805192351 -0.142955676 0.575524807 -0.784407018 0.006736726 0.972651064 0.232173473 0.714095053 -0.592975378 -0.183067143 0.784134269 2.461539921
8833333 0.952694962 1.694259248 0.500000000 0.500000000 0.000000000 0.000000000 0.802629769 -0.143124580 0.579051614 -0.961917143 0.002648234 0.971630812 0.236487880 0.891484905 -0.596471667 -0.188278750 0.780238867 2.580110232
8900000 0.952694962 1.694259248 0.500000000 0.500000000 0.000000000 0.000000000 0.799758613 -0.143766806 0.582852900 -1.117029961 -0.001447737 0.970435858 0.241354898 1.080969898 -0.600320160 -0.193869516 0.775906324 2.662460907
8966667 0.952694962 1.694259248 0.500000000 0.500000000 0.000000000 0.000000000 0.796764851 -0.144477606 0.586763859 -1.236639780 -0.004853241 0.969436944 0.245292515 1.272810028 -0.604269862 -0.198288143 0.771712124 2.708249774
9033333 0.952694962 1.694259248 0.500000000 0.500000000 0.000000000 0.000000000 0.793413103 -0.146285176 0.590843558 -1.322879910 -0.007566072 0.968245924 0.249885082 1.454470059 -0.608636379 -0.202732444 0.767112195 2.757899409
9100000 0.952694962 1.694259248 0.500000000 0.500000000 0.000000000 0.000000000 0.789917350 -0.149492830 0.594711840 -1.394039802 -0.009512417 0.966725111 0.255640447 1.628469958 -0.613139331 -0.207591936 0.762210906 2.763309214
9166667 0.952694962 1.694259248 0.500000000 0.500000000 0.000000000 0.000000000 0.786076784 -0.152773187 0.598952234 -1.462420037 -0.010967806 0.965376318 0.260630459 1.811779880 -0.618031681 -0.211444765 0.757184327 2.756060409
9233333 0.952694962 1.694259248 0.500000000 0.500000000 0.000000000 0.000000000 0.783080518 -0.155518889 0.602161944 -1.505650154 -0.012282126 0.964173734 0.264987171 1.972249794 -0.621799171 -0.214902148 0.753115535 2.711510060
9300000 0.952694962 1.694259248 0.500000000 0.500000000 0.000000000 0.000000000 0.779843807 -0.159157977 0.605402470 -1.538119910 -0.012873113 0.962854683 0.269713014 2.111550254 -0.625841618 -0.218127400 0.748827398 2.642789665
9366667 0.952694962 1.694259248 0.500000000 0.500000000 0.000000000 0.000000000 0.776426554 -0.162156522 0.608988822 -1.544500330 -0.013450585 0.961845815 0.273261279 2.211429755 -0.630064428 -0.220358610 0.744621515 2.567770755
9433333 0.952694962 1.694259248 0.500000000 0.500000000 0.000000000 0.000000000 0.773914158 -0.164458528 0.611563623 -1.514250140 -0.014006421 0.961011112 0.276154697 2.276329933 -0.633135498 -0.222285822 0.741436601 2.419149702
9500000 0.952694962 1.694259248 0.500000000 0.500000000 0.000000000 0.000000000 0.771280766 -0.167284369 0.614118755 -1.454149978 -0.014293201 0.960049212 0.279465914 2.308450121 -0.636334479 -0.224324390 0.738076448 2.259039756
9566667 0.952694962 1.694259248 0.500000000 0.500000000 0.000000000 0.000000000 0.769729435 -0.169995174 0.615320086 -1.380730167 -0.014743388 0.958900332 0.283359975 2.347189680 -0.638200402 -0.227182478 0.735587478 2.004850993
9633333 0.952694962 1.694259248 0.500000000 0.500000000 0.000000000 0.000000000 0.768264174 -0.171646684 0.616690516 -1.306419858 -0.015745364 0.958020747 0.286266029 2.424180251 -0.639938951 -0.229637921 0.733310461 1.789849595
9700000 0.952694962 1.694259248 0.500000000 0.500000000 0.000000000 0.000000000 0.767912626 -0.172816455 0.616802275 -1.227920230 -0.016756453 0.957169533 0.289042830 2.503979651 -0.640335739 -0.232295096 0.732126772 1.550680733
9766667 0.952694962 1.694259248 0.500000000 0.500000000 0.000000000 0.000000000 0.768248081 -0.173760757 0.616118371 -1.173660170 -0.018339619 0.956087112 0.292508185 2.602590398 -0.639889300 -0.236018181 0.731325388 1.318989720
9833333 0.952694962 1.694259248 0.500000000 0.500000000 0.000000000 0.000000000 0.770191550 -0.173771799 0.613683999 -1.119440010 -0.020498835 0.954928935 0.296125740 2.653060006 -0.637482941 -0.240653306 0.731916070 1.030069771
9900000 0.952694962 1.694259248 0.500000000 0.500000000 0.000000000 0.000000000 0.772369444 -0.173485398 0.611021996 -1.101040046 -0.022390641 0.953942537 0.299152553 2.716659908 -0.634778500 -0.244737431 0.732911587 0.776014786
9966667 0.952694962 1.694259248 0.500000000 0.500000000 0.000000000 0.000000000 0.776440024 -0.172192097 0.606210232 -1.078829920 -0.024461478 0.952986598 0.302023411 2.738569669 -0.629716277 -0.249331892 0.735724926 0.490497128
10033333 0.952694962 1.694259248 0.500000000 0.500000000 0.000000000 0.000000000 0.780990124 -0.170874983 0.600713432 -1.067119988 -0.027094163 0.951668203 0.305930793 2.765460329 -0.623955786 -0.255204797 0.738613725 0.237239982
10100000 0.952694962 1.694259248 0.500000000 0.500000000 0.000000000 0.000000000 0.786123574 -0.169116363 0.594482183 -1.055050095 -0.029295817 0.950561225 0.309152156 2.771110035 -0.617374420 -0.260447592 0.742304206 0.008077733
10166667 0.952694962 1.694259248 0.500000000 0.500000000 0.000000000 0.000000000 0.792720973 -0.165809840 0.586600900 -1.030550056 -0.031842954 0.949718595 0.311481386 2.771670189 -0.608752489 -0.265596956 0.747581959 -0.226930102
10233333 0.952694962 1.694259248 0.500000000 0.500000000 0.000000000 0.000000000 0.799788356 -0.162920475 0.577750325 -0.993270994 -0.034515657 0.948391259 0.315218389 2.768119917 -0.599288940 -0.272049427 0.752888978 -0.438643865
10300000 0.952694962 1.694259248 0.500000000 0.500000000 0.000000000 0.000000000 0.806785762 -0.159289524 0.568967104 -0.935426055 -0.036963612 0.947479725 0.317672640 2.754880118 -0.589686751 -0.277324826 0.758525193 -0.626572991
10366667 0.952694962 1.694259248 0.500000000 0.500000000 0.000000000 0.000000000 0.814728618 -0.155719861 0.558541536 -0.858758936 -0.040116642 0.945818305 0.322208643 2.731800064 -0.578453064 -0.284919441 0.764338315 -0.815686096
10433333 0.952694962 1.694259248 0.500000000 0.500000000 0.000000000 0.000000000 0.823031425 -0.150941387 0.547572672 -0.762017195 -0.042908926 0.944766164 0.324924171 2.700289943 -0.566372573 -0.290918529 0.771095455 -0.966110689
10500000 0.952694962 1.694259248 0.500000000 0.500000000 0.000000000 0.000000000 0.831633747 -0.146655768 0.535609365 -0.662144108 -0.046337005 0.942808568 0.330098212 2.673759679 -0.553387880 -0.299339354 0.777275801 -1.115669838
10566667 0.952694962 1.694259248 0.500000000 0.500000000 0.000000000 0.000000000 0.839961529 -0.140622422 0.524108648 -0.549655156 -0.049861267 0.941752613 0.332589537 2.662549955 -0.540350199 -0.305495113 0.784024358 -1.221309798
10633333 0.952694962 1.694259248 0.500000000 0.500000000 0.000000000 0.000000000 0.848817408 -0.134354934 0.511329114 -0.423417243 -0.053882021 0.940149486 0.336475194 2.670339711 -0.525932968 -0.313157439 0.790775955 -1.326719514
10700000 0.952694962 1.694259248 0.500000000 0.500000000 0.000000000 0.000000000 0.857790530 -0.126528949 0.498182505 -0.249316028 -0.058187149 0.939093173 0.338700861 2.658639907 -0.510695279 -0.319522232 0.798182845 -1.378669993
10766667 0.952694962 1.694259248 0.500000000 0.500000000 0.000000000 0.000000000 0.866696119 -0.117869288 0.484710932 -0.069078825 -0.063253313 0.937871873 0.341167629 2.663379822 -0.494809926 -0.326348245 0.805394292 -1.427189984
10833333 0.952694962 1.694259248 0.500000000 0.500000000 0.000000000 0.000000000 0.876210153 -0.108844824 0.469476789 0.128651677 -0.068300195 0.936282754 0.344542593 2.656379670 -0.477064699 -0.333957046 0.812946320 -1.446099598
10900000 0.952694962 1.694259248 0.500000000 0.500000000 0.000000000 0.000000000 0.885183752 -0.098606907 0.454671800 0.315549140 -0.074411787 0.934692621 0.347581029 2.668530009 -0.459252298 -0.341506004 0.820037246 -1.461170113
