https://www.youtube.com/watch?v=fsFyMTJ2yrM
118985533 0.863324366 1.541650461 0.500000000 0.500000000 0.000000000 0.000000000 0.997450769 -0.025536530 -0.066632539 -4.118740488 0.023200188 0.999096632 -0.035604462 -2.152540007 0.067481562 0.033967808 0.997142136 6.852500018
119052267 0.863324366 1.541650461 0.500000000 0.500000000 0.000000000 0.000000000 0.996495068 -0.023895588 -0.080166161 -3.960840083 0.020755962 0.998993218 -0.039771382 -2.079000063 0.081035808 0.037968058 0.995987773 6.266109762
119119000 0.863324366 1.541650461 0.500000000 0.500000000 0.000000000 0.000000000 0.995378315 -0.018134495 -0.094303362 -3.788019669 0.013696043 0.998777270 -0.047501817 -1.965559957 0.095049478 0.045990698 0.994409621 5.740930232
119185733 0.863324366 1.541650461 0.500000000 0.500000000 0.000000000 0.000000000 0.993452430 -0.012690891 -0.113539472 -3.673779953 0.007480591 0.998904288 -0.046198666 -1.753990069 0.114001364 0.045046836 0.992458820 5.184590002
119252467 0.863324366 1.541650461 0.500000000 0.500000000 0.000000000 0.000000000 0.992151082 -0.010178654 -0.124629833 -3.480149736 0.004031059 0.998766959 -0.049479961 -1.626799756 0.124979801 0.048589207 0.990968764 4.801439414
119319200 0.863324366 1.541650461 0.500000000 0.500000000 0.000000000 0.000000000 0.990336120 -0.012730584 -0.138102710 -3.224400391 0.004823667 0.998337388 -0.057438172 -1.492419830 0.138604313 0.056216933 0.988750994 4.313259918
119385933 0.863324366 1.541650461 0.500000000 0.500000000 0.000000000 0.000000000 0.990153909 -0.010288560 -0.139604434 -3.045720021 -0.000257131 0.997159958 -0.075312413 -1.428870021 0.139982805 0.074606784 0.987339199 3.937230421
119452667 0.863324366 1.541650461 0.500000000 0.500000000 0.000000000 0.000000000 0.988782585 -0.011228276 -0.148939505 -2.785370267 -0.001903711 0.996141970 -0.087735765 -1.310060129 0.149350002 0.087035127 0.984946430 3.515640150
119519400 0.863324366 1.541650461 0.500000000 0.500000000 0.000000000 0.000000000 0.988685846 -0.007850139 -0.149795413 -2.576749918 -0.007153350 0.995025933 -0.099358976 -1.242140013 0.149830312 0.099306360 0.983711898 3.119679949
119586133 0.863324366 1.541650461 0.500000000 0.500000000 0.000000000 0.000000000 0.987369716 -0.008118399 -0.158225015 -2.320900036 -0.008958361 0.994227707 -0.106915846 -1.151160017 0.158179685 0.106982902 0.981597602 2.730670019
119652867 0.863324366 1.541650461 0.500000000 0.500000000 0.000000000 0.000000000 0.985890567 -0.005124791 -0.167312592 -2.094209872 -0.013393976 0.993911147 -0.109367676 -1.071280027 0.166854322 0.110065542 0.979819000 2.362350250
119719600 0.863324366 1.541650461 0.500000000 0.500000000 0.000000000 0.000000000 0.983435512 0.001333040 -0.181253389 -1.878139986 -0.020958584 0.994102001 -0.106404766 -1.008080014 0.180042520 0.108441040 0.977663159 1.968080247
119786333 0.863324366 1.541650461 0.500000000 0.500000000 0.000000000 0.000000000 0.980861843 0.008642197 -0.194513053 -1.643589919 -0.028403495 0.994678438 -0.099035516 -0.942119983 0.192622066 0.102665007 0.975887597 1.624419854
119853067 0.863324366 1.541650461 0.500000000 0.500000000 0.000000000 0.000000000 0.977873802 0.026561338 -0.207502544 -1.407959940 -0.045568679 0.995133638 -0.087364428 -0.824878060 0.204172254 0.094886996 0.974325478 1.304739969
119919800 0.863324366 1.541650461 0.500000000 0.500000000 0.000000000 0.000000000 0.972791195 0.040973645 -0.228031665 -1.191319896 -0.062100735 0.994335532 -0.086257800 -0.773023155 0.223205686 0.098071754 0.969825327 0.951925958
119986533 0.863324366 1.541650461 0.500000000 0.500000000 0.000000000 0.000000000 0.965852678 0.063158840 -0.251275778 -0.929558918 -0.084495455 0.993594170 -0.075040676 -0.659200984 0.244926661 0.093709908 0.965002239 0.710241954
120053267 0.863324366 1.541650461 0.500000000 0.500000000 0.000000000 0.000000000 0.963955760 0.073742352 -0.255639195 -0.647185994 -0.094301052 0.993142545 -0.069102757 -0.585003969 0.248790368 0.090719037 0.964299440 0.463304060
120120000 0.863324366 1.541650461 0.500000000 0.500000000 0.000000000 0.000000000 0.958393216 0.071622178 -0.276319742 -0.390785962 -0.095488280 0.992684424 -0.073889367 -0.523943014 0.269006193 0.097200386 0.958221138 0.248119003
120186733 0.863324366 1.541650461 0.500000000 0.500000000 0.000000000 0.000000000 0.954659224 0.064486355 -0.290632457 -0.125306980 -0.093451321 0.991824508 -0.086896688 -0.436071023 0.282652706 0.110116735 0.952880740 0.044359183
120253467 0.863324366 1.541650461 0.500000000 0.500000000 0.000000000 0.000000000 0.950877845 0.058292624 -0.304028302 0.112472998 -0.091613293 0.991107821 -0.096500114 -0.333018979 0.295699567 0.119612873 0.947762847 -0.184778992
120320200 0.863324366 1.541650461 0.500000000 0.500000000 0.000000000 0.000000000 0.945688605 0.063882791 -0.318734854 0.361199932 -0.099861749 0.990180016 -0.097832486 -0.208167021 0.309355050 0.124348521 0.942781389 -0.355434972
120386933 0.863324366 1.541650461 0.500000000 0.500000000 0.000000000 0.000000000 0.935843229 0.075842164 -0.344158947 0.582425982 -0.114235766 0.989123046 -0.092659235 -0.108250013 0.333388090 0.126029789 0.934328020 -0.550104938
120453667 0.863324366 1.541650461 0.500000000 0.500000000 0.000000000 0.000000000 0.926057577 0.085393690 -0.367594033 0.853567064 -0.125268251 0.988390863 -0.085973367 -0.006901971 0.355985016 0.125664115 0.926003933 -0.706570142
120520400 0.863324366 1.541650461 0.500000000 0.500000000 0.000000000 0.000000000 0.911937177 0.099073127 -0.398189843 1.092990121 -0.138517484 0.987778068 -0.071465909 0.060709953 0.386242867 0.120328650 0.914514959 -0.872857142
120587133 0.863324366 1.541650461 0.500000000 0.500000000 0.000000000 0.000000000 0.893306673 0.117445618 -0.433831125 1.370959587 -0.156849056 0.986031711 -0.056033708 0.118932873 0.421190351 0.118101366 0.899249971 -0.988409727
120653867 0.863324366 1.541650461 0.500000000 0.500000000 0.000000000 0.000000000 0.876402736 0.131304637 -0.463332921 1.664360172 -0.167663947 0.985112846 -0.037966833 0.174232091 0.451450020 0.110958427 0.885370672 -1.058750117
120720600 0.863324366 1.541650461 0.500000000 0.500000000 0.000000000 0.000000000 0.859028161 0.141183615 -0.492074937 1.933159822 -0.179901421 0.983164847 -0.031974029 0.234444968 0.479276568 0.115991592 0.869965434 -1.129549844
120787333 0.863324366 1.541650461 0.500000000 0.500000000 0.000000000 0.000000000 0.841933489 0.147996053 -0.518888175 2.204179529 -0.186626688 0.982168972 -0.022683285 0.296060821 0.506278813 0.115936272 0.854541004 -1.157299692
120854067 0.863324366 1.541650461 0.500000000 0.500000000 0.000000000 0.000000000 0.830306411 0.148428485 -0.537178338 2.426820685 -0.187976852 0.981985450 -0.019218564 0.373148176 0.524648726 0.116934314 0.843249857 -1.231290191
120920800 0.863324366 1.541650461 0.500000000 0.500000000 0.000000000 0.000000000 0.814890623 0.148643360 -0.560230792 2.662060375 -0.187891617 0.982107401 -0.012722239 0.445020110 0.548315704 0.115629852 0.828238964 -1.240540322
120987533 0.863324366 1.541650461 0.500000000 0.500000000 0.000000000 0.000000000 0.803483725 0.146426946 -0.577038169 2.842969927 -0.184771627 0.982749701 -0.007902347 0.532112969 0.565927029 0.112969682 0.816679001 -1.285500363
121054267 0.863324366 1.541650461 0.500000000 0.500000000 0.000000000 0.000000000 0.789676309 0.142637312 -0.596712649 3.012099957 -0.180334538 0.983599007 -0.003532659 0.625525031 0.586422026 0.110397562 0.802447200 -1.302689911
121121000 0.863324366 1.541650461 0.500000000 0.500000000 0.000000000 0.000000000 0.778188348 0.143532380 -0.611409009 3.153308866 -0.176314279 0.984311342 0.006664697 0.711776695 0.602773368 0.102613837 0.791286469 -1.361419620
121187733 0.863324366 1.541650461 0.500000000 0.500000000 0.000000000 0.000000000 0.768328369 0.147596747 -0.622805595 3.279520317 -0.171993375 0.984869540 0.021220319 0.773303063 0.616514325 0.090814248 0.782088876 -1.400210333
121254467 0.863324366 1.541650461 0.500000000 0.500000000 0.000000000 0.000000000 0.763013124 0.145814314 -0.629721880 3.373341492 -0.166555181 0.985677898 0.026427744 0.867958294 0.624556541 0.084718607 0.776371300 -1.473490844
121321200 0.863324366 1.541650461 0.500000000 0.500000000 0.000000000 0.000000000 0.756324887 0.140759885 -0.638873279 3.441369089 -0.158112973 0.986956894 0.030270763 0.930896915 0.634801328 0.078119673 0.768716097 -1.536539911
121387933 0.863324366 1.541650461 0.500000000 0.500000000 0.000000000 0.000000000 0.752205133 0.145323575 -0.642703950 3.504059718 -0.154765964 0.987055779 0.042051595 0.988308833 0.640495718 0.067837298 0.764959574 -1.642039741
121454667 0.863324366 1.541650461 0.500000000 0.500000000 0.000000000 0.000000000 0.751121879 0.140160307 -0.645113170 3.536659871 -0.143497869 0.988501012 0.047688097 1.047850074 0.644378960 0.056752779 0.762597442 -1.749959989
121521400 0.863324366 1.541650461 0.500000000 0.500000000 0.000000000 0.000000000 0.748059869 0.134786919 -0.649798989 3.557849373 -0.133520827 0.989702761 0.051581215 1.117840021 0.650060296 0.048175912 0.758353770 -1.854079566
121588133 0.863324366 1.541650461 0.500000000 0.500000000 0.000000000 0.000000000 0.742353201 0.136815757 -0.655890703 3.578018193 -0.128925323 0.989804149 0.060547706 1.165969767 0.657487154 0.039613243 0.752423286 -1.956628808
121654867 0.863324366 1.541650461 0.500000000 0.500000000 0.000000000 0.000000000 0.741005778 0.133249074 -0.658145189 3.558429952 -0.119658321 0.990629494 0.065841034 1.214889932 0.660751343 0.029963944 0.750006616 -2.079730225
121721600 0.863324366 1.541650461 0.500000000 0.500000000 0.000000000 0.000000000 0.733295083 0.133162439 -0.666742921 3.566750075 -0.112774298 0.990871191 0.073866531 1.266670018 0.670492649 0.021025483 0.741618276 -2.193620297
