https://www.youtube.com/watch?v=quWLifCR1A0
38100000 0.965201299 1.718166504 0.500000000 0.500000000 0.000000000 0.000000000 0.946590841 0.070806384 0.314566910 -2.608620030 -0.052187823 0.996371567 -0.067232020 -0.488395868 -0.318185985 0.047224667 0.946851432 5.760490394
38166667 0.965201299 1.718166504 0.500000000 0.500000000 0.000000000 0.000000000 0.945752203 0.070083208 0.317240000 -2.580250328 -0.051522337 0.996453047 -0.066534102 -0.496632891 -0.320777655 0.046579838 0.946008503 5.708180017
38233333 0.965201299 1.718166504 0.500000000 0.500000000 0.000000000 0.000000000 0.944877803 0.069125347 0.320043057 -2.543249672 -0.050701022 0.996559858 -0.065557629 -0.504884018 -0.323473781 0.045717433 0.945132017 5.644609182
38300000 0.965201299 1.718166504 0.500000000 0.500000000 0.000000000 0.000000000 0.944188833 0.068437837 0.322217047 -2.503080269 -0.049865294 0.996602178 -0.065555379 -0.511672823 -0.325608671 0.045829229 0.944393337 5.568770753
38366667 0.965201299 1.718166504 0.500000000 0.500000000 0.000000000 0.000000000 0.943606377 0.067793854 0.324054182 -2.456830342 -0.049088582 0.996640265 -0.065562479 -0.515817879 -0.327410161 0.045957826 0.943764031 5.477720265
38433333 0.965201299 1.718166504 0.500000000 0.500000000 0.000000000 0.000000000 0.943189681 0.067425996 0.325341254 -2.407139674 -0.048648924 0.996664703 -0.065518729 -0.515667011 -0.328673810 0.045969084 0.943324089 5.384909480
38500000 0.965201299 1.718166504 0.500000000 0.500000000 0.000000000 0.000000000 0.942839622 0.067344412 0.326371372 -2.351980462 -0.048374619 0.996652603 -0.065904960 -0.511365835 -0.329717219 0.046349734 0.942941308 5.273589971
38566667 0.965201299 1.718166504 0.500000000 0.500000000 0.000000000 0.000000000 0.942562759 0.067512125 0.327135235 -2.293250106 -0.048292086 0.996614873 -0.066532880 -0.504300057 -0.330519646 0.046913356 0.942632377 5.160109325
38633333 0.965201299 1.718166504 0.500000000 0.500000000 0.000000000 0.000000000 0.942376912 0.067743883 0.327622592 -2.232660046 -0.048437953 0.996593833 -0.066742435 -0.496719011 -0.331028044 0.047027171 0.942448378 5.052670653
38700000 0.965201299 1.718166504 0.500000000 0.500000000 0.000000000 0.000000000 0.942285895 0.068640165 0.327697963 -2.163650309 -0.048983615 0.996490598 -0.067875683 -0.488232948 -0.331206948 0.047906481 0.942341268 4.926620547
38766667 0.965201299 1.718166504 0.500000000 0.500000000 0.000000000 0.000000000 0.942363203 0.069583416 0.327276349 -2.096829996 -0.049581699 0.996378422 -0.069077566 -0.479962917 -0.330897748 0.048869252 0.942400396 4.800889966
38833333 0.965201299 1.718166504 0.500000000 0.500000000 0.000000000 0.000000000 0.942537427 0.070757397 0.326521844 -2.030719709 -0.050286457 0.996227443 -0.070725970 -0.475594130 -0.330294400 0.050242230 0.942539811 4.683489960
38900000 0.965201299 1.718166504 0.500000000 0.500000000 0.000000000 0.000000000 0.942584157 0.071574226 0.326208830 -1.965080195 -0.050913177 0.996143818 -0.071451940 -0.471159101 -0.330065012 0.050741121 0.942593396 4.581549352
38966667 0.965201299 1.718166504 0.500000000 0.500000000 0.000000000 0.000000000 0.942895532 0.072119355 0.325187445 -1.902370005 -0.050918560 0.996012688 -0.073252901 -0.478663924 -0.329173803 0.052511778 0.942808151 4.450200673
39033333 0.965201299 1.718166504 0.500000000 0.500000000 0.000000000 0.000000000 0.943163931 0.072457932 0.324332684 -1.841049873 -0.050887704 0.995920837 -0.074512757 -0.487108998 -0.328408688 0.053773206 0.943003833 4.338160101
39100000 0.965201299 1.718166504 0.500000000 0.500000000 0.000000000 0.000000000 0.943584800 0.072162405 0.323172122 -1.790189856 -0.050246470 0.995866597 -0.075663432 -0.493848048 -0.327296406 0.055156600 0.943310499 4.247849779
39166667 0.965201299 1.718166504 0.500000000 0.500000000 0.000000000 0.000000000 0.943958580 0.071651302 0.322192848 -1.750790118 -0.049356736 0.995820105 -0.076851763 -0.499415966 -0.326352656 0.056642495 0.943549454 4.149919936
39233333 0.965201299 1.718166504 0.500000000 0.500000000 0.000000000 0.000000000 0.944289505 0.070726633 0.321426511 -1.718039754 -0.048282959 0.995839775 -0.077278286 -0.501417069 -0.325554907 0.057453644 0.943775952 4.066629643
39300000 0.965201299 1.718166504 0.500000000 0.500000000 0.000000000 0.000000000 0.944545865 0.069505684 0.320939392 -1.684680112 -0.046939977 0.995884359 -0.077530734 -0.498674001 -0.325007349 0.058166452 0.943921030 3.994010227
39366667 0.965201299 1.718166504 0.500000000 0.500000000 0.000000000 0.000000000 0.944818616 0.067980297 0.320462823 -1.656020021 -0.045363076 0.995957434 -0.077530347 -0.491394070 -0.324437857 0.058714923 0.944082916 3.909539607
39433333 0.965201299 1.718166504 0.500000000 0.500000000 0.000000000 0.000000000 0.944990575 0.065869048 0.320396870 -1.630509893 -0.043465890 0.996115029 -0.076587230 -0.479870965 -0.324196845 0.058447886 0.944182336 3.837439974
39500000 0.965201299 1.718166504 0.500000000 0.500000000 0.000000000 0.000000000 0.945274174 0.064069100 0.319924921 -1.609180298 -0.042071387 0.996279776 -0.075210646 -0.457439987 -0.323553413 0.057634994 0.944453001 3.772220078
39566667 0.965201299 1.718166504 0.500000000 0.500000000 0.000000000 0.000000000 0.945290864 0.061911304 0.320299894 -1.589539670 -0.040543165 0.996510208 -0.072963312 -0.434994098 -0.323699385 0.055985570 0.944502115 3.714329557
39633333 0.965201299 1.718166504 0.500000000 0.500000000 0.000000000 0.000000000 0.945215583 0.059848465 0.320913792 -1.575229786 -0.039284587 0.996760428 -0.070181400 -0.407768061 -0.324074388 0.053729586 0.944504619 3.633180053
39700000 0.965201299 1.718166504 0.500000000 0.500000000 0.000000000 0.000000000 0.945289195 0.057303101 0.321161300 -1.567499880 -0.037843503 0.997067511 -0.066514842 -0.377804089 -0.324031025 0.050721884 0.944685757 3.552110020
39766667 0.965201299 1.718166504 0.500000000 0.500000000 0.000000000 0.000000000 0.945169747 0.055006247 0.321913719 -1.564190178 -0.036466572 0.997325122 -0.063346215 -0.345807948 -0.324537098 0.048133843 0.944647491 3.436290328
39833333 0.965201299 1.718166504 0.500000000 0.500000000 0.000000000 0.000000000 0.945007265 0.052518323 0.322805136 -1.562369932 -0.035269365 0.997631311 -0.059057698 -0.308889943 -0.325142115 0.044424832 0.944621146 3.348150160
39900000 0.965201299 1.718166504 0.500000000 0.500000000 0.000000000 0.000000000 0.944674134 0.050504450 0.324098915 -1.568839926 -0.034248386 0.997861624 -0.055670962 -0.275989963 -0.326217502 0.041491069 0.944383800 3.246170484
39966667 0.965201299 1.718166504 0.500000000 0.500000000 0.000000000 0.000000000 0.944379747 0.048590146 0.325247467 -1.579190012 -0.033468887 0.998089731 -0.051929638 -0.239830027 -0.327149451 0.038155623 0.944201946 3.127729722
40033333 0.965201299 1.718166504 0.500000000 0.500000000 0.000000000 0.000000000 0.943777204 0.046724193 0.327263683 -1.582380409 -0.032498196 0.998279393 -0.048806984 -0.211328943 -0.328981072 0.035427447 0.943671763 3.034090106
40100000 0.965201299 1.718166504 0.500000000 0.500000000 0.000000000 0.000000000 0.943040252 0.044685762 0.329663843 -1.580459977 -0.031206261 0.998450637 -0.046070449 -0.191500043 -0.331211776 0.033158705 0.942973614 2.915460166
40166667 0.965201299 1.718166504 0.500000000 0.500000000 0.000000000 0.000000000 0.942160070 0.042720314 0.332429498 -1.566199865 -0.029842954 0.998596728 -0.043749206 -0.178480003 -0.333831996 0.031298079 0.942112863 2.806190198
40233333 0.965201299 1.718166504 0.500000000 0.500000000 0.000000000 0.000000000 0.941248477 0.040490773 0.335278600 -1.539769690 -0.027992595 0.998724222 -0.042028099 -0.167328025 -0.336552590 0.030173562 0.941181123 2.729609756
40300000 0.965201299 1.718166504 0.500000000 0.500000000 0.000000000 0.000000000 0.939825833 0.039021157 0.339418322 -1.502940041 -0.026735449 0.998809636 -0.040799338 -0.158433004 -0.340606302 0.029269774 0.939750314 2.622529986
40366667 0.965201299 1.718166504 0.500000000 0.500000000 0.000000000 0.000000000 0.938422143 0.038063154 0.343387574 -1.460389964 -0.025733441 0.998852432 -0.040393531 -0.158838029 -0.344531029 0.029069640 0.938324749 2.546520102
40433333 0.965201299 1.718166504 0.500000000 0.500000000 0.000000000 0.000000000 0.936607420 0.038374506 0.348272562 -1.411980095 -0.025762737 0.998836219 -0.040773425 -0.161823042 -0.349431932 0.029216226 0.936506093 2.445269763
40500000 0.965201299 1.718166504 0.500000000 0.500000000 0.000000000 0.000000000 0.934574783 0.039005108 0.353621900 -1.349619853 -0.025853904 0.998789787 -0.041839845 -0.163674035 -0.354825914 0.029959952 0.934452176 2.356109947
41300000 0.965201299 1.718166504 0.500000000 0.500000000 0.000000000 0.000000000 0.891273618 0.061782189 0.449237466 -0.459367027 -0.034985580 0.997090995 -0.067716375 -0.068104903 -0.452114284 0.044636980 0.890842378 0.814597949
41366667 0.965201299 1.718166504 0.500000000 0.500000000 0.000000000 0.000000000 0.885635555 0.061708041 0.460262626 -0.406415932 -0.034030706 0.997091115 -0.068199605 -0.060249606 -0.463132232 0.044736929 0.885159373 0.695155048
41433333 0.965201299 1.718166504 0.500000000 0.500000000 0.000000000 0.000000000 0.879290044 0.061706651 0.472272694 -0.359281038 -0.032850634 0.997067750 -0.069113672 -0.051873979 -0.475152671 0.045256529 0.878738880 0.548631125
41500000 0.965201299 1.718166504 0.500000000 0.500000000 0.000000000 0.000000000 0.872841835 0.060620923 0.484223098 -0.319103923 -0.030564409 0.997097254 -0.069734454 -0.039620118 -0.487044901 0.046067141 0.872161031 0.407237943
41566667 0.965201299 1.718166504 0.500000000 0.500000000 0.000000000 0.000000000 0.865961909 0.059909679 0.496508569 -0.285649987 -0.028589929 0.997105598 -0.070448905 -0.032916904 -0.499292046 0.046810921 0.865168333 0.260407010
41633333 0.965201299 1.718166504 0.500000000 0.500000000 0.000000000 0.000000000 0.858591199 0.058983482 0.509256542 -0.252090036 -0.026144227 0.997104406 -0.071409002 -0.026732891 -0.511993945 0.047997028 0.857647121 0.095499122
41700000 0.965201299 1.718166504 0.500000000 0.500000000 0.000000000 0.000000000 0.851434469 0.058011454 0.521242619 -0.228514968 -0.023279291 0.997064471 -0.072941765 -0.023846199 -0.523943901 0.049970962 0.850285530 -0.058550403
41766667 0.965201299 1.718166504 0.500000000 0.500000000 0.000000000 0.000000000 0.844116390 0.057404727 0.533078253 -0.206212042 -0.020656906 0.996995687 -0.074652188 -0.016115103 -0.535762131 0.052003406 0.842766166 -0.176185022
41833333 0.965201299 1.718166504 0.500000000 0.500000000 0.000000000 0.000000000 0.837009311 0.056778632 0.544234872 -0.188884994 -0.017653206 0.996886134 -0.076852731 -0.005885131 -0.546903849 0.054718964 0.835405350 -0.310853032
41900000 0.965201299 1.718166504 0.500000000 0.500000000 0.000000000 0.000000000 0.830217302 0.056309462 0.554588377 -0.172145956 -0.014805727 0.996761441 -0.079040788 0.002503066 -0.557243049 0.057409935 0.828362286 -0.413126911
41966667 0.965201299 1.718166504 0.500000000 0.500000000 0.000000000 0.000000000 0.823861241 0.056051828 0.564012945 -0.159719966 -0.012049889 0.996605277 -0.081441551 0.007493822 -0.566663206 0.060300231 0.821739912 -0.514277888
42033333 0.965201299 1.718166504 0.500000000 0.500000000 0.000000000 0.000000000 0.818265319 0.056354780 0.572071850 -0.142820055 -0.009854581 0.996411860 -0.084061004 0.009643667 -0.574756444 0.063146688 0.815884650 -0.628989152
42100000 0.965201299 1.718166504 0.500000000 0.500000000 0.000000000 0.000000000 0.812879205 0.057211265 0.579615891 -0.129145063 -0.007857481 0.996150553 -0.087305903 0.021591594 -0.582379520 0.066414848 0.810199618 -0.724220130
42166667 0.965201299 1.718166504 0.500000000 0.500000000 0.000000000 0.000000000 0.808732629 0.058394313 0.585270643 -0.113289006 -0.006576976 0.995895088 -0.090275519 0.038253198 -0.588139772 0.069159456 0.805796981 -0.840487184
42233333 0.965201299 1.718166504 0.500000000 0.500000000 0.000000000 0.000000000 0.805252612 0.060411870 0.589846194 -0.096190520 -0.006393662 0.995622873 -0.093242809 0.062035809 -0.592897356 0.071312726 0.802114129 -0.954678931
42300000 0.965201299 1.718166504 0.500000000 0.500000000 0.000000000 0.000000000 0.802266240 0.062919609 0.593641162 -0.074891433 -0.006819902 0.995331168 -0.096277766 0.095049611 -0.596927285 0.073191814 0.798949659 -1.059329794
42366667 0.965201299 1.718166504 0.500000000 0.500000000 0.000000000 0.000000000 0.800020933 0.065446459 0.596392035 -0.043006683 -0.007625083 0.995061517 -0.098966882 0.132500991 -0.599923849 0.074628055 0.796569109 -1.205080370
42433333 0.965201299 1.718166504 0.500000000 0.500000000 0.000000000 0.000000000 0.798388720 0.068406254 0.598243952 -0.009775932 -0.009227054 0.994799256 -0.101436362 0.170673006 -0.602071524 0.075465605 0.794867694 -1.297589732
42500000 0.965201299 1.718166504 0.500000000 0.500000000 0.000000000 0.000000000 0.797086537 0.071286976 0.599642217 0.029971111 -0.011039447 0.994561791 -0.103561491 0.192303062 -0.603763878 0.075927719 0.793538809 -1.439879493
42566667 0.965201299 1.718166504 0.500000000 0.500000000 0.000000000 0.000000000 0.796604276 0.073946968 0.599961281 0.065384846 -0.012002757 0.994229019 -0.106604874 0.199423000 -0.604382038 0.077720717 0.792894661 -1.564220156
42633333 0.965201299 1.718166504 0.500000000 0.500000000 0.000000000 0.000000000 0.795806944 0.076264888 0.600728452 0.093360877 -0.013306290 0.994000316 -0.108564928 0.204892054 -0.605403960 0.078403234 0.792047143 -1.666399564
42700000 0.965201299 1.718166504 0.500000000 0.500000000 0.000000000 0.000000000 0.795377553 0.078002207 0.601074576 0.120372953 -0.013956338 0.993778586 -0.110496156 0.211755971 -0.605953932 0.079497389 0.791517794 -1.763980920
42766667 0.965201299 1.718166504 0.500000000 0.500000000 0.000000000 0.000000000 0.794959188 0.079128191 0.601480246 0.148278860 -0.014382377 0.993636787 -0.111709841 0.224950018 -0.606492281 0.080154039 0.791038752 -1.850879693
42833333 0.965201299 1.718166504 0.500000000 0.500000000 0.000000000 0.000000000 0.794499695 0.079318792 0.602062345 0.174369051 -0.014260549 0.993596554 -0.112082951 0.239642963 -0.607097387 0.080464147 0.790543258 -1.920870571
42900000 0.965201299 1.718166504 0.500000000 0.500000000 0.000000000 0.000000000 0.794174314 0.078904524 0.602545679 0.197309873 -0.013701972 0.993607521 -0.112055227 0.251421990 -0.607535541 0.080735326 0.790178716 -1.973380057
42966667 0.965201299 1.718166504 0.500000000 0.500000000 0.000000000 0.000000000 0.793539286 0.077652931 0.603544116 0.219795913 -0.012526210 0.993698776 -0.111381412 0.261115968 -0.608390093 0.080825418 0.789511740 -2.032480128
43033333 0.965201299 1.718166504 0.500000000 0.500000000 0.000000000 0.000000000 0.792877674 0.075574748 0.604676187 0.245607114 -0.010837361 0.993871689 -0.110007435 0.270100004 -0.609284341 0.080669343 0.788837671 -2.096859586
43100000 0.965201299 1.718166504 0.500000000 0.500000000 0.000000000 0.000000000 0.792456985 0.072093032 0.605651855 0.269589916 -0.008276172 0.994169474 -0.107510827 0.278956052 -0.609871387 0.080185212 0.788433194 -2.168809173
43166667 0.965201299 1.718166504 0.500000000 0.500000000 0.000000000 0.000000000 0.791617513 0.068673119 0.607145369 0.287266921 -0.005868886 0.994472742 -0.104830906 0.290594052 -0.610988557 0.079422697 0.787645102 -2.228349434
43233333 0.965201299 1.718166504 0.500000000 0.500000000 0.000000000 0.000000000 0.790449560 0.064358562 0.609136879 0.303279065 -0.003142726 0.994877815 -0.101036057 0.297753903 -0.612519324 0.077949584 0.786602974 -2.273820617
43300000 0.965201299 1.718166504 0.500000000 0.500000000 0.000000000 0.000000000 0.789361358 0.060270377 0.610963345 0.320215928 -0.000324054 0.995210290 -0.097756959 0.308816985 -0.613928795 0.076967590 0.785600066 -2.360730076
43366667 0.965201299 1.718166504 0.500000000 0.500000000 0.000000000 0.000000000 0.787950277 0.056004830 0.613186717 0.335099143 0.002205146 0.995591879 -0.093765125 0.313513935 -0.615735054 0.075234443 0.784353435 -2.427980343
43433333 0.965201299 1.718166504 0.500000000 0.500000000 0.000000000 0.000000000 0.786268234 0.051984496 0.615694880 0.350115253 0.004640441 0.995929658 -0.090014674 0.319363976 -0.617868185 0.073632784 0.782826602 -2.505720837
43500000 0.965201299 1.718166504 0.500000000 0.500000000 0.000000000 0.000000000 0.784387112 0.048185796 0.618396699 0.358531808 0.006713880 0.996259987 -0.086145036 0.326900070 -0.620234907 0.071722887 0.781130016 -2.582369162
43566667 0.965201299 1.718166504 0.500000000 0.500000000 0.000000000 0.000000000 0.782242417 0.045120239 0.621337891 0.360211133 0.008363757 0.996523201 -0.082895033 0.335364036 -0.622917891 0.070040725 0.779145300 -2.672959506
43633333 0.965201299 1.718166504 0.500000000 0.500000000 0.000000000 0.000000000 0.780028105 0.042895779 0.624272645 0.354547915 0.009499444 0.996720850 -0.080357470 0.347951003 -0.625672519 0.068611331 0.777062774 -2.765670720
43700000 0.965201299 1.718166504 0.500000000 0.500000000 0.000000000 0.000000000 0.777527094 0.041056469 0.627507985 0.344435314 0.010238881 0.996907651 -0.077912234 0.358381988 -0.628766358 0.067003854 0.774702311 -2.860600893
43766667 0.965201299 1.718166504 0.500000000 0.500000000 0.000000000 0.000000000 0.775133848 0.040123813 0.630521476 0.338129883 0.010318564 0.997044265 -0.076132946 0.368354002 -0.631712615 0.065519296 0.772428751 -2.962999657
43833333 0.965201299 1.718166504 0.500000000 0.500000000 0.000000000 0.000000000 0.772292316 0.039432265 0.634042263 0.319741963 0.010382520 0.997154891 -0.074661285 0.377323003 -0.635182381 0.064243287 0.769685626 -3.038159526
43900000 0.965201299 1.718166504 0.500000000 0.500000000 0.000000000 0.000000000 0.769751787 0.039517846 0.637118816 0.306418147 0.009580321 0.997254312 -0.073430255 0.381904974 -0.638271332 0.062626868 0.767259717 -3.163409336
43966667 0.965201299 1.718166504 0.500000000 0.500000000 0.000000000 0.000000000 0.766994834 0.039169595 0.640456200 0.282150096 0.009111726 0.997369528 -0.071909919 0.390131029 -0.641588211 0.060990185 0.764620304 -3.267328094
44033333 0.965201299 1.718166504 0.500000000 0.500000000 0.000000000 0.000000000 0.763838053 0.039619993 0.644190788 0.255184189 0.008327033 0.997425973 -0.071218841 0.408773987 -0.645354271 0.059763856 0.761541963 -3.382309887
44100000 0.965201299 1.718166504 0.500000000 0.500000000 0.000000000 0.000000000 0.760546267 0.039875958 0.648057759 0.229649854 0.007055048 0.997545838 -0.069660075 0.424404042 -0.649245083 0.057551779 0.758398473 -3.482058774
44166667 0.965201299 1.718166504 0.500000000 0.500000000 0.000000000 0.000000000 0.757371366 0.040270414 0.651741564 0.209380013 0.005863845 0.997636855 -0.068457149 0.436731025 -0.652958214 0.055669200 0.755345404 -3.597340670
44233333 0.965201299 1.718166504 0.500000000 0.500000000 0.000000000 0.000000000 0.753528118 0.040832058 0.656146049 0.188065125 0.004423069 0.997731864 -0.067168437 0.449246083 -0.657400489 0.053515468 0.751638353 -3.687908282
44300000 0.965201299 1.718166504 0.500000000 0.500000000 0.000000000 0.000000000 0.749839306 0.041850336 0.660294592 0.175060479 0.002450692 0.997814894 -0.066025779 0.462806057 -0.661614954 0.051126886 0.748098314 -3.781777680
44366667 0.965201299 1.718166504 0.500000000 0.500000000 0.000000000 0.000000000 0.746217549 0.043204278 0.664298952 0.172911105 -0.000017127 0.997892976 -0.064881168 0.476277930 -0.665702403 0.048404105 0.744646013 -3.875171335
44433333 0.965201299 1.718166504 0.500000000 0.500000000 0.000000000 0.000000000 0.742740273 0.044197932 0.668119192 0.176436864 -0.002149206 0.997971296 -0.063629285 0.493909061 -0.669576049 0.045824099 0.741328478 -3.951289212
44500000 0.965201299 1.718166504 0.500000000 0.500000000 0.000000000 0.000000000 0.739387155 0.045966525 0.671709478 0.191748058 -0.004892841 0.998007238 -0.062909946 0.514904018 -0.673262656 0.043228235 0.738138616 -4.062649843
44566667 0.965201299 1.718166504 0.500000000 0.500000000 0.000000000 0.000000000 0.735796750 0.046604682 0.675596654 0.201111067 -0.006986137 0.998098433 -0.061243132 0.535100034 -0.677166164 0.040342674 0.734723151 -4.158028618
44633333 0.965201299 1.718166504 0.500000000 0.500000000 0.000000000 0.000000000 0.733308256 0.046569467 0.678299665 0.227318842 -0.008748790 0.998215199 -0.059075367 0.549062012 -0.679840088 0.037386160 0.732406855 -4.279070347
44700000 0.965201299 1.718166504 0.500000000 0.500000000 0.000000000 0.000000000 0.730930507 0.047340341 0.680808127 0.255210096 -0.010856127 0.998271465 -0.057759956 0.562532014 -0.682365716 0.034827583 0.730180979 -4.409131036
44766667 0.965201299 1.718166504 0.500000000 0.500000000 0.000000000 0.000000000 0.729527056 0.047531888 0.682298362 0.293659911 -0.012379823 0.998336494 -0.056311741 0.576890053 -0.683839977 0.032634206 0.728901923 -4.550560593
44833333 0.965201299 1.718166504 0.500000000 0.500000000 0.000000000 0.000000000 0.728570938 0.047203243 0.683342040 0.329546080 -0.012868347 0.998389840 -0.055245738 0.594748925 -0.684849560 0.031456959 0.728005230 -4.675780303
44900000 0.965201299 1.718166504 0.500000000 0.500000000 0.000000000 0.000000000 0.728606820 0.047097698 0.683310986 0.371855088 -0.013447748 0.998424411 -0.054477930 0.611554014 -0.684800148 0.030503994 0.728092194 -4.813119673
44966667 0.965201299 1.718166504 0.500000000 0.500000000 0.000000000 0.000000000 0.728999555 0.045865759 0.682975888 0.412747079 -0.012733279 0.998488665 -0.053462923 0.631039935 -0.684395790 0.030277928 0.728481770 -4.945200234
45033333 0.965201299 1.718166504 0.500000000 0.500000000 0.000000000 0.000000000 0.730043769 0.043956101 0.681985080 0.458064709 -0.011220714 0.998565793 -0.052349281 0.648462122 -0.683308065 0.030564893 0.729489982 -5.047078879
45100000 0.965201299 1.718166504 0.500000000 0.500000000 0.000000000 0.000000000 0.731568694 0.041765552 0.680487514 0.507420311 -0.009137344 0.998632789 -0.051468804 0.665390862 -0.681706786 0.031435139 0.730950117 -5.153842069
45166667 0.965201299 1.718166504 0.500000000 0.500000000 0.000000000 0.000000000 0.733516574 0.038896579 0.678557873 0.555474246 -0.006069075 0.998696148 -0.050687078 0.691054898 -0.679644704 0.033061605 0.732796252 -5.250162012
45233333 0.965201299 1.718166504 0.500000000 0.500000000 0.000000000 0.000000000 0.736116290 0.035972439 0.675898969 0.605400662 -0.002919519 0.998746216 -0.049975321 0.722088902 -0.676849306 0.034814365 0.735298336 -5.338903733
45300000 0.965201299 1.718166504 0.500000000 0.500000000 0.000000000 0.000000000 0.739222765 0.032855324 0.672659039 0.655449541 0.000754382 0.998768270 -0.049612813 0.760490091 -0.673460484 0.037182361 0.738287449 -5.427470025
45366667 0.965201299 1.718166504 0.500000000 0.500000000 0.000000000 0.000000000 0.742373586 0.029481612 0.669337273 0.701496291 0.004876934 0.998767138 -0.049400777 0.803776934 -0.669968486 0.039938152 0.741314590 -5.506930799
45433333 0.965201299 1.718166504 0.500000000 0.500000000 0.000000000 0.000000000 0.746088803 0.026772792 0.665307820 0.752906328 0.008032518 0.998756707 -0.049198974 0.839835011 -0.665797889 0.042050894 0.744946122 -5.592888557
45500000 0.965201299 1.718166504 0.500000000 0.500000000 0.000000000 0.000000000 0.749992073 0.023788450 0.661018670 0.805832851 0.012442945 0.998668849 -0.050057393 0.887016036 -0.661329567 0.045767661 0.748697698 -5.681848166
45566667 0.965201299 1.718166504 0.500000000 0.500000000 0.000000000 0.000000000 0.754536986 0.020952139 0.655922651 0.863520438 0.015914559 0.998612106 -0.050205838 0.927703120 -0.656064153 0.048320878 0.753156304 -5.770377321
45633333 0.965201299 1.718166504 0.500000000 0.500000000 0.000000000 0.000000000 0.759419322 0.019014601 0.650323570 0.927371477 0.018810015 0.998513281 -0.051160712 0.964102959 -0.650329530 0.051085029 0.757932544 -5.846249529
45700000 0.965201299 1.718166504 0.500000000 0.500000000 0.000000000 0.000000000 0.764843345 0.017128255 0.643988669 0.999566418 0.021494340 0.998411417 -0.052082993 0.996603081 -0.643857777 0.053677440 0.763260126 -5.915841162
