https://www.youtube.com/watch?v=wAZ8ovZBeSY
34520000 0.735012984 1.307136741 0.500000000 0.500000000 0.000000000 0.000000000 0.998110890 -0.007341126 -0.060997706 -1.990119998 0.007226780 0.999971688 -0.002094993 -1.484609982 0.061011355 0.001650219 0.998135686 4.720240026
34600000 0.735012984 1.307136741 0.500000000 0.500000000 0.000000000 0.000000000 0.997639418 -0.006762023 -0.068336494 -1.881869973 0.006888146 0.999974966 0.001610140 -1.300360011 0.068323903 -0.002077051 0.997661054 4.044780209
34680000 0.735012984 1.307136741 0.500000000 0.500000000 0.000000000 0.000000000 0.997119129 -0.006442853 -0.075577073 -1.758959887 0.006956253 0.999954462 0.006531793 -1.105679977 0.075531550 -0.007038709 0.997118592 3.432740030
34760000 0.735012984 1.307136741 0.500000000 0.500000000 0.000000000 0.000000000 0.996512949 -0.005856622 -0.083232775 -1.568990084 0.006805884 0.999914944 0.011125759 -0.919292970 0.083160535 -0.011653435 0.996468008 2.831319837
34840000 0.735012984 1.307136741 0.500000000 0.500000000 0.000000000 0.000000000 0.995920837 -0.005712890 -0.090050280 -1.360530108 0.007231826 0.999836862 0.016550398 -0.751067920 0.089941040 -0.017134113 0.995799720 2.256600125
34920000 0.735012984 1.307136741 0.500000000 0.500000000 0.000000000 0.000000000 0.995164573 -0.005845380 -0.098047256 -1.098009874 0.007990720 0.999736845 0.021502299 -0.570264981 0.097895771 -0.022181796 0.994949460 1.658580021
35000000 0.735012984 1.307136741 0.500000000 0.500000000 0.000000000 0.000000000 0.994304180 -0.005988694 -0.106411062 -0.817503954 0.008894159 0.999599874 0.026850624 -0.389295992 0.106207691 -0.027644126 0.993959606 1.065719809
35080000 0.735012984 1.307136741 0.500000000 0.500000000 0.000000000 0.000000000 0.993249953 -0.006093699 -0.115833320 -0.519062984 0.010002495 0.999398887 0.033193771 -0.186735015 0.115561418 -0.034128334 0.992713869 0.509367985
35160000 0.735012984 1.307136741 0.500000000 0.500000000 0.000000000 0.000000000 0.992004573 -0.005903834 -0.126063585 -0.229195988 0.010986337 0.999152839 0.039659880 0.010613100 0.125722647 -0.040727757 0.991229057 -0.007835761
35240000 0.735012984 1.307136741 0.500000000 0.500000000 0.000000000 0.000000000 0.990482807 -0.006047757 -0.137503594 0.061563504 0.012647433 0.998806655 0.047173530 0.154966005 0.137054205 -0.048463635 0.989377320 -0.470117008
35320000 0.735012984 1.307136741 0.500000000 0.500000000 0.000000000 0.000000000 0.988673806 -0.006128007 -0.149955183 0.337799027 0.014336647 0.998453081 0.053721018 0.270556988 0.149394006 -0.055262417 0.987232268 -0.888514026
35400000 0.735012984 1.307136741 0.500000000 0.500000000 0.000000000 0.000000000 0.986486435 -0.006103405 -0.163729131 0.605198961 0.016122809 0.998071969 0.059936184 0.368209951 0.163047642 -0.061766010 0.984682918 -1.309080056
35480000 0.735012984 1.307136741 0.500000000 0.500000000 0.000000000 0.000000000 0.983882070 -0.005953635 -0.178719491 0.865356102 0.018159579 0.997605205 0.066738635 0.456180038 0.177894145 -0.068908423 0.981633961 -1.745519966
35560000 0.735012984 1.307136741 0.500000000 0.500000000 0.000000000 0.000000000 0.980853260 -0.005745656 -0.194663554 1.122630016 0.020494629 0.997059703 0.073837481 0.504144078 0.193666935 -0.076413296 0.978087008 -2.184840145
35640000 0.735012984 1.307136741 0.500000000 0.500000000 0.000000000 0.000000000 0.977260113 -0.005463168 -0.211973667 1.409689995 0.023005480 0.996498823 0.080379330 0.488732938 0.210792392 -0.083428062 0.973964214 -2.627290011
35720000 0.735012984 1.307136741 0.500000000 0.500000000 0.000000000 0.000000000 0.973093092 -0.005277947 -0.230351865 1.726780113 0.025941081 0.995890856 0.086766541 0.436589915 0.228947371 -0.090407491 0.969231427 -3.060240103
35800000 0.735012984 1.307136741 0.500000000 0.500000000 0.000000000 0.000000000 0.968286037 -0.004947165 -0.249795258 2.098589873 0.029049614 0.995252073 0.092894770 0.331882985 0.248149693 -0.097205169 0.963832438 -3.495220334
35880000 0.735012984 1.307136741 0.500000000 0.500000000 0.000000000 0.000000000 0.962920904 -0.004409115 -0.269747645 2.543259855 0.032162670 0.994611800 0.098554075 0.231415065 0.267859668 -0.103575587 0.957874358 -3.900709829
35960000 0.735012984 1.307136741 0.500000000 0.500000000 0.000000000 0.000000000 0.957009256 -0.003846182 -0.290031880 3.041009852 0.035639457 0.993894696 0.104418069 0.164201105 0.287859529 -0.110265642 0.951303482 -4.272240098
36040000 0.735012984 1.307136741 0.500000000 0.500000000 0.000000000 0.000000000 0.950670600 -0.003489239 -0.310182393 3.542379890 0.039736338 0.993068576 0.110615842 0.101272130 0.307646394 -0.117484756 0.944219768 -4.576889742
36120000 0.735012984 1.307136741 0.500000000 0.500000000 0.000000000 0.000000000 0.943750024 -0.003220942 -0.330644339 4.051820406 0.044021253 0.992275238 0.115982741 0.057053638 0.327716619 -0.124014080 0.936601520 -4.797520711
