https://www.youtube.com/watch?v=W61kMxIhc2g
58575189 0.771409222 1.381311214 0.500000000 0.500000000 0.000000000 0.000000000 0.997550607 -0.044446222 -0.054011848 -6.765919846 0.046146691 0.998464227 0.030654311 1.394730061 0.052566428 -0.033071697 0.998069644 -0.472879972
58608556 0.771409222 1.381311214 0.500000000 0.500000000 0.000000000 0.000000000 0.997723997 -0.047363605 -0.047995187 -5.966229815 0.048900362 0.998310983 0.031366765 1.138979904 0.046428479 -0.033642359 0.998354912 -0.290323977
58641922 0.771409222 1.381311214 0.500000000 0.500000000 0.000000000 0.000000000 0.997813106 -0.050589502 -0.042540271 -5.138219747 0.051924452 0.998173356 0.030883744 0.966369026 0.040900167 -0.033025086 0.998617291 -0.298496976
58675289 0.771409222 1.381311214 0.500000000 0.500000000 0.000000000 0.000000000 0.997899771 -0.053388614 -0.036684491 -4.350060291 0.054536056 0.998029709 0.031023759 0.733382939 0.034955896 -0.032959227 0.998845220 -0.321029025
58708656 0.771409222 1.381311214 0.500000000 0.500000000 0.000000000 0.000000000 0.997922659 -0.056454729 -0.031036388 -3.551170205 0.057395045 0.997891963 0.030290214 0.585226046 0.029260937 -0.032008626 0.999059200 -0.277709999
58742022 0.771409222 1.381311214 0.500000000 0.500000000 0.000000000 0.000000000 0.997908652 -0.059441067 -0.025398951 -2.752769814 0.060184166 0.997749269 0.029568866 0.419585022 0.023584180 -0.031035643 0.999239981 -0.252332980
58775389 0.771409222 1.381311214 0.500000000 0.500000000 0.000000000 0.000000000 0.997871518 -0.062162519 -0.019702664 -1.983779930 0.062735572 0.997581005 0.029939810 0.174511999 0.017793870 -0.031112144 0.999357522 -0.230030017
58808756 0.771409222 1.381311214 0.500000000 0.500000000 0.000000000 0.000000000 0.997765839 -0.065189287 -0.014617347 -1.205050010 0.065585822 0.997439206 0.028523469 0.100573996 0.012720489 -0.029418433 0.999486268 -0.181171018
58842122 0.771409222 1.381311214 0.500000000 0.500000000 0.000000000 0.000000000 0.997638404 -0.068001568 -0.009661522 -0.455865966 0.068249270 0.997270644 0.028165651 -0.047003299 0.007719843 -0.028758528 0.999556601 -0.139369996
58975589 0.771409222 1.381311214 0.500000000 0.500000000 0.000000000 0.000000000 0.996837378 -0.078837797 0.009989786 2.179249804 0.078574076 0.996607184 0.024498396 -0.661517969 -0.011887294 -0.023635980 0.999649942 -0.002594891
59008956 0.771409222 1.381311214 0.500000000 0.500000000 0.000000000 0.000000000 0.996582270 -0.081318319 0.014531361 2.778130349 0.080955356 0.996428013 0.024029240 -0.815196940 -0.016433472 -0.022770725 0.999605656 0.061687104
59042322 0.771409222 1.381311214 0.500000000 0.500000000 0.000000000 0.000000000 0.996294022 -0.084012926 0.018442033 3.411620139 0.083605513 0.996259332 0.021851538 -0.819362017 -0.020208856 -0.020228701 0.999591112 0.116499996
59075689 0.771409222 1.381311214 0.500000000 0.500000000 0.000000000 0.000000000 0.996007621 -0.086478718 0.022140937 4.048539979 0.086024486 0.996077776 0.020707665 -0.879944028 -0.023844866 -0.018720331 0.999540389 0.132943025
59109056 0.771409222 1.381311214 0.500000000 0.500000000 0.000000000 0.000000000 0.995717585 -0.088706560 0.026031850 4.643050308 0.088227458 0.995918930 0.019011807 -0.898046047 -0.027612085 -0.016633667 0.999480307 0.263961993
59142422 0.771409222 1.381311214 0.500000000 0.500000000 0.000000000 0.000000000 0.995388269 -0.091039300 0.030233286 5.217830345 0.090503410 0.995721579 0.018646933 -1.060330177 -0.031801540 -0.015824720 0.999368906 0.430615926
