https://www.youtube.com/watch?v=RP32sdh8kBk
67380000 0.855695671 1.532237419 0.500000000 0.500000000 0.000000000 0.000000000 0.999461234 -0.008041865 0.031820007 -3.877799958 0.010011300 0.998011887 -0.062225863 -0.347044002 -0.031256333 0.062510900 0.997554719 3.875629849
67420000 0.855695671 1.532237419 0.500000000 0.500000000 0.000000000 0.000000000 0.999280214 -0.006101054 0.037441205 -3.799509923 0.008753534 0.997431219 -0.071094140 -0.422201057 -0.036911275 0.071370706 0.996766686 3.885960374
67460000 0.855695671 1.532237419 0.500000000 0.500000000 0.000000000 0.000000000 0.999092519 -0.004137079 0.042391427 -3.724980200 0.007341549 0.997102261 -0.075717986 -0.464020030 -0.041955337 0.075960487 0.996227741 3.883799863
67500000 0.855695671 1.532237419 0.500000000 0.500000000 0.000000000 0.000000000 0.998902738 -0.002293746 0.046777125 -3.641890155 0.005871639 0.997052670 -0.076494806 -0.506786977 -0.046463799 0.076685525 0.995972097 3.895239973
67540000 0.855695671 1.532237419 0.500000000 0.500000000 0.000000000 0.000000000 0.998589277 -0.001230231 0.053084832 -3.531050269 0.005464734 0.996804118 -0.079697430 -0.574108946 -0.052817132 0.079875097 0.995404601 3.916929865
67580000 0.855695671 1.532237419 0.500000000 0.500000000 0.000000000 0.000000000 0.997807682 -0.008931082 0.065575235 -3.397250008 0.014677851 0.996040106 -0.087684818 -0.711488032 -0.064532451 0.088455088 0.993987560 3.954570251
67620000 0.855695671 1.532237419 0.500000000 0.500000000 0.000000000 0.000000000 0.996742845 -0.018448183 0.078507103 -3.249859964 0.026443629 0.994427145 -0.102055937 -0.897861106 -0.076186843 0.103799537 0.991675973 3.967620262
67660000 0.855695671 1.532237419 0.500000000 0.500000000 0.000000000 0.000000000 0.994961143 -0.030285100 0.095578037 -3.087040084 0.041197702 0.992585659 -0.114352182 -1.063469919 -0.091406219 0.117713571 0.988831818 3.968949739
67700000 0.855695671 1.532237419 0.500000000 0.500000000 0.000000000 0.000000000 0.992750883 -0.039076891 0.113660417 -2.926850122 0.053424474 0.990582705 -0.126062274 -1.215929963 -0.107663922 0.131220698 0.985489547 3.989860511
67740000 0.855695671 1.532237419 0.500000000 0.500000000 0.000000000 0.000000000 0.990733027 -0.044065759 0.128476962 -2.789490111 0.061400108 0.989043295 -0.134251133 -1.314569934 -0.121153399 0.140895531 0.982583463 3.994539889
67780000 0.855695671 1.532237419 0.500000000 0.500000000 0.000000000 0.000000000 0.988557279 -0.049992181 0.142321199 -2.642470049 0.069299810 0.988539517 -0.134116322 -1.369220121 -0.133985370 0.142444491 0.980692387 3.993140574
67820000 0.855695671 1.532237419 0.500000000 0.500000000 0.000000000 0.000000000 0.986465514 -0.051938415 0.155525342 -2.496469904 0.072893813 0.988535881 -0.132224351 -1.404919951 -0.146874860 0.141771615 0.978942573 4.003290056
67860000 0.855695671 1.532237419 0.500000000 0.500000000 0.000000000 0.000000000 0.984786749 -0.052375637 0.165685967 -2.379240137 0.074962802 0.988256276 -0.133154348 -1.443009988 -0.156766161 0.143548921 0.977147937 3.992250164
67900000 0.855695671 1.532237419 0.500000000 0.500000000 0.000000000 0.000000000 0.983106136 -0.052838333 0.175243750 -2.255799918 0.077043496 0.987936735 -0.134332851 -1.480650004 -0.166031793 0.145564839 0.975317538 3.971289920
67940000 0.855695671 1.532237419 0.500000000 0.500000000 0.000000000 0.000000000 0.981316566 -0.049933039 0.185807705 -2.149669674 0.076589413 0.987301826 -0.139173314 -1.514860158 -0.176498920 0.150803968 0.972679973 3.936120310
67980000 0.855695671 1.532237419 0.500000000 0.500000000 0.000000000 0.000000000 0.979622602 -0.050488617 0.194397494 -2.052599742 0.078855917 0.986853719 -0.141072556 -1.522699869 -0.184719339 0.153527275 0.970725536 3.889209557
68020000 0.855695671 1.532237419 0.500000000 0.500000000 0.000000000 0.000000000 0.977635264 -0.053612463 0.203359306 -1.938479934 0.083333634 0.986563325 -0.140528485 -1.529869943 -0.193092734 0.154332295 0.968966842 3.841579795
68060000 0.855695671 1.532237419 0.500000000 0.500000000 0.000000000 0.000000000 0.975146890 -0.055738099 0.214433476 -1.819049842 0.087152414 0.986314833 -0.139955148 -1.539129917 -0.203698084 0.155165240 0.966659606 3.788599620
68100000 0.855695671 1.532237419 0.500000000 0.500000000 0.000000000 0.000000000 0.973211706 -0.053988069 0.223482162 -1.712029960 0.086867094 0.986332119 -0.140010864 -1.534859980 -0.212868720 0.155673444 0.964599788 3.725540350
68140000 0.855695671 1.532237419 0.500000000 0.500000000 0.000000000 0.000000000 0.972024262 -0.050306536 0.229429856 -1.620979913 0.083767198 0.986810565 -0.138520464 -1.498669934 -0.219435319 0.153863952 0.963417888 3.651580015
68180000 0.855695671 1.532237419 0.500000000 0.500000000 0.000000000 0.000000000 0.971673667 -0.046642087 0.231678203 -1.527760014 0.078750066 0.988205254 -0.131334886 -1.449219993 -0.222819880 0.145859316 0.963886082 3.565800016
68220000 0.855695671 1.532237419 0.500000000 0.500000000 0.000000000 0.000000000 0.971076071 -0.040940613 0.235234082 -1.427309977 0.072153084 0.989447117 -0.125651672 -1.406359991 -0.227607429 0.138990209 0.963782430 3.466239879
68260000 0.855695671 1.532237419 0.500000000 0.500000000 0.000000000 0.000000000 0.970519543 -0.038569286 0.237916380 -1.345449849 0.068859316 0.990340829 -0.120347269 -1.360900030 -0.230976582 0.133182138 0.963800967 3.366030034
68300000 0.855695671 1.532237419 0.500000000 0.500000000 0.000000000 0.000000000 0.971009970 -0.041496310 0.235409603 -1.284969844 0.070397675 0.990783334 -0.115725994 -1.327599945 -0.228437707 0.128943384 0.964981794 3.251640282
68340000 0.855695671 1.532237419 0.500000000 0.500000000 0.000000000 0.000000000 0.971914232 -0.040224299 0.231872246 -1.218050069 0.067595869 0.991481245 -0.111336134 -1.262870036 -0.225418583 0.123882778 0.966353774 3.100680281
68380000 0.855695671 1.532237419 0.500000000 0.500000000 0.000000000 0.000000000 0.973196208 -0.032775979 0.227628976 -1.180350079 0.057245430 0.993162513 -0.101740927 -1.152020120 -0.222737908 0.112044588 0.968418241 2.962730043
68420000 0.855695671 1.532237419 0.500000000 0.500000000 0.000000000 0.000000000 0.974804997 -0.029825257 0.221056014 -1.151690166 0.052055620 0.994074047 -0.095430911 -1.084900073 -0.216899782 0.104533732 0.970580876 2.828340038
68460000 0.855695671 1.532237419 0.500000000 0.500000000 0.000000000 0.000000000 0.976200879 -0.030833807 0.214665025 -1.105249889 0.053127553 0.993681014 -0.098871201 -1.041919920 -0.210259974 0.107922778 0.971670389 2.646439923
68500000 0.855695671 1.532237419 0.500000000 0.500000000 0.000000000 0.000000000 0.976653099 -0.031328104 0.212525964 -1.046900049 0.054371066 0.993146241 -0.103461675 -0.995981935 -0.207828104 0.112601422 0.971662700 2.457339973
68540000 0.855695671 1.532237419 0.500000000 0.500000000 0.000000000 0.000000000 0.976677716 -0.036287583 0.211622015 -0.997189018 0.061016530 0.991887093 -0.111521043 -0.949720069 -0.205858335 0.121832557 0.970968187 2.267070313
68580000 0.855695671 1.532237419 0.500000000 0.500000000 0.000000000 0.000000000 0.977439463 -0.036890503 0.207969248 -0.940798936 0.063113518 0.990656078 -0.120901793 -0.866536029 -0.201565862 0.131299853 0.970634639 2.049900175
68620000 0.855695671 1.532237419 0.500000000 0.500000000 0.000000000 0.000000000 0.978193760 -0.033944506 0.204901978 -0.863067147 0.059969734 0.990695477 -0.122172371 -0.717643012 -0.198848382 0.131796166 0.971127748 1.799630095
68660000 0.855695671 1.532237419 0.500000000 0.500000000 0.000000000 0.000000000 0.978481531 -0.027971555 0.204429626 -0.784957063 0.052539077 0.991887212 -0.115755767 -0.597480994 -0.199533284 0.124005422 0.972012937 1.567880145
68700000 0.855695671 1.532237419 0.500000000 0.500000000 0.000000000 0.000000000 0.978193402 -0.022203177 0.206505835 -0.722757996 0.047444157 0.991868496 -0.118093111 -0.524500058 -0.202204585 0.125315398 0.971292615 1.353419996
68740000 0.855695671 1.532237419 0.500000000 0.500000000 0.000000000 0.000000000 0.977682292 -0.019011298 0.209227026 -0.647970053 0.046323605 0.990893900 -0.126425415 -0.446659963 -0.204918295 0.133296043 0.969660103 1.111880040
68780000 0.855695671 1.532237419 0.500000000 0.500000000 0.000000000 0.000000000 0.976288021 -0.012082019 0.216138124 -0.551886958 0.041912749 0.990098357 -0.133972213 -0.346469990 -0.212379336 0.139854416 0.967127562 0.856015944
68820000 0.855695671 1.532237419 0.500000000 0.500000000 0.000000000 0.000000000 0.975548387 -0.000938956 0.219782680 -0.514765989 0.032972556 0.989298880 -0.142128721 -0.237012987 -0.217297316 0.145900235 0.965139925 0.660928061
68860000 0.855695671 1.532237419 0.500000000 0.500000000 0.000000000 0.000000000 0.976298749 0.002965938 0.216406867 -0.451871952 0.030235056 0.988231659 -0.149946705 -0.146580988 -0.214304850 0.152935848 0.964719713 0.436620034
68900000 0.855695671 1.532237419 0.500000000 0.500000000 0.000000000 0.000000000 0.976306260 0.003958100 0.216357142 -0.359358991 0.029600063 0.987991869 -0.151644036 -0.047149209 -0.214359313 0.154455200 0.964465439 0.201915968
68940000 0.855695671 1.532237419 0.500000000 0.500000000 0.000000000 0.000000000 0.975387037 0.014256690 0.220038384 -0.298937008 0.020325772 0.987845480 -0.154104576 0.037241210 -0.219560951 0.154784068 0.963241875 0.023533804
68980000 0.855695671 1.532237419 0.500000000 0.500000000 0.000000000 0.000000000 0.975106418 0.017294537 0.221061692 -0.257379975 0.017957594 0.987519622 -0.156468660 0.139346987 -0.221008822 0.156543344 0.962626219 -0.136917988
69020000 0.855695671 1.532237419 0.500000000 0.500000000 0.000000000 0.000000000 0.976264179 0.009899999 0.216356784 -0.214784988 0.023621161 0.988128960 -0.151799947 0.223614002 -0.215291232 0.153307438 0.964441001 -0.286381987
69060000 0.855695671 1.532237419 0.500000000 0.500000000 0.000000000 0.000000000 0.977243662 0.011135152 0.211827338 -0.157772988 0.021418141 0.988337696 -0.150764331 0.260396983 -0.211035728 0.151870444 0.965608239 -0.428933980
69100000 0.855695671 1.532237419 0.500000000 0.500000000 0.000000000 0.000000000 0.977410614 0.012074824 0.211004049 -0.111982011 0.021305159 0.987651944 -0.155208498 0.320898989 -0.210272670 0.156197906 0.965084255 -0.549893023
69140000 0.855695671 1.532237419 0.500000000 0.500000000 0.000000000 0.000000000 0.978271663 0.003718084 0.207293898 -0.079039092 0.028950328 0.987593949 -0.154337555 0.396906984 -0.205296040 0.156985283 0.966027498 -0.653626934
69180000 0.855695671 1.532237419 0.500000000 0.500000000 0.000000000 0.000000000 0.979790270 0.001502215 0.200021937 -0.017892216 0.030108377 0.987471342 -0.154899508 0.432657986 -0.197748616 0.157791376 0.967469573 -0.765258016
69220000 0.855695671 1.532237419 0.500000000 0.500000000 0.000000000 0.000000000 0.980502605 0.004802344 0.196447194 0.044064478 0.026283959 0.987513125 -0.155328453 0.477709010 -0.194740117 0.157463372 0.968132973 -0.873119929
69260000 0.855695671 1.532237419 0.500000000 0.500000000 0.000000000 0.000000000 0.981248081 0.003261593 0.192721620 0.102287024 0.027184322 0.987521172 -0.155122519 0.505604000 -0.190822616 0.157452673 0.968914568 -0.966957991
69300000 0.855695671 1.532237419 0.500000000 0.500000000 0.000000000 0.000000000 0.981617093 0.000909556 0.190858603 0.166938003 0.029683249 0.987093508 -0.157369822 0.514823989 -0.188538432 0.160142213 0.968920887 -1.048959886
69340000 0.855695671 1.532237419 0.500000000 0.500000000 0.000000000 0.000000000 0.981243193 -0.000561038 0.192773193 0.233792020 0.031838901 0.986733973 -0.159192950 0.545817012 -0.190126538 0.162344694 0.968243837 -1.151659931
69380000 0.855695671 1.532237419 0.500000000 0.500000000 0.000000000 0.000000000 0.980930746 -0.005322350 0.194284707 0.295035921 0.036916651 0.986529350 -0.159364238 0.577720992 -0.190819383 0.163497612 0.967913508 -1.241530115
69420000 0.855695671 1.532237419 0.500000000 0.500000000 0.000000000 0.000000000 0.980625510 -0.012250016 0.195508599 0.363646992 0.043755613 0.986524343 -0.157655150 0.595683973 -0.190942705 0.163155258 0.967946947 -1.332200066
69460000 0.855695671 1.532237419 0.500000000 0.500000000 0.000000000 0.000000000 0.980225563 -0.014714988 0.197335362 0.438375995 0.046444200 0.986483276 -0.157142103 0.610789033 -0.192355692 0.163199782 0.967659593 -1.430760006
69500000 0.855695671 1.532237419 0.500000000 0.500000000 0.000000000 0.000000000 0.980020046 -0.013619309 0.198431984 0.500908993 0.045696519 0.986383259 -0.157986864 0.622174031 -0.193578318 0.163897946 0.967297733 -1.509109983
69540000 0.855695671 1.532237419 0.500000000 0.500000000 0.000000000 0.000000000 0.979833841 -0.017479433 0.199047968 0.560170973 0.050524354 0.985468149 -0.162172258 0.656156062 -0.193320766 0.168958634 0.966478169 -1.603589984
69580000 0.855695671 1.532237419 0.500000000 0.500000000 0.000000000 0.000000000 0.980765283 -0.019784795 0.194185406 0.642519972 0.052314475 0.985096276 -0.163855121 0.670599996 -0.188049465 0.170862123 0.967183292 -1.705829973
69620000 0.855695671 1.532237419 0.500000000 0.500000000 0.000000000 0.000000000 0.981509984 -0.018795971 0.190485850 0.718608914 0.051833641 0.984083712 -0.169978112 0.670223050 -0.184259102 0.176708788 0.966862202 -1.790809865
69660000 0.855695671 1.532237419 0.500000000 0.500000000 0.000000000 0.000000000 0.981747687 -0.024830448 0.188560024 0.802985061 0.058935918 0.982355952 -0.177491650 0.705801004 -0.180825874 0.185364977 0.965889096 -1.901189901
69700000 0.855695671 1.532237419 0.500000000 0.500000000 0.000000000 0.000000000 0.982551396 -0.033222526 0.183000207 0.882863982 0.067271084 0.980783999 -0.183132008 0.740181987 -0.173399568 0.192247227 0.965905607 -1.986680196
69740000 0.855695671 1.532237419 0.500000000 0.500000000 0.000000000 0.000000000 0.984108329 -0.036270961 0.173825264 0.986775002 0.069881827 0.979031682 -0.191346630 0.763906041 -0.163240105 0.200453028 0.966007888 -2.103329777
69780000 0.855695671 1.532237419 0.500000000 0.500000000 0.000000000 0.000000000 0.984795153 -0.035468049 0.170060396 1.099920017 0.069665760 0.977402747 -0.199575976 0.789034011 -0.159138948 0.208388820 0.965012431 -2.230460108
69820000 0.855695671 1.532237419 0.500000000 0.500000000 0.000000000 0.000000000 0.985303521 -0.036066484 0.166961789 1.182330052 0.070573449 0.976081669 -0.205630571 0.854420997 -0.155551970 0.214391589 0.964282036 -2.341170324
69860000 0.855695671 1.532237419 0.500000000 0.500000000 0.000000000 0.000000000 0.987035692 -0.037894458 0.155963525 1.290640089 0.070156373 0.975844979 -0.206892908 0.915585009 -0.144356146 0.215152502 0.965852320 -2.442359979
69900000 0.855695671 1.532237419 0.500000000 0.500000000 0.000000000 0.000000000 0.989121079 -0.035582758 0.142735317 1.418039950 0.064775787 0.976523459 -0.205441177 0.932735092 -0.132074222 0.212451994 0.968204856 -2.546350288
69940000 0.855695671 1.532237419 0.500000000 0.500000000 0.000000000 0.000000000 0.990828097 -0.028981276 0.131983802 1.534959961 0.056377925 0.976319611 -0.208857700 0.957614040 -0.122805402 0.214383051 0.968998790 -2.636089859
69980000 0.855695671 1.532237419 0.500000000 0.500000000 0.000000000 0.000000000 0.992559850 -0.022994643 0.119566582 1.659780021 0.048629962 0.975147128 -0.216155559 0.996672981 -0.111624591 0.220361859 0.969010115 -2.725620123
70020000 0.855695671 1.532237419 0.500000000 0.500000000 0.000000000 0.000000000 0.994011164 -0.018701050 0.107666366 1.796619948 0.042291027 0.974308193 -0.221212551 1.043230076 -0.100763313 0.224441066 0.969264090 -2.817709601
70060000 0.855695671 1.532237419 0.500000000 0.500000000 0.000000000 0.000000000 0.995167792 -0.015197693 0.097005457 1.930979825 0.036550261 0.974287271 -0.222324848 1.080979844 -0.091132358 0.224796116 0.970134854 -2.901760088
70100000 0.855695671 1.532237419 0.500000000 0.500000000 0.000000000 0.000000000 0.996140540 -0.012075519 0.086938128 2.063310153 0.031381667 0.974018574 -0.224283263 1.111419958 -0.081971020 0.226145908 0.970638335 -2.971349768
70140000 0.855695671 1.532237419 0.500000000 0.500000000 0.000000000 0.000000000 0.996897578 -0.007537081 0.078347750 2.194119918 0.025405332 0.972939134 -0.229660556 1.147630016 -0.074496619 0.230938509 0.970112205 -3.035900166
70180000 0.855695671 1.532237419 0.500000000 0.500000000 0.000000000 0.000000000 0.997550905 -0.006389897 0.069651440 2.314459874 0.022567317 0.971964777 -0.234040797 1.200409900 -0.066203251 0.235039473 0.969728589 -3.092029839
70220000 0.855695671 1.532237419 0.500000000 0.500000000 0.000000000 0.000000000 0.998271585 -0.004697158 0.058581725 2.448250039 0.018465249 0.971389592 -0.236772642 1.229419931 -0.055793516 0.237445131 0.969797313 -3.141289994
70260000 0.855695671 1.532237419 0.500000000 0.500000000 0.000000000 0.000000000 0.998823941 -0.000763692 0.048478425 2.574409889 0.012451295 0.970382333 -0.241253123 1.255619976 -0.046858363 0.241573021 0.969250619 -3.187050113
70300000 0.855695671 1.532237419 0.500000000 0.500000000 0.000000000 0.000000000 0.999199212 0.001084431 0.039997324 2.689100192 0.008761073 0.969445527 -0.245150194 1.290459978 -0.039041072 0.245304301 0.968659699 -3.231359821
70340000 0.855695671 1.532237419 0.500000000 0.500000000 0.000000000 0.000000000 0.999576747 0.002912774 0.028944857 2.813159779 0.004326291 0.969026625 -0.246918395 1.315199967 -0.028767556 0.246939108 0.968603909 -3.267250085
70380000 0.855695671 1.532237419 0.500000000 0.500000000 0.000000000 0.000000000 0.999806464 0.006889056 0.018427089 2.937969892 -0.002099541 0.968697250 -0.248236269 1.315170069 -0.019560385 0.248149544 0.968524218 -3.297600011
70420000 0.855695671 1.532237419 0.500000000 0.500000000 0.000000000 0.000000000 0.999937057 0.005955074 0.009509324 3.049030048 -0.003372279 0.967852235 -0.251496762 1.333099937 -0.010701303 0.251448840 0.967811406 -3.314349814
70460000 0.855695671 1.532237419 0.500000000 0.500000000 0.000000000 0.000000000 0.999998748 0.001597414 0.000081104 3.159160065 -0.001523386 0.966657400 -0.256068587 1.360619994 -0.000487448 0.256068110 0.966658592 -3.327629856
70500000 0.855695671 1.532237419 0.500000000 0.500000000 0.000000000 0.000000000 0.999970198 -0.001159288 -0.007629987 3.268079809 -0.000870608 0.965397596 -0.260780901 1.382779913 0.007668292 0.260779768 0.965367854 -3.352499925
70540000 0.855695671 1.532237419 0.500000000 0.500000000 0.000000000 0.000000000 0.999896705 -0.001614715 -0.014282705 3.368220326 -0.002211480 0.964556515 -0.263867319 1.398570075 0.014202546 0.263871670 0.964453280 -3.383690521
70580000 0.855695671 1.532237419 0.500000000 0.500000000 0.000000000 0.000000000 0.999781907 -0.000544515 -0.020878032 3.465770186 -0.005038602 0.963843822 -0.266420066 1.403899853 0.020268232 0.266467154 0.963630855 -3.406089735
70620000 0.855695671 1.532237419 0.500000000 0.500000000 0.000000000 0.000000000 0.999635994 -0.000145121 -0.026979504 3.564870095 -0.007100876 0.963314533 -0.268281072 1.407500045 0.026028680 0.268375009 0.962962806 -3.435030026
70660000 0.855695671 1.532237419 0.500000000 0.500000000 0.000000000 0.000000000 0.999543905 -0.000240872 -0.030198712 3.655210306 -0.007901387 0.963049471 -0.269208640 1.405150014 0.029147699 0.269324452 0.962608278 -3.469729478
70700000 0.855695671 1.532237419 0.500000000 0.500000000 0.000000000 0.000000000 0.999502659 -0.002819462 -0.031407733 3.736059932 -0.005826602 0.962333083 -0.271810800 1.422620046 0.030991061 0.271858603 0.961838007 -3.494659564
70740000 0.855695671 1.532237419 0.500000000 0.500000000 0.000000000 0.000000000 0.999455035 -0.007598377 -0.032122277 3.812069819 -0.001562645 0.961162388 -0.275979042 1.449920014 0.032971717 0.275878847 0.960626781 -3.517839916
70780000 0.855695671 1.532237419 0.500000000 0.500000000 0.000000000 0.000000000 0.999466658 -0.009944771 -0.031105328 3.888870339 0.000870964 0.960282266 -0.279029042 1.473569922 0.032644775 0.278853148 0.959778786 -3.558340269
70820000 0.855695671 1.532237419 0.500000000 0.500000000 0.000000000 0.000000000 0.999488115 -0.010129637 -0.030346576 3.948240042 0.001244737 0.960145295 -0.279498488 1.497619824 0.031968340 0.279317647 0.959666431 -3.580749869
70860000 0.855695671 1.532237419 0.500000000 0.500000000 0.000000000 0.000000000 0.999314904 -0.010606857 -0.035457261 4.027360141 0.000359537 0.960788608 -0.277281612 1.496409842 0.037008017 0.277078897 0.960134149 -3.579689642
