https://www.youtube.com/watch?v=CVQwrcj8Qek
63029633 0.844556196 1.520669170 0.500000000 0.500000000 0.000000000 0.000000000 0.998436868 -0.010258484 0.054941315 -2.936950045 0.011875243 0.999503553 -0.029181836 -1.246520015 -0.054614682 0.029788664 0.998063087 5.035210313
63063000 0.844556196 1.520669170 0.500000000 0.500000000 0.000000000 0.000000000 0.998122394 -0.012753041 0.059909150 -2.851160081 0.014630951 0.999411881 -0.031012606 -1.248059971 -0.059478410 0.031830903 0.997721970 4.984560249
63096367 0.844556196 1.520669170 0.500000000 0.500000000 0.000000000 0.000000000 0.997846246 -0.016784469 0.063412331 -2.768059958 0.018812256 0.999326169 -0.031517267 -1.242510062 -0.062840603 0.032642312 0.997489631 4.936930704
63129733 0.844556196 1.520669170 0.500000000 0.500000000 0.000000000 0.000000000 0.997424245 -0.022719612 0.068034463 -2.676420062 0.024868121 0.999213040 -0.030901020 -1.240850061 -0.067278869 0.032513317 0.997204304 4.893719883
63163100 0.844556196 1.520669170 0.500000000 0.500000000 0.000000000 0.000000000 0.996857047 -0.025524955 0.074996315 -2.577599723 0.027748015 0.999201417 -0.028751176 -1.211260056 -0.074202545 0.030741811 0.996769249 4.850870333
63196467 0.844556196 1.520669170 0.500000000 0.500000000 0.000000000 0.000000000 0.996306896 -0.024197951 0.082383186 -2.487899704 0.026334662 0.999341786 -0.024949081 -1.165089976 -0.081725240 0.027026474 0.996288419 4.809940183
63229833 0.844556196 1.520669170 0.500000000 0.500000000 0.000000000 0.000000000 0.995590389 -0.023650855 0.090777010 -2.388410275 0.025530178 0.999481916 -0.019597439 -1.113689953 -0.090266481 0.021828575 0.995678425 4.766010166
63263200 0.844556196 1.520669170 0.500000000 0.500000000 0.000000000 0.000000000 0.994579017 -0.025464077 0.100817442 -2.285929954 0.027002756 0.999538362 -0.013926685 -1.071799934 -0.100416273 0.016573535 0.994807482 4.717999774
63296567 0.844556196 1.520669170 0.500000000 0.500000000 0.000000000 0.000000000 0.993708909 -0.027595121 0.108540565 -2.197899956 0.028643541 0.999556780 -0.008111727 -1.028360060 -0.108268619 0.011169684 0.994058907 4.663619920
63329933 0.844556196 1.520669170 0.500000000 0.500000000 0.000000000 0.000000000 0.993138969 -0.029890787 0.113055684 -2.133150354 0.030403789 0.999533713 -0.002815749 -0.984045048 -0.112918802 0.006233749 0.993584692 4.589660439
63363300 0.844556196 1.520669170 0.500000000 0.500000000 0.000000000 0.000000000 0.992804110 -0.031084865 0.115645118 -2.080049982 0.030554201 0.999512911 0.006358987 -0.908742080 -0.115786456 -0.002779786 0.993270218 4.505329948
63396667 0.844556196 1.520669170 0.500000000 0.500000000 0.000000000 0.000000000 0.992612422 -0.032052066 0.117018141 -2.020060235 0.030069876 0.999373496 0.018665925 -0.834716003 -0.117543109 -0.015009310 0.992954373 4.435430040
63430033 0.844556196 1.520669170 0.500000000 0.500000000 0.000000000 0.000000000 0.992168844 -0.031464521 0.120875821 -1.937320114 0.028738644 0.999293268 0.024228975 -0.787840024 -0.121552750 -0.020565424 0.992371917 4.374429999
63463400 0.844556196 1.520669170 0.500000000 0.500000000 0.000000000 0.000000000 0.990623295 -0.031484649 0.132944196 -1.834019961 0.028282026 0.999264121 0.025910467 -0.756869958 -0.133662134 -0.021907579 0.990784764 4.315040293
63496767 0.844556196 1.520669170 0.500000000 0.500000000 0.000000000 0.000000000 0.989437342 -0.033664696 0.140997857 -1.764829781 0.030153975 0.999181569 0.026962643 -0.727998023 -0.141790152 -0.022426201 0.989642680 4.240730272
63530133 0.844556196 1.520669170 0.500000000 0.500000000 0.000000000 0.000000000 0.988835692 -0.039847668 0.143583417 -1.718690130 0.036059808 0.998932004 0.028888334 -0.701110959 -0.144581199 -0.023388226 0.989216506 4.155939973
63563500 0.844556196 1.520669170 0.500000000 0.500000000 0.000000000 0.000000000 0.988337576 -0.047153458 0.144794181 -1.671969945 0.042539790 0.998488605 0.034797814 -0.659564011 -0.146216169 -0.028232474 0.988849699 4.078529509
63596867 0.844556196 1.520669170 0.500000000 0.500000000 0.000000000 0.000000000 0.988131285 -0.048431173 0.145777047 -1.625970011 0.043290101 0.998330593 0.038236599 -0.616523021 -0.147385538 -0.031472076 0.988578260 4.010310170
63630233 0.844556196 1.520669170 0.500000000 0.500000000 0.000000000 0.000000000 0.988005638 -0.044545535 0.147853240 -1.581110028 0.039006662 0.998431861 0.040153857 -0.567631011 -0.149410054 -0.033904981 0.988193870 3.944099973
63663600 0.844556196 1.520669170 0.500000000 0.500000000 0.000000000 0.000000000 0.987605214 -0.041732434 0.151308939 -1.527220088 0.035799418 0.998487473 0.041726723 -0.529575973 -0.152821437 -0.035792761 0.987605453 3.885900226
63696967 0.844556196 1.520669170 0.500000000 0.500000000 0.000000000 0.000000000 0.986809492 -0.043805316 0.155846685 -1.474550136 0.037398964 0.998339832 0.043805502 -0.505714995 -0.157506853 -0.037399180 0.986809433 3.827119906
63730333 0.844556196 1.520669170 0.500000000 0.500000000 0.000000000 0.000000000 0.986015320 -0.046284795 0.160098374 -1.421479870 0.039511390 0.998194575 0.045237124 -0.489578907 -0.161903113 -0.038278781 0.986063957 3.766759907
63763700 0.844556196 1.520669170 0.500000000 0.500000000 0.000000000 0.000000000 0.985393524 -0.046918578 0.163701639 -1.375209983 0.040019855 0.998176455 0.045190245 -0.475410952 -0.165523395 -0.037978858 0.985474288 3.703380112
63797067 0.844556196 1.520669170 0.500000000 0.500000000 0.000000000 0.000000000 0.984823704 -0.049068827 0.166476682 -1.330430082 0.042106640 0.998094797 0.045097727 -0.471031953 -0.168372408 -0.037403528 0.985013545 3.637969854
63830433 0.844556196 1.520669170 0.500000000 0.500000000 0.000000000 0.000000000 0.984316289 -0.051393554 0.168760717 -1.287639973 0.044434667 0.998009145 0.044758461 -0.466770970 -0.170725048 -0.036557652 0.984640300 3.571919986
63863800 0.844556196 1.520669170 0.500000000 0.500000000 0.000000000 0.000000000 0.983902633 -0.052900456 0.170696005 -1.247519914 0.045987874 0.997963548 0.044202197 -0.459760994 -0.172686711 -0.035640713 0.984331787 3.507049953
63897167 0.844556196 1.520669170 0.500000000 0.500000000 0.000000000 0.000000000 0.983546615 -0.055068571 0.172056556 -1.208989846 0.048397873 0.997913659 0.042730812 -0.476381933 -0.174050719 -0.033700574 0.984159827 3.443869701
63930533 0.844556196 1.520669170 0.500000000 0.500000000 0.000000000 0.000000000 0.983169913 -0.058830198 0.172962308 -1.175760024 0.052787829 0.997830808 0.039333303 -0.493318969 -0.174901098 -0.029541004 0.984142721 3.377799787
63963900 0.844556196 1.520669170 0.500000000 0.500000000 0.000000000 0.000000000 0.982956648 -0.062758513 0.172793552 -1.145430044 0.057375494 0.997704148 0.035978250 -0.506973030 -0.174654797 -0.025450952 0.984300733 3.307100076
63997267 0.844556196 1.520669170 0.500000000 0.500000000 0.000000000 0.000000000 0.983084559 -0.063004419 0.171974510 -1.117560144 0.058227196 0.997768044 0.032688200 -0.515353038 -0.173650175 -0.022121670 0.984558880 3.241759809
64030633 0.844556196 1.520669170 0.500000000 0.500000000 0.000000000 0.000000000 0.983194470 -0.062970303 0.171357468 -1.082420032 0.058774300 0.997836649 0.029456016 -0.522561119 -0.172841623 -0.018889580 0.984768510 3.179190100
64064000 0.844556196 1.520669170 0.500000000 0.500000000 0.000000000 0.000000000 0.983010113 -0.067635968 0.170635477 -1.042420123 0.064305708 0.997617662 0.024975281 -0.546002980 -0.171918198 -0.013578109 0.985017657 3.112799908
64097367 0.844556196 1.520669170 0.500000000 0.500000000 0.000000000 0.000000000 0.982732594 -0.071972914 0.170459852 -1.005249869 0.069241785 0.997359037 0.021921141 -0.556713946 -0.171587393 -0.009739676 0.985120773 3.043360176
64130733 0.844556196 1.520669170 0.500000000 0.500000000 0.000000000 0.000000000 0.982523322 -0.075052746 0.170337841 -0.979221049 0.072657220 0.997151136 0.020262755 -0.562775059 -0.171373352 -0.007532362 0.985177398 2.973490394
64164100 0.844556196 1.520669170 0.500000000 0.500000000 0.000000000 0.000000000 0.983152032 -0.078396901 0.165124163 -0.953940871 0.076167688 0.996898413 0.019799227 -0.556569963 -0.166164204 -0.006888535 0.986074030 2.897829874
64197467 0.844556196 1.520669170 0.500000000 0.500000000 0.000000000 0.000000000 0.983892441 -0.079020590 0.160347834 -0.916796042 0.076798365 0.996845663 0.020018959 -0.550724978 -0.161423966 -0.007382046 0.986857533 2.828200103
64230833 0.844556196 1.520669170 0.500000000 0.500000000 0.000000000 0.000000000 0.984545767 -0.075884268 0.157832965 -0.877526061 0.073694840 0.997086525 0.019686839 -0.535866990 -0.158867046 -0.007751113 0.987269580 2.760620153
64264200 0.844556196 1.520669170 0.500000000 0.500000000 0.000000000 0.000000000 0.984830081 -0.074447274 0.156739712 -0.836354068 0.072259560 0.997192919 0.019617898 -0.520615031 -0.157760233 -0.007994348 0.987445056 2.688919709
64297567 0.844556196 1.520669170 0.500000000 0.500000000 0.000000000 0.000000000 0.984977782 -0.074444279 0.155810222 -0.795737940 0.072218046 0.997190177 0.019908411 -0.503350075 -0.156854495 -0.008357031 0.987586379 2.613970118
64330933 0.844556196 1.520669170 0.500000000 0.500000000 0.000000000 0.000000000 0.985419393 -0.074462719 0.152983576 -0.767427023 0.072228558 0.997185171 0.020117825 -0.490100970 -0.154050976 -0.008774715 0.988023937 2.539239869
64364300 0.844556196 1.520669170 0.500000000 0.500000000 0.000000000 0.000000000 0.986532211 -0.076020859 0.144827530 -0.738323862 0.073926680 0.997067213 0.019794935 -0.477588039 -0.145907596 -0.008821733 0.989258885 2.454610190
64397667 0.844556196 1.520669170 0.500000000 0.500000000 0.000000000 0.000000000 0.987088501 -0.078334190 0.139713928 -0.687932042 0.076167218 0.996878088 0.020798612 -0.455810982 -0.140907004 -0.009888448 0.989973426 2.381259735
64431033 0.844556196 1.520669170 0.500000000 0.500000000 0.000000000 0.000000000 0.987691462 -0.076210514 0.136592686 -0.642417003 0.074084714 0.997039437 0.020587139 -0.432152004 -0.137757242 -0.010214308 0.990413368 2.303530016
64464400 0.844556196 1.520669170 0.500000000 0.500000000 0.000000000 0.000000000 0.988507867 -0.069538891 0.134225562 -0.597711990 0.067533359 0.997527540 0.019442637 -0.404463993 -0.135245726 -0.010154492 0.990760028 2.228009847
64497767 0.844556196 1.520669170 0.500000000 0.500000000 0.000000000 0.000000000 0.989181399 -0.063507788 0.132237896 -0.557912975 0.061601613 0.997930110 0.018460382 -0.378589999 -0.133136556 -0.010114599 0.991046071 2.151339800
64531133 0.844556196 1.520669170 0.500000000 0.500000000 0.000000000 0.000000000 0.989765406 -0.059171919 0.129858226 -0.517035059 0.057322320 0.998194575 0.017938307 -0.356154002 -0.130685210 -0.010310941 0.991370320 2.073369858
64564500 0.844556196 1.520669170 0.500000000 0.500000000 0.000000000 0.000000000 0.990609348 -0.051666886 0.126584381 -0.485841964 0.049959779 0.998612821 0.016625969 -0.330287966 -0.127267808 -0.010145712 0.991816521 1.995430144
64597867 0.844556196 1.520669170 0.500000000 0.500000000 0.000000000 0.000000000 0.991719127 -0.044732481 0.120383263 -0.458429980 0.043156691 0.998945475 0.015666593 -0.309655012 -0.120957121 -0.010341514 0.992603838 1.917079967
64631233 0.844556196 1.520669170 0.500000000 0.500000000 0.000000000 0.000000000 0.992398083 -0.042304449 0.115569979 -0.412447983 0.040795438 0.999048948 0.015392426 -0.299562977 -0.116111234 -0.010560689 0.993180096 1.846590233
64664600 0.844556196 1.520669170 0.500000000 0.500000000 0.000000000 0.000000000 0.992721736 -0.040817373 0.113302790 -0.371518935 0.039327055 0.999108374 0.015358424 -0.294494985 -0.113828652 -0.010790775 0.993441820 1.777460173
64697967 0.844556196 1.520669170 0.500000000 0.500000000 0.000000000 0.000000000 0.992890358 -0.039778594 0.112188824 -0.328476988 0.038329761 0.999151945 0.015042529 -0.290219999 -0.112692051 -0.010635408 0.993573010 1.710059933
64731333 0.844556196 1.520669170 0.500000000 0.500000000 0.000000000 0.000000000 0.992889225 -0.040355008 0.111993201 -0.288512013 0.038904864 0.999128759 0.015104750 -0.288927026 -0.112505175 -0.010640265 0.993594170 1.640080003
64764700 0.844556196 1.520669170 0.500000000 0.500000000 0.000000000 0.000000000 0.993019581 -0.036995765 0.111997426 -0.252654977 0.035632614 0.999264777 0.014149262 -0.283095975 -0.112438545 -0.010059733 0.993607759 1.568150137
64798067 0.844556196 1.520669170 0.500000000 0.500000000 0.000000000 0.000000000 0.993181229 -0.033363599 0.111704543 -0.223248030 0.032078248 0.999397039 0.013284738 -0.274052985 -0.112080425 -0.009610864 0.993652642 1.493529852
64831433 0.844556196 1.520669170 0.500000000 0.500000000 0.000000000 0.000000000 0.993268609 -0.033214614 0.110969447 -0.195622976 0.032001197 0.999407172 0.012698400 -0.278014021 -0.111325435 -0.009061768 0.993742704 1.423820094
64864800 0.844556196 1.520669170 0.500000000 0.500000000 0.000000000 0.000000000 0.993375659 -0.033674769 0.109867126 -0.171149971 0.032743990 0.999411047 0.010265632 -0.279842996 -0.110148117 -0.006600143 0.993893266 1.351670119
64898167 0.844556196 1.520669170 0.500000000 0.500000000 0.000000000 0.000000000 0.993548036 -0.032273028 0.108723149 -0.152918018 0.031676132 0.999472141 0.007213112 -0.279568983 -0.108898550 -0.003722645 0.994045913 1.279639927
64931533 0.844556196 1.520669170 0.500000000 0.500000000 0.000000000 0.000000000 0.993680239 -0.033006836 0.107285373 -0.130752022 0.032773327 0.999455035 0.003939421 -0.277311993 -0.107356928 -0.000398425 0.994220436 1.209479892
64964900 0.844556196 1.520669170 0.500000000 0.500000000 0.000000000 0.000000000 0.993743241 -0.035222083 0.105989486 -0.109564993 0.035289392 0.999376357 0.001240917 -0.274188992 -0.105967090 0.002507148 0.994366467 1.138519921
64998267 0.844556196 1.520669170 0.500000000 0.500000000 0.000000000 0.000000000 0.993815422 -0.035382766 0.105256826 -0.091876290 0.035707343 0.999361575 -0.001200237 -0.263503997 -0.105147153 0.004951260 0.994444370 1.069470030
65031633 0.844556196 1.520669170 0.500000000 0.500000000 0.000000000 0.000000000 0.993876696 -0.034487411 0.104975060 -0.071883697 0.034959421 0.999385178 -0.002659149 -0.251578983 -0.104818806 0.006312737 0.994471312 0.997291038
65065000 0.844556196 1.520669170 0.500000000 0.500000000 0.000000000 0.000000000 0.993927777 -0.033334978 0.104863614 -0.052635504 0.033906057 0.999418318 -0.003667490 -0.237274019 -0.104680359 0.007200733 0.994479835 0.920763992
65098367 0.844556196 1.520669170 0.500000000 0.500000000 0.000000000 0.000000000 0.993985593 -0.031715870 0.104817547 -0.032253889 0.032295793 0.999471009 -0.003839619 -0.224126002 -0.104640312 0.007201694 0.994484067 0.844814017
65131733 0.844556196 1.520669170 0.500000000 0.500000000 0.000000000 0.000000000 0.994022667 -0.029352371 0.105153866 -0.014810500 0.029859997 0.999548793 -0.003256080 -0.206989997 -0.105010845 0.006376509 0.994450629 0.766777951
65165100 0.844556196 1.520669170 0.500000000 0.500000000 0.000000000 0.000000000 0.993843555 -0.028570389 0.107045472 0.019257511 0.028878944 0.999582052 -0.001333108 -0.194748011 -0.106962636 0.004416259 0.994253218 0.689252029
65198467 0.844556196 1.520669170 0.500000000 0.500000000 0.000000000 0.000000000 0.993346214 -0.031534441 0.110764965 0.042152098 0.031543560 0.999500990 0.001670435 -0.179001005 -0.110762373 0.001834603 0.993845224 0.605081908
65231833 0.844556196 1.520669170 0.500000000 0.500000000 0.000000000 0.000000000 0.992834210 -0.034806121 0.114318959 0.061656000 0.034317981 0.999391496 0.006235833 -0.153922988 -0.114466436 -0.002267955 0.993424535 0.518695992
65265200 0.844556196 1.520669170 0.500000000 0.500000000 0.000000000 0.000000000 0.992462754 -0.035105478 0.117410533 0.082216595 0.034115899 0.999363482 0.010428101 -0.134858984 -0.117701881 -0.006343935 0.993028700 0.432348011
65298567 0.844556196 1.520669170 0.500000000 0.500000000 0.000000000 0.000000000 0.992150486 -0.034456093 0.120208725 0.098382598 0.033080649 0.999362588 0.013419536 -0.109873998 -0.120594487 -0.009337612 0.992657900 0.344865984
65331933 0.844556196 1.520669170 0.500000000 0.500000000 0.000000000 0.000000000 0.991823912 -0.036309633 0.122339375 0.110481999 0.034472059 0.999259293 0.017104246 -0.083058306 -0.122869812 -0.012747112 0.992340922 0.254999010
65365300 0.844556196 1.520669170 0.500000000 0.500000000 0.000000000 0.000000000 0.991573215 -0.038985308 0.123542435 0.123437007 0.036703531 0.999111950 0.020692877 -0.057385096 -0.124239437 -0.015984062 0.992123544 0.166628027
65398667 0.844556196 1.520669170 0.500000000 0.500000000 0.000000000 0.000000000 0.991589487 -0.037556030 0.123854019 0.138848005 0.035064735 0.999137700 0.022234429 -0.029090003 -0.124582253 -0.017704517 0.992051303 0.078945800
65432033 0.844556196 1.520669170 0.500000000 0.500000000 0.000000000 0.000000000 0.991760314 -0.031401049 0.124199249 0.150484990 0.028947745 0.999349475 0.021509003 -0.003991329 -0.124793865 -0.017736491 0.992024183 -0.009765709
65465400 0.844556196 1.520669170 0.500000000 0.500000000 0.000000000 0.000000000 0.991827071 -0.026113674 0.124888636 0.164397008 0.023873486 0.999526739 0.019400850 0.016630600 -0.125336155 -0.016260762 0.991981089 -0.095484904
65498767 0.844556196 1.520669170 0.500000000 0.500000000 0.000000000 0.000000000 0.991650879 -0.026480576 0.126203522 0.182888999 0.024577456 0.999559879 0.016613353 0.033915801 -0.126587912 -0.013372882 0.991865218 -0.180770986
65532133 0.844556196 1.520669170 0.500000000 0.500000000 0.000000000 0.000000000 0.991310418 -0.029858334 0.128109902 0.194687999 0.028304236 0.999502242 0.013934801 0.054952402 -0.128462195 -0.010187662 0.991662085 -0.268261013
65565500 0.844556196 1.520669170 0.500000000 0.500000000 0.000000000 0.000000000 0.991145194 -0.033168878 0.128573000 0.203016997 0.031911399 0.999420702 0.011828566 0.079643206 -0.128890872 -0.007620882 0.991629481 -0.356285994
65598867 0.844556196 1.520669170 0.500000000 0.500000000 0.000000000 0.000000000 0.991239071 -0.036400720 0.126964822 0.210933991 0.035291068 0.999316752 0.010979136 0.101237991 -0.127277717 -0.006402226 0.991846442 -0.435254958
65632233 0.844556196 1.520669170 0.500000000 0.500000000 0.000000000 0.000000000 0.991402805 -0.039701633 0.124676779 0.237691023 0.038635507 0.999193251 0.010958369 0.118986998 -0.125011265 -0.006047203 0.992136896 -0.509892985
65665600 0.844556196 1.520669170 0.500000000 0.500000000 0.000000000 0.000000000 0.991437018 -0.040417399 0.124173671 0.272779002 0.039470870 0.999169946 0.010074340 0.138409011 -0.124477774 -0.005086833 0.992209375 -0.583514016
65698967 0.844556196 1.520669170 0.500000000 0.500000000 0.000000000 0.000000000 0.991292536 -0.038754780 0.125845924 0.300529009 0.038041603 0.999243617 0.008066314 0.149018002 -0.126063332 -0.003208699 0.992017031 -0.659388034
65732333 0.844556196 1.520669170 0.500000000 0.500000000 0.000000000 0.000000000 0.990801215 -0.043028735 0.128302485 0.315113994 0.042440601 0.999072194 0.007315651 0.162903989 -0.128498226 -0.001803121 0.991708100 -0.740894980
65765700 0.844556196 1.520669170 0.500000000 0.500000000 0.000000000 0.000000000 0.990300834 -0.051109403 0.129197851 0.330218993 0.050545767 0.998692513 0.007639926 0.179474986 -0.129419401 -0.001035421 0.991589427 -0.827509995
65799067 0.844556196 1.520669170 0.500000000 0.500000000 0.000000000 0.000000000 0.990317702 -0.053404126 0.128135800 0.349730962 0.052859049 0.998572648 0.007653174 0.192984988 -0.128361613 -0.000805934 0.991727114 -0.912990039
65832433 0.844556196 1.520669170 0.500000000 0.500000000 0.000000000 0.000000000 0.990831733 -0.049490780 0.125710770 0.373496040 0.049063228 0.998774529 0.006496864 0.203930999 -0.125878260 -0.000269525 0.992045641 -1.003090019
65865800 0.844556196 1.520669170 0.500000000 0.500000000 0.000000000 0.000000000 0.991450071 -0.045272764 0.122381188 0.401519009 0.044914927 0.998974681 0.005682562 0.210403024 -0.122512974 -0.000137232 0.992466927 -1.095469900
65899167 0.844556196 1.520669170 0.500000000 0.500000000 0.000000000 0.000000000 0.991957843 -0.043845948 0.118731372 0.431250995 0.043508161 0.999038279 0.005436820 0.216314997 -0.118855573 -0.000227309 0.992911518 -1.190690025
65932533 0.844556196 1.520669170 0.500000000 0.500000000 0.000000000 0.000000000 0.992550254 -0.042893656 0.114035770 0.461000062 0.042593412 0.999079645 0.005069250 0.221605013 -0.114148259 -0.000174313 0.993463695 -1.284599990
65965900 0.844556196 1.520669170 0.500000000 0.500000000 0.000000000 0.000000000 0.993478239 -0.041535683 0.106187522 0.494624980 0.041332461 0.999136984 0.004114797 0.230065017 -0.106266797 0.000301028 0.994337618 -1.379940134
65999267 0.844556196 1.520669170 0.500000000 0.500000000 0.000000000 0.000000000 0.994498909 -0.041259047 0.096278489 0.537140984 0.041098591 0.999148428 0.003649885 0.239030992 -0.096347094 0.000327107 0.995347738 -1.475229934
66032633 0.844556196 1.520669170 0.500000000 0.500000000 0.000000000 0.000000000 0.995340347 -0.039647635 0.087896012 0.592702012 0.039516356 0.999213696 0.003233765 0.251926001 -0.087955110 0.000254634 0.996124387 -1.569639933
66066000 0.844556196 1.520669170 0.500000000 0.500000000 0.000000000 0.000000000 0.995933354 -0.034977447 0.083025999 0.642318982 0.034890633 0.999388039 0.002496761 0.264731008 -0.083062522 0.000410221 0.996544242 -1.662149898
66099367 0.844556196 1.520669170 0.500000000 0.500000000 0.000000000 0.000000000 0.996437669 -0.028395526 0.079408593 0.689661025 0.028396629 0.999596119 0.001115572 0.284072021 -0.079408191 0.001143339 0.996841550 -1.759130159
66132733 0.844556196 1.520669170 0.500000000 0.500000000 0.000000000 0.000000000 0.996829808 -0.023406453 0.076042257 0.735874966 0.023400001 0.999725699 0.000975943 0.302762964 -0.076044239 0.000806540 0.997104108 -1.856549966
66166100 0.844556196 1.520669170 0.500000000 0.500000000 0.000000000 0.000000000 0.997194827 -0.021223778 0.071777970 0.776859044 0.021222400 0.999774456 0.000781940 0.323645984 -0.071778372 0.000743556 0.997420311 -1.950799923
66199467 0.844556196 1.520669170 0.500000000 0.500000000 0.000000000 0.000000000 0.997734010 -0.018817181 0.064596824 0.816909026 0.018832779 0.999822557 0.000367482 0.360623007 -0.064592279 0.000849889 0.997911394 -2.049139952
66232833 0.844556196 1.520669170 0.500000000 0.500000000 0.000000000 0.000000000 0.998323321 -0.015728906 0.055705644 0.878474906 0.015519973 0.999870837 0.004181323 0.372739010 -0.055764213 -0.003309762 0.998438478 -2.136159715
66266200 0.844556196 1.520669170 0.500000000 0.500000000 0.000000000 0.000000000 0.998728454 -0.013474075 0.048578497 0.941187005 0.013180461 0.999892890 0.006359403 0.390632945 -0.048658978 -0.005711030 0.998799145 -2.223930097
66299567 0.844556196 1.520669170 0.500000000 0.500000000 0.000000000 0.000000000 0.999019027 -0.009655023 0.043217022 0.996243936 0.009328071 0.999926388 0.007760628 0.409283009 -0.043288771 -0.007349884 0.999035537 -2.311939875
66332933 0.844556196 1.520669170 0.500000000 0.500000000 0.000000000 0.000000000 0.999339879 0.001690791 0.036290508 1.046990019 -0.001975207 0.999967635 0.007802799 0.422851017 -0.036276136 -0.007869329 0.999310791 -2.398279653
66366300 0.844556196 1.520669170 0.500000000 0.500000000 0.000000000 0.000000000 0.999613464 0.013462585 0.024325112 1.113280114 -0.013666044 0.999872863 0.008217375 0.428903013 -0.024211394 -0.008546625 0.999670327 -2.485489840
66399667 0.844556196 1.520669170 0.500000000 0.500000000 0.000000000 0.000000000 0.999681711 0.021210741 0.013657801 1.196959909 -0.021333430 0.999732792 0.008900799 0.429798981 -0.013465358 -0.009189334 0.999867082 -2.568449645
66433033 0.844556196 1.520669170 0.500000000 0.500000000 0.000000000 0.000000000 0.999662817 0.024349768 0.009017682 1.256409960 -0.024420943 0.999670804 0.007868563 0.439089994 -0.008823115 -0.008086129 0.999928355 -2.652129843
66466400 0.844556196 1.520669170 0.500000000 0.500000000 0.000000000 0.000000000 0.999648035 0.025744591 0.006401699 1.311019914 -0.025789768 0.999642313 0.007077744 0.449411966 -0.006217195 -0.007240351 0.999954462 -2.738699965
66499767 0.844556196 1.520669170 0.500000000 0.500000000 0.000000000 0.000000000 0.999652088 0.025859794 0.005195858 1.353900000 -0.025880801 0.999656975 0.004017439 0.450643006 -0.005090186 -0.004150514 0.999978423 -2.819479947
66533133 0.844556196 1.520669170 0.500000000 0.500000000 0.000000000 0.000000000 0.999829590 0.017847775 0.004716125 1.385950044 -0.017843289 0.999840319 -0.000991531 0.487271045 -0.004733069 0.000907211 0.999988377 -2.907939754
66566500 0.844556196 1.520669170 0.500000000 0.500000000 0.000000000 0.000000000 0.999980867 0.004577608 0.004157933 1.412649908 -0.004562216 0.999982715 -0.003703858 0.523029005 -0.004174816 0.003684817 0.999984503 -2.992949842
66599867 0.844556196 1.520669170 0.500000000 0.500000000 0.000000000 0.000000000 0.999993920 -0.001615024 0.003090184 1.439579998 0.001633649 0.999980450 -0.006034198 0.552470987 -0.003080379 0.006039209 0.999976993 -3.078279823
66633233 0.844556196 1.520669170 0.500000000 0.500000000 0.000000000 0.000000000 0.999998927 -0.000929042 0.001120460 1.470229933 0.000938723 0.999961972 -0.008671272 0.568862982 -0.001112362 0.008672315 0.999961793 -3.160780162
66666600 0.844556196 1.520669170 0.500000000 0.500000000 0.000000000 0.000000000 0.999998987 -0.001396328 -0.000244815 1.501839924 0.001393254 0.999925375 -0.012136266 0.592808003 0.000261743 0.012135912 0.999926329 -3.246069967
66699967 0.844556196 1.520669170 0.500000000 0.500000000 0.000000000 0.000000000 0.999988675 -0.004748930 0.000384372 1.537130074 0.004754175 0.999875546 -0.015042746 0.617576007 -0.000312887 0.015044401 0.999886751 -3.329369922
66733333 0.844556196 1.520669170 0.500000000 0.500000000 0.000000000 0.000000000 0.999941647 -0.007523041 0.007752115 1.526010059 0.007657794 0.999817491 -0.017502239 0.645853999 -0.007619030 0.017560581 0.999816775 -3.431570082
66766700 0.844556196 1.520669170 0.500000000 0.500000000 0.000000000 0.000000000 0.999921978 -0.004999416 0.011447514 1.525249956 0.005220189 0.999799371 -0.019337738 0.664895020 -0.011348541 0.019395987 0.999747455 -3.530849918
66800067 0.844556196 1.520669170 0.500000000 0.500000000 0.000000000 0.000000000 0.999889493 -0.003406132 0.014471836 1.531790028 0.003699467 0.999787271 -0.020291146 0.681545973 -0.014399644 0.020342443 0.999689341 -3.628759731
66833433 0.844556196 1.520669170 0.500000000 0.500000000 0.000000000 0.000000000 0.999740183 -0.006644104 0.021803649 1.554139919 0.007086009 0.999769747 -0.020253202 0.698573983 -0.021664066 0.020402441 0.999557078 -3.738429910
66866800 0.844556196 1.520669170 0.500000000 0.500000000 0.000000000 0.000000000 0.999210417 -0.008091438 0.038898591 1.503750055 0.008896857 0.999748707 -0.020577280 0.719396042 -0.038722318 0.020907106 0.999031246 -3.865359697
66900167 0.844556196 1.520669170 0.500000000 0.500000000 0.000000000 0.000000000 0.998544335 -0.007190088 0.053456102 1.440360007 0.008323113 0.999744773 -0.021003116 0.737689007 -0.053291444 0.021417461 0.998349309 -3.995349995
66933533 0.844556196 1.520669170 0.500000000 0.500000000 0.000000000 0.000000000 0.997902095 -0.011418493 0.063726470 1.398820094 0.012752800 0.999707043 -0.020570671 0.759645938 -0.063472912 0.021340208 0.997755349 -4.119199863
66966900 0.844556196 1.520669170 0.500000000 0.500000000 0.000000000 0.000000000 0.997151196 -0.016333286 0.073639303 1.370460116 0.017877340 0.999632895 -0.020357629 0.789646040 -0.073279768 0.021616111 0.997077107 -4.251009323
67000267 0.844556196 1.520669170 0.500000000 0.500000000 0.000000000 0.000000000 0.996012628 -0.019901518 0.086964309 1.323150096 0.021717850 0.999564290 -0.019989910 0.815972005 -0.086528584 0.021798881 0.996010840 -4.384029684
67033633 0.844556196 1.520669170 0.500000000 0.500000000 0.000000000 0.000000000 0.994394183 -0.026220148 0.102433935 1.248139929 0.028378932 0.999403596 -0.019674495 0.853386999 -0.101856977 0.022471167 0.994545221 -4.518539681
67067000 0.844556196 1.520669170 0.500000000 0.500000000 0.000000000 0.000000000 0.992848694 -0.033892747 0.114467196 1.172030053 0.036185276 0.999182820 -0.018009083 0.893966958 -0.113763280 0.022022324 0.993263781 -4.650790136
67100367 0.844556196 1.520669170 0.500000000 0.500000000 0.000000000 0.000000000 0.991632879 -0.042005498 0.122064620 1.123029954 0.044220019 0.998901725 -0.015489017 0.933242964 -0.121279940 0.020757115 0.992401302 -4.774720341
67133733 0.844556196 1.520669170 0.500000000 0.500000000 0.000000000 0.000000000 0.990321875 -0.047493860 0.130410716 1.086390086 0.049417324 0.998711407 -0.011551155 0.957435955 -0.129694059 0.017883912 0.991392791 -4.897450019
67167100 0.844556196 1.520669170 0.500000000 0.500000000 0.000000000 0.000000000 0.988082409 -0.053576663 0.144300818 1.005579975 0.055427298 0.998423636 -0.008832468 0.988136012 -0.143600136 0.016725404 0.989494443 -5.016349778
67200467 0.844556196 1.520669170 0.500000000 0.500000000 0.000000000 0.000000000 0.985490739 -0.059616249 0.158914611 0.914974828 0.061460476 0.998086929 -0.006711352 1.023879941 -0.158210501 0.016380947 0.987269521 -5.133550353
67233833 0.844556196 1.520669170 0.500000000 0.500000000 0.000000000 0.000000000 0.983549893 -0.062868610 0.169343188 0.838091001 0.064853489 0.997875452 -0.006209902 1.068939992 -0.168593004 0.017090240 0.985537589 -5.246150332
67267200 0.844556196 1.520669170 0.500000000 0.500000000 0.000000000 0.000000000 0.982488990 -0.065468431 0.174439922 0.802449991 0.067595109 0.997693121 -0.006271787 1.109460045 -0.173626915 0.017953247 0.984647870 -5.348730690
67300567 0.844556196 1.520669170 0.500000000 0.500000000 0.000000000 0.000000000 0.980982423 -0.072146207 0.180189863 0.769785910 0.074309781 0.997221231 -0.005276993 1.142230030 -0.179308429 0.018566512 0.983617663 -5.446970001
67333933 0.844556196 1.520669170 0.500000000 0.500000000 0.000000000 0.000000000 0.978457212 -0.080523454 0.190098539 0.711312992 0.082588084 0.996579409 -0.002950554 1.172629904 -0.189210698 0.018586867 0.981760561 -5.551199822
67367300 0.844556196 1.520669170 0.500000000 0.500000000 0.000000000 0.000000000 0.976834476 -0.082153887 0.197598472 0.664874851 0.084196746 0.996447265 -0.001944713 1.190039965 -0.196736678 0.018536825 0.980281115 -5.643899783
67400667 0.844556196 1.520669170 0.500000000 0.500000000 0.000000000 0.000000000 0.975556672 -0.079805374 0.204744428 0.640732089 0.082074910 0.996622741 -0.002602590 1.206039862 -0.203845263 0.019343358 0.978811979 -5.735069938
67434033 0.844556196 1.520669170 0.500000000 0.500000000 0.000000000 0.000000000 0.972864985 -0.078898370 0.217505664 0.586360848 0.081576705 0.996661425 -0.003347790 1.226469822 -0.216515362 0.021000348 0.976053298 -5.829669969
67467400 0.844556196 1.520669170 0.500000000 0.500000000 0.000000000 0.000000000 0.969278514 -0.079930224 0.232616499 0.503595064 0.082830407 0.996559978 -0.002710355 1.233410061 -0.231599644 0.021894790 0.972564816 -5.917470680
67500767 0.844556196 1.520669170 0.500000000 0.500000000 0.000000000 0.000000000 0.965765536 -0.085529305 0.244911760 0.428822017 0.089188196 0.996007264 -0.003867026 1.265409994 -0.243603140 0.025577862 0.969537675 -5.997900053
67534133 0.844556196 1.520669170 0.500000000 0.500000000 0.000000000 0.000000000 0.962830544 -0.094043732 0.253205806 0.379005100 0.098312646 0.995146573 -0.004230246 1.296489915 -0.251579076 0.028966326 0.967403233 -6.079440675
67567500 0.844556196 1.520669170 0.500000000 0.500000000 0.000000000 0.000000000 0.960599840 -0.101111986 0.258890659 0.357068276 0.105712362 0.994389236 -0.003872727 1.321090158 -0.257046491 0.031088065 0.965898871 -6.165369813
67600867 0.844556196 1.520669170 0.500000000 0.500000000 0.000000000 0.000000000 0.958312988 -0.104201391 0.266041815 0.339080118 0.109041467 0.994031250 -0.003444622 1.334250024 -0.264094949 0.032310624 0.963955343 -6.249049897
67634233 0.844556196 1.520669170 0.500000000 0.500000000 0.000000000 0.000000000 0.954654396 -0.107086770 0.277790099 0.287549053 0.112435825 0.993653357 -0.003348657 1.350819785 -0.275668472 0.034430400 0.960635900 -6.330009052
67667600 0.844556196 1.520669170 0.500000000 0.500000000 0.000000000 0.000000000 0.951098800 -0.107942827 0.289412200 0.235228712 0.113694124 0.993511021 -0.003081962 1.365809925 -0.287201524 0.035835713 0.957199633 -6.413800522
