https://www.youtube.com/watch?v=KLnBuQlrmRE
91891800 0.886237831 1.576072608 0.500000000 0.500000000 0.000000000 0.000000000 0.991815150 0.032077275 -0.123587236 0.159411031 -0.021711797 0.996201813 0.084323846 -0.374482015 0.125822708 -0.080950372 0.988744497 2.267399809
92092000 0.886237831 1.576072608 0.500000000 0.500000000 0.000000000 0.000000000 0.990110934 0.034169786 -0.136061594 0.171351971 -0.022484193 0.995996952 0.086513393 -0.280399002 0.138473079 -0.082598619 0.986915708 1.807699928
92158733 0.886237831 1.576072608 0.500000000 0.500000000 0.000000000 0.000000000 0.989732623 0.034713890 -0.138651758 0.171386979 -0.022723639 0.995936632 0.087142818 -0.261927029 0.141113430 -0.083097421 0.986499786 1.657010087
92225467 0.886237831 1.576072608 0.500000000 0.500000000 0.000000000 0.000000000 0.989188969 0.033769287 -0.142705247 0.170312978 -0.021340858 0.995914638 0.087741598 -0.243575999 0.145085230 -0.083747566 0.985868454 1.501790125
92292200 0.886237831 1.576072608 0.500000000 0.500000000 0.000000000 0.000000000 0.988944829 0.034533359 -0.144206688 0.166140016 -0.021812651 0.995803595 0.088878900 -0.226351000 0.146670833 -0.084750801 0.985548079 1.341610071
92492400 0.886237831 1.576072608 0.500000000 0.500000000 0.000000000 0.000000000 0.988148153 0.034886498 -0.149486244 0.152268008 -0.020955548 0.995372951 0.093773723 -0.144750988 0.152065992 -0.089529768 0.984307051 0.877404969
92692600 0.886237831 1.576072608 0.500000000 0.500000000 0.000000000 0.000000000 0.988476455 0.029199190 -0.148531809 0.138816992 -0.015380558 0.995514870 0.093346447 -0.071367299 0.150591269 -0.089986265 0.984492123 0.383229988
92759333 0.886237831 1.576072608 0.500000000 0.500000000 0.000000000 0.000000000 0.988996685 0.027473850 -0.145364374 0.136654999 -0.014044454 0.995602787 0.092616402 -0.056539398 0.147269696 -0.089555748 0.985033691 0.214882998
92959533 0.886237831 1.576072608 0.500000000 0.500000000 0.000000000 0.000000000 0.990170419 0.025023181 -0.137609318 0.134845001 -0.012521099 0.995774209 0.090977870 -0.002994942 0.139304355 -0.088360570 0.986299515 -0.285100039
93026267 0.886237831 1.576072608 0.500000000 0.500000000 0.000000000 0.000000000 0.990229249 0.026264878 -0.136953428 0.135048005 -0.013841989 0.995765269 0.090884209 0.026514500 0.138760522 -0.088100493 0.986399412 -0.448193014
93093000 0.886237831 1.576072608 0.500000000 0.500000000 0.000000000 0.000000000 0.989962459 0.028411096 -0.138445258 0.134178993 -0.015956005 0.995790660 0.090257019 0.056049607 0.140426785 -0.087142035 0.986248732 -0.616096915
93159733 0.886237831 1.576072608 0.500000000 0.500000000 0.000000000 0.000000000 0.989449203 0.032188781 -0.141259193 0.127049995 -0.019690981 0.995837271 0.088996433 0.080595114 0.143535852 -0.085275926 0.985964239 -0.771092953
93226467 0.886237831 1.576072608 0.500000000 0.500000000 0.000000000 0.000000000 0.988674760 0.036659561 -0.145527899 0.113642006 -0.024077477 0.995891333 0.087297052 0.100130006 0.148130238 -0.082804441 0.985495269 -0.922266016
93293200 0.886237831 1.576072608 0.500000000 0.500000000 0.000000000 0.000000000 0.987290382 0.040557086 -0.153664827 0.104950001 -0.028097756 0.996202946 0.082403034 0.121562004 0.156423390 -0.077038080 0.984681070 -1.071599980
93359933 0.886237831 1.576072608 0.500000000 0.500000000 0.000000000 0.000000000 0.985779583 0.043274876 -0.162375957 0.093548377 -0.031525891 0.996741295 0.074249163 0.156240029 0.165059954 -0.068074271 0.983931482 -1.220450006
93426667 0.886237831 1.576072608 0.500000000 0.500000000 0.000000000 0.000000000 0.983727813 0.043864526 -0.174228460 0.091580984 -0.032498732 0.997185647 0.067561723 0.190032984 0.176701695 -0.060800143 0.982384801 -1.364259993
93493400 0.886237831 1.576072608 0.500000000 0.500000000 0.000000000 0.000000000 0.981458664 0.044920627 -0.186335787 0.096910184 -0.033422742 0.997364581 0.064395636 0.221464004 0.188737407 -0.056973808 0.980373502 -1.507369961
93560133 0.886237831 1.576072608 0.500000000 0.500000000 0.000000000 0.000000000 0.979404330 0.046173524 -0.196558252 0.103777997 -0.034496110 0.997453272 0.062425695 0.254374012 0.198940083 -0.054359496 0.978502870 -1.662169908
93626867 0.886237831 1.576072608 0.500000000 0.500000000 0.000000000 0.000000000 0.977874041 0.047455527 -0.203740835 0.109280996 -0.035889395 0.997547269 0.060095053 0.293481018 0.206092954 -0.051453251 0.977178693 -1.807339896
93693600 0.886237831 1.576072608 0.500000000 0.500000000 0.000000000 0.000000000 0.976148188 0.048440471 -0.211632296 0.123774011 -0.036643557 0.997566521 0.059315436 0.328212027 0.213990554 -0.050145708 0.975547791 -1.962100074
93760333 0.886237831 1.576072608 0.500000000 0.500000000 0.000000000 0.000000000 0.974509835 0.049656086 -0.218780458 0.141363931 -0.038546085 0.997755110 0.054762982 0.362279023 0.221008629 -0.044933930 0.974236190 -2.110929902
93827067 0.886237831 1.576072608 0.500000000 0.500000000 0.000000000 0.000000000 0.972697735 0.050452318 -0.226525202 0.166138932 -0.040616233 0.998027086 0.047877513 0.401859025 0.228493825 -0.037369750 0.972827852 -2.250499811
93893800 0.886237831 1.576072608 0.500000000 0.500000000 0.000000000 0.000000000 0.970496833 0.050499026 -0.235766247 0.198488031 -0.040954936 0.998137772 0.045207247 0.434212029 0.237610117 -0.034217693 0.970757723 -2.376889938
93960533 0.886237831 1.576072608 0.500000000 0.500000000 0.000000000 0.000000000 0.967701077 0.051714618 -0.246739119 0.240945950 -0.041202385 0.998017192 0.047582570 0.449443018 0.248710603 -0.035879459 0.967913032 -2.514749969
94027267 0.886237831 1.576072608 0.500000000 0.500000000 0.000000000 0.000000000 0.964402497 0.053752940 -0.258917838 0.294138061 -0.041588802 0.997768462 0.052235290 0.460209073 0.261147827 -0.039607771 0.964485884 -2.660139990
94094000 0.886237831 1.576072608 0.500000000 0.500000000 0.000000000 0.000000000 0.960489631 0.057308331 -0.272351861 0.356443970 -0.043424577 0.997444212 0.056739174 0.474530045 0.274907410 -0.042670630 0.960523367 -2.795380025
94160733 0.886237831 1.576072608 0.500000000 0.500000000 0.000000000 0.000000000 0.956186295 0.061536137 -0.286218524 0.423601030 -0.046363067 0.997151256 0.059496846 0.504797003 0.289064348 -0.043620098 0.956315339 -2.922509798
94227467 0.886237831 1.576072608 0.500000000 0.500000000 0.000000000 0.000000000 0.951159716 0.067173101 -0.301302046 0.495981048 -0.050267436 0.996713519 0.063524216 0.529678039 0.304578930 -0.045275994 0.951410413 -3.053540072
94294200 0.886237831 1.576072608 0.500000000 0.500000000 0.000000000 0.000000000 0.945828378 0.073965952 -0.316129118 0.573409902 -0.056477904 0.996341348 0.064141273 0.557861920 0.319716781 -0.042812321 0.946545422 -3.190199805
94360933 0.886237831 1.576072608 0.500000000 0.500000000 0.000000000 0.000000000 0.940443099 0.082576834 -0.329769313 0.648257064 -0.064934753 0.995823503 0.064179711 0.585038968 0.333691776 -0.038943868 0.941877425 -3.314309918
94427667 0.886237831 1.576072608 0.500000000 0.500000000 0.000000000 0.000000000 0.934808850 0.091648512 -0.343122452 0.727641978 -0.074050017 0.995193958 0.064074621 0.610686014 0.347345740 -0.034489308 0.937102675 -3.435329880
94494400 0.886237831 1.576072608 0.500000000 0.500000000 0.000000000 0.000000000 0.928982675 0.098761082 -0.356703669 0.809186139 -0.080878541 0.994618893 0.064745307 0.627518088 0.361178488 -0.031297620 0.931971371 -3.559340260
94561133 0.886237831 1.576072608 0.500000000 0.500000000 0.000000000 0.000000000 0.923156619 0.102139272 -0.370607018 0.894014252 -0.083426274 0.994311094 0.066222996 0.640653130 0.375262618 -0.030215871 0.926425993 -3.683010742
94627867 0.886237831 1.576072608 0.500000000 0.500000000 0.000000000 0.000000000 0.917676270 0.105492771 -0.383068591 0.983998977 -0.085113779 0.993922114 0.069816992 0.649427952 0.388105541 -0.031464972 0.921077609 -3.825529795
94694600 0.886237831 1.576072608 0.500000000 0.500000000 0.000000000 0.000000000 0.914177835 0.109523125 -0.390235513 1.049380254 -0.088210918 0.993482888 0.072184369 0.663360042 0.395598143 -0.031566344 0.917881131 -3.951570485
94761333 0.886237831 1.576072608 0.500000000 0.500000000 0.000000000 0.000000000 0.912000358 0.108871907 -0.395477235 1.109140009 -0.087849066 0.993604183 0.070945174 0.696337921 0.400671780 -0.029959720 0.915731728 -4.076819929
94828067 0.886237831 1.576072608 0.500000000 0.500000000 0.000000000 0.000000000 0.910168588 0.109508023 -0.399501115 1.170699952 -0.089343533 0.993620753 0.068815231 0.734529030 0.404488415 -0.026940629 0.914146245 -4.203790052
94894800 0.886237831 1.576072608 0.500000000 0.500000000 0.000000000 0.000000000 0.908560097 0.109999925 -0.403011739 1.230559736 -0.091680929 0.993694961 0.064535901 0.777037890 0.407569706 -0.021686234 0.912916541 -4.319809662
94961533 0.886237831 1.576072608 0.500000000 0.500000000 0.000000000 0.000000000 0.906607509 0.109512307 -0.407516897 1.298550238 -0.093301617 0.993857741 0.059510954 0.819654105 0.411531031 -0.015931124 0.911256611 -4.429461029
95028267 0.886237831 1.576072608 0.500000000 0.500000000 0.000000000 0.000000000 0.904826701 0.108831614 -0.411636263 1.370420089 -0.093955308 0.993984818 0.056272257 0.853793107 0.415284425 -0.012241248 0.909609318 -4.539720709
95095000 0.886237831 1.576072608 0.500000000 0.500000000 0.000000000 0.000000000 0.902982116 0.112024434 -0.414817840 1.450770105 -0.096776597 0.993633807 0.057672873 0.867993081 0.418637782 -0.011932932 0.908074915 -4.658150349
95161733 0.886237831 1.576072608 0.500000000 0.500000000 0.000000000 0.000000000 0.900203407 0.113063112 -0.420536280 1.534890471 -0.096813276 0.993500412 0.059867904 0.878848177 0.424571812 -0.013179841 0.905298471 -4.764781241
95228467 0.886237831 1.576072608 0.500000000 0.500000000 0.000000000 0.000000000 0.897243381 0.113738872 -0.426635474 1.626300159 -0.096605740 0.993410349 0.061669793 0.893022985 0.430838376 -0.014117401 0.902318716 -4.867680728
95295200 0.886237831 1.576072608 0.500000000 0.500000000 0.000000000 0.000000000 0.893821895 0.116329059 -0.433070272 1.727019796 -0.097845644 0.993088901 0.064812839 0.908755945 0.437616915 -0.015557062 0.899026871 -4.968939160
95361933 0.886237831 1.576072608 0.500000000 0.500000000 0.000000000 0.000000000 0.889470220 0.118161455 -0.441452682 1.831389945 -0.098162308 0.992846787 0.067965984 0.926723800 0.446325839 -0.017119681 0.894706666 -5.063439041
95428667 0.886237831 1.576072608 0.500000000 0.500000000 0.000000000 0.000000000 0.884478569 0.121726274 -0.450422287 1.938809806 -0.100361720 0.992405891 0.071120068 0.938951885 0.455658913 -0.017698981 0.889978409 -5.156509369
95495400 0.886237831 1.576072608 0.500000000 0.500000000 0.000000000 0.000000000 0.879548013 0.124102801 -0.459340781 2.044430678 -0.102749482 0.992147923 0.071309254 0.964421004 0.464583665 -0.015522923 0.885393262 -5.250750939
95562133 0.886237831 1.576072608 0.500000000 0.500000000 0.000000000 0.000000000 0.874063134 0.126062229 -0.469171733 2.149920360 -0.106165715 0.991969109 0.068747334 0.999001450 0.474070281 -0.010279603 0.880427122 -5.337060948
95628867 0.886237831 1.576072608 0.500000000 0.500000000 0.000000000 0.000000000 0.868574917 0.128551796 -0.478593737 2.252099772 -0.110495977 0.991693437 0.065838583 1.032829969 0.483081967 -0.004303040 0.875564516 -5.422759649
95695600 0.886237831 1.576072608 0.500000000 0.500000000 0.000000000 0.000000000 0.863429308 0.130785659 -0.487221450 2.345879353 -0.114213437 0.991410494 0.063722640 1.063959874 0.491370469 0.000627276 0.870950341 -5.502889406
