https://www.youtube.com/watch?v=9-Ui1DwhhRA
224757867 0.770045167 1.369838951 0.500000000 0.500000000 0.000000000 0.000000000 0.950276732 -0.013166439 -0.311128139 1.948519716 -0.009505929 0.997413695 -0.071242779 0.288188040 0.311261475 0.070657924 0.947693884 9.113309200
224824600 0.770045167 1.369838951 0.500000000 0.500000000 0.000000000 0.000000000 0.946577966 -0.025942024 -0.321429938 1.616609854 0.001203197 0.997036099 -0.076925710 0.379186050 0.322472841 0.072429448 0.943803608 7.981540780
224891333 0.770045167 1.369838951 0.500000000 0.500000000 0.000000000 0.000000000 0.942867756 -0.036640014 -0.331146300 1.441560239 0.010558129 0.996721148 -0.080221169 0.474568914 0.332999825 0.072141655 0.940163076 6.870998947
224958067 0.770045167 1.369838951 0.500000000 0.500000000 0.000000000 0.000000000 0.939597845 -0.045500267 -0.339242905 1.327829993 0.018342178 0.996394277 -0.082837276 0.582678978 0.341788799 0.071611278 0.937044501 5.829630726
225024800 0.770045167 1.369838951 0.500000000 0.500000000 0.000000000 0.000000000 0.941403449 -0.055422828 -0.332697719 1.203049874 0.027560689 0.995748639 -0.087891996 0.693254938 0.336154550 0.073572442 0.938928723 4.704249706
225091533 0.770045167 1.369838951 0.500000000 0.500000000 0.000000000 0.000000000 0.942028224 -0.061406516 -0.329866707 1.055279944 0.033779584 0.995472431 -0.088845514 0.715861884 0.333828926 0.072552226 0.939837456 3.573689964
225158267 0.770045167 1.369838951 0.500000000 0.500000000 0.000000000 0.000000000 0.943154156 -0.069073386 -0.325098425 0.941566902 0.041354261 0.994953156 -0.091422528 0.659342970 0.329772562 0.072781324 0.941250682 2.500079822
225225000 0.770045167 1.369838951 0.500000000 0.500000000 0.000000000 0.000000000 0.946072161 -0.072603419 -0.315715402 0.848826087 0.044722822 0.994502246 -0.094684161 0.570526932 0.320854098 0.075458355 0.944117904 1.513359880
225291733 0.770045167 1.369838951 0.500000000 0.500000000 0.000000000 0.000000000 0.948565543 -0.079517201 -0.306431860 0.681763048 0.050951779 0.993669033 -0.100128897 0.445411013 0.312453836 0.079365574 0.946611702 0.650731989
225358467 0.770045167 1.369838951 0.500000000 0.500000000 0.000000000 0.000000000 0.949345827 -0.087016538 -0.301944613 0.495153978 0.056790423 0.992582381 -0.107494265 0.295785976 0.309058666 0.084901646 0.947245657 -0.098191919
225425200 0.770045167 1.369838951 0.500000000 0.500000000 0.000000000 0.000000000 0.949030101 -0.095638178 -0.300324976 0.355779999 0.063095458 0.991211712 -0.116267920 0.149555994 0.308805287 0.091392592 0.946724117 -0.708082907
225491933 0.770045167 1.369838951 0.500000000 0.500000000 0.000000000 0.000000000 0.949496746 -0.097903401 -0.298112094 0.228362971 0.063415453 0.990346074 -0.123260513 0.012974212 0.307301760 0.098130524 0.946538925 -1.211929944
225558667 0.770045167 1.369838951 0.500000000 0.500000000 0.000000000 0.000000000 0.951692939 -0.100167677 -0.290253222 0.126944013 0.063467354 0.989051282 -0.133226857 -0.083575904 0.300420344 0.108369455 0.947630525 -1.598129914
225625400 0.770045167 1.369838951 0.500000000 0.500000000 0.000000000 0.000000000 0.955792189 -0.099716060 -0.276618838 0.037356710 0.061578862 0.987761855 -0.143298626 -0.177859961 0.287522733 0.119929820 0.950235486 -1.896579869
225692133 0.770045167 1.369838951 0.500000000 0.500000000 0.000000000 0.000000000 0.958333015 -0.099416569 -0.267795205 -0.068095461 0.059801731 0.986533463 -0.152235046 -0.247929014 0.279323637 0.129877254 0.951372862 -2.137460326
225758867 0.770045167 1.369838951 0.500000000 0.500000000 0.000000000 0.000000000 0.959772348 -0.097275078 -0.263390571 -0.147206910 0.054616150 0.984830439 -0.164699867 -0.225813949 0.275416225 0.143688992 0.950525820 -2.339349871
225825600 0.770045167 1.369838951 0.500000000 0.500000000 0.000000000 0.000000000 0.961675882 -0.093387671 -0.257795155 -0.180951949 0.048462890 0.983300090 -0.175420478 -0.174947020 0.269872069 0.156204149 0.950141788 -2.498470453
225892333 0.770045167 1.369838951 0.500000000 0.500000000 0.000000000 0.000000000 0.963934064 -0.088123366 -0.251128316 -0.224877063 0.041169778 0.981605589 -0.186428443 -0.072625505 0.262937665 0.169365838 0.949831069 -2.642319916
225959067 0.770045167 1.369838951 0.500000000 0.500000000 0.000000000 0.000000000 0.966030955 -0.080894716 -0.245438948 -0.372637082 0.032884464 0.980502605 -0.193734929 -0.032496397 0.256325662 0.179082826 0.949856043 -2.766119757
226025800 0.770045167 1.369838951 0.500000000 0.500000000 0.000000000 0.000000000 0.967035055 -0.070855930 -0.244586647 -0.511998967 0.021246899 0.979609430 -0.199784622 -0.057523900 0.253755301 0.188002035 0.948822141 -2.843529783
226092533 0.770045167 1.369838951 0.500000000 0.500000000 0.000000000 0.000000000 0.967313051 -0.061217703 -0.246085078 -0.647766998 0.009932453 0.978825331 -0.204456136 -0.184670944 0.253390640 0.195328847 0.947438538 -2.840709941
226159267 0.770045167 1.369838951 0.500000000 0.500000000 0.000000000 0.000000000 0.967514277 -0.053264901 -0.247141659 -0.819737001 -0.000365382 0.977258146 -0.212052912 -0.262407107 0.252816170 0.205254525 0.945491731 -2.755990076
226226000 0.770045167 1.369838951 0.500000000 0.500000000 0.000000000 0.000000000 0.966751516 -0.046226211 -0.251504809 -0.950024151 -0.010211894 0.975761831 -0.218596816 -0.274172048 0.255513698 0.213897139 0.942847192 -2.522079860
226292733 0.770045167 1.369838951 0.500000000 0.500000000 0.000000000 0.000000000 0.970738113 -0.035241384 -0.237540707 -1.181890135 -0.019550707 0.974291384 -0.224441677 -0.240403032 0.239343509 0.222518176 0.945092797 -2.177259926
226359467 0.770045167 1.369838951 0.500000000 0.500000000 0.000000000 0.000000000 0.973545015 -0.030440699 -0.226458639 -1.400240028 -0.022661690 0.973336697 -0.228258997 -0.233303007 0.227368861 0.227352351 0.946897209 -1.758949988
226426200 0.770045167 1.369838951 0.500000000 0.500000000 0.000000000 0.000000000 0.978815198 -0.019814137 -0.203784794 -1.411460052 -0.027912889 0.973100007 -0.228685945 -0.155422056 0.202834189 0.229529500 0.951932013 -1.235229930
226492933 0.770045167 1.369838951 0.500000000 0.500000000 0.000000000 0.000000000 0.986030638 -0.011397175 -0.166173697 -1.443050024 -0.026305057 0.974481106 -0.222922951 -0.122155009 0.164473832 0.224180073 0.960568428 -0.644624074
226559667 0.770045167 1.369838951 0.500000000 0.500000000 0.000000000 0.000000000 0.989877582 -0.006696440 -0.141765580 -1.451919897 -0.023267783 0.977713466 -0.208650291 -0.104205960 0.140003338 0.209836811 0.967660844 -0.095595694
226626400 0.770045167 1.369838951 0.500000000 0.500000000 0.000000000 0.000000000 0.991920829 -0.001718963 -0.126846686 -1.358139941 -0.023366228 0.980324447 -0.196005017 -0.051943490 0.124687836 0.197385401 0.972364128 0.447768049
226693133 0.770045167 1.369838951 0.500000000 0.500000000 0.000000000 0.000000000 0.993616402 0.001565957 -0.112800926 -1.239720095 -0.022282872 0.982928216 -0.182635084 0.000174665 0.110589221 0.183982745 0.976688504 0.987208065
