https://www.youtube.com/watch?v=QFYfFbsXe0o
11845167 0.759561617 1.354499425 0.500000000 0.500000000 0.000000000 0.000000000 0.997853041 -0.020948023 -0.062052723 2.653910253 0.019724570 0.999600053 -0.020263784 -0.628701900 0.062452395 0.018996313 0.997867167 -4.983930825
11928589 0.759561617 1.354499425 0.500000000 0.500000000 0.000000000 0.000000000 0.997093320 -0.023207501 -0.072569817 2.404990233 0.021585133 0.999500990 -0.023060966 -0.818821975 0.073068798 0.021427505 0.997096717 -4.785079910
12012000 0.759561617 1.354499425 0.500000000 0.500000000 0.000000000 0.000000000 0.996135592 -0.023124577 -0.084729768 2.176990023 0.021116743 0.999476373 -0.024517132 -0.967546034 0.085252352 0.022633171 0.996102273 -4.571010183
12095422 0.759561617 1.354499425 0.500000000 0.500000000 0.000000000 0.000000000 0.995197058 -0.022873370 -0.095181972 1.960909852 0.020528333 0.999462903 -0.025544172 -1.081560000 0.095715135 0.023467558 0.995132089 -4.367319877
12178833 0.759561617 1.354499425 0.500000000 0.500000000 0.000000000 0.000000000 0.994382441 -0.021670839 -0.103604846 1.705930113 0.018930892 0.999446452 -0.027356807 -1.155879984 0.104140334 0.025241796 0.994242251 -4.156170201
12262256 0.759561617 1.354499425 0.500000000 0.500000000 0.000000000 0.000000000 0.993244529 -0.018288052 -0.114589825 1.465189956 0.015096064 0.999475181 -0.028661951 -1.204560146 0.115053862 0.026738469 0.992999315 -3.931999947
12345667 0.759561617 1.354499425 0.500000000 0.500000000 0.000000000 0.000000000 0.991740525 -0.015631253 -0.127304137 1.217349845 0.011913443 0.999481499 -0.029913425 -1.215289942 0.127705723 0.028149728 0.991412520 -3.693989730
12429089 0.759561617 1.354499425 0.500000000 0.500000000 0.000000000 0.000000000 0.989972651 -0.011692343 -0.140774444 0.956817004 0.007598837 0.999533474 -0.029581005 -1.238100039 0.141054645 0.028214665 0.989599705 -3.423140258
12512500 0.759561617 1.354499425 0.500000000 0.500000000 0.000000000 0.000000000 0.988034487 -0.007149685 -0.154067308 0.700401979 0.002750001 0.999582827 -0.028751129 -1.247369982 0.154208601 0.027983421 0.987641990 -3.137339968
12595922 0.759561617 1.354499425 0.500000000 0.500000000 0.000000000 0.000000000 0.986173332 -0.001868668 -0.165706605 0.452187998 -0.002632041 0.999633670 -0.026936933 -1.267169891 0.165696234 0.027000632 0.985807121 -2.851009966
12679333 0.759561617 1.354499425 0.500000000 0.500000000 0.000000000 0.000000000 0.984466195 0.003598251 -0.175537288 0.219053968 -0.008368175 0.999615371 -0.026440648 -1.283260046 0.175374627 0.027498851 0.984117627 -2.570689672
12762756 0.759561617 1.354499425 0.500000000 0.500000000 0.000000000 0.000000000 0.982855201 0.008451809 -0.184185281 0.019887524 -0.013564889 0.999556303 -0.026518235 -1.315990080 0.183879420 0.028562037 0.982533753 -2.287960096
12846167 0.759561617 1.354499425 0.500000000 0.500000000 0.000000000 0.000000000 0.981660008 0.013271649 -0.190177590 -0.172983999 -0.018727548 0.999462128 -0.026919970 -1.324749907 0.189718038 0.029987818 0.981380582 -2.000010081
12929589 0.759561617 1.354499425 0.500000000 0.500000000 0.000000000 0.000000000 0.980798364 0.017633405 -0.194225818 -0.336130023 -0.023343593 0.999358773 -0.027150139 -1.309709969 0.193622530 0.031162743 0.980581045 -1.685309971
13013000 0.759561617 1.354499425 0.500000000 0.500000000 0.000000000 0.000000000 0.980086923 0.020208776 -0.197538152 -0.472312010 -0.026119642 0.999284267 -0.027362876 -1.300460045 0.196843788 0.031977616 0.979913235 -1.352199980
13096422 0.759561617 1.354499425 0.500000000 0.500000000 0.000000000 0.000000000 0.979791164 0.023564383 -0.198630318 -0.603439994 -0.029636890 0.999178112 -0.027654108 -1.276179901 0.197815403 0.032982036 0.979684234 -1.003049888
13179833 0.759561617 1.354499425 0.500000000 0.500000000 0.000000000 0.000000000 0.981071234 0.027918095 -0.191624045 -0.746103015 -0.033913564 0.999030232 -0.028078932 -1.218289909 0.190654308 0.034046087 0.981066644 -0.635183928
13263256 0.759561617 1.354499425 0.500000000 0.500000000 0.000000000 0.000000000 0.983521581 0.029113928 -0.178430930 -0.872950913 -0.034605894 0.999015868 -0.027743880 -1.160500067 0.177447602 0.033461470 0.983561218 -0.234135006
13346667 0.759561617 1.354499425 0.500000000 0.500000000 0.000000000 0.000000000 0.986043036 0.029847372 -0.163793236 -0.980056955 -0.034720559 0.999033093 -0.026969695 -1.087840084 0.162829876 0.032280270 0.986125946 0.176202009
13430089 0.759561617 1.354499425 0.500000000 0.500000000 0.000000000 0.000000000 0.988733172 0.028941305 -0.146864101 -1.062649955 -0.033191964 0.999095619 -0.026574653 -0.998988980 0.145962164 0.031149950 0.988799632 0.583130014
13513500 0.759561617 1.354499425 0.500000000 0.500000000 0.000000000 0.000000000 0.991365254 0.028012788 -0.128102243 -1.105259967 -0.031670243 0.999144256 -0.026603464 -0.879977983 0.127247393 0.030430775 0.991404116 0.999903072
13596922 0.759561617 1.354499425 0.500000000 0.500000000 0.000000000 0.000000000 0.993868470 0.025711237 -0.107537739 -1.117069989 -0.028822036 0.999206901 -0.027473791 -0.726811985 0.106746070 0.030404789 0.993821323 1.410890003
13680333 0.759561617 1.354499425 0.500000000 0.500000000 0.000000000 0.000000000 0.996004999 0.022813354 -0.086334176 -1.084369998 -0.025383443 0.999263167 -0.028789204 -0.526684969 0.085613780 0.030865651 0.995850205 1.815600046
13763756 0.759561617 1.354499425 0.500000000 0.500000000 0.000000000 0.000000000 0.997773290 0.015959959 -0.064758800 -1.021849944 -0.017926138 0.999392271 -0.029894944 -0.259160978 0.064242326 0.030989252 0.997453034 2.195549829
13847167 0.759561617 1.354499425 0.500000000 0.500000000 0.000000000 0.000000000 0.999000430 0.008868176 -0.043811433 -0.925626925 -0.010209480 0.999482989 -0.030487090 0.112631003 0.043518417 0.030903909 0.998574555 2.565350215
13930589 0.759561617 1.354499425 0.500000000 0.500000000 0.000000000 0.000000000 0.999709427 0.008000633 -0.022739518 -0.783914981 -0.008671597 0.999525309 -0.029562674 0.576450941 0.022492204 0.029751271 0.999304235 2.905519925
14014000 0.759561617 1.354499425 0.500000000 0.500000000 0.000000000 0.000000000 0.999988675 0.004485184 -0.001606382 -0.599604033 -0.004528314 0.999599516 -0.027934927 1.140669972 0.001480445 0.027941886 0.999608457 3.184849988
14097422 0.759561617 1.354499425 0.500000000 0.500000000 0.000000000 0.000000000 0.999793351 0.000064504 0.020328885 -0.373435014 0.000434127 0.999699175 -0.024522804 1.733770062 -0.020324351 0.024526563 0.999492526 3.378619795
14180833 0.759561617 1.354499425 0.500000000 0.500000000 0.000000000 0.000000000 0.999003530 -0.004142571 0.044437926 -0.113093984 0.005056290 0.999777675 -0.020469038 2.333019745 -0.044343252 0.020673333 0.998802423 3.469670009
14264256 0.759561617 1.354499425 0.500000000 0.500000000 0.000000000 0.000000000 0.997510314 -0.009429699 0.069887064 0.148937019 0.010598313 0.999809861 -0.016369566 2.910540068 -0.069719411 0.017069496 0.997420609 3.452890038
14347667 0.759561617 1.354499425 0.500000000 0.500000000 0.000000000 0.000000000 0.995421946 -0.015923427 0.094242230 0.376340948 0.017274929 0.999759078 -0.013542270 3.510540226 -0.094003886 0.015108300 0.995457172 3.333609828
14431089 0.759561617 1.354499425 0.500000000 0.500000000 0.000000000 0.000000000 0.993147016 -0.026124962 0.113914497 0.564201037 0.027528241 0.999563098 -0.010762829 4.107960738 -0.113583542 0.013824940 0.993432283 3.109770240
14514500 0.759561617 1.354499425 0.500000000 0.500000000 0.000000000 0.000000000 0.990923107 -0.040149942 0.128294155 0.729592970 0.041481100 0.999109447 -0.007719711 4.700320039 -0.127869949 0.012971421 0.991706133 2.826139872
14597922 0.759561617 1.354499425 0.500000000 0.500000000 0.000000000 0.000000000 0.988972723 -0.047623064 0.140231997 0.931775974 0.048940521 0.998783886 -0.005959330 5.296589868 -0.139777660 0.012756646 0.990100741 2.471970132
14681333 0.759561617 1.354499425 0.500000000 0.500000000 0.000000000 0.000000000 0.987127900 -0.046032991 0.153164700 1.186169989 0.047388796 0.998862922 -0.005211089 5.895199338 -0.152750656 0.012402302 0.988186955 2.024080197
14764756 0.759561617 1.354499425 0.500000000 0.500000000 0.000000000 0.000000000 0.984424293 -0.051978078 0.167949721 1.398900048 0.052923474 0.998597920 -0.001154841 6.522600552 -0.167654201 0.010025328 0.985794902 1.474789962
