https://www.youtube.com/watch?v=thg5CY4pk1E
16200000 0.937172087 1.666653636 0.500000000 0.500000000 0.000000000 0.000000000 0.751942277 0.077148378 -0.654698908 2.375349319 -0.092451304 0.995654881 0.011142708 -0.932559921 0.652713835 0.052149117 0.755807519 5.095979590
16280000 0.937172087 1.666653636 0.500000000 0.500000000 0.000000000 0.000000000 0.738304377 0.077837206 -0.669961035 2.279599259 -0.094013639 0.995497942 0.012054583 -0.934062860 0.667883098 0.054085545 0.742298245 5.076868457
16360000 0.937172087 1.666653636 0.500000000 0.500000000 0.000000000 0.000000000 0.725644529 0.078166388 -0.683615744 2.194660768 -0.095252104 0.995372117 0.012705181 -0.933870309 0.681445181 0.055896331 0.729731798 5.051692448
16440000 0.937172087 1.666653636 0.500000000 0.500000000 0.000000000 0.000000000 0.714242458 0.078467876 -0.695485890 2.121670707 -0.096210167 0.995269656 0.013485974 -0.933671055 0.693254292 0.057280548 0.718413234 5.021901168
16560000 0.937172087 1.666653636 0.500000000 0.500000000 0.000000000 0.000000000 0.699761391 0.079171896 -0.709975600 2.027888912 -0.097655043 0.995111465 0.014718311 -0.934415640 0.707670093 0.059033453 0.704072118 4.979987326
16640000 0.937172087 1.666653636 0.500000000 0.500000000 0.000000000 0.000000000 0.691747606 0.079096913 -0.717794538 1.974870406 -0.098356932 0.995040238 0.014860012 -0.933452078 0.715409875 0.060320683 0.696096420 4.948170659
16720000 0.937172087 1.666653636 0.500000000 0.500000000 0.000000000 0.000000000 0.684488893 0.079240881 -0.724704087 1.926800483 -0.099386297 0.994937122 0.014917631 -0.935456038 0.722217023 0.061814684 0.688898802 4.914630096
16800000 0.937172087 1.666653636 0.500000000 0.500000000 0.000000000 0.000000000 0.677855313 0.079617113 -0.730871677 1.880329894 -0.100857660 0.994790375 0.014825365 -0.940994957 0.728244424 0.063664541 0.682353973 4.876470038
16880000 0.937172087 1.666653636 0.500000000 0.500000000 0.000000000 0.000000000 0.671674490 0.080122180 -0.736501455 1.834170846 -0.102706455 0.994605541 0.014534432 -0.949715360 0.733693004 0.065880969 0.676280260 4.838373361
16960000 0.937172087 1.666653636 0.500000000 0.500000000 0.000000000 0.000000000 0.665647745 0.080764577 -0.741883278 1.788721100 -0.105019063 0.994371355 0.014024118 -0.960261408 0.738840103 0.068576686 0.670382857 4.787213151
17080000 0.937172087 1.666653636 0.500000000 0.500000000 0.000000000 0.000000000 0.657349467 0.082334250 -0.749074876 1.723390573 -0.108648136 0.993982971 0.013909211 -0.976432215 0.745712817 0.072242327 0.662339628 4.700431360
17160000 0.937172087 1.666653636 0.500000000 0.500000000 0.000000000 0.000000000 0.652513146 0.082987443 -0.753219485 1.680639477 -0.110341236 0.993796468 0.013905019 -0.985276871 0.749700785 0.074037969 0.657622218 4.640649025
17240000 0.937172087 1.666653636 0.500000000 0.500000000 0.000000000 0.000000000 0.648098350 0.083628371 -0.756951332 1.637410869 -0.111535057 0.993657827 0.014283992 -0.993356224 0.753345132 0.075169116 0.653315485 4.577781792
17320000 0.937172087 1.666653636 0.500000000 0.500000000 0.000000000 0.000000000 0.643929124 0.083961956 -0.760464609 1.595501255 -0.112220488 0.993574977 0.014675796 -0.997884397 0.756810844 0.075889446 0.649214149 4.505713899
17400000 0.937172087 1.666653636 0.500000000 0.500000000 0.000000000 0.000000000 0.640122950 0.084141321 -0.763650894 1.553119885 -0.112454198 0.993540525 0.015207615 -0.999872882 0.759997725 0.076141030 0.645450115 4.428579143
17480000 0.937172087 1.666653636 0.500000000 0.500000000 0.000000000 0.000000000 0.636798859 0.084118046 -0.766427517 1.508259709 -0.112074070 0.993572176 0.015929393 -0.998271890 0.762840986 0.075752862 0.642133057 4.349448806
17600000 0.937172087 1.666653636 0.500000000 0.500000000 0.000000000 0.000000000 0.632421017 0.084137045 -0.770041466 1.438588941 -0.111011870 0.993666768 0.017399032 -0.987629648 0.766628504 0.074480325 0.637755990 4.215506967
17680000 0.937172087 1.666653636 0.500000000 0.500000000 0.000000000 0.000000000 0.629768014 0.083964869 -0.772232354 1.391650631 -0.109902516 0.993771553 0.018425515 -0.975333269 0.768969715 0.073266394 0.635073543 4.120693106
17760000 0.937172087 1.666653636 0.500000000 0.500000000 0.000000000 0.000000000 0.627374947 0.083393283 -0.774239063 1.338920027 -0.108517669 0.993910611 0.019120980 -0.955120931 0.771118999 0.072022602 0.632604241 4.021179698
17840000 0.937172087 1.666653636 0.500000000 0.500000000 0.000000000 0.000000000 0.624640465 0.082514696 -0.776540339 1.278068996 -0.106800966 0.994084835 0.019721353 -0.925172726 0.773574293 0.070616588 0.629758298 3.918747686
17920000 0.937172087 1.666653636 0.500000000 0.500000000 0.000000000 0.000000000 0.620842636 0.081253223 -0.779713154 1.212600354 -0.104834817 0.994285703 0.020139441 -0.882849095 0.776894093 0.069237627 0.625813127 3.806191541
18000000 0.937172087 1.666653636 0.500000000 0.500000000 0.000000000 0.000000000 0.615929365 0.079930618 -0.783736169 1.144060560 -0.102172956 0.994542122 0.021133425 -0.831859115 0.781147897 0.067059904 0.620734453 3.690411304
18080000 0.937172087 1.666653636 0.500000000 0.500000000 0.000000000 0.000000000 0.610448122 0.078754328 -0.788131475 1.073960606 -0.098700382 0.994852245 0.022962477 -0.776893204 0.785882711 0.063771442 0.615078688 3.577520593
18160000 0.937172087 1.666653636 0.500000000 0.500000000 0.000000000 0.000000000 0.604668617 0.077382170 -0.792709172 1.008110307 -0.094798841 0.995186567 0.024836110 -0.719358062 0.790815413 0.060130298 0.609093785 3.465239984
18240000 0.937172087 1.666653636 0.500000000 0.500000000 0.000000000 0.000000000 0.599032164 0.075732097 -0.797135413 0.948687431 -0.090307236 0.995555460 0.026718883 -0.667352826 0.795615971 0.055981643 0.603208899 3.354478940
18320000 0.937172087 1.666653636 0.500000000 0.500000000 0.000000000 0.000000000 0.593770981 0.074034825 -0.801220655 0.894100710 -0.085825235 0.995904744 0.028420523 -0.623930885 0.800043583 0.051889695 0.597693443 3.246549115
18400000 0.937172087 1.666653636 0.500000000 0.500000000 0.000000000 0.000000000 0.588711619 0.072411820 -0.805093288 0.846528221 -0.082180843 0.996180594 0.029505190 -0.586790055 0.804154873 0.048793193 0.592413902 3.135830160
18480000 0.937172087 1.666653636 0.500000000 0.500000000 0.000000000 0.000000000 0.583819866 0.071165159 -0.808758736 0.804126727 -0.079115063 0.996396780 0.030565089 -0.556371122 0.808019757 0.046140425 0.587346435 3.029192273
18560000 0.937172087 1.666653636 0.500000000 0.500000000 0.000000000 0.000000000 0.579197347 0.070410736 -0.812140286 0.762270231 -0.076861016 0.996541500 0.031582635 -0.530312781 0.811555207 0.044129435 0.582606077 2.926527314
18680000 0.937172087 1.666653636 0.500000000 0.500000000 0.000000000 0.000000000 0.571723223 0.070796572 -0.817386091 0.704840528 -0.075104319 0.996603131 0.033787224 -0.500173893 0.817001522 0.042072315 0.575098276 2.776208803
18760000 0.937172087 1.666653636 0.500000000 0.500000000 0.000000000 0.000000000 0.566400290 0.071860358 -0.820991397 0.666909123 -0.075386465 0.996532321 0.035216268 -0.483433078 0.820675135 0.041945118 0.569853544 2.680230405
18840000 0.937172087 1.666653636 0.500000000 0.500000000 0.000000000 0.000000000 0.560707569 0.073263250 -0.824766159 0.628178855 -0.076883830 0.996381223 0.036239099 -0.469754893 0.824436545 0.043091681 0.564311266 2.586309323
18920000 0.937172087 1.666653636 0.500000000 0.500000000 0.000000000 0.000000000 0.554422736 0.075220548 -0.828829169 0.592633168 -0.078979768 0.996167779 0.037576020 -0.466115140 0.828479409 0.044627681 0.558238983 2.501591346
19000000 0.937172087 1.666653636 0.500000000 0.500000000 0.000000000 0.000000000 0.547958434 0.077529773 -0.832904577 0.557650493 -0.083392903 0.995798469 0.037829284 -0.453214850 0.832337976 0.048729520 0.552121639 2.409108434
19080000 0.937172087 1.666653636 0.500000000 0.500000000 0.000000000 0.000000000 0.541569114 0.079773396 -0.836863101 0.524768280 -0.087678462 0.995418131 0.038147148 -0.441213167 0.836071789 0.052715477 0.546082139 2.313421478
19160000 0.937172087 1.666653636 0.500000000 0.500000000 0.000000000 0.000000000 0.535367012 0.081730232 -0.840656459 0.496361347 -0.091602445 0.995054841 0.038404647 -0.424362250 0.839638054 0.056445505 0.540206254 2.215622117
19280000 0.937172087 1.666653636 0.500000000 0.500000000 0.000000000 0.000000000 0.526701212 0.084141053 -0.845875204 0.462063209 -0.095491193 0.994647026 0.039480209 -0.390327691 0.844669163 0.059979483 0.531916618 2.065647404
19360000 0.937172087 1.666653636 0.500000000 0.500000000 0.000000000 0.000000000 0.521378160 0.085584164 -0.849023342 0.445800222 -0.095909342 0.994530618 0.041354619 -0.367200058 0.847918987 0.059867829 0.526734829 1.968790679
19440000 0.937172087 1.666653636 0.500000000 0.500000000 0.000000000 0.000000000 0.516405344 0.085851014 -0.852030396 0.437057195 -0.095055535 0.994560063 0.042600352 -0.333098125 0.851052642 0.058991086 0.521756768 1.864961214
19520000 0.937172087 1.666653636 0.500000000 0.500000000 0.000000000 0.000000000 0.512218058 0.086572044 -0.854481220 0.428997185 -0.091408245 0.994750977 0.045988914 -0.309017033 0.853977442 0.054550249 0.517442822 1.775230678
19640000 0.937172087 1.666653636 0.500000000 0.500000000 0.000000000 0.000000000 0.506856680 0.087495320 -0.857578814 0.424738255 -0.084003620 0.995114088 0.051878657 -0.270068079 0.857927859 0.045744631 0.511730075 1.637560725
19720000 0.937172087 1.666653636 0.500000000 0.500000000 0.000000000 0.000000000 0.504543662 0.088393047 -0.858849287 0.419233796 -0.078670174 0.995314062 0.056222100 -0.247179956 0.859794378 0.039199341 0.509133339 1.551519527
19800000 0.937172087 1.666653636 0.500000000 0.500000000 0.000000000 0.000000000 0.503046155 0.089641050 -0.859598160 0.410148935 -0.073691249 0.995433271 0.060681358 -0.229185979 0.861112118 0.032819346 0.507354617 1.470029727
19880000 0.937172087 1.666653636 0.500000000 0.500000000 0.000000000 0.000000000 0.501913607 0.090865403 -0.860132039 0.400499246 -0.069420412 0.995490074 0.064655855 -0.212062136 0.862127841 0.027258981 0.505957961 1.387591352
19960000 0.937172087 1.666653636 0.500000000 0.500000000 0.000000000 0.000000000 0.501165926 0.092174053 -0.860427678 0.386487561 -0.065549359 0.995497882 0.068463564 -0.195036889 0.862864435 0.022088956 0.504951596 1.309588715
20080000 0.937172087 1.666653636 0.500000000 0.500000000 0.000000000 0.000000000 0.499818981 0.093500599 -0.861068547 0.352629192 -0.060718384 0.995492756 0.072852485 -0.157403052 0.863999188 0.015869603 0.503243327 1.190240418
20160000 0.937172087 1.666653636 0.500000000 0.500000000 0.000000000 0.000000000 0.497504890 0.094522133 -0.862296104 0.328386059 -0.057661448 0.995450616 0.075850114 -0.130765023 0.865542650 0.011985425 0.500691831 1.107470065
20240000 0.937172087 1.666653636 0.500000000 0.500000000 0.000000000 0.000000000 0.494302690 0.095907055 -0.863983214 0.303148086 -0.055147730 0.995352924 0.078938693 -0.105472029 0.867538989 0.008627076 0.497294664 1.020730292
20320000 0.937172087 1.666653636 0.500000000 0.500000000 0.000000000 0.000000000 0.490505517 0.096735783 -0.866052151 0.281311914 -0.052742220 0.995293200 0.081300080 -0.084420490 0.869840503 0.005799394 0.493298888 0.932866885
20400000 0.937172087 1.666653636 0.500000000 0.500000000 0.000000000 0.000000000 0.486998320 0.096811891 -0.868020236 0.258018777 -0.050487082 0.995296359 0.082681656 -0.063758527 0.871941984 0.003558051 0.489595413 0.843584322
20520000 0.937172087 1.666653636 0.500000000 0.500000000 0.000000000 0.000000000 0.482460976 0.096232913 -0.870615184 0.226550045 -0.046553202 0.995358825 0.084223419 -0.038662114 0.874679625 -0.000104606 0.484701753 0.703847134
20600000 0.937172087 1.666653636 0.500000000 0.500000000 0.000000000 0.000000000 0.480599463 0.095250681 -0.871751428 0.205447804 -0.043211963 0.995448291 0.084943295 -0.024090943 0.875874400 -0.003153536 0.482527912 0.610054417
20680000 0.937172087 1.666653636 0.500000000 0.500000000 0.000000000 0.000000000 0.479519963 0.094124407 -0.872468770 0.184622107 -0.039683282 0.995539725 0.085591242 -0.009581736 0.876633584 -0.006420325 0.481116354 0.515693316
20760000 0.937172087 1.666653636 0.500000000 0.500000000 0.000000000 0.000000000 0.478998959 0.092687547 -0.872909069 0.164128196 -0.036098201 0.995648563 0.085911915 0.003236649 0.877073646 -0.009641368 0.480260491 0.423721527
20840000 0.937172087 1.666653636 0.500000000 0.500000000 0.000000000 0.000000000 0.478780627 0.091081887 -0.873197377 0.143345070 -0.032794040 0.995765150 0.085885555 0.014855088 0.877322137 -0.012484696 0.479739964 0.334822156
20920000 0.937172087 1.666653636 0.500000000 0.500000000 0.000000000 0.000000000 0.478568971 0.089529313 -0.873473942 0.124702042 -0.030583708 0.995884120 0.085319594 0.031688387 0.877517402 -0.014117267 0.479337394 0.245874095
21000000 0.937172087 1.666653636 0.500000000 0.500000000 0.000000000 0.000000000 0.478439629 0.088013634 -0.873698473 0.103257975 -0.028865822 0.996002972 0.084527194 0.048446403 0.877645850 -0.015221130 0.479067922 0.158601991
21080000 0.937172087 1.666653636 0.500000000 0.500000000 0.000000000 0.000000000 0.477832258 0.086798683 -0.874151886 0.084824836 -0.027499022 0.996096730 0.083875492 0.064495403 0.878020108 -0.016040038 0.478354037 0.072327847
21160000 0.937172087 1.666653636 0.500000000 0.500000000 0.000000000 0.000000000 0.476821840 0.085891135 -0.874793291 0.066136579 -0.026462140 0.996166050 0.083384365 0.081966698 0.878601313 -0.016610555 0.477266550 -0.016325087
21240000 0.937172087 1.666653636 0.500000000 0.500000000 0.000000000 0.000000000 0.475216866 0.085491471 -0.875705957 0.050639840 -0.025586216 0.996190190 0.083369091 0.097465997 0.879497051 -0.017212447 0.475593805 -0.104952093
21320000 0.937172087 1.666653636 0.500000000 0.500000000 0.000000000 0.000000000 0.473486304 0.085211366 -0.876670361 0.032772642 -0.024905222 0.996206641 0.083379015 0.113593010 0.880449653 -0.017645229 0.473812461 -0.191408223
21400000 0.937172087 1.666653636 0.500000000 0.500000000 0.000000000 0.000000000 0.471453428 0.085123122 -0.877773404 0.015944589 -0.024286550 0.996206403 0.083563998 0.127438000 0.881556749 -0.018078465 0.471732259 -0.277986129
21480000 0.937172087 1.666653636 0.500000000 0.500000000 0.000000000 0.000000000 0.468963623 0.085065462 -0.879111767 0.001479395 -0.023570687 0.996201992 0.083821669 0.136957020 0.882903218 -0.018588081 0.469187558 -0.365576197
21560000 0.937172087 1.666653636 0.500000000 0.500000000 0.000000000 0.000000000 0.466160297 0.085059598 -0.880601108 -0.011599982 -0.022905421 0.996194065 0.084099591 0.144438966 0.884403050 -0.019033279 0.466334403 -0.450830443
21640000 0.937172087 1.666653636 0.500000000 0.500000000 0.000000000 0.000000000 0.462800860 0.085267857 -0.882351935 -0.018930504 -0.022294048 0.996167839 0.084573284 0.149495004 0.886182010 -0.019469403 0.462928295 -0.535123118
21720000 0.937172087 1.666653636 0.500000000 0.500000000 0.000000000 0.000000000 0.459084392 0.085468002 -0.884272218 -0.024595485 -0.021672331 0.996142745 0.085029185 0.152817026 0.888128638 -0.019871365 0.459165871 -0.619166350
21800000 0.937172087 1.666653636 0.500000000 0.500000000 0.000000000 0.000000000 0.454908609 0.085882880 -0.886387169 -0.026953090 -0.021110371 0.996099114 0.085678779 0.155236986 0.890287817 -0.020264052 0.454947114 -0.703217921
21880000 0.937172087 1.666653636 0.500000000 0.500000000 0.000000000 0.000000000 0.450108409 0.086583555 -0.888766408 -0.025244037 -0.020560168 0.996029198 0.086620562 0.155777002 0.892737150 -0.020715460 0.450101316 -0.788909920
21960000 0.937172087 1.666653636 0.500000000 0.500000000 0.000000000 0.000000000 0.444799304 0.087500535 -0.891345739 -0.022743655 -0.020108081 0.995940983 0.087733977 0.157378002 0.895404458 -0.021100752 0.444753349 -0.876611984
22040000 0.937172087 1.666653636 0.500000000 0.500000000 0.000000000 0.000000000 0.438871145 0.089009374 -0.894130528 -0.017743623 -0.019804619 0.995798051 0.089409411 0.159183995 0.898331702 -0.021531295 0.438789785 -0.968203947
22120000 0.937172087 1.666653636 0.500000000 0.500000000 0.000000000 0.000000000 0.432251930 0.090993181 -0.897150874 -0.009042415 -0.019437768 0.995604873 0.091613710 0.159758057 0.901543975 -0.022161659 0.432120860 -1.061871198
22200000 0.937172087 1.666653636 0.500000000 0.500000000 0.000000000 0.000000000 0.425190330 0.093237802 -0.900288701 0.001763507 -0.019179452 0.995384753 0.094028234 0.162588987 0.904900670 -0.022712849 0.425016224 -1.156429938
22280000 0.937172087 1.666653636 0.500000000 0.500000000 0.000000000 0.000000000 0.417721331 0.095890060 -0.903500557 0.013888095 -0.019042656 0.995120704 0.096809693 0.166926927 0.908375263 -0.023234375 0.417509139 -1.249469151
22360000 0.937172087 1.666653636 0.500000000 0.500000000 0.000000000 0.000000000 0.409992993 0.098435581 -0.906761348 0.024778524 -0.018707398 0.994857609 0.099540502 0.168240981 0.911896765 -0.023847766 0.409726143 -1.339049987
22440000 0.937172087 1.666653636 0.500000000 0.500000000 0.000000000 0.000000000 0.401759863 0.101034850 -0.910154283 0.037357171 -0.018766411 0.994594574 0.102124572 0.173504974 0.915552676 -0.023949210 0.401484251 -1.428819851
22520000 0.937172087 1.666653636 0.500000000 0.500000000 0.000000000 0.000000000 0.393092394 0.103382133 -0.913668752 0.053645803 -0.018830970 0.994356036 0.104410209 0.179142015 0.919306159 -0.023837604 0.392820597 -1.514199959
22600000 0.937172087 1.666653636 0.500000000 0.500000000 0.000000000 0.000000000 0.384239793 0.105574325 -0.917176247 0.070931281 -0.019020870 0.994134605 0.106464162 0.186029848 0.923036575 -0.023462165 0.383994162 -1.599587545
22680000 0.937172087 1.666653636 0.500000000 0.500000000 0.000000000 0.000000000 0.375359833 0.107566476 -0.920616031 0.088602785 -0.019095149 0.993929744 0.108346947 0.192118953 0.926682115 -0.023089759 0.375135303 -1.682078962
22760000 0.937172087 1.666653636 0.500000000 0.500000000 0.000000000 0.000000000 0.366589546 0.109059215 -0.923968315 0.103837024 -0.019011553 0.993776739 0.109755948 0.197179927 0.930188060 -0.022669267 0.366381586 -1.762098483
22840000 0.937172087 1.666653636 0.500000000 0.500000000 0.000000000 0.000000000 0.357659698 0.109837875 -0.927370012 0.118071889 -0.018693130 0.993701994 0.110484853 0.200048996 0.933664858 -0.022180531 0.357460320 -1.839909929
22920000 0.937172087 1.666653636 0.500000000 0.500000000 0.000000000 0.000000000 0.348231256 0.110250711 -0.930902898 0.134849052 -0.018400181 0.993672192 0.110801652 0.199519025 0.937228262 -0.021455843 0.348056316 -1.918680545
23000000 0.937172087 1.666653636 0.500000000 0.500000000 0.000000000 0.000000000 0.338434458 0.110356942 -0.934496880 0.152459219 -0.018368322 0.993684709 0.110694423 0.196188089 0.940811157 -0.020297732 0.338324249 -1.997841948
23080000 0.937172087 1.666653636 0.500000000 0.500000000 0.000000000 0.000000000 0.328442454 0.110056736 -0.938090026 0.169211988 -0.018387251 0.993745029 0.110148460 0.188346975 0.944344938 -0.018928524 0.328411698 -2.079249861
23160000 0.937172087 1.666653636 0.500000000 0.500000000 0.000000000 0.000000000 0.318243921 0.109801248 -0.941628516 0.186945942 -0.019082934 0.993810594 0.109436586 0.186337980 0.947816670 -0.016858477 0.318369508 -2.161549638
23280000 0.937172087 1.666653636 0.500000000 0.500000000 0.000000000 0.000000000 0.302736104 0.109426081 -0.946772695 0.214584359 -0.019713644 0.993893445 0.108568773 0.182090224 0.952871442 -0.014203455 0.303044617 -2.292314050
23360000 0.937172087 1.666653636 0.500000000 0.500000000 0.000000000 0.000000000 0.291950047 0.109119922 -0.950188518 0.234266163 -0.019185632 0.993938625 0.108249336 0.171982031 0.956241250 -0.013373446 0.292273998 -2.382250698
23440000 0.937172087 1.666653636 0.500000000 0.500000000 0.000000000 0.000000000 0.280400395 0.109109506 -0.953661799 0.256488152 -0.018476855 0.993948042 0.108286053 0.161556002 0.959705353 -0.012742788 0.280719459 -2.476740108
23520000 0.937172087 1.666653636 0.500000000 0.500000000 0.000000000 0.000000000 0.267740607 0.109379150 -0.957261801 0.281085530 -0.017762400 0.993926764 0.108600482 0.152065858 0.963326812 -0.012073424 0.268057346 -2.572057859
23600000 0.937172087 1.666653636 0.500000000 0.500000000 0.000000000 0.000000000 0.253764451 0.109808683 -0.961012959 0.306973185 -0.017282963 0.993891299 0.109001763 0.148208039 0.967111707 -0.011051640 0.254112124 -2.663700780
23720000 0.937172087 1.666653636 0.500000000 0.500000000 0.000000000 0.000000000 0.228785098 0.111418828 -0.967079163 0.372985416 -0.016788412 0.993732333 0.110517815 0.148307798 0.973331571 -0.009049017 0.229221642 -2.792286561
23800000 0.937172087 1.666653636 0.500000000 0.500000000 0.000000000 0.000000000 0.211044312 0.112773307 -0.970949054 0.423354827 -0.016671933 0.993593156 0.111779541 0.152585943 0.977334142 -0.007402819 0.211572349 -2.874519302
23880000 0.937172087 1.666653636 0.500000000 0.500000000 0.000000000 0.000000000 0.193292141 0.114537001 -0.974433005 0.478386258 -0.017066699 0.993404925 0.113381609 0.161059063 0.980992973 -0.005285449 0.193972170 -2.953650959
23960000 0.937172087 1.666653636 0.500000000 0.500000000 0.000000000 0.000000000 0.176151633 0.116128311 -0.977488875 0.536466793 -0.017424878 0.993229091 0.114858165 0.166771971 0.984208703 -0.003199812 0.176982462 -3.035339560
24040000 0.937172087 1.666653636 0.500000000 0.500000000 0.000000000 0.000000000 0.160239339 0.117850989 -0.980017662 0.593101146 -0.018649787 0.993031204 0.116366565 0.178200001 0.986901999 -0.000369381 0.161320567 -3.117259882
24120000 0.937172087 1.666653636 0.500000000 0.500000000 0.000000000 0.000000000 0.145208299 0.119323388 -0.982179224 0.649504832 -0.019984063 0.992852211 0.117665507 0.185771889 0.989198983 0.002541959 0.146554947 -3.194548071
24200000 0.937172087 1.666653636 0.500000000 0.500000000 0.000000000 0.000000000 0.130904317 0.120602757 -0.984031498 0.705503171 -0.022377569 0.992679656 0.118685760 0.199943792 0.991141856 0.006483831 0.132644832 -3.267206142
24280000 0.937172087 1.666653636 0.500000000 0.500000000 0.000000000 0.000000000 0.117019653 0.121716306 -0.985643387 0.759341993 -0.025475573 0.992502630 0.119538859 0.216796270 0.992803454 0.011121336 0.119243085 -3.334494277
24360000 0.937172087 1.666653636 0.500000000 0.500000000 0.000000000 0.000000000 0.102970719 0.122882485 -0.987064183 0.814094918 -0.028893158 0.992290437 0.120518923 0.232639731 0.994264066 0.016109575 0.105727315 -3.397716193
24440000 0.937172087 1.666653636 0.500000000 0.500000000 0.000000000 0.000000000 0.088470757 0.123970911 -0.988334358 0.871958453 -0.032063153 0.992065012 0.121568769 0.245557156 0.995562971 0.020933781 0.091743588 -3.461842410
24520000 0.937172087 1.666653636 0.500000000 0.500000000 0.000000000 0.000000000 0.073451877 0.124807924 -0.989458203 0.933479759 -0.035064179 0.991848111 0.122506395 0.260618966 0.996682048 0.025696233 0.077229381 -3.527839112
24600000 0.937172087 1.666653636 0.500000000 0.500000000 0.000000000 0.000000000 0.057927310 0.125359297 -0.990418911 0.998946151 -0.037267499 0.991664767 0.123337314 0.274520035 0.997624993 0.029765818 0.062116325 -3.593670274
24680000 0.937172087 1.666653636 0.500000000 0.500000000 0.000000000 0.000000000 0.041887462 0.126338750 -0.991101325 1.069347742 -0.038056932 0.991454899 0.124775305 0.279087422 0.998396218 0.032491934 0.046337605 -3.659402285
24760000 0.937172087 1.666653636 0.500000000 0.500000000 0.000000000 0.000000000 0.025455832 0.127620354 -0.991495967 1.142978954 -0.037923630 0.991227090 0.126612052 0.276945790 0.998955965 0.034378182 0.030072331 -3.724657173
24840000 0.937172087 1.666653636 0.500000000 0.500000000 0.000000000 0.000000000 0.008578122 0.129139408 -0.991588473 1.219717820 -0.037293714 0.990977228 0.128737107 0.271746502 0.999266624 0.035875842 0.013316810 -3.786853111
24920000 0.937172087 1.666653636 0.500000000 0.500000000 0.000000000 0.000000000 -0.008966327 0.130567253 -0.991399050 1.302250478 -0.036553115 0.990733325 0.130810171 0.266675096 0.999291658 0.037411578 -0.004110575 -3.844991339
25000000 0.937172087 1.666653636 0.500000000 0.500000000 0.000000000 0.000000000 -0.027359486 0.132305861 -0.990831196 1.394899580 -0.035747517 0.990438819 0.133240536 0.261726986 0.998986185 0.039065164 -0.022368312 -3.904959017
25080000 0.937172087 1.666653636 0.500000000 0.500000000 0.000000000 0.000000000 -0.046107888 0.134503797 -0.989839733 1.491809771 -0.034625873 0.990082979 0.136149764 0.254733978 0.998336136 0.040551655 -0.040993333 -3.963049568
25200000 0.937172087 1.666653636 0.500000000 0.500000000 0.000000000 0.000000000 -0.074577093 0.137916788 -0.987632215 1.639050187 -0.033210877 0.989497244 0.140685022 0.251296068 0.996662199 0.043292005 -0.069213510 -4.043440673
25280000 0.937172087 1.666653636 0.500000000 0.500000000 0.000000000 0.000000000 -0.093827605 0.140179306 -0.985670686 1.734720790 -0.032308195 0.989087820 0.143740773 0.249062146 0.995064378 0.045332044 -0.088274837 -4.093401951
25360000 0.937172087 1.666653636 0.500000000 0.500000000 0.000000000 0.000000000 -0.113765478 0.142353207 -0.983256519 1.831930984 -0.031343374 0.988674819 0.146764174 0.245058149 0.993013322 0.047515225 -0.108015180 -4.131861286
25800000 0.937172087 1.666653636 0.500000000 0.500000000 0.000000000 0.000000000 -0.224528193 0.152474239 -0.962463737 2.360704646 -0.031192821 0.986052096 0.163487822 0.230016426 0.973967075 0.066729784 -0.216640353 -4.264470880
25880000 0.937172087 1.666653636 0.500000000 0.500000000 0.000000000 0.000000000 -0.242542744 0.153560370 -0.957910895 2.442752635 -0.032779839 0.985532224 0.166288167 0.235091321 0.969587326 0.071732052 -0.233999968 -4.277134748
25960000 0.937172087 1.666653636 0.500000000 0.500000000 0.000000000 0.000000000 -0.259858727 0.153848737 -0.953311861 2.520828650 -0.034696102 0.985101640 0.168436706 0.247427814 0.965022862 0.076846018 -0.250649333 -4.291058369
26040000 0.937172087 1.666653636 0.500000000 0.500000000 0.000000000 0.000000000 -0.276437640 0.153699428 -0.948660910 2.594127146 -0.035943251 0.984783888 0.170025706 0.258162520 0.960358799 0.081099592 -0.266706824 -4.306354546
26120000 0.937172087 1.666653636 0.500000000 0.500000000 0.000000000 0.000000000 -0.292428493 0.153525501 -0.943884254 2.666265596 -0.036088809 0.984553993 0.171321481 0.260302463 0.955607176 0.084162749 -0.282371044 -4.324718118
26240000 0.937172087 1.666653636 0.500000000 0.500000000 0.000000000 0.000000000 -0.314156890 0.152892143 -0.936978996 2.765130056 -0.035414271 0.984372735 0.172499597 0.261310192 0.948710382 0.087374337 -0.303833008 -4.359230547
26320000 0.937172087 1.666653636 0.500000000 0.500000000 0.000000000 0.000000000 -0.326901197 0.151759297 -0.932795107 2.821055784 -0.034658924 0.984433413 0.172306925 0.260068566 0.944423854 0.088656820 -0.316552639 -4.385639150
26400000 0.937172087 1.666653636 0.500000000 0.500000000 0.000000000 0.000000000 -0.338265538 0.150628403 -0.928918242 2.867934437 -0.033429816 0.984560192 0.171824560 0.251844373 0.940457582 0.089175746 -0.328007340 -4.421596685
26480000 0.937172087 1.666653636 0.500000000 0.500000000 0.000000000 0.000000000 -0.348579645 0.149509102 -0.925277293 2.908895930 -0.032274585 0.984695554 0.171268836 0.243837666 0.936722696 0.089563891 -0.338419557 -4.466604520
26560000 0.937172087 1.666653636 0.500000000 0.500000000 0.000000000 0.000000000 -0.357976437 0.148161814 -0.921900809 2.942570236 -0.031289909 0.984872460 0.170432165 0.236970029 0.933206260 0.089856878 -0.347925186 -4.516670512
