https://www.youtube.com/watch?v=aj8jSXyb5Vc
49672200 0.836097355 1.486903643 0.500000000 0.500000000 0.000000000 0.000000000 0.973263264 0.105063364 -0.204255447 -6.119710136 -0.105011746 0.994408786 0.011122623 -0.294729963 0.204282001 0.010623995 0.978854418 1.521599965
49739100 0.836097355 1.486903643 0.500000000 0.500000000 0.000000000 0.000000000 0.972570240 0.102614596 -0.208751932 -5.838369538 -0.103485778 0.994607866 0.006774024 -0.291282097 0.208321437 0.015014631 0.977945149 1.534370022
49805989 0.836097355 1.486903643 0.500000000 0.500000000 0.000000000 0.000000000 0.971925914 0.098517001 -0.213669091 -5.576910285 -0.100537688 0.994932234 0.001415989 -0.319412051 0.212725759 0.020105537 0.976905107 1.544160274
49872889 0.836097355 1.486903643 0.500000000 0.500000000 0.000000000 0.000000000 0.971491635 0.093681037 -0.217779353 -5.292689724 -0.096885219 0.995287299 -0.004057451 -0.353961986 0.216372922 0.025041390 0.975989580 1.553729957
49939789 0.836097355 1.486903643 0.500000000 0.500000000 0.000000000 0.000000000 0.971231520 0.089891069 -0.220519528 -5.001999608 -0.093963809 0.995543242 -0.008027290 -0.382872022 0.218815133 0.028517220 0.975349545 1.550720121
50006689 0.836097355 1.486903643 0.500000000 0.500000000 0.000000000 0.000000000 0.970785916 0.089227259 -0.222740218 -4.740690351 -0.093563303 0.995572925 -0.008968666 -0.417692896 0.220953897 0.029546972 0.974836588 1.546489988
50073589 0.836097355 1.486903643 0.500000000 0.500000000 0.000000000 0.000000000 0.970434725 0.090037748 -0.223941147 -4.505889948 -0.094233498 0.995517194 -0.008097374 -0.418750930 0.222208202 0.028960742 0.974569023 1.526569777
50140489 0.836097355 1.486903643 0.500000000 0.500000000 0.000000000 0.000000000 0.969717443 0.093169503 -0.225759789 -4.269939402 -0.096855290 0.995284438 -0.005280442 -0.406776069 0.224203244 0.026986573 0.974168658 1.471189895
50207389 0.836097355 1.486903643 0.500000000 0.500000000 0.000000000 0.000000000 0.968735695 0.096279494 -0.228651106 -3.995579679 -0.099151261 0.995071769 -0.001077416 -0.373127948 0.227420539 0.023714799 0.973507822 1.391199684
50274278 0.836097355 1.486903643 0.500000000 0.500000000 0.000000000 0.000000000 0.967174292 0.094987132 -0.235693350 -3.725950014 -0.097357847 0.995248199 0.001585783 -0.382515025 0.234724000 0.021412868 0.971826196 1.288519977
50341178 0.836097355 1.486903643 0.500000000 0.500000000 0.000000000 0.000000000 0.965030372 0.094855219 -0.244374529 -3.473730239 -0.096739322 0.995300412 0.004309190 -0.356992970 0.243634835 0.019482110 0.969671369 1.179169914
50408078 0.836097355 1.486903643 0.500000000 0.500000000 0.000000000 0.000000000 0.962463200 0.091887303 -0.255384684 -3.260119874 -0.093483053 0.995603323 0.005909890 -0.345642059 0.254804909 0.018186066 0.966821492 1.106920126
50474978 0.836097355 1.486903643 0.500000000 0.500000000 0.000000000 0.000000000 0.959647238 0.087893717 -0.267117620 -3.003159867 -0.089437015 0.995971859 0.006407966 -0.316873010 0.266604841 0.017740827 0.963642597 1.025349913
50541878 0.836097355 1.486903643 0.500000000 0.500000000 0.000000000 0.000000000 0.956640780 0.085544318 -0.278425127 -2.795520087 -0.086846754 0.996192098 0.007676871 -0.278092933 0.278021604 0.016836314 0.960427225 0.937609932
50608778 0.836097355 1.486903643 0.500000000 0.500000000 0.000000000 0.000000000 0.953639448 0.084176451 -0.288939536 -2.564599964 -0.085216329 0.996321797 0.009002527 -0.255169954 0.288634539 0.016037215 0.957305014 0.850071031
50675678 0.836097355 1.486903643 0.500000000 0.500000000 0.000000000 0.000000000 0.950443864 0.083757155 -0.299401343 -2.316499779 -0.084243529 0.996381044 0.011306893 -0.224819028 0.299264848 0.014476055 0.954060256 0.767946022
50742578 0.836097355 1.486903643 0.500000000 0.500000000 0.000000000 0.000000000 0.946991146 0.084320225 -0.309996784 -2.072990286 -0.083929993 0.996364355 0.014621785 -0.211388001 0.310102642 0.012171304 0.950625181 0.693254023
50809467 0.836097355 1.486903643 0.500000000 0.500000000 0.000000000 0.000000000 0.942852378 0.087889068 -0.321410954 -1.797680177 -0.086350478 0.996082306 0.019069018 -0.193835019 0.321827710 0.009774705 0.946747839 0.614111163
50876367 0.836097355 1.486903643 0.500000000 0.500000000 0.000000000 0.000000000 0.937966526 0.092617154 -0.334126920 -1.531709913 -0.089913681 0.995670259 0.023584230 -0.168455993 0.334864527 0.007921392 0.942232907 0.564459954
50943267 0.836097355 1.486903643 0.500000000 0.500000000 0.000000000 0.000000000 0.932332695 0.098373756 -0.347963184 -1.252660115 -0.094827220 0.995120645 0.027253555 -0.115779007 0.348946363 0.007586995 0.937111974 0.523892023
51010167 0.836097355 1.486903643 0.500000000 0.500000000 0.000000000 0.000000000 0.926638007 0.104094371 -0.361256599 -0.965762964 -0.100351200 0.994524598 0.029162602 -0.078878693 0.362314224 0.009229356 0.932010293 0.484156986
51077067 0.836097355 1.486903643 0.500000000 0.500000000 0.000000000 0.000000000 0.920363843 0.108638316 -0.375670373 -0.687506129 -0.105070323 0.994010985 0.030039014 -0.040801599 0.376683891 0.011824964 0.926266432 0.426052021
51143967 0.836097355 1.486903643 0.500000000 0.500000000 0.000000000 0.000000000 0.913776398 0.115378939 -0.389487505 -0.388999022 -0.111704178 0.993221104 0.032155506 -0.009882976 0.390557289 0.014124417 0.920470297 0.393256027
51210867 0.836097355 1.486903643 0.500000000 0.500000000 0.000000000 0.000000000 0.907210886 0.121279813 -0.402814746 -0.080710796 -0.117925532 0.992466509 0.033223301 0.037636093 0.403809488 0.017361585 0.914678395 0.370104054
51277767 0.836097355 1.486903643 0.500000000 0.500000000 0.000000000 0.000000000 0.901210129 0.125833720 -0.414712310 0.191008018 -0.122454010 0.991862118 0.034850448 0.032260587 0.415722787 0.019375574 0.909285009 0.352606017
51344656 0.836097355 1.486903643 0.500000000 0.500000000 0.000000000 0.000000000 0.895250320 0.123971939 -0.427969426 0.444621029 -0.121696293 0.992025495 0.032793645 0.027324796 0.428622097 0.022723775 0.903198063 0.312276984
51411556 0.836097355 1.486903643 0.500000000 0.500000000 0.000000000 0.000000000 0.888663948 0.121732078 -0.442105949 0.698860999 -0.120999761 0.992199719 0.029980158 0.037158508 0.442306936 0.026852442 0.896461606 0.254485988
51478456 0.836097355 1.486903643 0.500000000 0.500000000 0.000000000 0.000000000 0.881670535 0.120435543 -0.456237406 0.943867201 -0.120742492 0.992271721 0.028602825 0.039544997 0.456156284 0.029868925 0.889398396 0.195193065
51545356 0.836097355 1.486903643 0.500000000 0.500000000 0.000000000 0.000000000 0.874866605 0.119170472 -0.469475120 1.161640081 -0.120864660 0.992311060 0.026654705 0.048139498 0.469041795 0.033423617 0.882543325 0.118177969
51612256 0.836097355 1.486903643 0.500000000 0.500000000 0.000000000 0.000000000 0.867819130 0.117804930 -0.482712924 1.402529708 -0.120397627 0.992391944 0.025740568 0.051145391 0.482072771 0.035779387 0.875400186 0.016097534
51679156 0.836097355 1.486903643 0.500000000 0.500000000 0.000000000 0.000000000 0.861057878 0.116242222 -0.495042413 1.611539809 -0.119496591 0.992514551 0.025207162 0.042571691 0.494266957 0.037451066 0.868503094 -0.089553540
51746056 0.836097355 1.486903643 0.500000000 0.500000000 0.000000000 0.000000000 0.853419125 0.115095526 -0.508358955 1.840700111 -0.119143397 0.992569566 0.024709035 0.054568899 0.507425547 0.039480437 0.860790730 -0.201475983
51812956 0.836097355 1.486903643 0.500000000 0.500000000 0.000000000 0.000000000 0.845673919 0.114396438 -0.521295249 2.060369280 -0.118523985 0.992622375 0.025551405 0.065636062 0.520372331 0.040177893 0.852993608 -0.316866872
51879844 0.836097355 1.486903643 0.500000000 0.500000000 0.000000000 0.000000000 0.838858962 0.112251066 -0.532649398 2.309580218 -0.116855107 0.992829263 0.025197042 0.091415599 0.531658292 0.041106023 0.845960855 -0.413192164
51946744 0.836097355 1.486903643 0.500000000 0.500000000 0.000000000 0.000000000 0.833351612 0.109270029 -0.541835010 2.558530070 -0.113938592 0.993171930 0.025050100 0.117748019 0.540872514 0.040860374 0.840111494 -0.496213007
52013644 0.836097355 1.486903643 0.500000000 0.500000000 0.000000000 0.000000000 0.827919960 0.106340237 -0.550672412 2.794539459 -0.110918932 0.993512630 0.025093637 0.128807971 0.549768448 0.040304504 0.834344089 -0.552993954
52080544 0.836097355 1.486903643 0.500000000 0.500000000 0.000000000 0.000000000 0.820578158 0.103851989 -0.562019944 3.011240505 -0.108719781 0.993760705 0.024894029 0.155526014 0.561098576 0.040675156 0.826749086 -0.557420335
52147444 0.836097355 1.486903643 0.500000000 0.500000000 0.000000000 0.000000000 0.812149048 0.101324029 -0.574584663 3.259570419 -0.106475659 0.994006276 0.024787676 0.205894993 0.573652327 0.041047979 0.818069756 -0.564219942
52214344 0.836097355 1.486903643 0.500000000 0.500000000 0.000000000 0.000000000 0.803389013 0.098438226 -0.587261140 3.486818781 -0.104216956 0.994262815 0.024089314 0.240646975 0.586263239 0.041849539 0.809038758 -0.539577793
52281244 0.836097355 1.486903643 0.500000000 0.500000000 0.000000000 0.000000000 0.793874443 0.096776150 -0.600331187 3.744709244 -0.103154533 0.994378448 0.023887452 0.272516958 0.599268079 0.042963278 0.799394608 -0.512455300
52348144 0.836097355 1.486903643 0.500000000 0.500000000 0.000000000 0.000000000 0.779489756 0.098543420 -0.618615687 3.998331785 -0.105621472 0.994085371 0.025265630 0.269757005 0.617446601 0.045644727 0.785287678 -0.438410273
52415033 0.836097355 1.486903643 0.500000000 0.500000000 0.000000000 0.000000000 0.762714803 0.101787187 -0.638674617 4.263058956 -0.110126846 0.993555307 0.026830314 0.267431894 0.637289524 0.049871385 0.769008875 -0.326712029
52481933 0.836097355 1.486903643 0.500000000 0.500000000 0.000000000 0.000000000 0.745212436 0.107661605 -0.658078671 4.514130873 -0.117124110 0.992671013 0.029768797 0.247984998 0.656460643 0.054892771 0.752360582 -0.188108899
52548833 0.836097355 1.486903643 0.500000000 0.500000000 0.000000000 0.000000000 0.726651311 0.114134416 -0.677459061 4.836868073 -0.125156105 0.991594255 0.032814063 0.231012008 0.675509751 0.060943827 0.734827876 -0.009530016
52615733 0.836097355 1.486903643 0.500000000 0.500000000 0.000000000 0.000000000 0.709066510 0.121076606 -0.694668770 5.069677893 -0.134162486 0.990317404 0.035663269 0.219520978 0.692260504 0.067910954 0.718444824 0.180483840
52682633 0.836097355 1.486903643 0.500000000 0.500000000 0.000000000 0.000000000 0.691006660 0.127494842 -0.711515605 5.322247555 -0.142468482 0.989036143 0.038861215 0.189558918 0.708669245 0.074515268 0.701594591 0.393957674
52749533 0.836097355 1.486903643 0.500000000 0.500000000 0.000000000 0.000000000 0.674276471 0.131723329 -0.726636291 5.512240338 -0.149220601 0.987968862 0.040629148 0.190855989 0.723245859 0.081033811 0.685819983 0.626142177
52816433 0.836097355 1.486903643 0.500000000 0.500000000 0.000000000 0.000000000 0.656657219 0.133217379 -0.742330492 5.661000773 -0.153648749 0.987263858 0.041256770 0.172888852 0.738372147 0.086966574 0.668762565 0.852099905
52883333 0.836097355 1.486903643 0.500000000 0.500000000 0.000000000 0.000000000 0.640099645 0.130817905 -0.757072389 5.796767120 -0.155861393 0.987017751 0.038771451 0.185823025 0.752315819 0.093180850 0.652179182 1.081069225
