https://www.youtube.com/watch?v=bpmQlVKhYwo
81081000 1.011930369 1.799457614 0.500000000 0.500000000 0.000000000 0.000000000 0.999051750 -0.001859110 0.043498337 3.000289759 -0.000301467 0.998768568 0.049611118 1.629470012 -0.043537006 -0.049577188 0.997820914 -5.607660003
81147733 1.011930369 1.799457614 0.500000000 0.500000000 0.000000000 0.000000000 0.998920321 0.002099906 0.046409298 2.833510013 -0.004673607 0.998452306 0.055417836 1.456029953 -0.046221096 -0.055574901 0.997384071 -5.119999890
81214467 1.011930369 1.799457614 0.500000000 0.500000000 0.000000000 0.000000000 0.998988867 0.006054290 0.044549283 2.673310053 -0.008694038 0.998202264 0.059301507 1.295969984 -0.044110168 -0.059628855 0.997245550 -4.654010066
81281200 1.011930369 1.799457614 0.500000000 0.500000000 0.000000000 0.000000000 0.999153316 0.009349073 0.040065173 2.497589819 -0.011881611 0.997914553 0.063446037 1.125159934 -0.039388459 -0.063868351 0.997180700 -4.155689893
81347933 1.011930369 1.799457614 0.500000000 0.500000000 0.000000000 0.000000000 0.999217689 0.011874663 0.037722174 2.269469847 -0.014375744 0.997666895 0.066738956 0.965989910 -0.036841664 -0.067229025 0.997057140 -3.679099977
81414667 1.011930369 1.799457614 0.500000000 0.500000000 0.000000000 0.000000000 0.999221683 0.014173001 0.036813088 1.993340062 -0.016685508 0.997486413 0.068865404 0.806565948 -0.035744525 -0.069426045 0.996946514 -3.234680181
81481400 1.011930369 1.799457614 0.500000000 0.500000000 0.000000000 0.000000000 0.999184966 0.016645169 0.036774725 1.667130114 -0.019278178 0.997186124 0.072444707 0.665307053 -0.035465389 -0.073094606 0.996694207 -2.745279928
81548133 1.011930369 1.799457614 0.500000000 0.500000000 0.000000000 0.000000000 0.999055266 0.018429995 0.039356891 1.259850172 -0.021463715 0.996713996 0.078105919 0.517885982 -0.037788074 -0.078876875 0.996167898 -2.292050089
81614867 1.011930369 1.799457614 0.500000000 0.500000000 0.000000000 0.000000000 0.998921931 0.017899016 0.042832345 0.844380978 -0.021439457 0.996261954 0.083680630 0.353997004 -0.041174434 -0.084508717 0.995571673 -1.769500028
81681600 1.011930369 1.799457614 0.500000000 0.500000000 0.000000000 0.000000000 0.998805344 0.014893141 0.046541534 0.429998998 -0.018912613 0.996015429 0.087152712 0.158138023 -0.045058109 -0.087928809 0.995107174 -1.231170042
81748333 1.011930369 1.799457614 0.500000000 0.500000000 0.000000000 0.000000000 0.998700261 0.009992415 0.049979627 -0.010696795 -0.014295140 0.996150374 0.086487420 -0.033582193 -0.048923008 -0.087089472 0.994998455 -0.722545921
81815067 1.011930369 1.799457614 0.500000000 0.500000000 0.000000000 0.000000000 0.998678565 0.004423260 0.051201597 -0.424798006 -0.008715451 0.996435046 0.083912261 -0.236212995 -0.050647900 -0.084247626 0.995156825 -0.244297995
81881800 1.011930369 1.799457614 0.500000000 0.500000000 0.000000000 0.000000000 0.998685241 -0.000611163 0.051258590 -0.814759062 -0.003536241 0.996725559 0.080781586 -0.426712016 -0.051140118 -0.080856644 0.995412946 0.291198009
81948533 1.011930369 1.799457614 0.500000000 0.500000000 0.000000000 0.000000000 0.998654902 -0.003565207 0.051726896 -1.158609952 -0.000531507 0.996876836 0.078969903 -0.562331012 -0.051846888 -0.078891180 0.995534062 0.771579035
82015267 1.011930369 1.799457614 0.500000000 0.500000000 0.000000000 0.000000000 0.998578489 -0.004384916 0.053120043 -1.483459795 0.000118543 0.996790528 0.080053903 -0.679741038 -0.053300586 -0.079933815 0.995374143 1.302470038
82082000 1.011930369 1.799457614 0.500000000 0.500000000 0.000000000 0.000000000 0.998457074 -0.002213767 0.055485260 -1.727370137 -0.002530232 0.996353447 0.085284345 -0.742718014 -0.055471729 -0.085293151 0.994810522 1.809739936
82148733 1.011930369 1.799457614 0.500000000 0.500000000 0.000000000 0.000000000 0.998320282 0.000553467 0.057934150 -1.907720085 -0.006047619 0.995487273 0.094702184 -0.771643937 -0.057620294 -0.094893470 0.993818462 2.317439991
82215467 1.011930369 1.799457614 0.500000000 0.500000000 0.000000000 0.000000000 0.998264670 0.002725724 0.058823597 -2.026140001 -0.009124967 0.994022369 0.108794734 -0.821040013 -0.058175426 -0.109142706 0.992322266 2.867230067
82282200 1.011930369 1.799457614 0.500000000 0.500000000 0.000000000 0.000000000 0.998386741 0.003678305 0.056659877 -2.079870065 -0.010680460 0.992252052 0.123781048 -0.839334931 -0.055765577 -0.124186508 0.990690589 3.421919724
82348933 1.011930369 1.799457614 0.500000000 0.500000000 0.000000000 0.000000000 0.998602569 0.004818305 0.052628193 -2.102390026 -0.011989968 0.990523398 0.136819690 -0.853477991 -0.051470216 -0.137259513 0.989196956 3.879369777
82415667 1.011930369 1.799457614 0.500000000 0.500000000 0.000000000 0.000000000 0.998875320 0.007398707 0.046833862 -2.087230005 -0.014154444 0.989241004 0.145608678 -0.874452018 -0.045252662 -0.146107808 0.988233089 4.360779334
82482400 1.011930369 1.799457614 0.500000000 0.500000000 0.000000000 0.000000000 0.999015272 0.010937843 0.042998653 -2.077499999 -0.017394960 0.988104403 0.152797759 -0.914863124 -0.040815879 -0.153395265 0.987321615 4.844109806
82549133 1.011930369 1.799457614 0.500000000 0.500000000 0.000000000 0.000000000 0.999094844 0.015950086 0.039434228 -2.040950113 -0.022066569 0.986885905 0.159903824 -0.946802836 -0.036366608 -0.160629272 0.986344635 5.377390280
