https://www.youtube.com/watch?v=YHk3eXCsD44
49849800 0.901056185 1.602425537 0.500000000 0.500000000 0.000000000 0.000000000 0.998965204 0.022070311 -0.039767466 -5.077570130 -0.024285875 0.998128653 -0.056119576 -2.821390013 0.038454473 0.057027295 0.997631788 1.925979942
49916533 0.901056185 1.602425537 0.500000000 0.500000000 0.000000000 0.000000000 0.998321712 0.029303480 -0.049950890 -4.945090104 -0.032269273 0.997698188 -0.059640296 -2.696869944 0.048088245 0.061152078 0.996969402 1.816020150
49983267 0.901056185 1.602425537 0.500000000 0.500000000 0.000000000 0.000000000 0.997474730 0.036903199 -0.060682070 -4.815040256 -0.040551033 0.997372925 -0.060023997 -2.572730241 0.058307577 0.062333141 0.996350765 1.721429908
50050000 0.901056185 1.602425537 0.500000000 0.500000000 0.000000000 0.000000000 0.995500743 0.051245172 -0.079700328 -4.717169849 -0.055916104 0.996777117 -0.057521861 -2.420249850 0.076495744 0.061719593 0.995157838 1.589170069
50116733 0.901056185 1.602425537 0.500000000 0.500000000 0.000000000 0.000000000 0.992220998 0.066265464 -0.105386682 -4.626860177 -0.071910292 0.996122003 -0.050693449 -2.270979753 0.101618759 0.057877500 0.993138373 1.455199952
50183467 0.901056185 1.602425537 0.500000000 0.500000000 0.000000000 0.000000000 0.988588691 0.078266971 -0.128711745 -4.517500092 -0.084739484 0.995359361 -0.045595944 -2.140490038 0.124545790 0.055982597 0.990633309 1.331130138
50250200 0.901056185 1.602425537 0.500000000 0.500000000 0.000000000 0.000000000 0.984494090 0.090701662 -0.150148407 -4.397569968 -0.097162940 0.994607925 -0.036255807 -2.009340318 0.146050319 0.050282493 0.987998486 1.239590065
50316933 0.901056185 1.602425537 0.500000000 0.500000000 0.000000000 0.000000000 0.980344772 0.104282230 -0.167479441 -4.266550108 -0.110040724 0.993601084 -0.025453378 -1.890789971 0.163753435 0.043382633 0.985546947 1.167709962
50383667 0.901056185 1.602425537 0.500000000 0.500000000 0.000000000 0.000000000 0.975368142 0.119479999 -0.185422301 -4.127069613 -0.124015048 0.992195010 -0.013012858 -1.767089958 0.182420313 0.035687506 0.982572734 1.101739839
50450400 0.901056185 1.602425537 0.500000000 0.500000000 0.000000000 0.000000000 0.969874859 0.137614101 -0.201010182 -3.968179837 -0.140357107 0.990100741 0.000611880 -1.645979941 0.199104533 0.027619753 0.979588985 1.043859900
50517133 0.901056185 1.602425537 0.500000000 0.500000000 0.000000000 0.000000000 0.963777959 0.159154609 -0.214013621 -3.812079795 -0.159650669 0.987058401 0.015078954 -1.512099967 0.213643834 0.019634686 0.976714253 1.000479951
50583867 0.901056185 1.602425537 0.500000000 0.500000000 0.000000000 0.000000000 0.957445383 0.180293754 -0.225371897 -3.657619920 -0.178943619 0.983500242 0.026579190 -1.395530050 0.226445377 0.014880717 0.973910213 0.962882045
50650600 0.901056185 1.602425537 0.500000000 0.500000000 0.000000000 0.000000000 0.951269269 0.195722878 -0.238284215 -3.483889976 -0.193537563 0.980545402 0.032771111 -1.323770104 0.240062550 0.014942785 0.970642388 0.905427015
50717333 0.901056185 1.602425537 0.500000000 0.500000000 0.000000000 0.000000000 0.942710996 0.215453953 -0.254707068 -3.313460440 -0.213832319 0.976265073 0.034384977 -1.223180105 0.256069988 0.022049475 0.966406763 0.837760020
50784067 0.901056185 1.602425537 0.500000000 0.500000000 0.000000000 0.000000000 0.930032611 0.237811223 -0.280151993 -3.140170130 -0.236321494 0.970867276 0.039608624 -1.105479899 0.281409770 0.029368619 0.959138155 0.737001003
50850800 0.901056185 1.602425537 0.500000000 0.500000000 0.000000000 0.000000000 0.922508419 0.251198053 -0.293048769 -2.954839420 -0.248922154 0.967445433 0.045683984 -1.033039908 0.294984430 0.030802537 0.955005407 0.696102900
50917533 0.901056185 1.602425537 0.500000000 0.500000000 0.000000000 0.000000000 0.912810147 0.263814956 -0.311735690 -2.759319708 -0.260445744 0.964021385 0.053204518 -0.949741864 0.314556003 0.032624681 0.948678076 0.634910999
51051000 0.901056185 1.602425537 0.500000000 0.500000000 0.000000000 0.000000000 0.896268964 0.287689686 -0.337545156 -2.336870312 -0.276984513 0.957487822 0.080601871 -0.820716960 0.346383691 0.021253757 0.937852144 0.560169054
51117733 0.901056185 1.602425537 0.500000000 0.500000000 0.000000000 0.000000000 0.890731394 0.297846287 -0.343344361 -2.118020372 -0.282678455 0.954529285 0.094693325 -0.767923140 0.355936259 0.012709633 0.934423864 0.535189139
51184467 0.901056185 1.602425537 0.500000000 0.500000000 0.000000000 0.000000000 0.885734200 0.305616736 -0.349389941 -1.874330080 -0.286834598 0.952131748 0.105693251 -0.718995085 0.364966899 0.006601013 0.930997074 0.498409846
51251200 0.901056185 1.602425537 0.500000000 0.500000000 0.000000000 0.000000000 0.882278860 0.312267512 -0.352239996 -1.646620063 -0.290944666 0.949991167 0.113437012 -0.672148032 0.370047599 0.002399266 0.929009676 0.460774908
51317933 0.901056185 1.602425537 0.500000000 0.500000000 0.000000000 0.000000000 0.874729872 0.322776169 -0.361473382 -1.416799767 -0.298651189 0.946474910 0.122444451 -0.604159979 0.381647646 0.000848711 0.924307466 0.407961974
51384667 0.901056185 1.602425537 0.500000000 0.500000000 0.000000000 0.000000000 0.865329742 0.337332159 -0.370690107 -1.206379694 -0.311052412 0.941382766 0.130555719 -0.532384932 0.393001914 0.002330422 0.919534624 0.369657919
51451400 0.901056185 1.602425537 0.500000000 0.500000000 0.000000000 0.000000000 0.854178011 0.350656956 -0.383952588 -0.954716953 -0.323019177 0.936475515 0.136646390 -0.449242016 0.407478184 0.007303722 0.913185716 0.315506967
51551500 0.901056185 1.602425537 0.500000000 0.500000000 0.000000000 0.000000000 0.840119720 0.368546098 -0.397960603 -0.599983983 -0.335824400 0.929590106 0.151934892 -0.341407049 0.425935268 0.006001368 0.904733777 0.287776026
51618233 0.901056185 1.602425537 0.500000000 0.500000000 0.000000000 0.000000000 0.832413018 0.376241416 -0.406855077 -0.363316025 -0.339985818 0.926512420 0.161196768 -0.286580000 0.437605172 0.004142620 0.899157703 0.271295044
51684967 0.901056185 1.602425537 0.500000000 0.500000000 0.000000000 0.000000000 0.824124813 0.382191360 -0.418028623 -0.115418000 -0.341534495 0.924082100 0.171541154 -0.249275951 0.451854318 0.001399942 0.892090619 0.245054972
51751700 0.901056185 1.602425537 0.500000000 0.500000000 0.000000000 0.000000000 0.816791952 0.387114495 -0.427776933 0.113354985 -0.342674583 0.922031462 0.180088937 -0.231828976 0.464138865 -0.000506841 0.885762274 0.228387965
51818433 0.901056185 1.602425537 0.500000000 0.500000000 0.000000000 0.000000000 0.805557489 0.393972814 -0.442563176 0.343238891 -0.345496953 0.919121921 0.189331993 -0.217503900 0.481361210 0.000386640 0.876522064 0.211553923
51885167 0.901056185 1.602425537 0.500000000 0.500000000 0.000000000 0.000000000 0.789766550 0.405318916 -0.460418999 0.574277168 -0.353543222 0.914154708 0.198314145 -0.198528070 0.501274645 0.006156027 0.865266442 0.203460074
51951900 0.901056185 1.602425537 0.500000000 0.500000000 0.000000000 0.000000000 0.773143470 0.419072986 -0.476053447 0.809336914 -0.363098204 0.907887578 0.209522903 -0.176947933 0.520008385 0.010862939 0.854092002 0.215304984
52018633 0.901056185 1.602425537 0.500000000 0.500000000 0.000000000 0.000000000 0.757654846 0.434867024 -0.486672401 1.032450153 -0.375837147 0.900340140 0.219394907 -0.163114057 0.533578277 0.016683862 0.845586181 0.244766982
52085367 0.901056185 1.602425537 0.500000000 0.500000000 0.000000000 0.000000000 0.740047693 0.453513384 -0.496643811 1.261109939 -0.392714322 0.890868068 0.228319034 -0.161100962 0.545989811 0.026072100 0.837386072 0.265086913
52152100 0.901056185 1.602425537 0.500000000 0.500000000 0.000000000 0.000000000 0.727995992 0.466505587 -0.502389014 1.495720569 -0.405258954 0.883879542 0.233500138 -0.142893130 0.552980483 0.033610299 0.832516193 0.279814114
52218833 0.901056185 1.602425537 0.500000000 0.500000000 0.000000000 0.000000000 0.714664936 0.477881849 -0.510767043 1.737860006 -0.416383862 0.877401948 0.238307297 -0.142921052 0.562030733 0.042365231 0.826030672 0.270767955
52285567 0.901056185 1.602425537 0.500000000 0.500000000 0.000000000 0.000000000 0.702993751 0.485732555 -0.519484222 1.975360479 -0.423499942 0.872719884 0.242915362 -0.122195159 0.571356118 0.049233504 0.819224238 0.253215129
52352300 0.901056185 1.602425537 0.500000000 0.500000000 0.000000000 0.000000000 0.691440463 0.492789745 -0.528269589 2.203670989 -0.427804172 0.868535578 0.250259221 -0.106805202 0.582146108 0.052956372 0.811357975 0.236223109
52419033 0.901056185 1.602425537 0.500000000 0.500000000 0.000000000 0.000000000 0.678828359 0.500616968 -0.537191570 2.431030274 -0.430602014 0.863974810 0.261016071 -0.097665877 0.594789088 0.054130629 0.802057266 0.210029072
52485767 0.901056185 1.602425537 0.500000000 0.500000000 0.000000000 0.000000000 0.664985657 0.509834409 -0.545767367 2.661947639 -0.432957709 0.858592391 0.274529397 -0.081845773 0.608556330 0.053736493 0.791688681 0.178999088
52552500 0.901056185 1.602425537 0.500000000 0.500000000 0.000000000 0.000000000 0.652370751 0.518024445 -0.553229392 2.890709221 -0.434225291 0.853737295 0.287368864 -0.059178471 0.621176660 0.052755304 0.781892717 0.162088971
52619233 0.901056185 1.602425537 0.500000000 0.500000000 0.000000000 0.000000000 0.644720137 0.522205055 -0.558245540 3.114320952 -0.433632046 0.851260066 0.295498997 -0.024447642 0.629523158 0.051558860 0.775269270 0.133549925
52685967 0.901056185 1.602425537 0.500000000 0.500000000 0.000000000 0.000000000 0.632354856 0.525767744 -0.568942785 3.338990997 -0.432948500 0.848876774 0.303255439 0.015862356 0.642404199 0.054557726 0.764421642 0.133256889
52752700 0.901056185 1.602425537 0.500000000 0.500000000 0.000000000 0.000000000 0.619018912 0.528740525 -0.580731153 3.562908840 -0.431783319 0.846771002 0.310711920 0.055341541 0.656032324 0.058413669 0.752468705 0.144758186
52819433 0.901056185 1.602425537 0.500000000 0.500000000 0.000000000 0.000000000 0.603302896 0.531626105 -0.594473779 3.786989278 -0.430404305 0.844579101 0.318493634 0.093273737 0.671399653 0.063716024 0.738351285 0.196011996
52886167 0.901056185 1.602425537 0.500000000 0.500000000 0.000000000 0.000000000 0.591028869 0.533980668 -0.604606211 4.019736711 -0.430739701 0.842639983 0.323142141 0.135642288 0.682017148 0.069441974 0.728031516 0.228381436
52952900 0.901056185 1.602425537 0.500000000 0.500000000 0.000000000 0.000000000 0.578355193 0.537963152 -0.613271058 4.249072162 -0.430924058 0.839778900 0.330266714 0.146842559 0.692683399 0.073261574 0.717511535 0.253119137
53019633 0.901056185 1.602425537 0.500000000 0.500000000 0.000000000 0.000000000 0.561146975 0.544959903 -0.623003066 4.476160271 -0.433389902 0.834700108 0.339777827 0.137276154 0.705185950 0.079337910 0.704569519 0.303693671
53086367 0.901056185 1.602425537 0.500000000 0.500000000 0.000000000 0.000000000 0.540208101 0.554839313 -0.632714510 4.710195791 -0.439662993 0.827170253 0.349979281 0.104211538 0.717545033 0.089119911 0.690786719 0.346097389
53153100 0.901056185 1.602425537 0.500000000 0.500000000 0.000000000 0.000000000 0.516389728 0.567238331 -0.641546130 4.949365490 -0.448632032 0.817321777 0.361543983 0.041550797 0.729431272 0.101120979 0.676538169 0.401503000
53219833 0.901056185 1.602425537 0.500000000 0.500000000 0.000000000 0.000000000 0.490117311 0.577715516 -0.652709365 5.172028467 -0.459764004 0.807518005 0.369501889 -0.017671673 0.740541577 0.118993148 0.661391437 0.513839333
53319933 0.901056185 1.602425537 0.500000000 0.500000000 0.000000000 0.000000000 0.436713934 0.586627245 -0.682018459 5.515698487 -0.487139612 0.791571736 0.368929684 -0.108785756 0.756290734 0.171121597 0.631459832 0.724930977
53386667 0.901056185 1.602425537 0.500000000 0.500000000 0.000000000 0.000000000 0.407264352 0.592899859 -0.694699049 5.748106944 -0.502637923 0.780588269 0.371533990 -0.165434094 0.762556314 0.197868943 0.615919352 0.820771294
53453400 0.901056185 1.602425537 0.500000000 0.500000000 0.000000000 0.000000000 0.378673673 0.598258674 -0.706182063 5.960851526 -0.514408767 0.770341337 0.376773059 -0.214254443 0.769409001 0.220592096 0.599457383 0.914865516
53520133 0.901056185 1.602425537 0.500000000 0.500000000 0.000000000 0.000000000 0.346365213 0.603824973 -0.717932642 6.156074803 -0.523645997 0.759426355 0.386091709 -0.275800794 0.778348744 0.242213428 0.579229116 1.017070319
53586867 0.901056185 1.602425537 0.500000000 0.500000000 0.000000000 0.000000000 0.320806861 0.612137496 -0.722751856 6.348817525 -0.527453005 0.749272585 0.400479496 -0.326856632 0.786686659 0.252741218 0.563245654 1.061629638
