https://www.youtube.com/watch?v=pAkC5EL1pg8
25316956 0.862388692 1.539124191 0.500000000 0.500000000 0.000000000 0.000000000 0.987902939 0.000713068 0.155071750 -4.378299889 -0.001026227 0.999997616 0.001939403 -0.520820020 -0.155069992 -0.002075081 0.987901330 5.521800387
25400378 0.862388692 1.539124191 0.500000000 0.500000000 0.000000000 0.000000000 0.986557901 0.000566669 0.163411170 -4.332009981 0.000164624 0.999990046 -0.004461590 -0.503506039 -0.163412064 0.004428518 0.986547947 5.338200022
25483789 0.862388692 1.539124191 0.500000000 0.500000000 0.000000000 0.000000000 0.985642374 0.000286068 0.168845952 -4.257129617 0.001666052 0.999933422 -0.011419745 -0.493622976 -0.168837965 0.011537092 0.985576272 5.150019832
25567211 0.862388692 1.539124191 0.500000000 0.500000000 0.000000000 0.000000000 0.985221386 0.000176198 0.171285748 -4.162600209 0.003133624 0.999813557 -0.019052835 -0.491729998 -0.171257168 0.019308006 0.985037148 4.938739583
25650622 0.862388692 1.539124191 0.500000000 0.500000000 0.000000000 0.000000000 0.985082805 -0.000349479 0.172080800 -4.049190450 0.005175456 0.999605715 -0.027597001 -0.498813967 -0.172003314 0.028075928 0.984696209 4.710650377
25734044 0.862388692 1.539124191 0.500000000 0.500000000 0.000000000 0.000000000 0.985196412 -0.000614152 0.171428382 -3.911940476 0.007031770 0.999296725 -0.036831472 -0.504103007 -0.171285212 0.037491675 0.984507859 4.471750132
25817456 0.862388692 1.539124191 0.500000000 0.500000000 0.000000000 0.000000000 0.986258924 -0.001382065 0.165201053 -3.767500059 0.009322271 0.998837292 -0.047298238 -0.509295936 -0.164943621 0.048188359 0.985125124 4.211510117
25900878 0.862388692 1.539124191 0.500000000 0.500000000 0.000000000 0.000000000 0.988306701 -0.002090818 0.152464777 -3.615540284 0.011274320 0.998170972 -0.059393957 -0.519869065 -0.152061731 0.060418382 0.986522615 3.918720161
25984289 0.862388692 1.539124191 0.500000000 0.500000000 0.000000000 0.000000000 0.991097271 -0.003572857 0.133091778 -3.478640119 0.013127025 0.997391462 -0.070978284 -0.518367966 -0.132491022 0.072093487 0.988558888 3.614589980
26067711 0.862388692 1.539124191 0.500000000 0.500000000 0.000000000 0.000000000 0.994079053 -0.005100284 0.108539306 -3.359829737 0.014237158 0.996399939 -0.083572902 -0.503382968 -0.107722320 0.084623359 0.990572989 3.323020278
26151122 0.862388692 1.539124191 0.500000000 0.500000000 0.000000000 0.000000000 0.996872544 -0.006576721 0.078752272 -3.249980069 0.014187299 0.995234370 -0.096473962 -0.473563996 -0.077742480 0.097289518 0.992215097 3.041079732
26234544 0.862388692 1.539124191 0.500000000 0.500000000 0.000000000 0.000000000 0.998864293 -0.008547362 0.046872701 -3.131339908 0.013607861 0.993978083 -0.108730920 -0.420062979 -0.045661073 0.109245278 0.992965519 2.769340003
26317956 0.862388692 1.539124191 0.500000000 0.500000000 0.000000000 0.000000000 0.999873877 -0.010374870 0.012023642 -3.016629758 0.011722162 0.992941916 -0.118020967 -0.338986015 -0.010714327 0.118147030 0.992938340 2.504510112
26401378 0.862388692 1.539124191 0.500000000 0.500000000 0.000000000 0.000000000 0.999699354 -0.010922009 -0.021952193 -2.888749956 0.008037623 0.991814792 -0.127431706 -0.245778004 0.023164321 0.127216950 0.991604388 2.255379889
26484789 0.862388692 1.539124191 0.500000000 0.500000000 0.000000000 0.000000000 0.998459280 -0.012266194 -0.054116547 -2.748330192 0.004822001 0.990751982 -0.135599554 -0.153779957 0.055279367 0.135129690 0.989284635 2.035069800
26568211 0.862388692 1.539124191 0.500000000 0.500000000 0.000000000 0.000000000 0.996249318 -0.013683338 -0.085440129 -2.585869890 0.001329068 0.989720702 -0.143007606 -0.065706759 0.086518690 0.142357677 0.986026764 1.822809858
26651622 0.862388692 1.539124191 0.500000000 0.500000000 0.000000000 0.000000000 0.993159652 -0.014881890 -0.115812108 -2.388449926 -0.002705846 0.988645017 -0.150245324 0.021590749 0.116733000 0.149530962 0.981842101 1.603150045
26735044 0.862388692 1.539124191 0.500000000 0.500000000 0.000000000 0.000000000 0.989083886 -0.016329786 -0.146445766 -2.154579875 -0.007019132 0.987490952 -0.157519177 0.100626051 0.147186115 0.156827614 0.976596832 1.378470028
26818456 0.862388692 1.539124191 0.500000000 0.500000000 0.000000000 0.000000000 0.983588755 -0.017786283 -0.179545924 -1.897299806 -0.012884044 0.985664606 -0.168223768 0.177505052 0.179964140 0.167776287 0.969259501 1.160209956
26901878 0.862388692 1.539124191 0.500000000 0.500000000 0.000000000 0.000000000 0.976628125 -0.019056572 -0.214089543 -1.635419964 -0.020294527 0.983435869 -0.180116907 0.241456997 0.213975728 0.180252090 0.960064411 0.948500120
26985289 0.862388692 1.539124191 0.500000000 0.500000000 0.000000000 0.000000000 0.967995822 -0.020816216 -0.250101477 -1.372249844 -0.028077150 0.981315494 -0.190346003 0.285454024 0.249390736 0.191276282 0.949324846 0.732130025
27068711 0.862388692 1.539124191 0.500000000 0.500000000 0.000000000 0.000000000 0.957599461 -0.022068113 -0.287256539 -1.107780027 -0.036958113 0.979414761 -0.198446020 0.321915980 0.285722613 0.200648263 0.937071443 0.533243011
27152122 0.862388692 1.539124191 0.500000000 0.500000000 0.000000000 0.000000000 0.944311738 -0.024536807 -0.328136146 -0.844058013 -0.045739438 0.977746844 -0.204741493 0.350440003 0.325857759 0.208348557 0.922175467 0.369556009
27235544 0.862388692 1.539124191 0.500000000 0.500000000 0.000000000 0.000000000 0.929974198 -0.025913058 -0.366710573 -0.582345065 -0.056061290 0.975849450 -0.211128011 0.368768000 0.363325268 0.216901854 0.906062067 0.221329038
27318956 0.862388692 1.539124191 0.500000000 0.500000000 0.000000000 0.000000000 0.914028525 -0.028102145 -0.404675543 -0.328780004 -0.065886542 0.974066019 -0.216458842 0.385474031 0.400263667 0.224512205 0.888472557 0.103198026
27402378 0.862388692 1.539124191 0.500000000 0.500000000 0.000000000 0.000000000 0.896439195 -0.030407632 -0.442122519 -0.061391972 -0.075583167 0.972535908 -0.220138803 0.393187000 0.436673939 0.230758056 0.869521022 0.016102600
27485789 0.862388692 1.539124191 0.500000000 0.500000000 0.000000000 0.000000000 0.877476931 -0.032490589 -0.478516787 0.219407895 -0.084643416 0.971552551 -0.221181050 0.395194942 0.472090513 0.234584585 0.849764884 -0.056438279
27569211 0.862388692 1.539124191 0.500000000 0.500000000 0.000000000 0.000000000 0.857518792 -0.034466725 -0.513296664 0.528842902 -0.091618687 0.971571922 -0.218297914 0.394312992 0.506228626 0.234222129 0.829983354 -0.112026983
27652622 0.862388692 1.539124191 0.500000000 0.500000000 0.000000000 0.000000000 0.837404788 -0.035729416 -0.545413971 0.854942728 -0.098542936 0.971640885 -0.214949384 0.391985921 0.537626505 0.233746365 0.810135841 -0.153340971
27736044 0.862388692 1.539124191 0.500000000 0.500000000 0.000000000 0.000000000 0.817143440 -0.037219416 -0.575231791 1.184570383 -0.104423821 0.971844375 -0.211220652 0.394402148 0.566897273 0.232665449 0.790249705 -0.173052092
27819456 0.862388692 1.539124191 0.500000000 0.500000000 0.000000000 0.000000000 0.795547366 -0.038022142 -0.604697227 1.524010035 -0.110953674 0.972009778 -0.207090095 0.402835034 0.595645666 0.231843367 0.769061089 -0.163071896
27902878 0.862388692 1.539124191 0.500000000 0.500000000 0.000000000 0.000000000 0.772991061 -0.039063755 -0.633213103 1.854779925 -0.116957739 0.972220182 -0.202752963 0.399384941 0.623542845 0.230785385 0.746948719 -0.132436023
27986289 0.862388692 1.539124191 0.500000000 0.500000000 0.000000000 0.000000000 0.748466015 -0.040166654 -0.661955595 2.170729962 -0.123257942 0.972346604 -0.198367238 0.387988038 0.651618004 0.230062425 0.722817540 -0.066231764
28069711 0.862388692 1.539124191 0.500000000 0.500000000 0.000000000 0.000000000 0.722051024 -0.041152898 -0.690614462 2.455018867 -0.130025744 0.972368896 -0.193886638 0.358314742 0.679510951 0.229793727 0.696749032 0.034336760
28153122 0.862388692 1.539124191 0.500000000 0.500000000 0.000000000 0.000000000 0.693702102 -0.042403929 -0.719012797 2.697110281 -0.136640877 0.972389340 -0.189177722 0.317365005 0.707182229 0.229479522 0.668754399 0.160739038
28236544 0.862388692 1.539124191 0.500000000 0.500000000 0.000000000 0.000000000 0.662077427 -0.043728411 -0.748158216 2.908398294 -0.143169016 0.972530782 -0.183538780 0.268862517 0.735632777 0.228629991 0.637630105 0.316626010
28319956 0.862388692 1.539124191 0.500000000 0.500000000 0.000000000 0.000000000 0.630465686 -0.044887122 -0.774918139 3.083869814 -0.148965806 0.972772837 -0.177544951 0.220104989 0.761788785 0.227372319 0.606613278 0.480397971
28403378 0.862388692 1.539124191 0.500000000 0.500000000 0.000000000 0.000000000 0.598038316 -0.045975596 -0.800148308 3.238143077 -0.154385269 0.973047674 -0.171299458 0.158842644 0.786458075 0.225974679 0.574821830 0.647126884
28486789 0.862388692 1.539124191 0.500000000 0.500000000 0.000000000 0.000000000 0.565304637 -0.047904808 -0.823490500 3.365422754 -0.159121796 0.973228931 -0.165848672 0.093949764 0.809389710 0.224790245 0.542548060 0.810681726
28570211 0.862388692 1.539124191 0.500000000 0.500000000 0.000000000 0.000000000 0.532754660 -0.049796890 -0.844803572 3.467541175 -0.163279891 0.973461747 -0.160349190 0.027338558 0.830368876 0.223366201 0.510485470 0.951515312
28653622 0.862388692 1.539124191 0.500000000 0.500000000 0.000000000 0.000000000 0.501001120 -0.051583793 -0.863908291 3.551241845 -0.162212536 0.974934161 -0.152284205 -0.042419996 0.850109100 0.216431290 0.480075598 1.079550558
28737044 0.862388692 1.539124191 0.500000000 0.500000000 0.000000000 0.000000000 0.472627521 -0.052235015 -0.879712820 3.626899657 -0.158395559 0.976949930 -0.143107027 -0.124179994 0.866910577 0.206978917 0.453459620 1.198419731
28820456 0.862388692 1.539124191 0.500000000 0.500000000 0.000000000 0.000000000 0.449912608 -0.052879930 -0.891505659 3.695509939 -0.152845934 0.978957713 -0.135203302 -0.216995049 0.879895866 0.197092682 0.432362914 1.297389913
28903878 0.862388692 1.539124191 0.500000000 0.500000000 0.000000000 0.000000000 0.432432532 -0.051204551 -0.900211215 3.747240189 -0.146572709 0.981114745 -0.126215205 -0.321136038 0.889673352 0.186525956 0.416760743 1.365820378
28987289 0.862388692 1.539124191 0.500000000 0.500000000 0.000000000 0.000000000 0.424997032 -0.048407655 -0.903899670 3.797541326 -0.137772039 0.983475983 -0.117447272 -0.427064770 0.894648910 0.174446836 0.411305189 1.397860400
29070711 0.862388692 1.539124191 0.500000000 0.500000000 0.000000000 0.000000000 0.419402242 -0.046417840 -0.906613469 3.842903343 -0.128414869 0.985615909 -0.109867960 -0.531309656 0.898672462 0.162501484 0.407408774 1.437191390
29154122 0.862388692 1.539124191 0.500000000 0.500000000 0.000000000 0.000000000 0.417869031 -0.044703539 -0.907406986 3.889201592 -0.117850333 0.987682521 -0.102929518 -0.632045805 0.900831401 0.149949268 0.407453597 1.463990752
29237544 0.862388692 1.539124191 0.500000000 0.500000000 0.000000000 0.000000000 0.419445038 -0.043114197 -0.906756163 3.936299034 -0.106820017 0.989587784 -0.096465163 -0.731736129 0.901473880 0.137321562 0.410472214 1.486809810
29320956 0.862388692 1.539124191 0.500000000 0.500000000 0.000000000 0.000000000 0.423443854 -0.041744161 -0.904960155 3.976840609 -0.096797675 0.991134167 -0.091012247 -0.822536985 0.900736213 0.126136601 0.415648937 1.514030475
29404378 0.862388692 1.539124191 0.500000000 0.500000000 0.000000000 0.000000000 0.434133768 -0.039945088 -0.899962127 4.010238206 -0.087024443 0.992484391 -0.086031489 -0.899508103 0.896634877 0.115667887 0.427394807 1.521759241
29487789 0.862388692 1.539124191 0.500000000 0.500000000 0.000000000 0.000000000 0.450014770 -0.038109474 -0.892208278 4.039534577 -0.076454274 0.993776679 -0.081010215 -0.954699585 0.889743030 0.104668908 0.444300592 1.508261865
29571211 0.862388692 1.539124191 0.500000000 0.500000000 0.000000000 0.000000000 0.469131827 -0.037381060 -0.882336676 4.049089765 -0.065805838 0.994846523 -0.077136129 -0.988106968 0.880672991 0.094249919 0.464254320 1.500689827
29654622 0.862388692 1.539124191 0.500000000 0.500000000 0.000000000 0.000000000 0.490901828 -0.035004206 -0.870511055 4.034827715 -0.057344355 0.995727479 -0.072377086 -1.013500202 0.869325280 0.085448951 0.486797154 1.484459072
