https://www.youtube.com/watch?v=gqMeo84e-zc
21121100 0.714325310 1.275581026 0.500000000 0.500000000 0.000000000 0.000000000 0.736934543 0.012550542 -0.675847411 5.146868883 -0.024388136 0.999670327 -0.008028515 -0.423368014 0.675523877 0.022399155 0.736997724 2.632579522
21187833 0.714325310 1.275581026 0.500000000 0.500000000 0.000000000 0.000000000 0.740182638 0.017655181 -0.672174215 4.999811438 -0.028619217 0.999576569 -0.005260167 -0.441404011 0.671796679 0.023130577 0.740374446 2.428420406
21254567 0.714325310 1.275581026 0.500000000 0.500000000 0.000000000 0.000000000 0.743725896 0.021217048 -0.668148100 4.851641561 -0.030641373 0.999527633 -0.002367376 -0.446418983 0.667782247 0.022233646 0.744024634 2.217800381
21321300 0.714325310 1.275581026 0.500000000 0.500000000 0.000000000 0.000000000 0.747098327 0.026209122 -0.664196670 4.705399987 -0.033365741 0.999441385 0.001907552 -0.451732000 0.663875639 0.020736285 0.747555494 2.028730091
21388033 0.714325310 1.275581026 0.500000000 0.500000000 0.000000000 0.000000000 0.750768065 0.031479094 -0.659815371 4.550380007 -0.036008615 0.999328971 0.006704684 -0.466476974 0.659583628 0.018725378 0.751397789 1.844649596
21454767 0.714325310 1.275581026 0.500000000 0.500000000 0.000000000 0.000000000 0.752300680 0.034919702 -0.657893479 4.381227886 -0.037286550 0.999250472 0.010401126 -0.474159938 0.657763541 0.016705830 0.753038824 1.680608946
21521500 0.714325310 1.275581026 0.500000000 0.500000000 0.000000000 0.000000000 0.752400339 0.038339932 -0.657588959 4.204757537 -0.038692530 0.999153316 0.013983199 -0.478442921 0.657568336 0.014922848 0.753246784 1.547019252
21588233 0.714325310 1.275581026 0.500000000 0.500000000 0.000000000 0.000000000 0.751590550 0.041170005 -0.658343732 4.019699340 -0.040435154 0.999048948 0.016313925 -0.475553959 0.658389270 0.014358849 0.752540469 1.423289657
21654967 0.714325310 1.275581026 0.500000000 0.500000000 0.000000000 0.000000000 0.751320899 0.042025190 -0.658597887 3.837031432 -0.040332418 0.999028862 0.017737366 -0.468650064 0.658703744 0.013236364 0.752286255 1.306600684
21721700 0.714325310 1.275581026 0.500000000 0.500000000 0.000000000 0.000000000 0.751053095 0.043303046 -0.658820152 3.646019475 -0.040777292 0.998984218 0.019175410 -0.463419966 0.658981323 0.012463152 0.752056003 1.192509782
21788433 0.714325310 1.275581026 0.500000000 0.500000000 0.000000000 0.000000000 0.750557482 0.043938518 -0.659342647 3.439739274 -0.040525712 0.998969436 0.020439079 -0.452204007 0.659561157 0.011379639 0.751564622 1.064079595
21855167 0.714325310 1.275581026 0.500000000 0.500000000 0.000000000 0.000000000 0.747579515 0.041667923 -0.662863791 3.225859380 -0.037830681 0.999081254 0.020137167 -0.440554013 0.663093865 0.010022469 0.748468995 0.968006837
21921900 0.714325310 1.275581026 0.500000000 0.500000000 0.000000000 0.000000000 0.742780030 0.041984919 -0.668217778 2.997049871 -0.038249847 0.999062896 0.020254400 -0.431774970 0.668442011 0.010514667 0.743689895 0.877350963
21988633 0.714325310 1.275581026 0.500000000 0.500000000 0.000000000 0.000000000 0.737517476 0.044309720 -0.673872888 2.764530154 -0.040232576 0.998955727 0.021652782 -0.419432016 0.674128592 0.011142338 0.738529921 0.788335213
22055367 0.714325310 1.275581026 0.500000000 0.500000000 0.000000000 0.000000000 0.732917309 0.047287121 -0.678672850 2.530311546 -0.042306952 0.998818636 0.023905132 -0.408524019 0.679001510 0.011192051 0.734052062 0.701490491
22122100 0.714325310 1.275581026 0.500000000 0.500000000 0.000000000 0.000000000 0.728834987 0.050654691 -0.682812810 2.289839131 -0.044566501 0.998654485 0.026515180 -0.398999951 0.683237195 0.011105409 0.730111837 0.613241704
22188833 0.714325310 1.275581026 0.500000000 0.500000000 0.000000000 0.000000000 0.724709749 0.052847080 -0.687024593 2.043739636 -0.045739837 0.998544991 0.028560963 -0.383690966 0.687534332 0.010726000 0.726072490 0.523401813
22255567 0.714325310 1.275581026 0.500000000 0.500000000 0.000000000 0.000000000 0.720091105 0.054592103 -0.691728234 1.795058974 -0.046241842 0.998459578 0.030661842 -0.368353989 0.692336559 0.009907508 0.721506298 0.439335611
22322300 0.714325310 1.275581026 0.500000000 0.500000000 0.000000000 0.000000000 0.715771317 0.056757804 -0.696024358 1.544179999 -0.047586147 0.998339117 0.032474060 -0.354119977 0.696711481 0.009877127 0.717283368 0.352530026
22389033 0.714325310 1.275581026 0.500000000 0.500000000 0.000000000 0.000000000 0.711786985 0.057776108 -0.700015247 1.289650164 -0.048044637 0.998281896 0.033541117 -0.329853017 0.700750411 0.009757834 0.713339925 0.260707030
22455767 0.714325310 1.275581026 0.500000000 0.500000000 0.000000000 0.000000000 0.709553838 0.059356306 -0.702147007 1.040610216 -0.048679929 0.998194337 0.035189357 -0.302722995 0.702967882 0.009211705 0.711162090 0.166884070
22522500 0.714325310 1.275581026 0.500000000 0.500000000 0.000000000 0.000000000 0.709559441 0.059961848 -0.702089846 0.786303090 -0.048809819 0.998162031 0.035918728 -0.269539008 0.702953160 0.008782393 0.711181998 0.072328785
22589233 0.714325310 1.275581026 0.500000000 0.500000000 0.000000000 0.000000000 0.710584879 0.058194317 -0.701200485 0.533670796 -0.047297448 0.998270333 0.034918405 -0.230201000 0.702019691 0.008352531 0.712108254 -0.021097221
22655967 0.714325310 1.275581026 0.500000000 0.500000000 0.000000000 0.000000000 0.713021636 0.055678159 -0.698928058 0.282116088 -0.045414738 0.998416185 0.033205554 -0.186975007 0.699669898 0.008065335 0.714420915 -0.115610025
22722700 0.714325310 1.275581026 0.500000000 0.500000000 0.000000000 0.000000000 0.715660334 0.054215267 -0.696340740 0.026204801 -0.044052057 0.998501539 0.032466449 -0.142721003 0.697057426 0.007440334 0.716976225 -0.211335865
22789433 0.714325310 1.275581026 0.500000000 0.500000000 0.000000000 0.000000000 0.717151642 0.052520707 -0.694934905 -0.236178868 -0.042668425 0.998594522 0.031437688 -0.090203303 0.695609391 0.007106218 0.718384743 -0.297556862
22856167 0.714325310 1.275581026 0.500000000 0.500000000 0.000000000 0.000000000 0.717201889 0.048815254 -0.695154071 -0.506772367 -0.039730977 0.998785257 0.029145818 -0.037510576 0.695732355 0.006715679 0.718270123 -0.383607238
22922900 0.714325310 1.275581026 0.500000000 0.500000000 0.000000000 0.000000000 0.715837598 0.043890651 -0.696885645 -0.774799606 -0.035565492 0.999018967 0.026386635 0.009347299 0.697360098 0.005896566 0.716696322 -0.474041810
22989633 0.714325310 1.275581026 0.500000000 0.500000000 0.000000000 0.000000000 0.715279460 0.039369609 -0.697728693 -1.039930021 -0.031591367 0.999212801 0.023994947 0.059590302 0.698124111 0.004879111 0.715960145 -0.561360052
23056367 0.714325310 1.275581026 0.500000000 0.500000000 0.000000000 0.000000000 0.716015697 0.035263814 -0.697192669 -1.305639521 -0.026630221 0.999376118 0.023198973 0.110658986 0.697575808 0.001955585 0.716508031 -0.650322777
23123100 0.714325310 1.275581026 0.500000000 0.500000000 0.000000000 0.000000000 0.716205955 0.031404100 -0.697182059 -1.571099967 -0.021058559 0.999504626 0.023388838 0.158038998 0.697571158 -0.002069576 0.716512501 -0.739437898
23189833 0.714325310 1.275581026 0.500000000 0.500000000 0.000000000 0.000000000 0.715656877 0.027367055 -0.697915316 -1.829849131 -0.014755819 0.999601483 0.024066005 0.204521972 0.698295832 -0.006924672 0.715775490 -0.829715746
23256567 0.714325310 1.275581026 0.500000000 0.500000000 0.000000000 0.000000000 0.714454174 0.024380693 -0.699257076 -2.084389014 -0.009231800 0.999634206 0.025421362 0.251822971 0.699621022 -0.011706989 0.714417934 -0.917144456
23323300 0.714325310 1.275581026 0.500000000 0.500000000 0.000000000 0.000000000 0.712800503 0.021357112 -0.701041818 -2.333020637 -0.003723653 0.999637425 0.026667673 0.292310038 0.701357126 -0.016398299 0.712621570 -1.001640128
23390033 0.714325310 1.275581026 0.500000000 0.500000000 0.000000000 0.000000000 0.710699916 0.017426010 -0.703279316 -2.578469579 0.001676100 0.999648392 0.026463291 0.328534972 0.703493178 -0.019986225 0.710420847 -1.090659714
23456767 0.714325310 1.275581026 0.500000000 0.500000000 0.000000000 0.000000000 0.707401514 0.012481830 -0.706702113 -2.817701572 0.008096996 0.999635339 0.025760680 0.354239053 0.706766009 -0.023945313 0.707042515 -1.190130850
23523500 0.714325310 1.275581026 0.500000000 0.500000000 0.000000000 0.000000000 0.702088594 0.007634448 -0.712049067 -3.058781710 0.013039853 0.999637008 0.023575386 0.365162031 0.711970627 -0.025837025 0.701734185 -1.250270957
23590233 0.714325310 1.275581026 0.500000000 0.500000000 0.000000000 0.000000000 0.695387483 0.005381926 -0.718615174 -3.281441519 0.014190399 0.999674141 0.021218611 0.383904057 0.718495250 -0.024952589 0.695084572 -1.348500745
23656967 0.714325310 1.275581026 0.500000000 0.500000000 0.000000000 0.000000000 0.688486814 0.005060309 -0.725231290 -3.494660215 0.014349150 0.999684870 0.020597454 0.410046034 0.725106955 -0.024587527 0.688197255 -1.485290149
23723700 0.714325310 1.275581026 0.500000000 0.500000000 0.000000000 0.000000000 0.680886209 0.006398404 -0.732361257 -3.702300297 0.013529709 0.999681294 0.021312645 0.431446968 0.732264221 -0.024420122 0.680582643 -1.627869955
23790433 0.714325310 1.275581026 0.500000000 0.500000000 0.000000000 0.000000000 0.672620535 0.008796985 -0.739935160 -3.902699122 0.011840734 0.999673367 0.022648510 0.450053008 0.739892721 -0.023995228 0.672296703 -1.804699773
23857167 0.714325310 1.275581026 0.500000000 0.500000000 0.000000000 0.000000000 0.663502812 0.010188498 -0.748104393 -4.093949749 0.011637725 0.999645770 0.023935899 0.461427004 0.748083293 -0.024587769 0.663149178 -1.992260044
23923900 0.714325310 1.275581026 0.500000000 0.500000000 0.000000000 0.000000000 0.654330373 0.011449646 -0.756121933 -4.281278870 0.010644786 0.999646842 0.024348985 0.465975971 0.756133735 -0.023981038 0.653977394 -2.176649556
23990633 0.714325310 1.275581026 0.500000000 0.500000000 0.000000000 0.000000000 0.646748543 0.013470992 -0.762584209 -4.460179036 0.008087310 0.999666691 0.024517886 0.467874001 0.762660265 -0.022024162 0.646424055 -2.359489253
24057367 0.714325310 1.275581026 0.500000000 0.500000000 0.000000000 0.000000000 0.640009880 0.015909946 -0.768202305 -4.633782882 0.005224732 0.999672353 0.025056718 0.478835019 0.768349290 -0.020050200 0.639717042 -2.556121682
24124100 0.714325310 1.275581026 0.500000000 0.500000000 0.000000000 0.000000000 0.632910490 0.018497208 -0.774004519 -4.796923849 0.003088839 0.999646306 0.026415413 0.490706139 0.774219334 -0.019109378 0.632629514 -2.779612101
24190833 0.714325310 1.275581026 0.500000000 0.500000000 0.000000000 0.000000000 0.625417352 0.021452403 -0.779995680 -4.951901716 0.001411637 0.999589264 0.028623829 0.503348028 0.780289412 -0.019002913 0.625130177 -3.007301182
24257567 0.714325310 1.275581026 0.500000000 0.500000000 0.000000000 0.000000000 0.618215621 0.024656434 -0.785621464 -5.101607901 -0.000079851 0.999509811 0.031306390 0.513169951 0.786008298 -0.019291360 0.617914557 -3.245898684
24324300 0.714325310 1.275581026 0.500000000 0.500000000 0.000000000 0.000000000 0.612265170 0.027593402 -0.790170610 -5.242907785 -0.001155065 0.999421000 0.034005571 0.520499930 0.790651381 -0.019907720 0.611942530 -3.491778676
