https://www.youtube.com/watch?v=URcvvvqe2B0
1701700 0.996113877 1.773901595 0.500000000 0.500000000 0.000000000 0.000000000 0.954434156 -0.248593420 0.165096447 2.642280333 0.268167883 0.957183540 -0.109021492 1.945790195 -0.130925581 0.148327380 0.980233371 -4.756360104
1768433 0.996113877 1.773901595 0.500000000 0.500000000 0.000000000 0.000000000 0.946837962 -0.259674430 0.189913347 2.092530063 0.281665087 0.954354465 -0.099359930 1.666879990 -0.155443415 0.147569701 0.976760209 -4.291669805
1835167 0.996113877 1.773901595 0.500000000 0.500000000 0.000000000 0.000000000 0.938671231 -0.269527525 0.215060771 1.539959833 0.294375986 0.951174855 -0.092785269 1.473289705 -0.179552197 0.150403619 0.972182989 -3.742129845
1901900 0.996113877 1.773901595 0.500000000 0.500000000 0.000000000 0.000000000 0.928864300 -0.279712796 0.242841139 1.030609845 0.307127655 0.948064148 -0.082746491 1.200149950 -0.207083717 0.151443496 0.966530502 -3.244380169
1968633 0.996113877 1.773901595 0.500000000 0.500000000 0.000000000 0.000000000 0.918891132 -0.286441177 0.271275878 0.625819092 0.317391485 0.945154667 -0.077106118 0.996783086 -0.234311327 0.156952754 0.959408164 -2.678459921
2035367 0.996113877 1.773901595 0.500000000 0.500000000 0.000000000 0.000000000 0.907440960 -0.293935001 0.300255269 0.287469950 0.327855289 0.942245424 -0.068443209 0.782796080 -0.262796313 0.160548404 0.951400220 -2.230500252
2102100 0.996113877 1.773901595 0.500000000 0.500000000 0.000000000 0.000000000 0.894820571 -0.300137818 0.330474705 0.014407763 0.336852074 0.939730883 -0.058622938 0.561735177 -0.292962343 0.163778022 0.941992521 -1.575860151
2168833 0.996113877 1.773901595 0.500000000 0.500000000 0.000000000 0.000000000 0.881329179 -0.307191610 0.359015465 -0.171314014 0.346041083 0.937004447 -0.047731165 0.313071011 -0.321736455 0.166300997 0.932110310 -1.000579965
2235567 0.996113877 1.773901595 0.500000000 0.500000000 0.000000000 0.000000000 0.867003381 -0.313457459 0.387362540 -0.327245055 0.354510397 0.934302807 -0.037426360 0.055189351 -0.350182354 0.169772744 0.921167552 -0.368877049
2302300 0.996113877 1.773901595 0.500000000 0.500000000 0.000000000 0.000000000 0.850965858 -0.320785582 0.415877104 -0.461913009 0.363083482 0.931434989 -0.024480142 -0.248255007 -0.379509628 0.171829820 0.909091353 0.242192047
2369033 0.996113877 1.773901595 0.500000000 0.500000000 0.000000000 0.000000000 0.833190501 -0.326509804 0.446301639 -0.584215147 0.370813280 0.928617954 -0.012895435 -0.528420140 -0.410233259 0.176238820 0.894789755 0.992361227
2435767 0.996113877 1.773901595 0.500000000 0.500000000 0.000000000 0.000000000 0.813567281 -0.333474934 0.476343066 -0.630197862 0.378988206 0.925401330 0.000557847 -0.835391921 -0.440994531 0.180074573 0.879259348 1.698130056
2502500 0.996113877 1.773901595 0.500000000 0.500000000 0.000000000 0.000000000 0.792032301 -0.340228111 0.506882608 -0.555739141 0.386733741 0.922075570 0.014619529 -1.176980484 -0.472358048 0.184449330 0.861891270 2.501780849
2569233 0.996113877 1.773901595 0.500000000 0.500000000 0.000000000 0.000000000 0.768150330 -0.346010476 0.538722396 -0.377392006 0.394042164 0.918660164 0.028182305 -1.537759976 -0.504654169 0.190631092 0.842011809 3.453669844
2635967 0.996113877 1.773901595 0.500000000 0.500000000 0.000000000 0.000000000 0.742108226 -0.353740752 0.569335222 -0.102778316 0.402076125 0.914541960 0.044133484 -1.925539629 -0.536292791 0.196164384 0.820919871 4.266559536
2702700 0.996113877 1.773901595 0.500000000 0.500000000 0.000000000 0.000000000 0.714796543 -0.360174388 0.599449515 0.255274713 0.409428984 0.910443783 0.058820866 -2.305698341 -0.566950798 0.203387320 0.798248053 5.297996883
2769433 0.996113877 1.773901595 0.500000000 0.500000000 0.000000000 0.000000000 0.686158597 -0.366633296 0.628304422 0.730338683 0.416734755 0.906044126 0.073594563 -2.723390385 -0.596253812 0.211338729 0.774478793 6.349630449
