https://www.youtube.com/watch?v=bpmQlVKhYwo
74140733 1.044114558 1.856695113 0.500000000 0.500000000 0.000000000 0.000000000 0.965323687 -0.061726749 0.253653169 -4.062089456 0.087495655 0.991945446 -0.091589853 -1.022889902 -0.245956555 0.110607415 0.962949276 2.595149814
74207467 1.044114558 1.856695113 0.500000000 0.500000000 0.000000000 0.000000000 0.962280929 -0.065666854 0.264013767 -3.960000068 0.092189565 0.991724849 -0.089346796 -1.053109924 -0.255961895 0.110316053 0.960371733 2.662659624
74274200 1.044114558 1.856695113 0.500000000 0.500000000 0.000000000 0.000000000 0.959447861 -0.070013762 0.273052990 -3.853190190 0.097173780 0.991437256 -0.087231986 -1.077239936 -0.264607489 0.110228114 0.958035886 2.709780365
74340933 1.044114558 1.856695113 0.500000000 0.500000000 0.000000000 0.000000000 0.956623077 -0.074760944 0.281572580 -3.747970057 0.102358371 0.991144061 -0.084594622 -1.103939950 -0.272754610 0.109746471 0.955803692 2.754250110
74407667 1.044114558 1.856695113 0.500000000 0.500000000 0.000000000 0.000000000 0.953728437 -0.080359541 0.289731741 -3.644440432 0.108324535 0.990745485 -0.081787139 -1.127140013 -0.280478060 0.109387770 0.953607023 2.810600175
74474400 1.044114558 1.856695113 0.500000000 0.500000000 0.000000000 0.000000000 0.950846732 -0.086459383 0.297347128 -3.538500579 0.114768937 0.990240157 -0.079073012 -1.145400030 -0.287608445 0.109312505 0.951489449 2.856290073
74541133 1.044114558 1.856695113 0.500000000 0.500000000 0.000000000 0.000000000 0.948200822 -0.092602849 0.303874940 -3.416280187 0.121063143 0.989719272 -0.076154202 -1.169919980 -0.293698817 0.108997524 0.949663401 2.880870410
74607867 1.044114558 1.856695113 0.500000000 0.500000000 0.000000000 0.000000000 0.945375144 -0.099050649 0.310571671 -3.270759856 0.127501339 0.989175260 -0.072634228 -1.193439941 -0.300015330 0.108264916 0.947770774 2.918379843
74674600 1.044114558 1.856695113 0.500000000 0.500000000 0.000000000 0.000000000 0.942331672 -0.105782114 0.317523628 -3.100670604 0.134143487 0.988573194 -0.068764351 -1.210909917 -0.306621343 0.107392527 0.945753813 2.923180505
74741333 1.044114558 1.856695113 0.500000000 0.500000000 0.000000000 0.000000000 0.939445615 -0.111358531 0.324100614 -2.895260244 0.139572114 0.988071442 -0.065073110 -1.205970211 -0.312988102 0.106368043 0.943781912 2.943799913
74808067 1.044114558 1.856695113 0.500000000 0.500000000 0.000000000 0.000000000 0.935883224 -0.116325364 0.332552344 -2.684570243 0.144447282 0.987627923 -0.061041944 -1.196320207 -0.321337253 0.105164386 0.941107273 2.951250403
74874800 1.044114558 1.856695113 0.500000000 0.500000000 0.000000000 0.000000000 0.932313859 -0.120186716 0.341095209 -2.448159899 0.148197651 0.987302959 -0.057186380 -1.176479998 -0.329891264 0.103865206 0.938287616 2.969359687
74941533 1.044114558 1.856695113 0.500000000 0.500000000 0.000000000 0.000000000 0.928804278 -0.122523658 0.349729210 -2.192770014 0.150184005 0.987237036 -0.052988552 -1.155949941 -0.338773280 0.101739742 0.935351074 2.954329797
75008267 1.044114558 1.856695113 0.500000000 0.500000000 0.000000000 0.000000000 0.925559163 -0.122623861 0.358194917 -1.931769909 0.150216132 0.987381279 -0.050133049 -1.112469977 -0.347527415 0.100207776 0.932299852 2.900529747
75075000 1.044114558 1.856695113 0.500000000 0.500000000 0.000000000 0.000000000 0.922409534 -0.120803460 0.366833806 -1.682139921 0.148506418 0.987738729 -0.048145700 -1.065399847 -0.356519818 0.098887265 0.929039717 2.836549591
75141733 1.044114558 1.856695113 0.500000000 0.500000000 0.000000000 0.000000000 0.920327902 -0.116418973 0.373420745 -1.432099813 0.144314215 0.988389671 -0.047531020 -0.998481863 -0.363551706 0.097634077 0.926443517 2.771709625
75208467 1.044114558 1.856695113 0.500000000 0.500000000 0.000000000 0.000000000 0.918850958 -0.112134986 0.378336668 -1.176659785 0.140044317 0.989029944 -0.046981916 -0.928748981 -0.368918002 0.096153289 0.924474955 2.666059764
75275200 1.044114558 1.856695113 0.500000000 0.500000000 0.000000000 0.000000000 0.918465793 -0.107122451 0.380716980 -0.920422942 0.135570154 0.989574015 -0.048621323 -0.846993040 -0.371539176 0.096270859 0.923412502 2.555229844
75341933 1.044114558 1.856695113 0.500000000 0.500000000 0.000000000 0.000000000 0.918807745 -0.102700166 0.381110370 -0.668384947 0.131797493 0.989965141 -0.050974753 -0.771708080 -0.372050881 0.097065344 0.923123300 2.422330295
75408667 1.044114558 1.856695113 0.500000000 0.500000000 0.000000000 0.000000000 0.919906199 -0.098704144 0.379512966 -0.438093087 0.128703251 0.990187943 -0.054436259 -0.699090075 -0.370416105 0.098920800 0.923583567 2.286990049
75475400 1.044114558 1.856695113 0.500000000 0.500000000 0.000000000 0.000000000 0.921095967 -0.096280761 0.377242863 -0.242244991 0.127050430 0.990229130 -0.057484474 -0.647870994 -0.368022203 0.100877598 0.924328566 2.111119727
75542133 1.044114558 1.856695113 0.500000000 0.500000000 0.000000000 0.000000000 0.922821164 -0.094167836 0.373541623 -0.076002124 0.125776321 0.990174770 -0.061108060 -0.601041819 -0.364117056 0.103374548 0.925598323 1.928019635
75608867 1.044114558 1.856695113 0.500000000 0.500000000 0.000000000 0.000000000 0.924929082 -0.093542129 0.368450850 0.068534083 0.125711963 0.989984691 -0.064240202 -0.560322902 -0.358751506 0.105736330 0.927424967 1.756819699
75675600 1.044114558 1.856695113 0.500000000 0.500000000 0.000000000 0.000000000 0.927243292 -0.094998978 0.362208784 0.184111034 0.127152756 0.989689231 -0.065934621 -0.522808071 -0.352210402 0.107193254 0.929762065 1.555100032
75742333 1.044114558 1.856695113 0.500000000 0.500000000 0.000000000 0.000000000 0.929766595 -0.097684771 0.354953319 0.279898024 0.129390419 0.989351094 -0.066652089 -0.473191033 -0.344662577 0.107898414 0.932505071 1.368600061
75809067 1.044114558 1.856695113 0.500000000 0.500000000 0.000000000 0.000000000 0.932097435 -0.101669729 0.347645730 0.354144936 0.132224590 0.989069045 -0.065261297 -0.413829989 -0.337210566 0.106797211 0.935352027 1.152909967
75875800 1.044114558 1.856695113 0.500000000 0.500000000 0.000000000 0.000000000 0.934433937 -0.106604703 0.339806646 0.410621966 0.135186821 0.988909125 -0.061507843 -0.357005973 -0.329480857 0.103412427 0.938481808 0.917146902
75942533 1.044114558 1.856695113 0.500000000 0.500000000 0.000000000 0.000000000 0.936303914 -0.111739889 0.332940161 0.465249997 0.137705088 0.988924980 -0.055359580 -0.304875960 -0.323066950 0.097680964 0.941321492 0.679162959
76009267 1.044114558 1.856695113 0.500000000 0.500000000 0.000000000 0.000000000 0.937241137 -0.117372528 0.328333229 0.515476989 0.140457913 0.988950729 -0.047413044 -0.245274997 -0.319140404 0.090554468 0.943371236 0.428846929
76076000 1.044114558 1.856695113 0.500000000 0.500000000 0.000000000 0.000000000 0.937217832 -0.122869030 0.326383203 0.555947022 0.142831311 0.989024222 -0.037819408 -0.156774029 -0.318154067 0.082062729 0.944480717 0.178028061
76142733 1.044114558 1.856695113 0.500000000 0.500000000 0.000000000 0.000000000 0.936229944 -0.129265204 0.326747507 0.584496943 0.145886734 0.988938928 -0.026773382 -0.070198900 -0.319672436 0.072734192 0.944732368 -0.091273382
76209467 1.044114558 1.856695113 0.500000000 0.500000000 0.000000000 0.000000000 0.934228599 -0.136978567 0.329323143 0.613629957 0.150768667 0.988430083 -0.016575370 0.028322102 -0.323242456 0.065136820 0.944071770 -0.331502998
76276200 1.044114558 1.856695113 0.500000000 0.500000000 0.000000000 0.000000000 0.932344198 -0.145689756 0.330920964 0.628851958 0.156703085 0.987623096 -0.006692339 0.093493891 -0.325850159 0.058095936 0.943634689 -0.559698905
76342933 1.044114558 1.856695113 0.500000000 0.500000000 0.000000000 0.000000000 0.931006968 -0.153230846 0.331279844 0.652394042 0.161907285 0.986804962 0.001425257 0.159977015 -0.327127010 0.052309707 0.943531454 -0.746687040
76409667 1.044114558 1.856695113 0.500000000 0.500000000 0.000000000 0.000000000 0.929852247 -0.160031885 0.331307262 0.675707918 0.166763574 0.985962749 0.008209912 0.226938962 -0.327970475 0.047616020 0.943487167 -1.001559912
76476400 1.044114558 1.856695113 0.500000000 0.500000000 0.000000000 0.000000000 0.929348826 -0.166019917 0.329769731 0.718079940 0.170895576 0.985184371 0.014369505 0.288844932 -0.327269614 0.043001957 0.943951964 -1.204599864
76543133 1.044114558 1.856695113 0.500000000 0.500000000 0.000000000 0.000000000 0.929631948 -0.170828581 0.326499730 0.769656963 0.173677504 0.984586239 0.020641111 0.346365960 -0.324993223 0.037517034 0.944971859 -1.391449899
76609867 1.044114558 1.856695113 0.500000000 0.500000000 0.000000000 0.000000000 0.930595398 -0.174815208 0.321608245 0.844050978 0.175688326 0.984087765 0.026550189 0.401479069 -0.321132123 0.031795297 0.946500540 -1.598340106
76676600 1.044114558 1.856695113 0.500000000 0.500000000 0.000000000 0.000000000 0.931637228 -0.177526534 0.317074537 0.923576909 0.177079231 0.983724594 0.030477406 0.454415924 -0.317324579 0.027753482 0.947910726 -1.833859891
76743333 1.044114558 1.856695113 0.500000000 0.500000000 0.000000000 0.000000000 0.932463527 -0.178343341 0.314174235 1.011530000 0.177145407 0.983644307 0.032608639 0.508180935 -0.314851224 0.025248166 0.948805153 -2.063620021
76810067 1.044114558 1.856695113 0.500000000 0.500000000 0.000000000 0.000000000 0.933066368 -0.178044543 0.312549561 1.106669985 0.176070616 0.983763158 0.034772366 0.574370835 -0.313665777 0.022585901 0.949264765 -2.319119805
76876800 1.044114558 1.856695113 0.500000000 0.500000000 0.000000000 0.000000000 0.934600651 -0.175597191 0.309333384 1.221149986 0.172534943 0.984290838 0.037459377 0.656556899 -0.311051786 0.018361300 0.950215518 -2.602409499
76943533 1.044114558 1.856695113 0.500000000 0.500000000 0.000000000 0.000000000 0.935748696 -0.169016585 0.309528202 1.323879840 0.164173797 0.985544086 0.041830994 0.742806886 -0.312123805 0.011673143 0.949969709 -2.862070091
77010267 1.044114558 1.856695113 0.500000000 0.500000000 0.000000000 0.000000000 0.937256098 -0.158266157 0.310649008 1.420749723 0.151479244 0.987388670 0.046017744 0.821713969 -0.314014345 0.003926462 0.949410141 -3.092310034
77077000 1.044114558 1.856695113 0.500000000 0.500000000 0.000000000 0.000000000 0.939644635 -0.146325126 0.309284478 1.514559903 0.138514802 0.989235401 0.047190506 0.911096966 -0.312860340 -0.001501828 0.949797988 -3.323590369
77143733 1.044114558 1.856695113 0.500000000 0.500000000 0.000000000 0.000000000 0.942720532 -0.137649894 0.303859234 1.621449988 0.129249275 0.990464628 0.047691114 1.019709906 -0.307526529 -0.005685797 0.951522529 -3.588360061
77210467 1.044114558 1.856695113 0.500000000 0.500000000 0.000000000 0.000000000 0.946594417 -0.133204162 0.293625057 1.729969993 0.124407001 0.991043985 0.048525169 1.112469973 -0.297459126 -0.009404639 0.954688251 -3.806470287
77277200 1.044114558 1.856695113 0.500000000 0.500000000 0.000000000 0.000000000 0.950059235 -0.131910816 0.282819659 1.833199923 0.122843072 0.991183758 0.049641773 1.183570005 -0.286874563 -0.012420204 0.957887650 -4.039780392
77343933 1.044114558 1.856695113 0.500000000 0.500000000 0.000000000 0.000000000 0.952760875 -0.131350070 0.273850173 1.921479894 0.122131318 0.991227210 0.050523337 1.240620227 -0.278083950 -0.014690984 0.960444450 -4.300600168
77410667 1.044114558 1.856695113 0.500000000 0.500000000 0.000000000 0.000000000 0.955135703 -0.131552115 0.265348375 1.991189882 0.121886745 0.991146922 0.052644305 1.280300073 -0.269924700 -0.017939994 0.962714255 -4.569489829
77477400 1.044114558 1.856695113 0.500000000 0.500000000 0.000000000 0.000000000 0.957238078 -0.132488802 0.257180840 2.042089986 0.122144863 0.990939021 0.055861920 1.307430366 -0.262251586 -0.022059865 0.964747369 -4.852579809
77544133 1.044114558 1.856695113 0.500000000 0.500000000 0.000000000 0.000000000 0.958911300 -0.134125009 0.249999180 2.081680158 0.123374440 0.990648389 0.058262527 1.338470102 -0.255475760 -0.025025105 0.966491580 -5.157790855
77610867 1.044114558 1.856695113 0.500000000 0.500000000 0.000000000 0.000000000 0.960043609 -0.137638271 0.243663698 2.109170191 0.126741379 0.990123987 0.059925683 1.373880079 -0.249505341 -0.026648998 0.968006670 -5.466209492
77677600 1.044114558 1.856695113 0.500000000 0.500000000 0.000000000 0.000000000 0.961259484 -0.141170844 0.236750975 2.161879874 0.130379722 0.989603341 0.060715288 1.425140171 -0.242860779 -0.027495623 0.969671428 -5.737470493
77744333 1.044114558 1.856695113 0.500000000 0.500000000 0.000000000 0.000000000 0.962334037 -0.144904703 0.230034396 2.234329896 0.134397030 0.989060938 0.060794082 1.492719847 -0.236327395 -0.027588245 0.971281707 -6.019319794
77811067 1.044114558 1.856695113 0.500000000 0.500000000 0.000000000 0.000000000 0.963901341 -0.147680312 0.221550748 2.327579846 0.137570500 0.988643944 0.060477655 1.567230200 -0.227966145 -0.027815666 0.973271668 -6.277229963
77877800 1.044114558 1.856695113 0.500000000 0.500000000 0.000000000 0.000000000 0.965627432 -0.148858413 0.213084280 2.448130100 0.139197633 0.988461554 0.059731197 1.643310330 -0.219517112 -0.028017286 0.975206316 -6.517610930
