https://www.youtube.com/watch?v=o0u-EI9Z9O8
69866667 0.882448689 1.586698912 0.500000000 0.500000000 0.000000000 0.000000000 0.992661595 0.109782815 0.050701782 1.592789900 -0.110480905 0.993815482 0.011169162 -1.233420055 -0.049162030 -0.016688779 0.998651385 6.736309887
69933333 0.882448689 1.586698912 0.500000000 0.500000000 0.000000000 0.000000000 0.992051601 0.115342952 0.050294925 1.371059889 -0.116074763 0.993169546 0.011871153 -1.124429887 -0.048582133 -0.017614763 0.998663843 6.397750022
70000000 0.882448689 1.586698912 0.500000000 0.500000000 0.000000000 0.000000000 0.991102517 0.122952946 0.050974313 1.181039994 -0.123826824 0.992200196 0.014343416 -1.000749977 -0.048813161 -0.020527782 0.998596966 6.085990007
70066667 0.882448689 1.586698912 0.500000000 0.500000000 0.000000000 0.000000000 0.989537954 0.134954780 0.051008798 0.984027980 -0.136014551 0.990545213 0.017893964 -0.887647978 -0.048111647 -0.024644697 0.998537898 5.772720093
70133333 0.882448689 1.586698912 0.500000000 0.500000000 0.000000000 0.000000000 0.988160431 0.145805225 0.047746699 0.769731978 -0.146906987 0.988939464 0.020423230 -0.797981962 -0.044240776 -0.027195755 0.998650670 5.464500217
70200000 0.882448689 1.586698912 0.500000000 0.500000000 0.000000000 0.000000000 0.986313105 0.158727825 0.044631273 0.564553038 -0.159762412 0.986939788 0.020634687 -0.735537962 -0.040773079 -0.027482664 0.998790383 5.147429372
70266667 0.882448689 1.586698912 0.500000000 0.500000000 0.000000000 0.000000000 0.985154510 0.166561127 0.041569512 0.365394022 -0.167484939 0.985675693 0.019804936 -0.668890026 -0.037675325 -0.026473191 0.998939335 4.800900006
70333333 0.882448689 1.586698912 0.500000000 0.500000000 0.000000000 0.000000000 0.983790338 0.175303131 0.037754096 0.175496029 -0.176095605 0.984193981 0.018775964 -0.608902964 -0.033865862 -0.025119947 0.999110639 4.431570216
70400000 0.882448689 1.586698912 0.500000000 0.500000000 0.000000000 0.000000000 0.981894374 0.186226577 0.034685832 -0.005698151 -0.186917633 0.982213438 0.017850142 -0.540752992 -0.030744720 -0.024010345 0.999238849 4.024490104
70466667 0.882448689 1.586698912 0.500000000 0.500000000 0.000000000 0.000000000 0.981437922 0.189128593 0.031779405 -0.178550991 -0.189736769 0.981682062 0.017329805 -0.466221009 -0.027919708 -0.023037851 0.999344647 3.605649741
70533333 0.882448689 1.586698912 0.500000000 0.500000000 0.000000000 0.000000000 0.981569767 0.188582554 0.030942684 -0.328812013 -0.189165458 0.981796145 0.017111626 -0.372510008 -0.027152454 -0.022649538 0.999374688 3.191509869
70600000 0.882448689 1.586698912 0.500000000 0.500000000 0.000000000 0.000000000 0.981816053 0.186612844 0.034826670 -0.461273993 -0.187305838 0.982140362 0.017798372 -0.259088009 -0.030883271 -0.023997970 0.999234855 2.770899909
70666667 0.882448689 1.586698912 0.500000000 0.500000000 0.000000000 0.000000000 0.980732620 0.192454845 0.033535950 -0.604354941 -0.193163037 0.980976641 0.019309735 -0.154645977 -0.029181732 -0.025415594 0.999250948 2.388419896
70733333 0.882448689 1.586698912 0.500000000 0.500000000 0.000000000 0.000000000 0.980137289 0.194227412 0.040082365 -0.727931927 -0.195121214 0.980581164 0.019705415 -0.070088315 -0.035476677 -0.027134936 0.999002039 2.021680128
70800000 0.882448689 1.586698912 0.500000000 0.500000000 0.000000000 0.000000000 0.980322421 0.193453789 0.039288864 -0.868460019 -0.194328755 0.980736792 0.019791765 -0.017097717 -0.034703240 -0.027037265 0.999031842 1.644619799
70866667 0.882448689 1.586698912 0.500000000 0.500000000 0.000000000 0.000000000 0.980084658 0.194981456 0.037633006 -0.979418979 -0.195810676 0.980443060 0.019738752 0.019893694 -0.033048328 -0.026714597 0.999096632 1.290289943
70933333 0.882448689 1.586698912 0.500000000 0.500000000 0.000000000 0.000000000 0.980905294 0.190641016 0.038480774 -1.058379954 -0.191467524 0.981314182 0.019043025 0.048122383 -0.034131348 -0.026047226 0.999077857 0.956758043
71000000 0.882448689 1.586698912 0.500000000 0.500000000 0.000000000 0.000000000 0.980984628 0.190388218 0.037701745 -1.120079916 -0.191179022 0.981379211 0.018584233 0.069728668 -0.033461485 -0.025438637 0.999116182 0.629422969
71066667 0.882448689 1.586698912 0.500000000 0.500000000 0.000000000 0.000000000 0.980267107 0.194288000 0.036449581 -1.155670020 -0.195010528 0.980646670 0.017408863 0.079228370 -0.032361828 -0.024173383 0.999183834 0.306588997
71133333 0.882448689 1.586698912 0.500000000 0.500000000 0.000000000 0.000000000 0.979716837 0.197274983 0.035177454 -1.158280001 -0.197832435 0.980148196 0.013106659 0.084255091 -0.031893507 -0.019800056 0.999295115 -0.010149798
71200000 0.882448689 1.586698912 0.500000000 0.500000000 0.000000000 0.000000000 0.979263186 0.199777916 0.033651315 -1.126350057 -0.200230286 0.979691267 0.010622725 0.105872989 -0.030845717 -0.017140454 0.999377191 -0.320267004
71266667 0.882448689 1.586698912 0.500000000 0.500000000 0.000000000 0.000000000 0.977460027 0.208676159 0.032033660 -1.064900120 -0.209050238 0.977865577 0.008772746 0.137605012 -0.029493952 -0.015271649 0.999448299 -0.631026012
71333333 0.882448689 1.586698912 0.500000000 0.500000000 0.000000000 0.000000000 0.974857867 0.220705420 0.030681066 -0.978249075 -0.221017599 0.975243688 0.007144103 0.179607000 -0.028344776 -0.013745537 0.999503672 -0.949069010
71400000 0.882448689 1.586698912 0.500000000 0.500000000 0.000000000 0.000000000 0.972007632 0.233051494 0.029802246 -0.873993008 -0.233332232 0.972376823 0.006268838 0.209564001 -0.027518051 -0.013047189 0.999536157 -1.272780063
71466667 0.882448689 1.586698912 0.500000000 0.500000000 0.000000000 0.000000000 0.968824506 0.245559469 0.032856189 -0.757772935 -0.245859370 0.969290674 0.005359228 0.235372003 -0.030531185 -0.013270159 0.999445736 -1.582240095
71533333 0.882448689 1.586698912 0.500000000 0.500000000 0.000000000 0.000000000 0.965014696 0.258739859 0.042430732 -0.642094069 -0.259151846 0.965826511 0.004419862 0.265365003 -0.039837133 -0.015261227 0.999089658 -1.886790204
71600000 0.882448689 1.586698912 0.500000000 0.500000000 0.000000000 0.000000000 0.962999046 0.265408337 0.046811163 -0.518440019 -0.265845895 0.964010000 0.003269526 0.298363025 -0.044258669 -0.015593110 0.998898387 -2.185280006
71666667 0.882448689 1.586698912 0.500000000 0.500000000 0.000000000 0.000000000 0.960813403 0.272395283 0.051365733 -0.385706002 -0.272946149 0.962021470 0.003897612 0.326128992 -0.048353247 -0.017764950 0.998672307 -2.465010096
71733333 0.882448689 1.586698912 0.500000000 0.500000000 0.000000000 0.000000000 0.957973838 0.280146867 0.061676368 -0.254504020 -0.280947000 0.959712625 0.004529539 0.358976017 -0.057922654 -0.021666951 0.998085916 -2.710189898
71800000 0.882448689 1.586698912 0.500000000 0.500000000 0.000000000 0.000000000 0.956298947 0.282947510 0.073709689 -0.123832029 -0.284191221 0.958743870 0.006750127 0.393224961 -0.068758778 -0.027402772 0.997256875 -2.938609989
71866667 0.882448689 1.586698912 0.500000000 0.500000000 0.000000000 0.000000000 0.955678105 0.280634433 0.089015044 0.008896776 -0.282506377 0.959223986 0.008918566 0.428638998 -0.082882516 -0.033670589 0.995990336 -3.145099858
71933333 0.882448689 1.586698912 0.500000000 0.500000000 0.000000000 0.000000000 0.954801142 0.276842803 0.108225711 0.119974978 -0.279858857 0.959946990 0.013445349 0.460390016 -0.100168698 -0.043125570 0.994035423 -3.341290136
72000000 0.882448689 1.586698912 0.500000000 0.500000000 0.000000000 0.000000000 0.954234123 0.270789504 0.126926139 0.230038974 -0.275006294 0.961298585 0.016630365 0.492726069 -0.117510580 -0.050774761 0.991772771 -3.523860071
72066667 0.882448689 1.586698912 0.500000000 0.500000000 0.000000000 0.000000000 0.952953339 0.264799446 0.147516713 0.332342043 -0.270703763 0.962430835 0.021129198 0.520171991 -0.136379644 -0.060068451 0.988833845 -3.683609923
