https://www.youtube.com/watch?v=O8-Gxzh9K40
312679033 0.825697417 1.488774715 0.500000000 0.500000000 0.000000000 0.000000000 0.994348943 0.024578741 -0.103276879 3.369390101 -0.022010939 0.999421418 0.025929987 0.763475002 0.103854448 -0.023510236 0.994314611 -4.855760132
312745767 0.825697417 1.488774715 0.500000000 0.500000000 0.000000000 0.000000000 0.994963169 0.031601436 -0.095129736 3.127920158 -0.029468527 0.999283671 0.023743367 0.657638997 0.095811911 -0.020820444 0.995181680 -4.565780310
312812500 0.825697417 1.488774715 0.500000000 0.500000000 0.000000000 0.000000000 0.995201945 0.038562085 -0.089922227 2.875069941 -0.037104506 0.999152362 0.017825671 0.583752945 0.090533398 -0.014403623 0.995789230 -4.284469260
312879233 0.825697417 1.488774715 0.500000000 0.500000000 0.000000000 0.000000000 0.994815707 0.045420937 -0.090986796 2.638639836 -0.044612035 0.998944879 0.010905523 0.549375033 0.091386132 -0.006789878 0.995792389 -4.016220350
312945967 0.825697417 1.488774715 0.500000000 0.500000000 0.000000000 0.000000000 0.994946957 0.048082028 -0.088140033 2.431420083 -0.047666106 0.998840034 0.006818811 0.499354972 0.088365652 -0.002583062 0.996084750 -3.763079806
313012700 0.825697417 1.488774715 0.500000000 0.500000000 0.000000000 0.000000000 0.995843530 0.044555277 -0.079438910 2.210089886 -0.044255771 0.999004960 0.005527785 0.458894980 0.079606161 -0.001989182 0.996824384 -3.528999656
313079433 0.825697417 1.488774715 0.500000000 0.500000000 0.000000000 0.000000000 0.997390628 0.036356051 -0.062371291 1.965140004 -0.036065679 0.999332726 0.005775443 0.389211004 0.062539645 -0.003510911 0.998036325 -3.298820237
313146167 0.825697417 1.488774715 0.500000000 0.500000000 0.000000000 0.000000000 0.998679101 0.028390551 -0.042825561 1.682730032 -0.028299080 0.999595761 0.002740786 0.318399020 0.042886060 -0.001525242 0.999078810 -3.091480095
313212900 0.825697417 1.488774715 0.500000000 0.500000000 0.000000000 0.000000000 0.999258280 0.024092652 -0.030041408 1.423620073 -0.024211913 0.999700308 -0.003612377 0.246350988 0.029945374 0.004337057 0.999542117 -2.864129934
313279633 0.825697417 1.488774715 0.500000000 0.500000000 0.000000000 0.000000000 0.999446869 0.025980707 -0.020758644 1.174209910 -0.026232693 0.999584317 -0.011960050 0.136173981 0.020439286 0.012497989 0.999713004 -2.627530158
313346367 0.825697417 1.488774715 0.500000000 0.500000000 0.000000000 0.000000000 0.999496460 0.031575669 -0.003127226 0.910964986 -0.031629521 0.999318957 -0.019004770 0.051371803 0.002525008 0.019094113 0.999814510 -2.381680122
313413100 0.825697417 1.488774715 0.500000000 0.500000000 0.000000000 0.000000000 0.999278367 0.034551933 0.015775321 0.641016985 -0.034275532 0.999259770 -0.017467545 -0.005345035 -0.016367180 0.016914232 0.999722958 -2.131089803
313680033 0.825697417 1.488774715 0.500000000 0.500000000 0.000000000 0.000000000 0.996416867 0.033126000 0.077820659 -0.141714000 -0.036534492 0.998415828 0.042791523 -0.313045028 -0.076279864 -0.045481332 0.996048629 -0.854331070
313746767 0.825697417 1.488774715 0.500000000 0.500000000 0.000000000 0.000000000 0.995649040 0.047511637 0.080160156 -0.267073990 -0.050329499 0.998170495 0.033505458 -0.349927026 -0.078421608 -0.037394095 0.996218741 -0.459811999
313813500 0.825697417 1.488774715 0.500000000 0.500000000 0.000000000 0.000000000 0.993428111 0.061550431 0.096499309 -0.367186969 -0.063792489 0.997756302 0.020320570 -0.373057048 -0.095032051 -0.026342960 0.995125592 -0.084868604
313946967 0.825697417 1.488774715 0.500000000 0.500000000 0.000000000 0.000000000 0.985213101 0.080058195 0.151478857 -0.567788987 -0.080316372 0.996759593 -0.004423259 -0.383411013 -0.151342124 -0.007808382 0.988450587 0.596237011
314080433 0.825697417 1.488774715 0.500000000 0.500000000 0.000000000 0.000000000 0.976209342 0.081686959 0.200854704 -0.616647028 -0.080221906 0.996657491 -0.015436802 -0.325430028 -0.201444343 -0.001043396 0.979499400 1.461859981
314747767 0.825697417 1.488774715 0.500000000 0.500000000 0.000000000 0.000000000 0.941708922 0.005097431 0.336390108 -0.928918939 0.002180866 0.999771714 -0.021255115 -0.071124406 -0.336421639 0.020749753 0.941482842 6.354710188
