https://www.youtube.com/watch?v=_rdfw9kkCmk
12300000 0.691511277 1.269724181 0.500000000 0.500000000 0.000000000 0.000000000 0.999987602 0.004708800 0.001630056 3.390580245 -0.004725439 0.999935210 0.010358597 -0.039187296 -0.001581174 -0.010366171 0.999945045 5.056930548
12366667 0.691511277 1.269724181 0.500000000 0.500000000 0.000000000 0.000000000 0.999980211 0.006173416 0.001210854 2.953990046 -0.006190816 0.999869287 0.014936006 -0.011723508 -0.001118489 -0.014943207 0.999887705 4.190429985
12433333 0.691511277 1.269724181 0.500000000 0.500000000 0.000000000 0.000000000 0.999979854 0.006012104 0.002042889 2.537280284 -0.006048609 0.999813139 0.018359581 -0.011662301 -0.001932128 -0.018371569 0.999829352 3.344800031
12500000 0.691511277 1.269724181 0.500000000 0.500000000 0.000000000 0.000000000 0.999977648 0.005407166 0.003935763 2.126890036 -0.005480009 0.999809384 0.018738728 -0.023145996 -0.003833689 -0.018759876 0.999816656 2.514529791
12566667 0.691511277 1.269724181 0.500000000 0.500000000 0.000000000 0.000000000 0.999959946 0.006686142 0.005951301 1.670920144 -0.006803929 0.999776900 0.019996753 0.003002767 -0.005816272 -0.020036446 0.999782324 1.755120079
12633333 0.691511277 1.269724181 0.500000000 0.500000000 0.000000000 0.000000000 0.999942660 0.006685871 0.008367010 1.202909901 -0.006869273 0.999732494 0.022086438 0.047098202 -0.008217105 -0.022142645 0.999721050 1.029749890
12700000 0.691511277 1.269724181 0.500000000 0.500000000 0.000000000 0.000000000 0.999921203 0.007114874 0.010344019 0.714889009 -0.007350442 0.999710381 0.022916513 0.072765504 -0.010177976 -0.022990739 0.999683857 0.350673987
12766667 0.691511277 1.269724181 0.500000000 0.500000000 0.000000000 0.000000000 0.999884605 0.008925603 0.012293438 0.202866002 -0.009217183 0.999672592 0.023869529 0.074765306 -0.012076364 -0.023980085 0.999639511 -0.298220020
12833333 0.691511277 1.269724181 0.500000000 0.500000000 0.000000000 0.000000000 0.999860168 0.008626099 0.014326567 -0.345604985 -0.008973726 0.999662459 0.024380134 0.063771201 -0.014111426 -0.024505289 0.999600112 -0.910455075
12900000 0.691511277 1.269724181 0.500000000 0.500000000 0.000000000 0.000000000 0.999830067 0.008977115 0.016100155 -0.930533968 -0.009342786 0.999696791 0.022782657 0.005869850 -0.015890749 -0.022929206 0.999610782 -1.419029922
12966667 0.691511277 1.269724181 0.500000000 0.500000000 0.000000000 0.000000000 0.999785423 0.009693137 0.018308353 -1.545500139 -0.010108386 0.999690652 0.022726189 -0.022953998 -0.018082399 -0.022906382 0.999574065 -1.886499993
13033333 0.691511277 1.269724181 0.500000000 0.500000000 0.000000000 0.000000000 0.999715984 0.009996793 0.021633308 -2.226669969 -0.010470084 0.999705851 0.021876374 -0.053751609 -0.021408252 -0.022096662 0.999526620 -2.347160341
13100000 0.691511277 1.269724181 0.500000000 0.500000000 0.000000000 0.000000000 0.999615610 0.010491559 0.025663029 -2.952500149 -0.011037145 0.999714077 0.021211186 -0.054530098 -0.025433153 -0.021486280 0.999445617 -2.808690149
13166667 0.691511277 1.269724181 0.500000000 0.500000000 0.000000000 0.000000000 0.999430239 0.009820592 0.032291740 -3.669879909 -0.010448636 0.999758422 0.019338179 -0.047794801 -0.032094024 -0.019664567 0.999291360 -3.277790175
13233333 0.691511277 1.269724181 0.500000000 0.500000000 0.000000000 0.000000000 0.999204636 0.007901765 0.039085593 -4.404089977 -0.008674202 0.999769628 0.019632779 -0.044936098 -0.038921457 -0.019956201 0.999042988 -3.723790081
13300000 0.691511277 1.269724181 0.500000000 0.500000000 0.000000000 0.000000000 0.998971105 0.008852745 0.044478517 -5.170870076 -0.009692692 0.999778092 0.018704291 -0.045755198 -0.044303063 -0.019116163 0.998835206 -4.185729980
