https://www.youtube.com/watch?v=Dwo1X7_RRQM
44433333 0.934834974 1.664774404 0.500000000 0.500000000 0.000000000 0.000000000 0.999678969 -0.023162957 0.010270141 0.739956048 0.022794914 0.999140859 0.034611110 -1.344099956 -0.011063013 -0.034365889 0.999348104 5.961919839
44500000 0.934834974 1.664774404 0.500000000 0.500000000 0.000000000 0.000000000 0.999692559 -0.022055455 0.011329812 0.730135964 0.021677043 0.999236584 0.032501861 -1.290339981 -0.012038006 -0.032246269 0.999407470 5.823740042
44566667 0.934834974 1.664774404 0.500000000 0.500000000 0.000000000 0.000000000 0.999704123 -0.020516716 0.013066146 0.708711028 0.020098124 0.999304831 0.031400017 -1.230400027 -0.013701287 -0.031128123 0.999421477 5.679809780
44633333 0.934834974 1.664774404 0.500000000 0.500000000 0.000000000 0.000000000 0.999716222 -0.019176628 0.014133952 0.674410016 0.018721819 0.999324083 0.031637453 -1.181930000 -0.014731097 -0.031363860 0.999399483 5.552700199
44700000 0.934834974 1.664774404 0.500000000 0.500000000 0.000000000 0.000000000 0.999725878 -0.018801715 0.013951298 0.648781991 0.018333625 0.999288738 0.032953341 -1.141540029 -0.014560953 -0.032688532 0.999359488 5.376129909
44766667 0.934834974 1.664774404 0.500000000 0.500000000 0.000000000 0.000000000 0.999719560 -0.019029444 0.014097286 0.614726056 0.018540116 0.999247670 0.034064200 -1.106860133 -0.014734903 -0.033793282 0.999320209 5.225420052
44833333 0.934834974 1.664774404 0.500000000 0.500000000 0.000000000 0.000000000 0.999707222 -0.019460257 0.014381292 0.578678079 0.018948060 0.999210060 0.034932334 -1.078830057 -0.015049725 -0.034649607 0.999286175 5.019400161
44900000 0.934834974 1.664774404 0.500000000 0.500000000 0.000000000 0.000000000 0.999703348 -0.019455453 0.014652886 0.534018981 0.018917089 0.999171853 0.036024503 -1.048809969 -0.015341624 -0.035736628 0.999243498 4.847270467
44966667 0.934834974 1.664774404 0.500000000 0.500000000 0.000000000 0.000000000 0.999701500 -0.019144977 0.015178056 0.478013974 0.018580886 0.999161899 0.036473136 -1.016920109 -0.015863612 -0.036180224 0.999219358 4.624489859
45033333 0.934834974 1.664774404 0.500000000 0.500000000 0.000000000 0.000000000 0.999694943 -0.018524781 0.016335914 0.409651992 0.017915681 0.999166608 0.036675449 -0.973900980 -0.017001705 -0.036371592 0.999193728 4.374750168
45100000 0.934834974 1.664774404 0.500000000 0.500000000 0.000000000 0.000000000 0.999657333 -0.017997591 0.019007210 0.332388008 0.017290158 0.999174893 0.036749557 -0.935207928 -0.019652929 -0.036408328 0.999143720 4.147009560
45166667 0.934834974 1.664774404 0.500000000 0.500000000 0.000000000 0.000000000 0.999601603 -0.018136494 0.021625841 0.262048000 0.017318662 0.999149442 0.037422955 -0.870343059 -0.022286167 -0.037033513 0.999065459 3.913109834
45233333 0.934834974 1.664774404 0.500000000 0.500000000 0.000000000 0.000000000 0.999518573 -0.018213119 0.025117852 0.208185993 0.017239936 0.999112487 0.038431589 -0.808055935 -0.025795519 -0.037980054 0.998945475 3.639879770
45300000 0.934834974 1.664774404 0.500000000 0.500000000 0.000000000 0.000000000 0.999350846 -0.019007599 0.030603746 0.162961016 0.017783543 0.999050021 0.039784089 -0.732688992 -0.031330872 -0.039214022 0.998739541 3.390920117
45366667 0.934834974 1.664774404 0.500000000 0.500000000 0.000000000 0.000000000 0.999053538 -0.021576658 0.037768729 0.155764978 0.020061303 0.998996198 0.040051222 -0.663645989 -0.038594991 -0.039255626 0.998483539 3.131369854
45433333 0.934834974 1.664774404 0.500000000 0.500000000 0.000000000 0.000000000 0.998614967 -0.024789980 0.046406396 0.143317980 0.022968853 0.998960555 0.039373241 -0.608054005 -0.047334224 -0.038252808 0.998146355 2.875329898
45500000 0.934834974 1.664774404 0.500000000 0.500000000 0.000000000 0.000000000 0.998087585 -0.027136821 0.055541147 0.132141995 0.025108017 0.999003291 0.036905512 -0.567426970 -0.056487288 -0.035440408 0.997774124 2.614860087
45566667 0.934834974 1.664774404 0.500000000 0.500000000 0.000000000 0.000000000 0.997457683 -0.029380562 0.064922556 0.110448003 0.027255507 0.999071062 0.033379041 -0.519399980 -0.065842941 -0.031524681 0.997331917 2.365130068
45633333 0.934834974 1.664774404 0.500000000 0.500000000 0.000000000 0.000000000 0.996677339 -0.030395618 0.075567305 0.074184984 0.028228836 0.999163747 0.029578350 -0.476998953 -0.076403171 -0.027346890 0.996701896 2.122999754
45700000 0.934834974 1.664774404 0.500000000 0.500000000 0.000000000 0.000000000 0.995777547 -0.030994058 0.086408503 0.061123095 0.028871756 0.999252558 0.025704019 -0.419426973 -0.087140597 -0.023100719 0.995928168 1.872320157
45766667 0.934834974 1.664774404 0.500000000 0.500000000 0.000000000 0.000000000 0.994750202 -0.031694088 0.097300880 0.041982315 0.029528415 0.999284863 0.023617709 -0.362494996 -0.097979836 -0.020620579 0.994974732 1.706330016
45833333 0.934834974 1.664774404 0.500000000 0.500000000 0.000000000 0.000000000 0.993651569 -0.032900717 0.107583061 0.027158071 0.030619884 0.999271393 0.022784725 -0.317804028 -0.108254313 -0.019345898 0.993934989 1.483029907
45900000 0.934834974 1.664774404 0.500000000 0.500000000 0.000000000 0.000000000 0.992296636 -0.034154754 0.119083136 -0.003527373 0.031642910 0.999236405 0.022921128 -0.272306996 -0.119775072 -0.018976422 0.992619693 1.321949926
45966667 0.934834974 1.664774404 0.500000000 0.500000000 0.000000000 0.000000000 0.990699172 -0.036248207 0.131153375 -0.022122227 0.033478834 0.999168754 0.023259940 -0.235664012 -0.131887496 -0.018652743 0.991089165 1.127979970
46033333 0.934834974 1.664774404 0.500000000 0.500000000 0.000000000 0.000000000 0.989066243 -0.038956083 0.142233431 -0.047363692 0.035778545 0.999051213 0.024830826 -0.219162992 -0.143065780 -0.019470427 0.989521623 0.944529979
46100000 0.934834974 1.664774404 0.500000000 0.500000000 0.000000000 0.000000000 0.987692058 -0.041572589 0.150784969 -0.072144004 0.037941035 0.998918295 0.026883025 -0.209455976 -0.151739478 -0.020831209 0.988200963 0.759497008
46166667 0.934834974 1.664774404 0.500000000 0.500000000 0.000000000 0.000000000 0.986256123 -0.044919822 0.159000084 -0.106344986 0.040936094 0.998762488 0.028243728 -0.178906991 -0.160072014 -0.021346699 0.986874461 0.597284934
46233333 0.934834974 1.664774404 0.500000000 0.500000000 0.000000000 0.000000000 0.984669387 -0.048416182 0.167577177 -0.141700008 0.044216253 0.998609483 0.028705986 -0.167340012 -0.168733984 -0.020856267 0.985440910 0.405683955
46300000 0.934834974 1.664774404 0.500000000 0.500000000 0.000000000 0.000000000 0.982607007 -0.051410064 0.178438827 -0.180240981 0.047067642 0.998485386 0.028487090 -0.134257005 -0.179633096 -0.019592918 0.983538568 0.266199002
46366667 0.934834974 1.664774404 0.500000000 0.500000000 0.000000000 0.000000000 0.980125964 -0.052849296 0.191206768 -0.220333980 0.048363883 0.998435736 0.028053034 -0.106348993 -0.192390248 -0.018248003 0.981148839 0.166080011
46433333 0.934834974 1.664774404 0.500000000 0.500000000 0.000000000 0.000000000 0.977343142 -0.053187303 0.204869300 -0.237687003 0.048970051 0.998472035 0.025604049 -0.043889601 -0.205918074 -0.014991475 0.978454411 0.031566999
46500000 0.934834974 1.664774404 0.500000000 0.500000000 0.000000000 0.000000000 0.974084139 -0.053015709 0.219885170 -0.273410008 0.049110100 0.998524010 0.023194332 -0.015396201 -0.220790297 -0.011794649 0.975250006 -0.077888397
46566667 0.934834974 1.664774404 0.500000000 0.500000000 0.000000000 0.000000000 0.971083939 -0.052971862 0.232787415 -0.292692978 0.049911171 0.998572469 0.019022960 0.033862998 -0.233462796 -0.006854191 0.972341537 -0.279695940
46633333 0.934834974 1.664774404 0.500000000 0.500000000 0.000000000 0.000000000 0.968498945 -0.052276723 0.243468493 -0.322580985 0.049907327 0.998627365 0.015894342 0.078594301 -0.243965209 -0.003242799 0.969778597 -0.435372035
46700000 0.934834974 1.664774404 0.500000000 0.500000000 0.000000000 0.000000000 0.966427505 -0.051312141 0.251763701 -0.343681997 0.049284309 0.998681605 0.014357829 0.116710000 -0.252168477 -0.001467794 0.967682242 -0.579914972
46766667 0.934834974 1.664774404 0.500000000 0.500000000 0.000000000 0.000000000 0.964091599 -0.050646178 0.260696024 -0.393370036 0.048794694 0.998716593 0.013573769 0.176357998 -0.261048883 -0.000365775 0.965325534 -0.705775050
46833333 0.934834974 1.664774404 0.500000000 0.500000000 0.000000000 0.000000000 0.961281836 -0.051304609 0.270749152 -0.439126031 0.049707979 0.998682320 0.012755821 0.229192016 -0.271046817 0.001196450 0.962565422 -0.862487983
46900000 0.934834974 1.664774404 0.500000000 0.500000000 0.000000000 0.000000000 0.957994699 -0.052554443 0.281929255 -0.503261015 0.051288076 0.998613298 0.011874821 0.269883959 -0.282162368 0.003083607 0.959361672 -1.028809949
46966667 0.934834974 1.664774404 0.500000000 0.500000000 0.000000000 0.000000000 0.954602122 -0.053646695 0.293013394 -0.578161021 0.052655350 0.998549104 0.011275758 0.314882017 -0.293193161 0.004664860 0.956041873 -1.226670038
47033333 0.934834974 1.664774404 0.500000000 0.500000000 0.000000000 0.000000000 0.951265216 -0.054510616 0.303518057 -0.636272008 0.053813756 0.998494029 0.010666166 0.379671041 -0.303642392 0.006187077 0.952766001 -1.417489936
47100000 0.934834974 1.664774404 0.500000000 0.500000000 0.000000000 0.000000000 0.947851241 -0.055076264 0.313918263 -0.740513121 0.054270387 0.998462200 0.011312865 0.435209983 -0.314058572 0.006313547 0.949382603 -1.629340098
47166667 0.934834974 1.664774404 0.500000000 0.500000000 0.000000000 0.000000000 0.945407271 -0.054731805 0.321262389 -0.840776028 0.054184895 0.998474121 0.010650166 0.508039005 -0.321355075 0.007338825 0.946930349 -1.884480007
47233333 0.934834974 1.664774404 0.500000000 0.500000000 0.000000000 0.000000000 0.942852736 -0.054637935 0.328699678 -0.933165068 0.054551888 0.998465836 0.009491069 0.575225029 -0.328713983 0.008982494 0.944386840 -2.059690078
47300000 0.934834974 1.664774404 0.500000000 0.500000000 0.000000000 0.000000000 0.940121770 -0.055431198 0.336300999 -1.013649888 0.056090053 0.998395503 0.007763216 0.656659924 -0.336191744 0.011564783 0.941722512 -2.320259957
47366667 0.934834974 1.664774404 0.500000000 0.500000000 0.000000000 0.000000000 0.937328339 -0.056231312 0.343880206 -1.108790054 0.056856826 0.998348057 0.008272954 0.711093994 -0.343777329 0.011797463 0.938977063 -2.493609957
47433333 0.934834974 1.664774404 0.500000000 0.500000000 0.000000000 0.000000000 0.934700012 -0.056040335 0.350991726 -1.182049807 0.057047252 0.998343468 0.007480050 0.776920889 -0.350829482 0.013031532 0.936348617 -2.693229660
47500000 0.934834974 1.664774404 0.500000000 0.500000000 0.000000000 0.000000000 0.931705356 -0.055867586 0.358892471 -1.257269877 0.057840940 0.998312056 0.005245491 0.828358020 -0.358579725 0.015871439 0.933364153 -2.894109828
47566667 0.934834974 1.664774404 0.500000000 0.500000000 0.000000000 0.000000000 0.928581834 -0.056159709 0.366853893 -1.326209811 0.059580613 0.998221517 0.002001763 0.872946029 -0.366313875 0.019998599 0.930276334 -3.073919590
47633333 0.934834974 1.664774404 0.500000000 0.500000000 0.000000000 0.000000000 0.925303996 -0.056256101 0.375030249 -1.416529935 0.061494082 0.998105466 -0.002003024 0.924580923 -0.374207050 0.024915565 0.927010357 -3.265529847
47700000 0.934834974 1.664774404 0.500000000 0.500000000 0.000000000 0.000000000 0.922274530 -0.055925250 0.382468402 -1.493650069 0.063089520 0.997988582 -0.006204678 0.981618990 -0.381352127 0.029852165 0.923947752 -3.450410173
47766667 0.934834974 1.664774404 0.500000000 0.500000000 0.000000000 0.000000000 0.919461608 -0.055408046 0.389255911 -1.573929918 0.064646855 0.997851193 -0.010664740 1.049799957 -0.387828559 0.034970004 0.921067894 -3.642819877
47833333 0.934834974 1.664774404 0.500000000 0.500000000 0.000000000 0.000000000 0.916807115 -0.054744419 0.395560145 -1.655980196 0.065802917 0.997728288 -0.014431523 1.130850078 -0.393871486 0.039259925 0.918326735 -3.801120385
47900000 0.934834974 1.664774404 0.500000000 0.500000000 0.000000000 0.000000000 0.913812518 -0.054307517 0.402489007 -1.741300263 0.066939875 0.997605741 -0.017374411 1.222290109 -0.400581777 0.042819511 0.915259957 -3.960350625
47966667 0.934834974 1.664774404 0.500000000 0.500000000 0.000000000 0.000000000 0.910486698 -0.054526806 0.409927815 -1.814819988 0.068095744 0.997506082 -0.018562898 1.282129982 -0.407893330 0.044815615 0.911929071 -4.099480185
48033333 0.934834974 1.664774404 0.500000000 0.500000000 0.000000000 0.000000000 0.906943023 -0.055842008 0.417535692 -1.893419864 0.070081674 0.997363389 -0.018837450 1.345759922 -0.415382892 0.046346091 0.908465266 -4.239729902
48100000 0.934834974 1.664774404 0.500000000 0.500000000 0.000000000 0.000000000 0.903251410 -0.058239043 0.425141215 -1.983040073 0.072445348 0.997222185 -0.017309759 1.365939906 -0.422952116 0.046434578 0.904961467 -4.374589613
48166667 0.934834974 1.664774404 0.500000000 0.500000000 0.000000000 0.000000000 0.899711967 -0.060196601 0.432313174 -2.057509836 0.074678726 0.997069776 -0.016583189 1.398540070 -0.430048138 0.047204703 0.901570976 -4.489669775
48233333 0.934834974 1.664774404 0.500000000 0.500000000 0.000000000 0.000000000 0.896054029 -0.062313519 0.439549774 -2.124399277 0.077153184 0.996891558 -0.015956316 1.424199895 -0.437189192 0.048210409 0.898076415 -4.601579617
48300000 0.934834974 1.664774404 0.500000000 0.500000000 0.000000000 0.000000000 0.892297387 -0.064855948 0.446765244 -2.224340295 0.080189809 0.996659458 -0.015475389 1.438970018 -0.444269121 0.049634647 0.894517422 -4.723940330
48366667 0.934834974 1.664774404 0.500000000 0.500000000 0.000000000 0.000000000 0.888909936 -0.067141183 0.453134596 -2.323319557 0.082873859 0.996448219 -0.014928609 1.445389783 -0.450522840 0.050823234 0.891317010 -4.826099221
48433333 0.934834974 1.664774404 0.500000000 0.500000000 0.000000000 0.000000000 0.885667682 -0.068190686 0.459285140 -2.404370417 0.084993564 0.996253312 -0.015983237 1.487640204 -0.456474423 0.053192109 0.888145089 -4.911030087
