https://www.youtube.com/watch?v=m9d0xRvoL-o
16866667 0.932901432 1.659058603 0.500000000 0.500000000 0.000000000 0.000000000 0.999599397 0.001963181 0.028235147 5.409100493 -0.000816056 0.999175906 -0.040581834 -3.205490436 -0.028291548 0.040542532 0.998777211 1.689470056
16933333 0.932901432 1.659058603 0.500000000 0.500000000 0.000000000 0.000000000 0.999495983 0.000281094 0.031744532 4.691319967 0.001260682 0.998820543 -0.048537776 -2.955859868 -0.031720735 0.048553333 0.998316765 1.630849911
17000000 0.932901432 1.659058603 0.500000000 0.500000000 0.000000000 0.000000000 0.999418676 -0.000061332 0.034092326 3.999749965 0.001927761 0.998500109 -0.054716166 -2.707280102 -0.034037832 0.054750081 0.997919738 1.706959880
17066667 0.932901432 1.659058603 0.500000000 0.500000000 0.000000000 0.000000000 0.999260962 -0.000575124 0.038434345 3.395089970 0.002978384 0.998040438 -0.062501080 -2.447719991 -0.038323086 0.062569357 0.997304559 1.674879871
17133333 0.932901432 1.659058603 0.500000000 0.500000000 0.000000000 0.000000000 0.999056935 -0.003096486 0.043308362 2.796230109 0.006097225 0.997575283 -0.069328293 -2.175770008 -0.042988680 0.069526970 0.996653378 1.639879977
17200000 0.932901432 1.659058603 0.500000000 0.500000000 0.000000000 0.000000000 0.998913646 -0.003532217 0.046465334 2.243609788 0.006993523 0.997193336 -0.074542120 -1.925029900 -0.046071623 0.074786097 0.996134758 1.574790004
17266667 0.932901432 1.659058603 0.500000000 0.500000000 0.000000000 0.000000000 0.998668015 -0.002579224 0.051531736 1.751289926 0.006602393 0.996927202 -0.078054853 -1.676259988 -0.051172066 0.078291126 0.995616376 1.441319983
17333333 0.932901432 1.659058603 0.500000000 0.500000000 0.000000000 0.000000000 0.998250186 -0.001510338 0.059112899 1.296470082 0.006309996 0.996686578 -0.081092596 -1.444970006 -0.058794558 0.081323698 0.994952083 1.277709945
17400000 0.932901432 1.659058603 0.500000000 0.500000000 0.000000000 0.000000000 0.997835934 -0.001430265 0.065736957 0.857090996 0.006899892 0.996521235 -0.083053209 -1.211140107 -0.065389492 0.083327062 0.994374573 1.118459977
17466667 0.932901432 1.659058603 0.500000000 0.500000000 0.000000000 0.000000000 0.997319281 0.001451899 0.073158205 0.425371992 0.004828571 0.996318102 -0.085597724 -0.972899038 -0.073013127 0.085721508 0.993640244 0.872131000
17533333 0.932901432 1.659058603 0.500000000 0.500000000 0.000000000 0.000000000 0.996715367 0.004205377 0.080875337 0.017102810 0.002972888 0.996077716 -0.088432528 -0.713924986 -0.080930009 0.088382490 0.992793500 0.551698063
17600000 0.932901432 1.659058603 0.500000000 0.500000000 0.000000000 0.000000000 0.996102333 0.007576556 0.087879039 -0.379599007 0.000408002 0.995897591 -0.090486795 -0.403589014 -0.088204093 0.090169966 0.992012799 0.208789986
17666667 0.932901432 1.659058603 0.500000000 0.500000000 0.000000000 0.000000000 0.995547891 0.012308000 0.093450122 -0.759652964 -0.003720777 0.995796800 -0.091514677 -0.036814996 -0.094183691 0.090759531 0.991409183 -0.150486028
17733333 0.932901432 1.659058603 0.500000000 0.500000000 0.000000000 0.000000000 0.994735479 0.019335303 0.100635298 -1.134349988 -0.010175397 0.995821714 -0.090750344 0.361399036 -0.101969503 0.089248590 0.990775943 -0.515736036
17800000 0.932901432 1.659058603 0.500000000 0.500000000 0.000000000 0.000000000 0.993981004 0.027847901 0.105954148 -1.503680048 -0.018540170 0.995962143 -0.087838687 0.748430959 -0.107972451 0.085345574 0.990483761 -0.939623899
17866667 0.932901432 1.659058603 0.500000000 0.500000000 0.000000000 0.000000000 0.993453145 0.039890241 0.107049853 -1.871920103 -0.030891921 0.995949805 -0.084437311 1.168939987 -0.109984502 0.080577537 0.990661740 -1.350250076
17933333 0.932901432 1.659058603 0.500000000 0.500000000 0.000000000 0.000000000 0.992620647 0.058567025 0.106179617 -2.242559702 -0.050024301 0.995424628 -0.081408314 1.647489943 -0.110461660 0.075496010 0.991008878 -1.763790072
18000000 0.932901432 1.659058603 0.500000000 0.500000000 0.000000000 0.000000000 0.990678251 0.089916788 0.102330521 -2.548700045 -0.081973828 0.993470550 -0.079350762 2.152699964 -0.108797327 0.070222653 0.991580546 -2.004070262
18066667 0.932901432 1.659058603 0.500000000 0.500000000 0.000000000 0.000000000 0.981849730 0.165646955 0.092369944 -2.712219985 -0.158371374 0.984031141 -0.081248038 2.763630000 -0.104353383 0.065144606 0.992404401 -2.255069783
18133333 0.932901432 1.659058603 0.500000000 0.500000000 0.000000000 0.000000000 0.968045294 0.238003880 0.079009481 -2.807939988 -0.231241018 0.969087899 -0.086001247 3.338749820 -0.097035758 0.064982876 0.993157208 -2.378959751
18200000 0.932901432 1.659058603 0.500000000 0.500000000 0.000000000 0.000000000 0.953220665 0.295197368 0.065030217 -2.923700204 -0.288624883 0.952782154 -0.094349921 3.887160125 -0.089811474 0.071166962 0.993412912 -2.583670153
18266667 0.932901432 1.659058603 0.500000000 0.500000000 0.000000000 0.000000000 0.940784216 0.335062027 0.051560704 -3.048659992 -0.328746974 0.938833773 -0.102550223 4.372330027 -0.082767613 0.079527199 0.993390620 -2.804969787
18333333 0.932901432 1.659058603 0.500000000 0.500000000 0.000000000 0.000000000 0.925927579 0.375927508 0.036558829 -3.115129508 -0.369973123 0.922203779 -0.112516627 4.893869512 -0.076012805 0.090656459 0.992977083 -3.034060035
