https://www.youtube.com/watch?v=mKFgOnT9xP8
8840000 0.744382885 1.334755594 0.500000000 0.500000000 0.000000000 0.000000000 0.993550599 -0.102901332 0.047628663 3.616440120 0.111367323 0.964545190 -0.239269614 -1.298540079 -0.021318838 0.243030757 0.969784260 9.918109725
8920000 0.744382885 1.334755594 0.500000000 0.500000000 0.000000000 0.000000000 0.995685220 -0.059856281 0.070909217 3.237919821 0.075718611 0.965808272 -0.247953832 -0.938016004 -0.053643111 0.252253115 0.966173232 5.768429652
9000000 0.744382885 1.334755594 0.500000000 0.500000000 0.000000000 0.000000000 0.996994257 -0.020465847 0.074723743 2.858979997 0.039647467 0.963396966 -0.265130937 -0.354089108 -0.066562511 0.267296612 0.961312652 2.672820345
9080000 0.744382885 1.334755594 0.500000000 0.500000000 0.000000000 0.000000000 0.997610748 0.003991182 0.068969779 2.324839968 0.015024778 0.961899757 -0.272989213 0.289488996 -0.067431562 0.273373246 0.959541619 0.175139011
9160000 0.744382885 1.334755594 0.500000000 0.500000000 0.000000000 0.000000000 0.997905076 0.012798064 0.063416719 1.985939951 0.005334857 0.960621357 -0.277809560 0.571265970 -0.064474881 0.277565897 0.958540618 -1.803329811
9240000 0.744382885 1.334755594 0.500000000 0.500000000 0.000000000 0.000000000 0.997203410 0.019744989 0.072079495 1.690739873 0.001845623 0.957667410 -0.287871152 0.636472024 -0.074712187 0.287199110 0.954952776 -3.061889909
9320000 0.744382885 1.334755594 0.500000000 0.500000000 0.000000000 0.000000000 0.995023370 0.021297138 0.097339511 1.335490084 0.009236370 0.952971578 -0.302918911 0.640881932 -0.099213094 0.302310467 0.948032260 -3.753869978
9400000 0.744382885 1.334755594 0.500000000 0.500000000 0.000000000 0.000000000 0.992049217 0.007671142 0.125616610 0.805897067 0.032491490 0.948689938 -0.314534307 0.558043141 -0.121584058 0.316114962 0.940897822 -3.884460531
9480000 0.744382885 1.334755594 0.500000000 0.500000000 0.000000000 0.000000000 0.986715853 -0.026805302 0.160228878 0.226605030 0.078082457 0.943151355 -0.323061407 0.488732905 -0.142460346 0.331280887 0.932715416 -3.572489882
9560000 0.744382885 1.334755594 0.500000000 0.500000000 0.000000000 0.000000000 0.980560303 -0.049441621 0.189886674 -0.185394049 0.110845625 0.938102961 -0.328140169 0.458905940 -0.161909446 0.342809349 0.925346971 -3.099139727
9640000 0.744382885 1.334755594 0.500000000 0.500000000 0.000000000 0.000000000 0.977178276 -0.059616566 0.203883529 -0.381058942 0.124877706 0.937661469 -0.324339867 0.435680729 -0.171837687 0.342398405 0.923707187 -2.708919410
9720000 0.744382885 1.334755594 0.500000000 0.500000000 0.000000000 0.000000000 0.973639607 -0.068821676 0.217461422 -0.568615945 0.137437940 0.937897205 -0.318527341 0.369374131 -0.182034895 0.340018272 0.922632635 -2.294970249
9800000 0.744382885 1.334755594 0.500000000 0.500000000 0.000000000 0.000000000 0.971079409 -0.072601497 0.227450565 -0.733582967 0.143669873 0.938556194 -0.313801229 0.327897997 -0.190692678 0.337403715 0.921843290 -1.907760127
9880000 0.744382885 1.334755594 0.500000000 0.500000000 0.000000000 0.000000000 0.968881965 -0.074562982 0.236025900 -0.864364063 0.147511169 0.939656794 -0.308683783 0.273570130 -0.198767006 0.333894581 0.921415329 -1.528020211
9960000 0.744382885 1.334755594 0.500000000 0.500000000 0.000000000 0.000000000 0.966670036 -0.078596622 0.243662804 -0.986316940 0.152775452 0.940782130 -0.302636147 0.208266078 -0.205447435 0.329774976 0.921433568 -1.163390113
10040000 0.744382885 1.334755594 0.500000000 0.500000000 0.000000000 0.000000000 0.965335667 -0.086373709 0.246305823 -1.049789915 0.160069942 0.941280007 -0.297269970 0.135831908 -0.206166416 0.326391488 0.922477007 -0.845666844
10120000 0.744382885 1.334755594 0.500000000 0.500000000 0.000000000 0.000000000 0.963953197 -0.090103336 0.250350952 -1.133249978 0.164670050 0.941094279 -0.295339227 0.097386858 -0.208992809 0.325918496 0.922008157 -0.559788952
10200000 0.744382885 1.334755594 0.500000000 0.500000000 0.000000000 0.000000000 0.963209510 -0.089902669 0.253268659 -1.172330091 0.164750844 0.942072272 -0.292159349 0.049469258 -0.212331504 0.323136896 0.922224462 -0.298585005
10280000 0.744382885 1.334755594 0.500000000 0.500000000 0.000000000 0.000000000 0.962619483 -0.090041988 0.255452722 -1.187139868 0.164871544 0.943064332 -0.288871974 -0.015071240 -0.214897722 0.320190698 0.922657490 -0.058561743
10360000 0.744382885 1.334755594 0.500000000 0.500000000 0.000000000 0.000000000 0.961896420 -0.092161357 0.257413387 -1.196130148 0.167387158 0.942919552 -0.287896395 -0.087672880 -0.216187194 0.320014179 0.922417521 0.149977006
10440000 0.744382885 1.334755594 0.500000000 0.500000000 0.000000000 0.000000000 0.961564898 -0.092316478 0.258593708 -1.220390148 0.168027461 0.942693353 -0.288263857 -0.154482991 -0.217163101 0.320635200 0.921972513 0.325436100
10520000 0.744382885 1.334755594 0.500000000 0.500000000 0.000000000 0.000000000 0.962174058 -0.091958910 0.256446213 -1.223790121 0.166727185 0.943209887 -0.287327737 -0.209226946 -0.215460300 0.319215804 0.922864199 0.485524138
10600000 0.744382885 1.334755594 0.500000000 0.500000000 0.000000000 0.000000000 0.962738752 -0.091518342 0.254476845 -1.207190056 0.165378958 0.943774700 -0.286250085 -0.283725005 -0.213971645 0.317669183 0.923743665 0.637103939
10680000 0.744382885 1.334755594 0.500000000 0.500000000 0.000000000 0.000000000 0.963317931 -0.090993516 0.252465248 -1.204169890 0.163914025 0.944389999 -0.285060793 -0.356033995 -0.212486953 0.315986782 0.924662948 0.770560931
10760000 0.744382885 1.334755594 0.500000000 0.500000000 0.000000000 0.000000000 0.964214027 -0.090683147 0.249134034 -1.201509757 0.162162974 0.945134759 -0.283590078 -0.408001003 -0.209748358 0.313841879 0.926017642 0.902350736
10840000 0.744382885 1.334755594 0.500000000 0.500000000 0.000000000 0.000000000 0.965531707 -0.089319050 0.244480267 -1.182390016 0.158761173 0.946415722 -0.281233311 -0.453288029 -0.206260487 0.310353637 0.927974820 1.028810041
10920000 0.744382885 1.334755594 0.500000000 0.500000000 0.000000000 0.000000000 0.966823220 -0.088295266 0.239701569 -1.150090080 0.155485556 0.947922230 -0.277970731 -0.482200002 -0.202674955 0.306018651 0.930201828 1.168589915
11000000 0.744382885 1.334755594 0.500000000 0.500000000 0.000000000 0.000000000 0.968059719 -0.087263554 0.235043436 -1.103959957 0.152267903 0.949410319 -0.274653614 -0.504669001 -0.199185431 0.301670671 0.932373285 1.312170024
11080000 0.744382885 1.334755594 0.500000000 0.500000000 0.000000000 0.000000000 0.969415784 -0.085670039 0.229986250 -1.060539962 0.148530021 0.950794637 -0.271897644 -0.508162936 -0.195376188 0.297741741 0.934439898 1.452959909
11160000 0.744382885 1.334755594 0.500000000 0.500000000 0.000000000 0.000000000 0.971572101 -0.081472658 0.222283214 -1.016559814 0.141452342 0.952670455 -0.269091398 -0.492040962 -0.189839005 0.292884201 0.937112510 1.587899788
11240000 0.744382885 1.334755594 0.500000000 0.500000000 0.000000000 0.000000000 0.973831773 -0.078895055 0.213136837 -0.980193144 0.135509536 0.954442382 -0.265851587 -0.460707979 -0.182452485 0.287776798 0.940157294 1.710070254
