https://www.youtube.com/watch?v=VErebuLaWeY
37083333 1.042290576 1.853594592 0.500000000 0.500000000 0.000000000 0.000000000 0.971191406 -0.077964254 0.225186288 3.504070302 0.086210303 0.995910883 -0.027005419 -2.106129986 -0.222160012 0.045640811 0.973941386 4.339170115
37116667 1.042290576 1.853594592 0.500000000 0.500000000 0.000000000 0.000000000 0.967734039 -0.084703349 0.237310186 3.486209988 0.093764059 0.995224535 -0.027136687 -2.054729568 -0.233878359 0.048512276 0.971054792 4.179199961
37150000 1.042290576 1.853594592 0.500000000 0.500000000 0.000000000 0.000000000 0.963897347 -0.091590196 0.250026315 3.464250321 0.101348504 0.994500399 -0.026409514 -2.005709939 -0.246232405 0.050795838 0.967878819 3.997440403
37183333 1.042290576 1.853594592 0.500000000 0.500000000 0.000000000 0.000000000 0.960150003 -0.097272009 0.262011737 3.449540121 0.107998639 0.993789196 -0.026819516 -1.953250098 -0.257775635 0.054047648 0.964691997 3.837240469
37216667 1.042290576 1.853594592 0.500000000 0.500000000 0.000000000 0.000000000 0.955960929 -0.103460692 0.274653584 3.431900193 0.115107931 0.992997110 -0.026588134 -1.902100120 -0.269979388 0.057032019 0.961175561 3.674269915
37250000 1.042290576 1.853594592 0.500000000 0.500000000 0.000000000 0.000000000 0.951337814 -0.109425589 0.288066536 3.410059830 0.122071698 0.992174029 -0.026251508 -1.851209829 -0.282939523 0.060138844 0.957250476 3.501139725
37283333 1.042290576 1.853594592 0.500000000 0.500000000 0.000000000 0.000000000 0.946303189 -0.115447477 0.301964074 3.387650657 0.129080117 0.991305828 -0.025516866 -1.803370175 -0.296392888 0.063124210 0.952977777 3.327350363
37316667 1.042290576 1.853594592 0.500000000 0.500000000 0.000000000 0.000000000 0.940976202 -0.121210098 0.316025048 3.368509774 0.136040092 0.990382612 -0.025207205 -1.751929926 -0.309930354 0.066711470 0.948415875 3.160489926
37350000 1.042290576 1.853594592 0.500000000 0.500000000 0.000000000 0.000000000 0.935070217 -0.127333805 0.330801964 3.341550619 0.143297657 0.989383280 -0.024218235 -1.700920212 -0.324206114 0.070048854 0.943389416 2.976000242
37383333 1.042290576 1.853594592 0.500000000 0.500000000 0.000000000 0.000000000 0.929186642 -0.132116199 0.345191896 3.321769714 0.150012672 0.988354445 -0.025528250 -1.638049917 -0.337799251 0.075503677 0.938184857 2.801729791
37416667 1.042290576 1.853594592 0.500000000 0.500000000 0.000000000 0.000000000 0.922889650 -0.136980742 0.359876394 3.289980043 0.156881183 0.987261057 -0.026532145 -1.572250268 -0.351657569 0.080944046 0.932622671 2.618779718
37450000 1.042290576 1.853594592 0.500000000 0.500000000 0.000000000 0.000000000 0.916403770 -0.141548276 0.374390513 3.266600105 0.163703918 0.986115634 -0.027874440 -1.502440009 -0.365246743 0.086833440 0.926852047 2.454769989
37483333 1.042290576 1.853594592 0.500000000 0.500000000 0.000000000 0.000000000 0.909730911 -0.144637391 0.389191270 3.246880398 0.169456258 0.985080659 -0.030011244 -1.438260071 -0.379044056 0.093253002 0.920668006 2.299480194
37666667 1.042290576 1.853594592 0.500000000 0.500000000 0.000000000 0.000000000 0.866786540 -0.155017436 0.473973304 3.047300063 0.189418226 0.981568694 -0.025370441 -1.141930089 -0.461304516 0.111769937 0.880173683 1.347490104
37700000 1.042290576 1.853594592 0.500000000 0.500000000 0.000000000 0.000000000 0.858190954 -0.156831473 0.488786191 2.997239297 0.193036318 0.980893195 -0.024196804 -1.054379702 -0.475652188 0.115119055 0.872067869 1.219509623
37733333 1.042290576 1.853594592 0.500000000 0.500000000 0.000000000 0.000000000 0.848289371 -0.159477785 0.504947543 2.930930077 0.195352510 0.980558693 -0.018493302 -1.002150168 -0.492181420 0.114330418 0.862951934 1.090540223
37766667 1.042290576 1.853594592 0.500000000 0.500000000 0.000000000 0.000000000 0.838468909 -0.161979452 0.520319819 2.864530666 0.197122052 0.980299532 -0.012477569 -0.945271015 -0.508048177 0.113028519 0.853880405 0.969827228
37800000 1.042290576 1.853594592 0.500000000 0.500000000 0.000000000 0.000000000 0.828513443 -0.164631501 0.535221696 2.786810876 0.198445097 0.980095327 -0.005717050 -0.891871135 -0.523627043 0.110948667 0.844692469 0.860857512
37833333 1.042290576 1.853594592 0.500000000 0.500000000 0.000000000 0.000000000 0.818118513 -0.166950747 0.550281107 2.692419419 0.198557273 0.980086923 0.002149597 -0.845897882 -0.539682209 0.107503764 0.834976554 0.745483759
37866667 1.042290576 1.853594592 0.500000000 0.500000000 0.000000000 0.000000000 0.807591259 -0.169989794 0.564711928 2.592829136 0.199068069 0.979931593 0.010293286 -0.786035992 -0.555128813 0.104103416 0.825223744 0.650313859
37900000 1.042290576 1.853594592 0.500000000 0.500000000 0.000000000 0.000000000 0.796882093 -0.174407274 0.578412354 2.489519603 0.200739801 0.979464650 0.018775187 -0.715558042 -0.569809020 0.101148821 0.815528333 0.571845823
37933333 1.042290576 1.853594592 0.500000000 0.500000000 0.000000000 0.000000000 0.786144733 -0.178914055 0.591579139 2.379859069 0.202346548 0.978937030 0.027167872 -0.644964830 -0.583979428 0.098346218 0.805788875 0.510896852
37966667 1.042290576 1.853594592 0.500000000 0.500000000 0.000000000 0.000000000 0.775502741 -0.183859333 0.603979290 2.270939434 0.204374418 0.978253245 0.035378806 -0.572647900 -0.597349465 0.096001633 0.796214223 0.456598788
38000000 1.042290576 1.853594592 0.500000000 0.500000000 0.000000000 0.000000000 0.765346289 -0.188701779 0.615334690 2.163730078 0.206671655 0.977478027 0.042702667 -0.486277094 -0.609534204 0.094489865 0.787108541 0.416097127
38050000 1.042290576 1.853594592 0.500000000 0.500000000 0.000000000 0.000000000 0.751296520 -0.193589106 0.630933166 1.999249731 0.208367184 0.976690650 0.051560335 -0.352654004 -0.626208067 0.092728712 0.774121881 0.361634837
38083333 1.042290576 1.853594592 0.500000000 0.500000000 0.000000000 0.000000000 0.740736961 -0.197718620 0.642040670 1.859520173 0.208415121 0.976188004 0.060167141 -0.299842020 -0.638648570 0.089242928 0.764306068 0.314854021
38116667 1.042290576 1.853594592 0.500000000 0.500000000 0.000000000 0.000000000 0.731680751 -0.201703399 0.651121497 1.742160302 0.208461642 0.975664675 0.067986555 -0.247917030 -0.648989320 0.085989363 0.755922437 0.269309022
38150000 1.042290576 1.853594592 0.500000000 0.500000000 0.000000000 0.000000000 0.722827196 -0.205643833 0.659720659 1.620189909 0.209300041 0.975001693 0.074600235 -0.181668979 -0.658569813 0.084156528 0.747798979 0.234011935
38183333 1.042290576 1.853594592 0.500000000 0.500000000 0.000000000 0.000000000 0.713861942 -0.209938198 0.668077469 1.488570611 0.209991664 0.974277258 0.081776381 -0.124264037 -0.668060660 0.081913546 0.739584684 0.196682155
38216667 1.042290576 1.853594592 0.500000000 0.500000000 0.000000000 0.000000000 0.705171585 -0.213650182 0.676081836 1.358530087 0.209776893 0.973699570 0.088898070 -0.084028235 -0.677293718 0.079137944 0.731444120 0.180588000
38250000 1.042290576 1.853594592 0.500000000 0.500000000 0.000000000 0.000000000 0.697409630 -0.217410564 0.682900369 1.235060546 0.209571749 0.973091662 0.095772490 -0.041807076 -0.685346544 0.076323852 0.724206567 0.144553070
38283333 1.042290576 1.853594592 0.500000000 0.500000000 0.000000000 0.000000000 0.690127254 -0.220301539 0.689341486 1.102890108 0.208136916 0.972715318 0.102488697 -0.019613923 -0.693111479 0.072747126 0.717150211 0.106479005
38316667 1.042290576 1.853594592 0.500000000 0.500000000 0.000000000 0.000000000 0.682763696 -0.223052949 0.695759416 0.958849052 0.207401514 0.972257376 0.108167648 0.023572207 -0.700584292 0.070448622 0.710083485 0.074700905
38350000 1.042290576 1.853594592 0.500000000 0.500000000 0.000000000 0.000000000 0.675537109 -0.226058960 0.701817095 0.809825197 0.206373155 0.971766770 0.114365779 0.051122296 -0.707855880 0.067577787 0.703117013 0.040674729
38383333 1.042290576 1.853594592 0.500000000 0.500000000 0.000000000 0.000000000 0.668766737 -0.228637069 0.707443118 0.660667775 0.205146581 0.971347332 0.119996607 0.077012476 -0.714608669 0.064879879 0.696509004 0.014735743
38416667 1.042290576 1.853594592 0.500000000 0.500000000 0.000000000 0.000000000 0.662184238 -0.231702611 0.712619603 0.507651383 0.204164729 0.970802546 0.125933737 0.096931234 -0.720992029 0.062100228 0.690155566 -0.016181526
38450000 1.042290576 1.853594592 0.500000000 0.500000000 0.000000000 0.000000000 0.656076312 -0.235059962 0.717154980 0.355919205 0.203343496 0.970173419 0.131966025 0.111837018 -0.726784587 0.059248861 0.684305668 -0.052841044
38483333 1.042290576 1.853594592 0.500000000 0.500000000 0.000000000 0.000000000 0.650289774 -0.238380671 0.721316338 0.199282881 0.202910662 0.969499528 0.137469739 0.134341989 -0.732085943 0.056967769 0.678825676 -0.084268530
38516667 1.042290576 1.853594592 0.500000000 0.500000000 0.000000000 0.000000000 0.645019352 -0.241839960 0.724888682 0.045877707 0.202621028 0.968773246 0.142909676 0.153458024 -0.736814022 0.054698151 0.673879325 -0.107646025
38550000 1.042290576 1.853594592 0.500000000 0.500000000 0.000000000 0.000000000 0.640440047 -0.244851187 0.727931857 -0.089981316 0.202672020 0.968101144 0.147323504 0.182085002 -0.740784049 0.053179443 0.669635177 -0.094634044
38583333 1.042290576 1.853594592 0.500000000 0.500000000 0.000000000 0.000000000 0.634536862 -0.247772336 0.732101440 -0.263996188 0.202570945 0.967424273 0.151840001 0.205442021 -0.745874405 0.051954202 0.664057791 -0.113882115
38616667 1.042290576 1.853594592 0.500000000 0.500000000 0.000000000 0.000000000 0.629520655 -0.250765651 0.735405505 -0.419610364 0.202941269 0.966698587 0.155912817 0.233321046 -0.750013053 0.051093541 0.659447312 -0.119030161
38650000 1.042290576 1.853594592 0.500000000 0.500000000 0.000000000 0.000000000 0.624268532 -0.253302664 0.739003897 -0.582885143 0.203186169 0.966063321 0.159489959 0.268943993 -0.754323840 0.050590776 0.654550493 -0.123283004
38683333 1.042290576 1.853594592 0.500000000 0.500000000 0.000000000 0.000000000 0.618475556 -0.256196022 0.742867470 -0.768686374 0.203281835 0.965342224 0.163679287 0.284704005 -0.759055257 0.049779695 0.649120569 -0.143498130
38716667 1.042290576 1.853594592 0.500000000 0.500000000 0.000000000 0.000000000 0.612749100 -0.259116411 0.746590137 -0.951342623 0.203498334 0.964595497 0.167761490 0.300252993 -0.763627291 0.049134258 0.643784761 -0.150337880
38750000 1.042290576 1.853594592 0.500000000 0.500000000 0.000000000 0.000000000 0.607536852 -0.262578368 0.749634147 -1.121049746 0.203965560 0.963703752 0.172258884 0.301598018 -0.767656684 0.048245996 0.639042497 -0.154153912
38783333 1.042290576 1.853594592 0.500000000 0.500000000 0.000000000 0.000000000 0.602420866 -0.266473114 0.752383947 -1.289240518 0.205198377 0.962647736 0.176643848 0.296318008 -0.771351457 0.047973908 0.634598851 -0.157539055
38816667 1.042290576 1.853594592 0.500000000 0.500000000 0.000000000 0.000000000 0.597332478 -0.270809501 0.754888356 -1.454560503 0.207164705 0.961421311 0.180974871 0.280881984 -0.774775445 0.048283957 0.630390286 -0.160378078
38850000 1.042290576 1.853594592 0.500000000 0.500000000 0.000000000 0.000000000 0.592141807 -0.275088966 0.757425427 -1.621508666 0.209552556 0.960157156 0.184894413 0.257384110 -0.778109908 0.049236938 0.626194835 -0.162793713
38883333 1.042290576 1.853594592 0.500000000 0.500000000 0.000000000 0.000000000 0.586813211 -0.279706866 0.759877741 -1.791909827 0.212580293 0.958741724 0.188743114 0.224851042 -0.781319201 0.050778113 0.622062504 -0.162528984
38916667 1.042290576 1.853594592 0.500000000 0.500000000 0.000000000 0.000000000 0.581337452 -0.284213275 0.762409985 -1.965168892 0.216125399 0.957288265 0.192064881 0.187596064 -0.784433544 0.053121828 0.617933273 -0.162873794
38950000 1.042290576 1.853594592 0.500000000 0.500000000 0.000000000 0.000000000 0.575962067 -0.288702339 0.764799654 -2.136359581 0.220503062 0.955751181 0.194725737 0.150979082 -0.787175953 0.056486085 0.614136159 -0.149577845
38983333 1.042290576 1.853594592 0.500000000 0.500000000 0.000000000 0.000000000 0.570553541 -0.294155449 0.766772985 -2.305169092 0.226301208 0.953820109 0.197521836 0.106439059 -0.789465666 0.060824990 0.610773206 -0.140699787
39016667 1.042290576 1.853594592 0.500000000 0.500000000 0.000000000 0.000000000 0.564641118 -0.298816800 0.769342661 -2.478857951 0.231848300 0.952049196 0.199621245 0.060356439 -0.792102218 0.065656677 0.606846333 -0.120294825
39050000 1.042290576 1.853594592 0.500000000 0.500000000 0.000000000 0.000000000 0.559118986 -0.302408785 0.771968365 -2.655980727 0.237253278 0.950527549 0.200520009 0.027592760 -0.794416189 0.071037382 0.603205442 -0.103275938
39083333 1.042290576 1.853594592 0.500000000 0.500000000 0.000000000 0.000000000 0.552824497 -0.305690408 0.775202870 -2.850032911 0.242787838 0.949008882 0.201087877 0.001721385 -0.797145009 0.077043191 0.598853230 -0.077650915
39116667 1.042290576 1.853594592 0.500000000 0.500000000 0.000000000 0.000000000 0.546363652 -0.309803247 0.778144658 -3.040981396 0.248548210 0.947195828 0.202592999 -0.021825684 -0.799819291 0.082716875 0.594514370 -0.058560303
39150000 1.042290576 1.853594592 0.500000000 0.500000000 0.000000000 0.000000000 0.539806724 -0.314162582 0.780967414 -3.224328571 0.254023641 0.945291698 0.204684049 -0.057491149 -0.802546084 0.087894499 0.590079606 -0.032785077
39183333 1.042290576 1.853594592 0.500000000 0.500000000 0.000000000 0.000000000 0.533456683 -0.317794293 0.783856809 -3.397002545 0.258902997 0.943601787 0.206361398 -0.081768918 -0.805229127 0.092857763 0.585648417 0.037922035
39216667 1.042290576 1.853594592 0.500000000 0.500000000 0.000000000 0.000000000 0.526402235 -0.320895553 0.787354171 -3.587049470 0.262823343 0.942102075 0.208248779 -0.105811939 -0.808594167 0.097312436 0.580263495 0.088350802
39250000 1.042290576 1.853594592 0.500000000 0.500000000 0.000000000 0.000000000 0.519142091 -0.324891716 0.790529728 -3.773371491 0.266497880 0.940353632 0.211456746 -0.141165009 -0.812077999 0.100898273 0.574760079 0.130486784
39283333 1.042290576 1.853594592 0.500000000 0.500000000 0.000000000 0.000000000 0.511802435 -0.327688098 0.794152319 -3.965586562 0.268882394 0.939054489 0.214193478 -0.174846684 -0.815940917 0.103909120 0.568720043 0.176127965
39316667 1.042290576 1.853594592 0.500000000 0.500000000 0.000000000 0.000000000 0.504054844 -0.330988973 0.797731102 -4.149219422 0.270922273 0.937626421 0.217848226 -0.211853890 -0.820079148 0.106315687 0.562287450 0.240067069
39350000 1.042290576 1.853594592 0.500000000 0.500000000 0.000000000 0.000000000 0.496148884 -0.334244549 0.801321387 -4.330405983 0.272482872 0.936243892 0.221811503 -0.250737636 -0.824371576 0.108295105 0.555592418 0.268202663
39383333 1.042290576 1.853594592 0.500000000 0.500000000 0.000000000 0.000000000 0.486998200 -0.337081581 0.805734336 -4.519745777 0.273239523 0.935016751 0.226017058 -0.291304540 -0.829561293 0.110088877 0.547455549 0.319880803
39416667 1.042290576 1.853594592 0.500000000 0.500000000 0.000000000 0.000000000 0.476984680 -0.340628207 0.810221136 -4.705590801 0.273803115 0.933560967 0.231291607 -0.333724116 -0.835175216 0.111518458 0.538559318 0.371524932
39450000 1.042290576 1.853594592 0.500000000 0.500000000 0.000000000 0.000000000 0.466409087 -0.343822956 0.815014482 -4.890311316 0.273873091 0.932224512 0.236539707 -0.376920088 -0.841104269 0.112886205 0.528961778 0.432107229
39483333 1.042290576 1.853594592 0.500000000 0.500000000 0.000000000 0.000000000 0.455653310 -0.347687513 0.819447517 -5.062133955 0.274582535 0.930572450 0.242155865 -0.420509509 -0.846749783 0.114666626 0.519487202 0.501117297
39516667 1.042290576 1.853594592 0.500000000 0.500000000 0.000000000 0.000000000 0.444613695 -0.351264954 0.823972642 -5.233946617 0.275401294 0.928946853 0.247410208 -0.457153643 -0.852333367 0.116921373 0.509761393 0.580712937
39550000 1.042290576 1.853594592 0.500000000 0.500000000 0.000000000 0.000000000 0.432910323 -0.354675442 0.828729868 -5.401585840 0.276339859 0.927295685 0.252505183 -0.488933605 -0.858035088 0.119699255 0.499446929 0.650056565
39583333 1.042290576 1.853594592 0.500000000 0.500000000 0.000000000 0.000000000 0.420279205 -0.358315498 0.833652139 -5.572042848 0.277727634 0.925435960 0.257751286 -0.518726205 -0.863847971 0.123200588 0.488455534 0.725255563
39616667 1.042290576 1.853594592 0.500000000 0.500000000 0.000000000 0.000000000 0.408028185 -0.360826612 0.838639736 -5.721316779 0.279396892 0.923864007 0.261557937 -0.529740569 -0.869166136 0.127590537 0.477776468 0.833648470
39650000 1.042290576 1.853594592 0.500000000 0.500000000 0.000000000 0.000000000 0.394761562 -0.364092588 0.843564332 -5.878425094 0.281473994 0.921909571 0.266186416 -0.557956643 -0.874606550 0.132360935 0.466416955 0.912331922
39683333 1.042290576 1.853594592 0.500000000 0.500000000 0.000000000 0.000000000 0.381107807 -0.366472960 0.848795772 -6.031319198 0.284333169 0.920046806 0.269570947 -0.582364035 -0.879722357 0.138605222 0.454837441 1.010700014
39716667 1.042290576 1.853594592 0.500000000 0.500000000 0.000000000 0.000000000 0.366591573 -0.368024617 0.854498923 -6.180308971 0.288123041 0.918195486 0.271849453 -0.602654924 -0.884644330 0.146543175 0.442639112 1.116959951
39750000 1.042290576 1.853594592 0.500000000 0.500000000 0.000000000 0.000000000 0.351274490 -0.370758533 0.859735727 -6.317907665 0.292905450 0.915678680 0.275207281 -0.639952023 -0.889277101 0.155147582 0.430251658 1.233431133
