https://www.youtube.com/watch?v=o0u-EI9Z9O8
78766667 0.855728958 1.532296918 0.500000000 0.500000000 0.000000000 0.000000000 0.783574224 0.012830327 -0.621165872 -5.751941106 0.027277242 0.998112321 0.055025361 0.187683158 0.620699286 -0.060060143 0.781745136 -2.102240602
78833333 0.855728958 1.532296918 0.500000000 0.500000000 0.000000000 0.000000000 0.759323359 0.017809171 -0.650469542 -5.420329013 0.024151683 0.998165309 0.055522077 0.202872935 0.650264978 -0.057869144 0.757500172 -1.968999625
78900000 0.855728958 1.532296918 0.500000000 0.500000000 0.000000000 0.000000000 0.740106702 0.023047587 -0.672094703 -5.091182220 0.021807352 0.998064399 0.058239967 0.232090160 0.672136068 -0.057760395 0.738171518 -1.823110630
78966667 0.855728958 1.532296918 0.500000000 0.500000000 0.000000000 0.000000000 0.723598719 0.030291766 -0.689555645 -4.761798051 0.019458465 0.997744143 0.064249374 0.255808847 0.689946294 -0.059908457 0.721376956 -1.658759153
79033333 0.855728958 1.532296918 0.500000000 0.500000000 0.000000000 0.000000000 0.712263584 0.034346431 -0.701071143 -4.462389266 0.018049663 0.997575521 0.067210399 0.258177953 0.701679826 -0.060525618 0.709916830 -1.494269616
79100000 0.855728958 1.532296918 0.500000000 0.500000000 0.000000000 0.000000000 0.696615577 0.033345681 -0.716669679 -4.187462731 0.021691505 0.997483730 0.067496181 0.235493258 0.717117071 -0.062564537 0.694139361 -1.370010912
79166667 0.855728958 1.532296918 0.500000000 0.500000000 0.000000000 0.000000000 0.683634043 0.033802662 -0.729041755 -3.934699909 0.024404533 0.997309387 0.069125645 0.220489975 0.729416788 -0.065048568 0.680969715 -1.246299763
79233333 0.855728958 1.532296918 0.500000000 0.500000000 0.000000000 0.000000000 0.671180427 0.034179322 -0.740505159 -3.684817324 0.029802533 0.996884704 0.073025346 0.181145746 0.740694225 -0.071082115 0.668070853 -1.133609279
79300000 0.855728958 1.532296918 0.500000000 0.500000000 0.000000000 0.000000000 0.656720996 0.032841660 -0.753418386 -3.410920984 0.037502304 0.996393025 0.076122098 0.135355136 0.753200829 -0.078245901 0.653120518 -1.017570584
79366667 0.855728958 1.532296918 0.500000000 0.500000000 0.000000000 0.000000000 0.639706254 0.031728558 -0.767964125 -3.093918874 0.040611632 0.996356666 0.074993663 0.080222868 0.767545581 -0.079162188 0.636087060 -0.884269649
79433333 0.855728958 1.532296918 0.500000000 0.500000000 0.000000000 0.000000000 0.619462550 0.031546980 -0.784392297 -2.754880954 0.040460475 0.996581197 0.072033986 0.022763976 0.783983052 -0.076359242 0.616068304 -0.748217288
79500000 0.855728958 1.532296918 0.500000000 0.500000000 0.000000000 0.000000000 0.595388651 0.038020913 -0.802538097 -2.402521432 0.037532013 0.996472955 0.075053133 -0.001373499 0.802561104 -0.074806653 0.591861725 -0.599998357
79566667 0.855728958 1.532296918 0.500000000 0.500000000 0.000000000 0.000000000 0.576896787 0.044731140 -0.815591216 -2.040559636 0.032272846 0.996471465 0.077479243 -0.014698229 0.816179156 -0.071018979 0.573417544 -0.415513057
79633333 0.855728958 1.532296918 0.500000000 0.500000000 0.000000000 0.000000000 0.558212161 0.044623967 -0.828497112 -1.666169207 0.037346814 0.996189117 0.078818999 -0.036711079 0.828857005 -0.074939452 0.554418325 -0.219262905
79700000 0.855728958 1.532296918 0.500000000 0.500000000 0.000000000 0.000000000 0.528357208 0.048701379 -0.847624779 -1.311661238 0.037055727 0.996079326 0.080329381 -0.041082695 0.848213673 -0.073851965 0.524481058 -0.035661622
79766667 0.855728958 1.532296918 0.500000000 0.500000000 0.000000000 0.000000000 0.505402148 0.061140202 -0.860715151 -0.961543986 0.023820445 0.996117830 0.084745519 -0.044282101 0.862555146 -0.063333191 0.501983762 0.127746034
79833333 0.855728958 1.532296918 0.500000000 0.500000000 0.000000000 0.000000000 0.480203509 0.064592563 -0.874775648 -0.591228020 0.016604370 0.996436894 0.082690790 -0.052404188 0.876999974 -0.054233503 0.477419972 0.283904998
79900000 0.855728958 1.532296918 0.500000000 0.500000000 0.000000000 0.000000000 0.459753096 0.050638337 -0.886601806 -0.169097998 0.019892078 0.997535169 0.067289472 -0.060656891 0.887823939 -0.048572894 0.457612634 0.460154007
79966667 0.855728958 1.532296918 0.500000000 0.500000000 0.000000000 0.000000000 0.427276313 0.044637971 -0.903018355 0.257776922 0.022866078 0.997927487 0.060148917 -0.058539901 0.903831720 -0.046348691 0.425370097 0.617179779
80033333 0.855728958 1.532296918 0.500000000 0.500000000 0.000000000 0.000000000 0.400270045 0.044086542 -0.915336370 0.723849272 0.029128326 0.997725308 0.060792383 -0.054589212 0.915934443 -0.050995592 0.398075402 0.792190423
80100000 0.855728958 1.532296918 0.500000000 0.500000000 0.000000000 0.000000000 0.368181586 0.044775199 -0.928675473 1.212890849 0.031659421 0.997656703 0.060652755 -0.079328340 0.929215014 -0.051732555 0.365901232 1.006930510
80166667 0.855728958 1.532296918 0.500000000 0.500000000 0.000000000 0.000000000 0.334076524 0.043257866 -0.941552341 1.702508707 0.035148714 0.997679710 0.058307759 -0.103004927 0.941889942 -0.052573606 0.331780910 1.230529044
80233333 0.855728958 1.532296918 0.500000000 0.500000000 0.000000000 0.000000000 0.309991062 0.056432351 -0.949062586 2.199567368 0.033230394 0.996983826 0.070135728 -0.132303822 0.950158000 -0.053279158 0.307180762 1.443118455
80300000 0.855728958 1.532296918 0.500000000 0.500000000 0.000000000 0.000000000 0.288008213 0.077069581 -0.954521418 2.671918874 0.033924177 0.995309532 0.090598792 -0.165496896 0.957026601 -0.058474541 0.284042776 1.711438938
80366667 0.855728958 1.532296918 0.500000000 0.500000000 0.000000000 0.000000000 0.270936131 0.081959240 -0.959101796 3.136029934 0.033647388 0.994953454 0.094527937 -0.206700960 0.962009072 -0.057882302 0.266811132 1.931830154
80433333 0.855728958 1.532296918 0.500000000 0.500000000 0.000000000 0.000000000 0.252517819 0.086565010 -0.963712215 3.566320068 0.029189264 0.994855225 0.097010761 -0.232292982 0.967151880 -0.052626994 0.248691857 2.099310097
80500000 0.855728958 1.532296918 0.500000000 0.500000000 0.000000000 0.000000000 0.230377257 0.093389407 -0.968609095 3.948985663 0.027251940 0.994374573 0.102355205 -0.287412532 0.972719073 -0.049976744 0.226536214 2.290877163
80566667 0.855728958 1.532296918 0.500000000 0.500000000 0.000000000 0.000000000 0.217095613 0.077440113 -0.973074317 4.369614575 0.032352850 0.995729744 0.086461194 -0.270930410 0.975614667 -0.050252102 0.213663161 2.420232778
80633333 0.855728958 1.532296918 0.500000000 0.500000000 0.000000000 0.000000000 0.187874019 0.067207769 -0.979891598 4.738575761 0.036765315 0.996475816 0.075394288 -0.257705429 0.981505334 -0.050190672 0.184740961 2.610872853
80700000 0.855728958 1.532296918 0.500000000 0.500000000 0.000000000 0.000000000 0.165826082 0.070866756 -0.983605504 5.137530813 0.039541520 0.996134698 0.078435779 -0.291516110 0.985362053 -0.051899955 0.162382901 2.781330748
80766667 0.855728958 1.532296918 0.500000000 0.500000000 0.000000000 0.000000000 0.149996459 0.062951714 -0.986680567 5.578552225 0.045454673 0.996476531 0.070486814 -0.235739192 0.987641275 -0.055422023 0.146606505 2.938360752
80833333 0.855728958 1.532296918 0.500000000 0.500000000 0.000000000 0.000000000 0.129732251 0.068844900 -0.989155471 5.989271908 0.046302438 0.996077836 0.075399376 -0.255031390 0.990466654 -0.055582024 0.126035750 3.141645345
80900000 0.855728958 1.532296918 0.500000000 0.500000000 0.000000000 0.000000000 0.115247130 0.065145120 -0.991198242 6.432488242 0.048360202 0.996295989 0.071103022 -0.221363971 0.992158830 -0.056128968 0.111669838 3.309189293
