https://www.youtube.com/watch?v=fChXMDj5yZU
12916667 0.657154266 1.168673809 0.500000000 0.500000000 0.000000000 0.000000000 0.996688128 -0.045069981 0.067686990 -7.290880519 0.045011360 0.998983622 0.002391697 0.333326024 -0.067725986 0.000662906 0.997703731 -0.028708213
13000000 0.657154266 1.168673809 0.500000000 0.500000000 0.000000000 0.000000000 0.996187925 -0.052503586 0.069663085 -5.881389529 0.052472673 0.998619795 0.002274858 0.250236031 -0.069686376 0.001389219 0.997568011 -0.051380110
13083333 0.657154266 1.168673809 0.500000000 0.500000000 0.000000000 0.000000000 0.995616376 -0.056344546 0.074654937 -4.981299823 0.056260586 0.998410881 0.003228814 0.085759915 -0.074718222 0.000985474 0.997204185 -0.021789028
13166667 0.657154266 1.168673809 0.500000000 0.500000000 0.000000000 0.000000000 0.995136201 -0.060166702 0.077999428 -4.007110033 0.060002871 0.998188317 0.004444512 -0.097632103 -0.078125522 0.000257293 0.996943474 -0.020552421
13250000 0.657154266 1.168673809 0.500000000 0.500000000 0.000000000 0.000000000 0.994799614 -0.063729092 0.079450190 -3.021290131 0.063470677 0.997967005 0.005776293 -0.262945027 -0.079656780 -0.000703499 0.996822119 -0.026919323
13333333 0.657154266 1.168673809 0.500000000 0.500000000 0.000000000 0.000000000 0.994430482 -0.066698492 0.081604399 -2.141099668 0.066255108 0.997769594 0.008132157 -0.383558001 -0.081964783 -0.002680157 0.996631622 -0.036316944
13416667 0.657154266 1.168673809 0.500000000 0.500000000 0.000000000 0.000000000 0.994018197 -0.069419563 0.084313720 -1.310189977 0.068819150 0.997578919 0.010010265 -0.349581995 -0.084804505 -0.004147984 0.996388972 -0.030200086
13500000 0.657154266 1.168673809 0.500000000 0.500000000 0.000000000 0.000000000 0.993591726 -0.072892353 0.086384147 -0.267414006 0.072369680 0.997335732 0.009171093 -0.174613005 -0.086822495 -0.002860728 0.996219695 -0.022145703
13583333 0.657154266 1.168673809 0.500000000 0.500000000 0.000000000 0.000000000 0.993265986 -0.075123250 0.088199399 0.488762986 0.074592650 0.997170687 0.009301150 -0.090077603 -0.088648595 -0.002659494 0.996059418 -0.029589100
13666667 0.657154266 1.168673809 0.500000000 0.500000000 0.000000000 0.000000000 0.992606044 -0.078066900 0.092945404 1.164140070 0.077464849 0.996944189 0.010073378 -0.030995087 -0.093447782 -0.002798899 0.995620251 -0.025112813
13750000 0.657154266 1.168673809 0.500000000 0.500000000 0.000000000 0.000000000 0.992330313 -0.079430081 0.094717465 2.091200094 0.078768797 0.996835411 0.010706069 0.043410898 -0.095268108 -0.003163181 0.995446622 -0.030082995
13833333 0.657154266 1.168673809 0.500000000 0.500000000 0.000000000 0.000000000 0.992147207 -0.080418631 0.095795318 3.066349934 0.079710975 0.996755123 0.011197422 0.151478994 -0.096384957 -0.003473551 0.995338082 -0.017337600
13916667 0.657154266 1.168673809 0.500000000 0.500000000 0.000000000 0.000000000 0.991847634 -0.082069792 0.097482555 3.971400230 0.081359781 0.996621370 0.011243137 0.248019034 -0.098075919 -0.003220316 0.995173752 -0.020465716
14000000 0.657154266 1.168673809 0.500000000 0.500000000 0.000000000 0.000000000 0.991501570 -0.085160680 0.098347947 4.997940110 0.084341072 0.996358931 0.012468973 0.298319007 -0.099051714 -0.004068244 0.995073974 -0.007256816
14083333 0.657154266 1.168673809 0.500000000 0.500000000 0.000000000 0.000000000 0.991049111 -0.087173134 0.101106361 5.636850020 0.086143509 0.996177018 0.014513710 0.321854014 -0.101985037 -0.005674143 0.994769752 -0.031733820
