https://www.youtube.com/watch?v=oz-mD_FKwII
95760000 0.747687287 1.344389375 0.500000000 0.500000000 0.000000000 0.000000000 0.996304572 -0.013978440 0.084745377 2.231659894 0.018353492 0.998526514 -0.051068585 -0.398472024 -0.083906651 0.052435238 0.995093048 5.410049461
95840000 0.747687287 1.344389375 0.500000000 0.500000000 0.000000000 0.000000000 0.995422423 -0.009975538 0.095051043 2.265940159 0.015736556 0.998071074 -0.060054321 -0.456303028 -0.094268627 0.061275195 0.993659317 5.320690710
95920000 0.747687287 1.344389375 0.500000000 0.500000000 0.000000000 0.000000000 0.994437933 -0.009119067 0.104928635 2.303209866 0.015925076 0.997809350 -0.064209484 -0.480783955 -0.104113244 0.065523349 0.992404699 5.225560024
96000000 0.747687287 1.344389375 0.500000000 0.500000000 0.000000000 0.000000000 0.993176520 -0.020487618 0.114806965 2.343499952 0.027888119 0.997609258 -0.063229442 -0.450922970 -0.113237068 0.065999746 0.991373479 5.134240043
96080000 0.747687287 1.344389375 0.500000000 0.500000000 0.000000000 0.000000000 0.992276430 -0.027762108 0.120899558 2.362709841 0.035513438 0.997416794 -0.062438257 -0.424750999 -0.118853837 0.066249572 0.990699112 5.047969602
96160000 0.747687287 1.344389375 0.500000000 0.500000000 0.000000000 0.000000000 0.991517425 -0.036800466 0.124655001 2.368669807 0.044606321 0.997175992 -0.060417980 -0.385512023 -0.122079559 0.065465882 0.990358949 4.959840262
96240000 0.747687287 1.344389375 0.500000000 0.500000000 0.000000000 0.000000000 0.991500974 -0.036842864 0.124773562 2.355119949 0.044285763 0.997367859 -0.057411969 -0.354453074 -0.122329921 0.062449709 0.990522802 4.861120435
96320000 0.747687287 1.344389375 0.500000000 0.500000000 0.000000000 0.000000000 0.991718113 -0.038640760 0.122483119 2.330060011 0.045198023 0.997664273 -0.051216722 -0.303035957 -0.120217979 0.056328550 0.991148174 4.753359734
96400000 0.747687287 1.344389375 0.500000000 0.500000000 0.000000000 0.000000000 0.991682708 -0.042062622 0.121639319 2.309950094 0.047789354 0.997863412 -0.044550769 -0.248021026 -0.119505502 0.049993291 0.991574049 4.634980406
96480000 0.747687287 1.344389375 0.500000000 0.500000000 0.000000000 0.000000000 0.991519570 -0.045696680 0.121658340 2.302129913 0.050940510 0.997886419 -0.040345926 -0.204752988 -0.119557530 0.046201114 0.991751730 4.492509604
96560000 0.747687287 1.344389375 0.500000000 0.500000000 0.000000000 0.000000000 0.990837455 -0.047580529 0.126401320 2.320650040 0.052714702 0.997901976 -0.037586588 -0.167122003 -0.124347739 0.043905403 0.991266847 4.332249848
96640000 0.747687287 1.344389375 0.500000000 0.500000000 0.000000000 0.000000000 0.989937544 -0.048160415 0.133057341 2.352520191 0.053329002 0.997943759 -0.035556011 -0.128418976 -0.131071344 0.042294048 0.990470350 4.169020658
96720000 0.747687287 1.344389375 0.500000000 0.500000000 0.000000000 0.000000000 0.988245904 -0.060029652 0.140593275 2.395290029 0.065256901 0.997327149 -0.032865472 -0.065934872 -0.138244584 0.041653849 0.989521801 4.030889710
96800000 0.747687287 1.344389375 0.500000000 0.500000000 0.000000000 0.000000000 0.984216154 -0.087363228 0.153903201 2.459690198 0.092803478 0.995276093 -0.028512312 0.027720767 -0.150685236 0.042345040 0.987674475 3.911200389
96880000 0.747687287 1.344389375 0.500000000 0.500000000 0.000000000 0.000000000 0.979194939 -0.100153416 0.176483825 2.556379939 0.107896179 0.993552506 -0.034811713 0.054305692 -0.171859428 0.053129405 0.983687758 3.777810192
96960000 0.747687287 1.344389375 0.500000000 0.500000000 0.000000000 0.000000000 0.975424945 -0.094920620 0.198837385 2.645180067 0.106281117 0.993213415 -0.047238693 0.025425297 -0.193004027 0.067210451 0.978893340 3.643719780
97040000 0.747687287 1.344389375 0.500000000 0.500000000 0.000000000 0.000000000 0.973032951 -0.078613572 0.216856524 2.706090003 0.093793251 0.993745506 -0.060602479 -0.027687670 -0.210736021 0.079307891 0.974320590 3.520240028
97120000 0.747687287 1.344389375 0.500000000 0.500000000 0.000000000 0.000000000 0.970486701 -0.072022267 0.230148733 2.741210288 0.090100653 0.993538260 -0.069018923 -0.050197795 -0.223690689 0.087718479 0.970704913 3.406460509
97200000 0.747687287 1.344389375 0.500000000 0.500000000 0.000000000 0.000000000 0.966107965 -0.076457299 0.246555597 2.775599953 0.096141569 0.992987394 -0.068795875 -0.017325532 -0.239566654 0.090168476 0.966683745 3.284009805
97280000 0.747687287 1.344389375 0.500000000 0.500000000 0.000000000 0.000000000 0.962272167 -0.065501869 0.264086753 2.807050155 0.087278590 0.993609190 -0.071576893 -0.021944741 -0.257710606 0.091925561 0.961839378 3.150810029
97360000 0.747687287 1.344389375 0.500000000 0.500000000 0.000000000 0.000000000 0.957663000 -0.061008025 0.281353027 2.825919928 0.084363118 0.993855894 -0.071647473 -0.004429538 -0.275253266 0.092349969 0.956925869 3.014189889
97440000 0.747687287 1.344389375 0.500000000 0.500000000 0.000000000 0.000000000 0.953439653 -0.051137738 0.297216862 2.831910057 0.071980424 0.995623589 -0.059603214 0.040023357 -0.292868167 0.078221843 0.952947915 2.874550424
97520000 0.747687287 1.344389375 0.500000000 0.500000000 0.000000000 0.000000000 0.948312402 -0.047763441 0.313723117 2.832289710 0.066369519 0.996596575 -0.048890732 0.088541094 -0.310320228 0.067185350 0.948254943 2.743979903
97600000 0.747687287 1.344389375 0.500000000 0.500000000 0.000000000 0.000000000 0.941368580 -0.047132213 0.334071487 2.845400153 0.066084586 0.996772051 -0.045588665 0.107855045 -0.330844432 0.064992718 0.941444576 2.612129875
97680000 0.747687287 1.344389375 0.500000000 0.500000000 0.000000000 0.000000000 0.933386922 -0.048157889 0.355625898 2.860420598 0.067977741 0.996740639 -0.043440644 0.121547941 -0.352374762 0.064721562 0.933618367 2.485760500
97760000 0.747687287 1.344389375 0.500000000 0.500000000 0.000000000 0.000000000 0.926133513 -0.047119778 0.374240965 2.865119670 0.067788914 0.996804595 -0.042251807 0.124078084 -0.371054202 0.064500228 0.926368356 2.375229639
97840000 0.747687287 1.344389375 0.500000000 0.500000000 0.000000000 0.000000000 0.919879794 -0.038320657 0.390323639 2.859659607 0.063140705 0.996703148 -0.050951369 0.084116285 -0.387084305 0.071514457 0.919266701 2.275909417
97920000 0.747687287 1.344389375 0.500000000 0.500000000 0.000000000 0.000000000 0.914607584 -0.029712984 0.403249532 2.839900042 0.058536477 0.996520162 -0.059338752 0.043032456 -0.400083154 0.077876471 0.913164139 2.185720088
98000000 0.747687287 1.344389375 0.500000000 0.500000000 0.000000000 0.000000000 0.911836088 -0.028322469 0.409576207 2.789409669 0.059062321 0.996289849 -0.062595785 0.030091979 -0.406283766 0.081267625 0.910125792 2.108849790
98080000 0.747687287 1.344389375 0.500000000 0.500000000 0.000000000 0.000000000 0.917136252 -0.023929909 0.397854954 2.678510148 0.054228596 0.996405661 -0.065076835 0.014332789 -0.394867629 0.081259422 0.915137470 2.076770384
98200000 0.747687287 1.344389375 0.500000000 0.500000000 0.000000000 0.000000000 0.930086851 -0.017916542 0.366902649 2.462160462 0.037122648 0.998280883 -0.045356892 0.051896349 -0.365459263 0.055806242 0.929153025 2.042670172
98280000 0.747687287 1.344389375 0.500000000 0.500000000 0.000000000 0.000000000 0.937451601 -0.033684637 0.346482188 2.326500144 0.042997580 0.998890221 -0.019224387 0.153387941 -0.345450073 0.032919817 0.937859595 2.021900104
98360000 0.747687287 1.344389375 0.500000000 0.500000000 0.000000000 0.000000000 0.943003714 -0.054660212 0.328262448 2.200100056 0.058499295 0.998285770 -0.001823360 0.253737004 -0.327600062 0.020922558 0.944584787 1.989219898
98440000 0.747687287 1.344389375 0.500000000 0.500000000 0.000000000 0.000000000 0.949118793 -0.064359583 0.308271676 2.072930317 0.062600277 0.997916698 0.015604421 0.333916978 -0.308633715 0.004487432 0.951170385 1.954500067
98520000 0.747687287 1.344389375 0.500000000 0.500000000 0.000000000 0.000000000 0.955756724 -0.057205707 0.288542211 1.955710045 0.051735215 0.998307705 0.026556309 0.373398999 -0.289573073 -0.010453575 0.957098842 1.933259895
98600000 0.747687287 1.344389375 0.500000000 0.500000000 0.000000000 0.000000000 0.962221146 -0.053430803 0.266974956 1.844399965 0.044203140 0.998202980 0.040459175 0.416747018 -0.268656939 -0.027129535 0.962853789 1.921489814
98680000 0.747687287 1.344389375 0.500000000 0.500000000 0.000000000 0.000000000 0.967620790 -0.044822928 0.248396799 1.747010056 0.034951221 0.998419404 0.044012487 0.420192006 -0.249976948 -0.033905633 0.967657983 1.921230093
98760000 0.747687287 1.344389375 0.500000000 0.500000000 0.000000000 0.000000000 0.972048998 -0.038323324 0.231629074 1.657489891 0.028088670 0.998484552 0.047324304 0.415868013 -0.233091682 -0.039495390 0.971652389 1.911259869
98840000 0.747687287 1.344389375 0.500000000 0.500000000 0.000000000 0.000000000 0.975166976 -0.032938745 0.219007820 1.577620081 0.023864275 0.998748541 0.043952160 0.399012009 -0.220181465 -0.037634224 0.974732637 1.900489903
98920000 0.747687287 1.344389375 0.500000000 0.500000000 0.000000000 0.000000000 0.976563692 -0.026882214 0.213543266 1.514370024 0.019130228 0.999083698 0.038285922 0.366221003 -0.214376807 -0.033303518 0.976183116 1.870230112
99000000 0.747687287 1.344389375 0.500000000 0.500000000 0.000000000 0.000000000 0.975922585 -0.017903974 0.217380971 1.467749867 0.010566374 0.999336004 0.034870207 0.325129997 -0.217860937 -0.031733692 0.975463748 1.822919865
99080000 0.747687287 1.344389375 0.500000000 0.500000000 0.000000000 0.000000000 0.973374069 -0.011559829 0.228930831 1.429620057 0.003571037 0.999371111 0.035279665 0.286384005 -0.229194671 -0.033522788 0.972803175 1.760889892
99160000 0.747687287 1.344389375 0.500000000 0.500000000 0.000000000 0.000000000 0.969128430 -0.010909924 0.246314958 1.393470072 0.001582430 0.999275208 0.038034357 0.255403035 -0.246551380 -0.036470398 0.968443215 1.686490003
99240000 0.747687287 1.344389375 0.500000000 0.500000000 0.000000000 0.000000000 0.964250982 -0.017734773 0.264396667 1.346360105 0.006387875 0.999023676 0.043714415 0.234997020 -0.264913797 -0.040462736 0.963422775 1.609129942
99320000 0.747687287 1.344389375 0.500000000 0.500000000 0.000000000 0.000000000 0.958776593 -0.035141028 0.281979799 1.282940005 0.019917658 0.998194039 0.056674208 0.234942998 -0.283462167 -0.048721526 0.957744956 1.533370011
99400000 0.747687287 1.344389375 0.500000000 0.500000000 0.000000000 0.000000000 0.951494873 -0.056035839 0.302518725 1.210110087 0.037006453 0.996979833 0.068277299 0.235709003 -0.305431008 -0.053770363 0.950694859 1.459320069
99480000 0.747687287 1.344389375 0.500000000 0.500000000 0.000000000 0.000000000 0.942380607 -0.065724522 0.328023016 1.142189885 0.045203302 0.996535838 0.069806464 0.220154006 -0.331474721 -0.050956525 0.942086995 1.387799954
99560000 0.747687287 1.344389375 0.500000000 0.500000000 0.000000000 0.000000000 0.933527768 -0.070605733 0.351483494 1.073749942 0.050414108 0.996526420 0.066283338 0.202852985 -0.354942590 -0.044157606 0.933844626 1.318819843
99640000 0.747687287 1.344389375 0.500000000 0.500000000 0.000000000 0.000000000 0.924954593 -0.071009845 0.373385280 1.021059874 0.049502186 0.996531546 0.066891387 0.206573993 -0.376840144 -0.043388091 0.925261497 1.263459787
99720000 0.747687287 1.344389375 0.500000000 0.500000000 0.000000000 0.000000000 0.916872621 -0.065697908 0.393736243 0.979192883 0.041494384 0.996705890 0.069682211 0.215632030 -0.397017181 -0.047551852 0.916578472 1.213260055
99800000 0.747687287 1.344389375 0.500000000 0.500000000 0.000000000 0.000000000 0.908885300 -0.056801118 0.413160145 0.944850161 0.028358141 0.996805966 0.074657284 0.226881023 -0.416081131 -0.056138463 0.907593012 1.167030117
99880000 0.747687287 1.344389375 0.500000000 0.500000000 0.000000000 0.000000000 0.901026905 -0.054304145 0.430350542 0.917317973 0.022016421 0.996579051 0.079658285 0.239103990 -0.433204114 -0.062299475 0.899140120 1.119839947
99960000 0.747687287 1.344389375 0.500000000 0.500000000 0.000000000 0.000000000 0.893339813 -0.054604623 0.446051985 0.893144048 0.018912915 0.996279180 0.084083900 0.248533993 -0.448983699 -0.066679358 0.891048551 1.068459973
100040000 0.747687287 1.344389375 0.500000000 0.500000000 0.000000000 0.000000000 0.884607673 -0.053843617 0.463216960 0.874562805 0.011099381 0.995461643 0.094514303 0.267453005 -0.466203690 -0.078466646 0.881190598 1.010269836
100120000 0.747687287 1.344389375 0.500000000 0.500000000 0.000000000 0.000000000 0.875043869 -0.054722935 0.480940223 0.855087879 0.002681391 0.994121671 0.108235694 0.294458998 -0.484036088 -0.093421392 0.870046794 0.945697930
100200000 0.747687287 1.344389375 0.500000000 0.500000000 0.000000000 0.000000000 0.865366399 -0.056619208 0.497931004 0.828234018 -0.005211137 0.992526770 0.121915735 0.319530975 -0.501112640 -0.108096562 0.858604252 0.871930012
100280000 0.747687287 1.344389375 0.500000000 0.500000000 0.000000000 0.000000000 0.855070949 -0.054096155 0.515681386 0.793490012 -0.014988424 0.991548419 0.128868595 0.328480010 -0.518294334 -0.117921047 0.847033441 0.792232032
100360000 0.747687287 1.344389375 0.500000000 0.500000000 0.000000000 0.000000000 0.844412208 -0.052862480 0.533079088 0.752737720 -0.021439282 0.990987062 0.132230967 0.327292978 -0.535264552 -0.123086274 0.835668206 0.705665783
100440000 0.747687287 1.344389375 0.500000000 0.500000000 0.000000000 0.000000000 0.833570480 -0.055301923 0.549638033 0.708903053 -0.024914641 0.990200281 0.137414217 0.326613014 -0.551851034 -0.128238469 0.824023843 0.618536993
100520000 0.747687287 1.344389375 0.500000000 0.500000000 0.000000000 0.000000000 0.822116375 -0.059155189 0.566237807 0.660544978 -0.026796373 0.989464343 0.142275304 0.329616976 -0.568688393 -0.132139981 0.811869681 0.541675957
100600000 0.747687287 1.344389375 0.500000000 0.500000000 0.000000000 0.000000000 0.809725761 -0.054874826 0.584237397 0.611331240 -0.036008205 0.989095330 0.142807156 0.329417047 -0.585702956 -0.136671960 0.798919976 0.473988150
100680000 0.747687287 1.344389375 0.500000000 0.500000000 0.000000000 0.000000000 0.795378327 -0.043072667 0.604580581 0.558153785 -0.050864231 0.989210010 0.137391344 0.321070975 -0.603974998 -0.140029624 0.784605384 0.413901914
100760000 0.747687287 1.344389375 0.500000000 0.500000000 0.000000000 0.000000000 0.776447415 -0.026472939 0.629625976 0.504881200 -0.070108764 0.989286304 0.128052443 0.306621013 -0.626270235 -0.143568277 0.766272783 0.357608075
100840000 0.747687287 1.344389375 0.500000000 0.500000000 0.000000000 0.000000000 0.750297844 -0.008110676 0.661050200 0.451057976 -0.091865003 0.988944650 0.116401330 0.292726008 -0.654686213 -0.148063049 0.741257966 0.303317983
100920000 0.747687287 1.344389375 0.500000000 0.500000000 0.000000000 0.000000000 0.715641737 0.002841208 0.698461354 0.392657783 -0.107898608 0.988437593 0.106531724 0.291159936 -0.690082729 -0.151601598 0.707673788 0.259083845
101000000 0.747687287 1.344389375 0.500000000 0.500000000 0.000000000 0.000000000 0.672815681 0.006974936 0.739776969 0.323054838 -0.117385529 0.988294303 0.097442172 0.304071968 -0.730437756 -0.152399763 0.665758729 0.232419937
101240000 0.747687287 1.344389375 0.500000000 0.500000000 0.000000000 0.000000000 0.511852324 0.033490751 0.858420074 0.080448924 -0.156767607 0.986102641 0.055003926 0.335687982 -0.844648182 -0.162726402 0.509989262 0.236996866
101320000 0.747687287 1.344389375 0.500000000 0.500000000 0.000000000 0.000000000 0.460166335 0.031001065 0.887291670 0.019087823 -0.150549307 0.987641871 0.043570597 0.349269039 -0.874975681 -0.153630808 0.459146738 0.262733210
101400000 0.747687287 1.344389375 0.500000000 0.500000000 0.000000000 0.000000000 0.408703566 0.041024785 0.911745131 -0.034039705 -0.152662486 0.987987459 0.023977973 0.357000022 -0.899809062 -0.148989081 0.410056889 0.285553243
101480000 0.747687287 1.344389375 0.500000000 0.500000000 0.000000000 0.000000000 0.361553550 0.053683568 0.930804491 -0.086457794 -0.155187562 0.987879515 0.003304355 0.364413008 -0.919345260 -0.145643979 0.365502357 0.309263953
101560000 0.747687287 1.344389375 0.500000000 0.500000000 0.000000000 0.000000000 0.321758807 0.060214274 0.944905281 -0.145560057 -0.156792223 0.987585485 -0.009543210 0.357755958 -0.933749437 -0.145083144 0.327205479 0.331201198
101640000 0.747687287 1.344389375 0.500000000 0.500000000 0.000000000 0.000000000 0.289022028 0.064860120 0.955122709 -0.216749989 -0.152086556 0.988142312 -0.021080706 0.336028948 -0.945164442 -0.139168546 0.295459270 0.345220984
101720000 0.747687287 1.344389375 0.500000000 0.500000000 0.000000000 0.000000000 0.258784235 0.069135427 0.963457823 -0.288672987 -0.142193377 0.989295423 -0.032796398 0.317680992 -0.955411792 -0.128510132 0.265844703 0.359981955
101800000 0.747687287 1.344389375 0.500000000 0.500000000 0.000000000 0.000000000 0.224829972 0.062423091 0.972396553 -0.360394091 -0.129380167 0.991022110 -0.033704471 0.304819000 -0.965770423 -0.118231028 0.230887771 0.378622110
101880000 0.747687287 1.344389375 0.500000000 0.500000000 0.000000000 0.000000000 0.183127165 0.048158165 0.981908560 -0.433782656 -0.117464378 0.992715895 -0.026780996 0.296249937 -0.976045966 -0.110435024 0.187450111 0.397602684
101960000 0.747687287 1.344389375 0.500000000 0.500000000 0.000000000 0.000000000 0.135031939 0.048776135 0.989640534 -0.503254541 -0.102059379 0.994159818 -0.035073299 0.309924004 -0.985571563 -0.096266001 0.139221430 0.425271474
102040000 0.747687287 1.344389375 0.500000000 0.500000000 0.000000000 0.000000000 0.091257513 0.053422086 0.994393289 -0.567540906 -0.097600855 0.994232237 -0.044456400 0.335047019 -0.991032779 -0.092996664 0.095945239 0.461251900
102120000 0.747687287 1.344389375 0.500000000 0.500000000 0.000000000 0.000000000 0.052447259 0.051715322 0.997283876 -0.625910157 -0.096432917 0.994253337 -0.046486743 0.351827016 -0.993956864 -0.093732871 0.057132959 0.505205076
102200000 0.747687287 1.344389375 0.500000000 0.500000000 0.000000000 0.000000000 0.019911468 0.063636780 0.997774422 -0.676461933 -0.097122520 0.993375599 -0.061418060 0.371554978 -0.995073140 -0.095683455 0.025960147 0.550301939
102280000 0.747687287 1.344389375 0.500000000 0.500000000 0.000000000 0.000000000 -0.005092621 0.078027055 0.996937513 -0.734077973 -0.096834987 0.992227316 -0.078153074 0.391587934 -0.995286703 -0.096936554 0.002502680 0.594422078
102360000 0.747687287 1.344389375 0.500000000 0.500000000 0.000000000 0.000000000 -0.025943637 0.084108129 0.996119201 -0.797934530 -0.092585072 0.991969228 -0.086169064 0.399101026 -0.995367110 -0.094461247 -0.017948151 0.646268550
102440000 0.747687287 1.344389375 0.500000000 0.500000000 0.000000000 0.000000000 -0.042387128 0.082740918 0.995669603 -0.866030586 -0.079967752 0.993086636 -0.085930608 0.384841045 -0.995896220 -0.083263747 -0.035477519 0.709015612
102520000 0.747687287 1.344389375 0.500000000 0.500000000 0.000000000 0.000000000 -0.054915071 0.079644717 0.995310605 -0.941026118 -0.062322639 0.994596660 -0.083026178 0.355834119 -0.996545255 -0.066589616 -0.049654722 0.776241776
102600000 0.747687287 1.344389375 0.500000000 0.500000000 0.000000000 0.000000000 -0.065987825 0.074607126 0.995025873 -1.018477003 -0.043469355 0.996039152 -0.077565849 0.322260829 -0.996871710 -0.048371702 -0.062483311 0.845572530
102680000 0.747687287 1.344389375 0.500000000 0.500000000 0.000000000 0.000000000 -0.070307136 0.067822739 0.995217621 -1.101791209 -0.028185811 0.997152507 -0.069945812 0.289177095 -0.997127712 -0.032968644 -0.068195343 0.911132232
102760000 0.747687287 1.344389375 0.500000000 0.500000000 0.000000000 0.000000000 -0.062455297 0.062950231 0.996061623 -1.197812624 -0.010995356 0.997904956 -0.063756213 0.249436152 -0.997988284 -0.014933882 -0.061632276 0.965041093
102840000 0.747687287 1.344389375 0.500000000 0.500000000 0.000000000 0.000000000 -0.047960401 0.059346214 0.997084260 -1.303078842 0.007320797 0.998227477 -0.059062101 0.201973948 -0.998821974 0.004466787 -0.048309803 1.003699073
102920000 0.747687287 1.344389375 0.500000000 0.500000000 0.000000000 0.000000000 -0.024259567 0.054001387 0.998246014 -1.414859696 0.025962953 0.998237252 -0.053369947 0.148887991 -0.999368370 0.024622673 -0.025618911 1.017849883
103000000 0.747687287 1.344389375 0.500000000 0.500000000 0.000000000 0.000000000 0.006452978 0.050538316 0.998702168 -1.534112639 0.044133686 0.997734487 -0.050774597 0.101004127 -0.999005675 0.044404060 0.004207909 1.008431840
103080000 0.747687287 1.344389375 0.500000000 0.500000000 0.000000000 0.000000000 0.041701436 0.051892504 0.997782290 -1.658672210 0.060934819 0.996659279 -0.054380894 0.065487726 -0.997270882 0.063067436 0.038400054 0.980975284
103160000 0.747687287 1.344389375 0.500000000 0.500000000 0.000000000 0.000000000 0.079871535 0.056920256 0.995178223 -1.782208364 0.076352224 0.995085895 -0.063042827 0.041556288 -0.993876219 0.081019409 0.075133026 0.934419179
103280000 0.747687287 1.344389375 0.500000000 0.500000000 0.000000000 0.000000000 0.142377079 0.060257412 0.987977147 -1.958172132 0.096911959 0.992500842 -0.074499361 0.012496271 -0.985057235 0.106353782 0.135469675 0.815666762
103440000 0.747687287 1.344389375 0.500000000 0.500000000 0.000000000 0.000000000 0.237364292 0.060438078 0.969538689 -2.242669788 0.122349545 0.988254845 -0.091558613 -0.010319012 -0.963684916 0.140355378 0.227181852 0.571283810
103640000 0.747687287 1.344389375 0.500000000 0.500000000 0.000000000 0.000000000 0.364005148 0.038593568 0.930596530 -2.546767737 0.143730640 0.984845221 -0.097063832 -0.030117195 -0.920239627 0.169087023 0.352941632 0.182942924
103720000 0.747687287 1.344389375 0.500000000 0.500000000 0.000000000 0.000000000 0.407411873 0.027501091 0.912830055 -2.652858579 0.149442077 0.984065294 -0.096345723 -0.041537478 -0.900934041 0.175667644 0.396810055 0.018949103
103800000 0.747687287 1.344389375 0.500000000 0.500000000 0.000000000 0.000000000 0.445386529 0.015717119 0.895200908 -2.747802509 0.154959232 0.983403981 -0.094362244 -0.052960119 -0.881827295 0.180747256 0.435559392 -0.147225075
103960000 0.747687287 1.344389375 0.500000000 0.500000000 0.000000000 0.000000000 0.505067706 0.000693858 0.863079488 -2.913490357 0.167218551 0.980972648 -0.098643690 -0.059071267 -0.846725881 0.194144636 0.495341599 -0.431291156
104040000 0.747687287 1.344389375 0.500000000 0.500000000 0.000000000 0.000000000 0.531214297 0.006307229 0.847214341 -2.991441604 0.166099861 0.979791701 -0.111441091 -0.025666090 -0.830796480 0.199921235 0.519431710 -0.558784253
104120000 0.747687287 1.344389375 0.500000000 0.500000000 0.000000000 0.000000000 0.555841446 0.015288204 0.831147492 -3.066828745 0.166532204 0.977514863 -0.129351139 0.017289745 -0.814436615 0.210311592 0.540797353 -0.679165881
104200000 0.747687287 1.344389375 0.500000000 0.500000000 0.000000000 0.000000000 0.578615725 0.023174182 0.815271258 -3.145951431 0.170578852 0.974051297 -0.148751140 0.059607476 -0.797563195 0.225137740 0.559648395 -0.802177381
104280000 0.747687287 1.344389375 0.500000000 0.500000000 0.000000000 0.000000000 0.595920742 0.035618223 0.802253127 -3.230300756 0.172684371 0.969960928 -0.171335623 0.115252212 -0.784256816 0.240638986 0.571869135 -0.907851267
104360000 0.747687287 1.344389375 0.500000000 0.500000000 0.000000000 0.000000000 0.604925752 0.047351785 0.794872642 -3.326959682 0.174213976 0.966176212 -0.190139458 0.157665856 -0.776990533 0.253498167 0.576215506 -0.981226652
104440000 0.747687287 1.344389375 0.500000000 0.500000000 0.000000000 0.000000000 0.605985284 0.054263853 0.793623209 -3.444161755 0.181423694 0.961949050 -0.204302594 0.178735506 -0.774511337 0.267786354 0.573082209 -1.025020461
104520000 0.747687287 1.344389375 0.500000000 0.500000000 0.000000000 0.000000000 0.598475933 0.049866058 0.799587369 -3.582979958 0.196481198 0.958443642 -0.206835508 0.160251950 -0.776673555 0.280889958 0.563807726 -1.037170110
104600000 0.747687287 1.344389375 0.500000000 0.500000000 0.000000000 0.000000000 0.576722980 0.042685486 0.815823793 -3.744029738 0.216115594 0.955084860 -0.202748492 0.124419844 -0.787835360 0.293241978 0.541594386 -0.982924936
104680000 0.747687287 1.344389375 0.500000000 0.500000000 0.000000000 0.000000000 0.549735665 0.039631449 0.834397793 -3.914358601 0.237951607 0.950061262 -0.201897338 0.102203581 -0.800730467 0.309536517 0.512852252 -0.898782887
104760000 0.747687287 1.344389375 0.500000000 0.500000000 0.000000000 0.000000000 0.523572803 0.039262258 0.851076305 -4.074653415 0.257606536 0.944885135 -0.202066973 0.079017723 -0.812102973 0.325039506 0.484601974 -0.810460793
104840000 0.747687287 1.344389375 0.500000000 0.500000000 0.000000000 0.000000000 0.495672882 0.032164551 0.867913842 -4.215972584 0.279844612 0.940103114 -0.194661707 0.019300629 -0.822189808 0.339369446 0.456982553 -0.721930553
104920000 0.747687287 1.344389375 0.500000000 0.500000000 0.000000000 0.000000000 0.464354336 0.038090885 0.884829819 -4.339618823 0.295922905 0.934981465 -0.195548594 0.002820942 -0.834748089 0.352645278 0.422890723 -0.602079823
105000000 0.747687287 1.344389375 0.500000000 0.500000000 0.000000000 0.000000000 0.422927260 0.041279286 0.905223131 -4.450131459 0.310617387 0.931835413 -0.187615782 -0.050920030 -0.851263642 0.360525817 0.381276488 -0.442603926
105080000 0.747687287 1.344389375 0.500000000 0.500000000 0.000000000 0.000000000 0.373367250 0.046213821 0.926532388 -4.553185188 0.324521840 0.929147363 -0.177118048 -0.119654397 -0.869070530 0.366809905 0.331915796 -0.245493064
105160000 0.747687287 1.344389375 0.500000000 0.500000000 0.000000000 0.000000000 0.319007874 0.055621117 0.946118176 -4.649737021 0.333913118 0.927670002 -0.167123735 -0.181637753 -0.886981070 0.369235158 0.277361393 -0.019231154
105240000 0.747687287 1.344389375 0.500000000 0.500000000 0.000000000 0.000000000 0.257990420 0.054929152 0.964584827 -4.740901137 0.345285237 0.927205026 -0.145151496 -0.296878652 -0.902341008 0.370504558 0.220243812 0.218742936
105320000 0.747687287 1.344389375 0.500000000 0.500000000 0.000000000 0.000000000 0.197328448 0.049033359 0.979110479 -4.825330443 0.353923500 0.927826881 -0.117794335 -0.425657900 -0.914220810 0.369774342 0.165732563 0.452352048
105400000 0.747687287 1.344389375 0.500000000 0.500000000 0.000000000 0.000000000 0.140890539 0.050591603 0.988732100 -4.904614435 0.365814149 0.925356448 -0.099476099 -0.512599132 -0.919962287 0.375707328 0.111866832 0.695078694
105480000 0.747687287 1.344389375 0.500000000 0.500000000 0.000000000 0.000000000 0.094106853 0.047731414 0.994417131 -4.975899678 0.370062053 0.925603509 -0.079449266 -0.600096071 -0.924228251 0.375472784 0.069442093 0.896350554
105560000 0.747687287 1.344389375 0.500000000 0.500000000 0.000000000 0.000000000 0.058293521 0.064086065 0.996241033 -5.040466764 0.372841716 0.924328566 -0.081276655 -0.587141848 -0.926062763 0.376177877 0.029988348 1.105772074
105640000 0.747687287 1.344389375 0.500000000 0.500000000 0.000000000 0.000000000 0.013088822 0.077384725 0.996915817 -5.078213993 0.369439304 0.926081061 -0.076736912 -0.603929221 -0.929163098 0.369304180 -0.016467690 1.366811316
105720000 0.747687287 1.344389375 0.500000000 0.500000000 0.000000000 0.000000000 -0.042485952 0.083507225 0.995600641 -5.087905939 0.359052002 0.931203425 -0.062783614 -0.674746462 -0.932349622 0.354805112 -0.069546461 1.691688353
105800000 0.747687287 1.344389375 0.500000000 0.500000000 0.000000000 0.000000000 -0.110439420 0.082918003 0.990416884 -5.054219685 0.348782539 0.936370850 -0.039500788 -0.808149547 -0.930672765 0.341077924 -0.132332563 2.077655146
105880000 0.747687287 1.344389375 0.500000000 0.500000000 0.000000000 0.000000000 -0.183128476 0.073826030 0.980313599 -4.976914983 0.338979304 0.940763772 -0.007524386 -0.998991708 -0.922799051 0.330927908 -0.197306156 2.490632795
105960000 0.747687287 1.344389375 0.500000000 0.500000000 0.000000000 0.000000000 -0.246498823 0.074672163 0.966263175 -4.880669815 0.345880330 0.938146710 0.015736178 -1.164029151 -0.905321598 0.338090062 -0.257079720 2.868216473
106040000 0.747687287 1.344389375 0.500000000 0.500000000 0.000000000 0.000000000 -0.307548046 0.069712982 0.948976457 -4.755468811 0.350254953 0.935583293 0.044782549 -1.364679613 -0.884724677 0.346156180 -0.312154174 3.208447134
106120000 0.747687287 1.344389375 0.500000000 0.500000000 0.000000000 0.000000000 -0.346040487 0.061559156 0.936197519 -4.681186685 0.351564586 0.933650136 0.068554893 -1.537199989 -0.869860768 0.352856755 -0.344722748 3.427967587
106200000 0.747687287 1.344389375 0.500000000 0.500000000 0.000000000 0.000000000 -0.374022603 0.055275157 0.925768912 -4.631723795 0.354567170 0.930911541 0.087668121 -1.689190421 -0.856962979 0.361037701 -0.367780566 3.592325213
106280000 0.747687287 1.344389375 0.500000000 0.500000000 0.000000000 0.000000000 -0.393724799 0.070312709 0.916536689 -4.611781779 0.354038209 0.931750834 0.080607027 -1.673910166 -0.848316193 0.356225580 -0.391746879 3.774041172
106360000 0.747687287 1.344389375 0.500000000 0.500000000 0.000000000 0.000000000 -0.417642236 0.071393430 0.905802906 -4.559923604 0.333273590 0.939462543 0.079617232 -1.655939935 -0.845283806 0.335131556 -0.416152716 3.988813651
106440000 0.747687287 1.344389375 0.500000000 0.500000000 0.000000000 0.000000000 -0.442626238 0.062454134 0.894526422 -4.485743236 0.310516655 0.946526110 0.087564632 -1.687179763 -0.841223776 0.316524327 -0.438350320 4.213532815
106520000 0.747687287 1.344389375 0.500000000 0.500000000 0.000000000 0.000000000 -0.463390589 0.063956350 0.883841515 -4.421767284 0.295916915 0.951306403 0.086308911 -1.677339624 -0.835283995 0.301538765 -0.459752083 4.447085378
106600000 0.747687287 1.344389375 0.500000000 0.500000000 0.000000000 0.000000000 -0.482720017 0.070550635 0.872927904 -4.352736294 0.293290317 0.952216864 0.085227810 -1.689920105 -0.825203776 0.297162563 -0.480345964 4.683615731
106680000 0.747687287 1.344389375 0.500000000 0.500000000 0.000000000 0.000000000 -0.502390385 0.076448388 0.861255586 -4.271947395 0.300060481 0.949594438 0.090742320 -1.760980359 -0.810906470 0.304016620 -0.500006318 4.889119390
106760000 0.747687287 1.344389375 0.500000000 0.500000000 0.000000000 0.000000000 -0.527778745 0.080905847 0.845518768 -4.138732556 0.300652683 0.948800266 0.096881151 -1.824159547 -0.794390142 0.305339545 -0.525081158 5.137630028
106840000 0.747687287 1.344389375 0.500000000 0.500000000 0.000000000 0.000000000 -0.556532383 0.084433362 0.826523364 -3.971552495 0.301914334 0.947366118 0.106513619 -1.907579508 -0.774026930 0.308817774 -0.552731514 5.380089403
