https://www.youtube.com/watch?v=IXDzCXDh7lY
58850456 0.759015071 1.364757571 0.500000000 0.500000000 0.000000000 0.000000000 0.941465914 -0.003608952 0.337088853 1.570709887 0.013348245 0.999557614 -0.026579229 -0.073627803 -0.336843818 0.029522983 0.941097558 1.119119973
58975589 0.759015071 1.364757571 0.500000000 0.500000000 0.000000000 0.000000000 0.937512100 0.000195607 0.347952813 1.357840162 0.011806821 0.999406099 -0.032373745 -0.075910012 -0.347752482 0.034458991 0.936952949 0.946644992
59059000 0.759015071 1.364757571 0.500000000 0.500000000 0.000000000 0.000000000 0.934831619 0.000905104 0.355090111 1.228929934 0.011972137 0.999347866 -0.034065835 -0.078060595 -0.354889363 0.036097005 0.934211135 0.861578926
59142422 0.759015071 1.364757571 0.500000000 0.500000000 0.000000000 0.000000000 0.930844069 0.004233414 0.365391970 1.066139968 0.009855120 0.999278307 -0.036683701 -0.081367984 -0.365283549 0.037747785 0.930130601 0.747691901
59225833 0.759015071 1.364757571 0.500000000 0.500000000 0.000000000 0.000000000 0.926833630 0.006153015 0.375422031 0.929884107 0.008944068 0.999220192 -0.038457766 -0.069584412 -0.375365883 0.039001748 0.926055849 0.669084131
59309256 0.759015071 1.364757571 0.500000000 0.500000000 0.000000000 0.000000000 0.919973433 0.006926480 0.391919345 0.742605898 0.008008864 0.999302983 -0.036460523 -0.071383691 -0.391898721 0.036681544 0.919276774 0.574233000
59392667 0.759015071 1.364757571 0.500000000 0.500000000 0.000000000 0.000000000 0.913801014 0.006980041 0.406102061 0.598269894 0.007925594 0.999355495 -0.035010789 -0.054659693 -0.406084716 0.035211492 0.913156748 0.498929970
59476089 0.759015071 1.364757571 0.500000000 0.500000000 0.000000000 0.000000000 0.905437231 0.005839040 0.424440145 0.411375018 0.008193624 0.999478698 -0.031228939 -0.044120304 -0.424401224 0.031753547 0.904917359 0.419728043
59559500 0.759015071 1.364757571 0.500000000 0.500000000 0.000000000 0.000000000 0.896439493 0.004238081 0.443145931 0.224805001 0.008584907 0.999600589 -0.026926214 -0.038436101 -0.443083048 0.027942089 0.896045029 0.344718992
59642922 0.759015071 1.364757571 0.500000000 0.500000000 0.000000000 0.000000000 0.888692915 0.002671440 0.458494872 0.066324600 0.009760931 0.999646187 -0.024743900 -0.016079099 -0.458398730 0.026465066 0.888352394 0.260433955
59726333 0.759015071 1.364757571 0.500000000 0.500000000 0.000000000 0.000000000 0.878888190 -0.000345686 0.477027774 -0.133534022 0.011847166 0.999707103 -0.021103078 -0.002610590 -0.476880789 0.024198672 0.878634870 0.172807018
59809756 0.759015071 1.364757571 0.500000000 0.500000000 0.000000000 0.000000000 0.871097624 -0.003145728 0.491099685 -0.292284945 0.013935195 0.999735177 -0.018314030 0.006584458 -0.490911990 0.022796880 0.870910764 0.101628975
59893167 0.759015071 1.364757571 0.500000000 0.500000000 0.000000000 0.000000000 0.861211121 -0.006615791 0.508204460 -0.494908072 0.016349467 0.999758422 -0.014691241 0.009970673 -0.507984519 0.020961128 0.861111224 0.006730828
59976589 0.759015071 1.364757571 0.500000000 0.500000000 0.000000000 0.000000000 0.851365626 -0.010119358 0.524475276 -0.697046090 0.019105135 0.999748766 -0.011723419 0.022866704 -0.524224818 0.020001084 0.851345062 -0.094262362
60060000 0.759015071 1.364757571 0.500000000 0.500000000 0.000000000 0.000000000 0.843583941 -0.013135655 0.536836624 -0.856911987 0.021324860 0.999731660 -0.009047776 0.023319996 -0.536573768 0.019080527 0.843637645 -0.156270941
60143422 0.759015071 1.364757571 0.500000000 0.500000000 0.000000000 0.000000000 0.834335983 -0.017303452 0.550984681 -1.048180011 0.024250615 0.999691725 -0.005326909 0.022895607 -0.550722659 0.017806146 0.834498405 -0.231081056
60226833 0.759015071 1.364757571 0.500000000 0.500000000 0.000000000 0.000000000 0.827291727 -0.020688564 0.561391234 -1.191379661 0.026269365 0.999653161 -0.001872197 0.011859590 -0.561157823 0.016296256 0.827548265 -0.283919884
60310256 0.759015071 1.364757571 0.500000000 0.500000000 0.000000000 0.000000000 0.818493783 -0.025000891 0.573971093 -1.369389926 0.028812656 0.999581814 0.002452136 -0.001271302 -0.573792398 0.014530577 0.818871856 -0.341991053
60393667 0.759015071 1.364757571 0.500000000 0.500000000 0.000000000 0.000000000 0.811390281 -0.028209558 0.583823442 -1.512749685 0.030533718 0.999516547 0.005859924 -0.010583509 -0.583706498 0.013071625 0.811859369 -0.389090971
60477089 0.759015071 1.364757571 0.500000000 0.500000000 0.000000000 0.000000000 0.802103758 -0.032489691 0.596299887 -1.697709421 0.032648850 0.999411345 0.010536310 -0.027671510 -0.596291184 0.011017312 0.802692413 -0.451843986
60560500 0.759015071 1.364757571 0.500000000 0.500000000 0.000000000 0.000000000 0.792056382 -0.036435168 0.609359801 -1.896530504 0.034818601 0.999288559 0.014492182 -0.035419906 -0.609454334 0.009738421 0.792761505 -0.517462069
60643922 0.759015071 1.364757571 0.500000000 0.500000000 0.000000000 0.000000000 0.783869386 -0.038813893 0.619711637 -2.056090604 0.036112692 0.999204755 0.016903657 -0.035049297 -0.619874954 0.009129182 0.784647703 -0.570417088
60727333 0.759015071 1.364757571 0.500000000 0.500000000 0.000000000 0.000000000 0.773530543 -0.041970883 0.632367611 -2.259269485 0.037836995 0.999083221 0.020026848 -0.035293190 -0.632628441 0.008435520 0.774409413 -0.650243830
60810756 0.759015071 1.364757571 0.500000000 0.500000000 0.000000000 0.000000000 0.765154898 -0.044649541 0.642296016 -2.425349474 0.039110802 0.998973548 0.022852214 -0.040073302 -0.642657101 0.007635240 0.766115785 -0.718761793
60894167 0.759015071 1.364757571 0.500000000 0.500000000 0.000000000 0.000000000 0.754246950 -0.047288552 0.654885888 -2.646370442 0.040681496 0.998852491 0.025272187 -0.031373995 -0.655329466 0.007580251 0.755305231 -0.801597074
60977589 0.759015071 1.364757571 0.500000000 0.500000000 0.000000000 0.000000000 0.745219231 -0.049370091 0.664989531 -2.832600648 0.042121928 0.998749077 0.026945181 -0.019742990 -0.665487945 0.007930566 0.746366560 -0.871944109
61061000 0.759015071 1.364757571 0.500000000 0.500000000 0.000000000 0.000000000 0.733901560 -0.052133232 0.677252352 -3.072060601 0.043930531 0.998605847 0.029265119 -0.001884062 -0.677833855 0.008274330 0.735168636 -0.967315001
61144422 0.759015071 1.364757571 0.500000000 0.500000000 0.000000000 0.000000000 0.722842515 -0.054586995 0.688853085 -3.314628757 0.045659799 0.998469412 0.031209264 0.019980579 -0.689502299 0.008893538 0.724228561 -1.048779443
61227833 0.759015071 1.364757571 0.500000000 0.500000000 0.000000000 0.000000000 0.714475870 -0.056425225 0.697380900 -3.505638765 0.047457960 0.998355508 0.032155830 0.048255095 -0.698048472 0.010121737 0.715978742 -1.109899436
61311256 0.759015071 1.364757571 0.500000000 0.500000000 0.000000000 0.000000000 0.704398155 -0.058796871 0.707365692 -3.738140149 0.049378719 0.998208046 0.033800382 0.075488234 -0.708085477 0.011119877 0.706039190 -1.172989797
61394667 0.759015071 1.364757571 0.500000000 0.500000000 0.000000000 0.000000000 0.696750641 -0.059945744 0.714804530 -3.917161819 0.050426986 0.998129845 0.034552950 0.098054146 -0.715539098 0.011970609 0.698470473 -1.218090454
61478089 0.759015071 1.364757571 0.500000000 0.500000000 0.000000000 0.000000000 0.687514424 -0.060631476 0.723634839 -4.132188878 0.050768442 0.998083115 0.035392456 0.118724979 -0.724393606 0.012405012 0.689274728 -1.268229415
61561500 0.759015071 1.364757571 0.500000000 0.500000000 0.000000000 0.000000000 0.677890420 -0.060401298 0.732677460 -4.346710128 0.051084235 0.998080254 0.035016540 0.148809991 -0.733385921 0.013690896 0.679674625 -1.309859951
61644922 0.759015071 1.364757571 0.500000000 0.500000000 0.000000000 0.000000000 0.669374287 -0.059598211 0.740530729 -4.525178217 0.050601806 0.998119771 0.034589514 0.165586014 -0.741199851 0.014318887 0.671131492 -1.334249238
61728333 0.759015071 1.364757571 0.500000000 0.500000000 0.000000000 0.000000000 0.657457590 -0.058010153 0.751255095 -4.757049721 0.049280249 0.998207748 0.033951864 0.179524975 -0.751878202 0.014700131 0.659138083 -1.345910058
61811756 0.759015071 1.364757571 0.500000000 0.500000000 0.000000000 0.000000000 0.646533370 -0.056785829 0.760769546 -4.953601737 0.048104681 0.998275936 0.033632591 0.186112010 -0.761367738 0.014851958 0.648150325 -1.346600447
61895167 0.759015071 1.364757571 0.500000000 0.500000000 0.000000000 0.000000000 0.630768061 -0.054431029 0.774060071 -5.213670177 0.046052888 0.998404324 0.032678973 0.196938976 -0.774603665 0.015034846 0.632268310 -1.319970262
61978589 0.759015071 1.364757571 0.500000000 0.500000000 0.000000000 0.000000000 0.616390467 -0.053393599 0.785628140 -5.430408115 0.044747297 0.998461366 0.032750394 0.196070015 -0.786168039 0.014967720 0.617831290 -1.274299575
62062000 0.759015071 1.364757571 0.500000000 0.500000000 0.000000000 0.000000000 0.595853686 -0.053213142 0.801328123 -5.715839868 0.044372357 0.998459578 0.033309370 0.194855029 -0.801866233 0.015709303 0.597297072 -1.187520345
62145422 0.759015071 1.364757571 0.500000000 0.500000000 0.000000000 0.000000000 0.572019279 -0.053894762 0.818467736 -6.016370535 0.044384334 0.998410881 0.034723938 0.185962997 -0.819038510 0.016464375 0.573502362 -1.059190297
62228833 0.759015071 1.364757571 0.500000000 0.500000000 0.000000000 0.000000000 0.550963581 -0.056090362 0.832642257 -6.260070608 0.045900151 0.998265207 0.036875077 0.174956983 -0.833266079 0.017901571 0.552582324 -0.932141066
