https://www.youtube.com/watch?v=VADR5l4DCjk
7716044 0.966303917 1.718461183 0.500000000 0.500000000 0.000000000 0.000000000 0.997939408 0.002615412 0.064109907 3.624959660 -0.000854985 0.999622226 -0.027471604 -0.467129024 -0.064157531 0.027360184 0.997564673 -4.553930339
7799456 0.966303917 1.718461183 0.500000000 0.500000000 0.000000000 0.000000000 0.997898996 0.003541653 0.064691752 3.161330150 -0.001729222 0.999605000 -0.028050968 -0.416759016 -0.064765543 0.027880168 0.997510970 -4.431649798
7882878 0.966303917 1.718461183 0.500000000 0.500000000 0.000000000 0.000000000 0.997903526 0.004927147 0.064531162 2.733979707 -0.003160532 0.999618173 -0.027449658 -0.358824017 -0.064641774 0.027188158 0.997538090 -4.251589789
7966289 0.966303917 1.718461183 0.500000000 0.500000000 0.000000000 0.000000000 0.997854829 0.005862522 0.065202445 2.341079875 -0.004175530 0.999653757 -0.025979377 -0.284279995 -0.065332174 0.025651392 0.997533798 -4.046949782
8049711 0.966303917 1.718461183 0.500000000 0.500000000 0.000000000 0.000000000 0.997684419 0.006502090 0.067701936 1.980380126 -0.004978535 0.999731123 -0.022648327 -0.219716013 -0.067830995 0.022258826 0.997448504 -3.769380004
8133122 0.966303917 1.718461183 0.500000000 0.500000000 0.000000000 0.000000000 0.997505903 0.007296742 0.070205033 1.673669984 -0.006012721 0.999811113 -0.018483568 -0.161533000 -0.070326641 0.018015344 0.997361302 -3.387069871
8216544 0.966303917 1.718461183 0.500000000 0.500000000 0.000000000 0.000000000 0.997263491 0.008506837 0.073437832 1.396299780 -0.007520425 0.999877870 -0.013698021 -0.127091989 -0.073545389 0.013108253 0.997205734 -3.013010215
8299956 0.966303917 1.718461183 0.500000000 0.500000000 0.000000000 0.000000000 0.996952116 0.008874658 0.077509455 1.102380040 -0.008165601 0.999921918 -0.009460150 -0.109366999 -0.077587359 0.008798405 0.996946752 -2.606329928
8383378 0.966303917 1.718461183 0.500000000 0.500000000 0.000000000 0.000000000 0.996595681 0.005937918 0.082230404 0.795841999 -0.005448607 0.999966085 -0.006173601 -0.083328902 -0.082264274 0.005704542 0.996594250 -2.070689988
8466789 0.966303917 1.718461183 0.500000000 0.500000000 0.000000000 0.000000000 0.996066689 0.003721255 0.088528484 0.479936037 -0.003484120 0.999989927 -0.002832998 -0.041979099 -0.088538140 0.002513411 0.996069610 -1.379089958
8550211 0.966303917 1.718461183 0.500000000 0.500000000 0.000000000 0.000000000 0.995657384 0.001230708 0.093085296 0.193565007 -0.001245660 0.999999225 0.000102530 0.035244602 -0.093085103 -0.000218037 0.995658159 -0.706889974
