https://www.youtube.com/watch?v=OixE3zWi9os
27920000 1.165854027 2.073338317 0.500000000 0.500000000 0.000000000 0.000000000 0.759623647 -0.097850800 0.642959654 -6.105340059 0.101592422 0.994333625 0.031299509 -0.034265649 -0.642379105 0.041543968 0.765260220 2.056200415
28000000 1.165854027 2.073338317 0.500000000 0.500000000 0.000000000 0.000000000 0.753295779 -0.104580581 0.649313688 -5.942089373 0.108253703 0.993526876 0.034431066 -0.066615273 -0.648711443 0.044353839 0.759740829 1.995550042
28080000 1.165854027 2.073338317 0.500000000 0.500000000 0.000000000 0.000000000 0.747597277 -0.108875953 0.655167520 -5.770740595 0.112276174 0.992991686 0.036899801 -0.091676066 -0.654593408 0.045973491 0.754582047 1.936890113
28160000 1.165854027 2.073338317 0.500000000 0.500000000 0.000000000 0.000000000 0.742306828 -0.112425894 0.660561383 -5.583061618 0.115959987 0.992503107 0.038611334 -0.122930111 -0.659950197 0.047937173 0.749778748 1.883890749
28240000 1.165854027 2.073338317 0.500000000 0.500000000 0.000000000 0.000000000 0.737030506 -0.119141057 0.665275812 -5.380402634 0.123077825 0.991540730 0.041217633 -0.170012114 -0.664558768 0.051501974 0.745459318 1.808120618
28320000 1.165854027 2.073338317 0.500000000 0.500000000 0.000000000 0.000000000 0.736047983 -0.116149813 0.666890323 -5.163571013 0.122089133 0.991791964 0.037986737 -0.146241099 -0.665828645 0.053459968 0.744187117 1.707840494
28400000 1.165854027 2.073338317 0.500000000 0.500000000 0.000000000 0.000000000 0.734985232 -0.114694536 0.668313026 -4.922512376 0.121524557 0.991914093 0.036582209 -0.142213059 -0.667104840 0.054329000 0.742980361 1.608390560
28480000 1.165854027 2.073338317 0.500000000 0.500000000 0.000000000 0.000000000 0.735465407 -0.112144344 0.668216825 -4.662377799 0.120262928 0.992154717 0.034143593 -0.126690947 -0.666803479 0.055250358 0.743182361 1.505369278
28560000 1.165854027 2.073338317 0.500000000 0.500000000 0.000000000 0.000000000 0.737606764 -0.103484623 0.667253375 -4.352739458 0.114559077 0.993039250 0.027373023 -0.078477011 -0.665441513 0.056249410 0.744327545 1.428170076
28640000 1.165854027 2.073338317 0.500000000 0.500000000 0.000000000 0.000000000 0.736436725 -0.098839782 0.669247150 -4.066130395 0.111605622 0.993464828 0.023912489 -0.053633000 -0.667237043 0.057081684 0.742655098 1.357800148
28720000 1.165854027 2.073338317 0.500000000 0.500000000 0.000000000 0.000000000 0.733907461 -0.096643791 0.672339141 -3.772540394 0.111039206 0.993580997 0.021612495 -0.036023958 -0.670112073 0.058794424 0.739927769 1.286659977
28800000 1.165854027 2.073338317 0.500000000 0.500000000 0.000000000 0.000000000 0.730778635 -0.095583647 0.675889134 -3.469299150 0.111508936 0.993563294 0.019944198 -0.025010074 -0.673444986 0.060792916 0.736733258 1.236109646
28880000 1.165854027 2.073338317 0.500000000 0.500000000 0.000000000 0.000000000 0.725514770 -0.095453314 0.681555033 -3.179051041 0.112585016 0.993454874 0.019288914 -0.016210846 -0.678935409 0.062738448 0.731512785 1.182830645
28960000 1.165854027 2.073338317 0.500000000 0.500000000 0.000000000 0.000000000 0.718994856 -0.095928788 0.688363791 -2.907851805 0.114908412 0.993205905 0.018389190 -0.028385421 -0.685451031 0.065876961 0.725132942 1.151800872
29040000 1.165854027 2.073338317 0.500000000 0.500000000 0.000000000 0.000000000 0.710259676 -0.095480837 0.697434545 -2.671300788 0.117586188 0.992930770 0.016186638 -0.033821124 -0.694049716 0.070511892 0.716465950 1.103280221
29120000 1.165854027 2.073338317 0.500000000 0.500000000 0.000000000 0.000000000 0.700474977 -0.099739641 0.706673026 -2.460049971 0.122681230 0.992274702 0.018444177 -0.043622384 -0.703053355 0.073775858 0.707299769 1.042049749
29200000 1.165854027 2.073338317 0.500000000 0.500000000 0.000000000 0.000000000 0.689210773 -0.105473444 0.716842592 -2.262748619 0.128650546 0.991441786 0.022185430 -0.050390069 -0.713047683 0.076931834 0.696881652 0.989958431
29280000 1.165854027 2.073338317 0.500000000 0.500000000 0.000000000 0.000000000 0.679135323 -0.107473761 0.726102829 -2.056801388 0.131764770 0.991003811 0.023441268 -0.049103057 -0.722090006 0.079754867 0.687186956 0.915195653
29360000 1.165854027 2.073338317 0.500000000 0.500000000 0.000000000 0.000000000 0.669784307 -0.111942939 0.734069347 -1.867930132 0.136391014 0.990298688 0.026570227 -0.053771208 -0.729922295 0.082324132 0.678554535 0.830710037
29440000 1.165854027 2.073338317 0.500000000 0.500000000 0.000000000 0.000000000 0.659750164 -0.116884708 0.742339551 -1.672080707 0.141217232 0.989514887 0.030297544 -0.066775148 -0.738097370 0.084842280 0.669338703 0.729694350
29520000 1.165854027 2.073338317 0.500000000 0.500000000 0.000000000 0.000000000 0.650217533 -0.120547533 0.750123918 -1.477240615 0.145093918 0.988862574 0.033144303 -0.085225926 -0.745764911 0.087287337 0.660466433 0.622475173
29600000 1.165854027 2.073338317 0.500000000 0.500000000 0.000000000 0.000000000 0.642016888 -0.119107440 0.757381976 -1.309949608 0.145563617 0.988827527 0.032113809 -0.076867396 -0.752745211 0.089629695 0.652181745 0.474444970
29680000 1.165854027 2.073338317 0.500000000 0.500000000 0.000000000 0.000000000 0.632992208 -0.122731470 0.764367878 -1.095050429 0.149562567 0.988139510 0.034805045 -0.040126005 -0.759573758 0.092289448 0.643840611 0.354385128
29760000 1.165854027 2.073338317 0.500000000 0.500000000 0.000000000 0.000000000 0.620162189 -0.114668354 0.776047945 -0.931216354 0.144238934 0.989061058 0.030877532 -0.013017887 -0.771099448 0.092787191 0.629917860 0.238549043
29840000 1.165854027 2.073338317 0.500000000 0.500000000 0.000000000 0.000000000 0.610719562 -0.116985694 0.783158064 -0.763509449 0.144358501 0.988901138 0.035145782 0.009407481 -0.778577447 0.091591217 0.620829105 0.108449086
29920000 1.165854027 2.073338317 0.500000000 0.500000000 0.000000000 0.000000000 0.603866935 -0.114214860 0.788859427 -0.627734700 0.143579602 0.989078522 0.033294290 0.028163679 -0.784046590 0.093158886 0.613670766 -0.012560191
30000000 1.165854027 2.073338317 0.500000000 0.500000000 0.000000000 0.000000000 0.594010413 -0.113904670 0.796352148 -0.455965708 0.144069538 0.988983512 0.033993829 0.038045583 -0.791451216 0.094537497 0.603876710 -0.109893934
30080000 1.165854027 2.073338317 0.500000000 0.500000000 0.000000000 0.000000000 0.586332023 -0.120670363 0.801032782 -0.310247019 0.148763552 0.988065302 0.039955117 0.040915709 -0.796294093 0.095737509 0.597285628 -0.192516995
30160000 1.165854027 2.073338317 0.500000000 0.500000000 0.000000000 0.000000000 0.574375629 -0.125772938 0.808872342 -0.181810137 0.153121009 0.987192810 0.044769898 0.052912335 -0.804143786 0.098140508 0.586277962 -0.273508202
30240000 1.165854027 2.073338317 0.500000000 0.500000000 0.000000000 0.000000000 0.564790249 -0.134192914 0.814250708 -0.031040190 0.159103245 0.985885203 0.052120104 0.050160800 -0.809751868 0.100113004 0.578168869 -0.343522009
30320000 1.165854027 2.073338317 0.500000000 0.500000000 0.000000000 0.000000000 0.555972099 -0.135281101 0.820117950 0.102159915 0.163549975 0.985182822 0.051635765 0.050237058 -0.814951420 0.105422325 0.569859385 -0.429218754
30400000 1.165854027 2.073338317 0.500000000 0.500000000 0.000000000 0.000000000 0.547007203 -0.136556908 0.825915456 0.251288265 0.167075679 0.984564841 0.052133057 0.061116681 -0.820286393 0.109473065 0.561379313 -0.519220483
30480000 1.165854027 2.073338317 0.500000000 0.500000000 0.000000000 0.000000000 0.545440912 -0.140466824 0.826294839 0.394130984 0.170292184 0.983866274 0.054842710 0.065928183 -0.820667207 0.110798120 0.560561299 -0.598113921
30560000 1.165854027 2.073338317 0.500000000 0.500000000 0.000000000 0.000000000 0.544704974 -0.141043663 0.826682210 0.574212187 0.171600550 0.983643830 0.054755054 0.068974134 -0.820883751 0.112033717 0.559998870 -0.683833335
30640000 1.165854027 2.073338317 0.500000000 0.500000000 0.000000000 0.000000000 0.548846900 -0.138640732 0.824345350 0.771377473 0.170735300 0.983953893 0.051809087 0.057292437 -0.818300605 0.112309694 0.563710928 -0.759133438
30720000 1.165854027 2.073338317 0.500000000 0.500000000 0.000000000 0.000000000 0.556355000 -0.130893677 0.820570350 1.001409687 0.167200834 0.984951615 0.043751184 0.060970644 -0.813948870 0.112858906 0.569868326 -0.857474735
30800000 1.165854027 2.073338317 0.500000000 0.500000000 0.000000000 0.000000000 0.563744187 -0.126432732 0.816214979 1.255049445 0.164797083 0.985562384 0.038842645 0.072288450 -0.809341729 0.112612575 0.576440811 -0.928069630
30880000 1.165854027 2.073338317 0.500000000 0.500000000 0.000000000 0.000000000 0.571931362 -0.119754277 0.811512828 1.510399583 0.161150947 0.986411214 0.031989269 0.072789178 -0.804316163 0.112480454 0.583458006 -1.012009551
30960000 1.165854027 2.073338317 0.500000000 0.500000000 0.000000000 0.000000000 0.579750299 -0.118044473 0.806197584 1.784189133 0.160234019 0.986645877 0.029238995 0.070980949 -0.798883021 0.112229064 0.590922952 -1.075309368
31040000 1.165854027 2.073338317 0.500000000 0.500000000 0.000000000 0.000000000 0.585361838 -0.117567085 0.802202940 2.097830163 0.160224304 0.986692190 0.027690385 0.076078492 -0.794782877 0.112323478 0.596409082 -1.149940173
31120000 1.165854027 2.073338317 0.500000000 0.500000000 0.000000000 0.000000000 0.585215449 -0.109955780 0.803388476 2.389981119 0.156103179 0.987507939 0.021444418 0.071210482 -0.795710444 0.112861820 0.595069349 -1.218030632
31200000 1.165854027 2.073338317 0.500000000 0.500000000 0.000000000 0.000000000 0.581360817 -0.109992199 0.806176782 2.661959011 0.157153428 0.987342715 0.021381374 0.074390660 -0.798324585 0.114263207 0.591287971 -1.310579768
31280000 1.165854027 2.073338317 0.500000000 0.500000000 0.000000000 0.000000000 0.580666542 -0.107398719 0.807026029 2.883457571 0.156506032 0.987497926 0.018807642 0.067958260 -0.798956394 0.115383618 0.590215564 -1.389428750
31360000 1.165854027 2.073338317 0.500000000 0.500000000 0.000000000 0.000000000 0.578842282 -0.102310896 0.808995306 3.119607804 0.155685455 0.987714171 0.013518810 0.047047493 -0.800439179 0.118123665 0.587659001 -1.454758733
31440000 1.165854027 2.073338317 0.500000000 0.500000000 0.000000000 0.000000000 0.573562920 -0.105510250 0.812338173 3.257710152 0.160702363 0.986893177 0.014716063 0.055750185 -0.803243697 0.122104049 0.583001137 -1.541400108
31520000 1.165854027 2.073338317 0.500000000 0.500000000 0.000000000 0.000000000 0.567921877 -0.113307491 0.815245926 3.464079204 0.167782918 0.985618949 0.020104896 0.087689312 -0.805799901 0.125366360 0.578765631 -1.623939892
31600000 1.165854027 2.073338317 0.500000000 0.500000000 0.000000000 0.000000000 0.560599923 -0.119407907 0.819431901 3.636287016 0.172711805 0.984646738 0.025325384 0.124093944 -0.809875011 0.127328292 0.572616100 -1.729228735
31680000 1.165854027 2.073338317 0.500000000 0.500000000 0.000000000 0.000000000 0.549027145 -0.123571366 0.826619148 3.777209801 0.176759213 0.983806849 0.029668748 0.141412962 -0.816899776 0.129823625 0.561979055 -1.857559507
31760000 1.165854027 2.073338317 0.500000000 0.500000000 0.000000000 0.000000000 0.536896110 -0.128625140 0.833785295 3.894489304 0.181317553 0.982806563 0.034859046 0.164364973 -0.823933482 0.132464275 0.550987005 -2.017119585
31840000 1.165854027 2.073338317 0.500000000 0.500000000 0.000000000 0.000000000 0.524923205 -0.129063636 0.841307282 4.064008999 0.183094144 0.982418597 0.036472008 0.184776960 -0.831223130 0.134893477 0.539325118 -2.174719594
31920000 1.165854027 2.073338317 0.500000000 0.500000000 0.000000000 0.000000000 0.513715267 -0.125695258 0.848703325 4.196520127 0.181283116 0.982778311 0.035822473 0.238927063 -0.838589966 0.135453016 0.527654648 -2.370450272
32000000 1.165854027 2.073338317 0.500000000 0.500000000 0.000000000 0.000000000 0.506267726 -0.122438774 0.853640318 4.280850398 0.175532177 0.983778059 0.037001882 0.242675051 -0.844323158 0.131108478 0.519546986 -2.529410498
32080000 1.165854027 2.073338317 0.500000000 0.500000000 0.000000000 0.000000000 0.499955952 -0.124190852 0.857100010 4.432948722 0.175614551 0.983642459 0.040088512 0.282515824 -0.848058581 0.130476803 0.513587594 -2.669379412
32160000 1.165854027 2.073338317 0.500000000 0.500000000 0.000000000 0.000000000 0.490339279 -0.127916023 0.862093270 4.572859485 0.175159350 0.983451009 0.046296187 0.332640956 -0.853748500 0.128302872 0.504630327 -2.848859839
32240000 1.165854027 2.073338317 0.500000000 0.500000000 0.000000000 0.000000000 0.477723897 -0.126903906 0.869295716 4.745738955 0.172765478 0.983759761 0.048670165 0.327474890 -0.861354589 0.126933426 0.491890132 -3.023809212
32320000 1.165854027 2.073338317 0.500000000 0.500000000 0.000000000 0.000000000 0.461644113 -0.129661545 0.877538562 4.816926180 0.174399361 0.983218908 0.053530622 0.363122536 -0.869753361 0.128329828 0.476510048 -3.211004596
