https://www.youtube.com/watch?v=GAUmVulVUHM
43333333 0.931685970 1.656896850 0.500000000 0.500000000 0.000000000 0.000000000 0.995226979 0.021476310 -0.095194653 3.431790112 -0.032374099 0.992900491 -0.114457466 -6.249649710 0.092060700 0.116993003 0.988856673 1.543710115
43400000 0.931685970 1.656896850 0.500000000 0.500000000 0.000000000 0.000000000 0.993696570 0.022960426 -0.109726556 3.019969882 -0.036321055 0.991943538 -0.121362351 -5.893190106 0.106056012 0.124582730 0.986524880 1.621000263
43500000 0.931685970 1.656896850 0.500000000 0.500000000 0.000000000 0.000000000 0.990888774 0.025870707 -0.132174566 2.323110106 -0.043789063 0.989943445 -0.134515613 -5.294269870 0.127365336 0.139077812 0.982056737 1.493469964
43566667 0.931685970 1.656896850 0.500000000 0.500000000 0.000000000 0.000000000 0.988119781 0.027874278 -0.151136935 1.921689910 -0.049974844 0.988246679 -0.144468188 -4.879070300 0.145333618 0.150304914 0.977899075 1.424210031
43633333 0.931685970 1.656896850 0.500000000 0.500000000 0.000000000 0.000000000 0.984946728 0.029142559 -0.170383662 1.593649895 -0.056084819 0.986238420 -0.155525744 -4.432919624 0.163506508 0.162740529 0.973026812 1.277490148
43700000 0.931685970 1.656896850 0.500000000 0.500000000 0.000000000 0.000000000 0.981582522 0.030251563 -0.188628182 1.304189981 -0.062071182 0.984314144 -0.165144846 -3.959160130 0.180673495 0.173811659 0.968063354 1.093430154
43766667 0.931685970 1.656896850 0.500000000 0.500000000 0.000000000 0.000000000 0.977839053 0.032161511 -0.206873208 1.075040030 -0.069313951 0.982135773 -0.174942657 -3.413310156 0.197551161 0.185404941 0.962599933 0.866519092
43833333 0.931685970 1.656896850 0.500000000 0.500000000 0.000000000 0.000000000 0.973556697 0.034076683 -0.225889638 0.915457957 -0.076652728 0.980214536 -0.182493314 -2.911109865 0.215201542 0.194982633 0.956906557 0.540025102
43900000 0.931685970 1.656896850 0.500000000 0.500000000 0.000000000 0.000000000 0.969454348 0.036658041 -0.242516935 0.708324002 -0.084134169 0.978478014 -0.188420460 -2.431420337 0.230390370 0.203068987 0.951673925 0.208707992
43966667 0.931685970 1.656896850 0.500000000 0.500000000 0.000000000 0.000000000 0.964886308 0.037811924 -0.259932071 0.614601978 -0.090378493 0.976953268 -0.193375632 -1.906450241 0.246629581 0.210077748 0.946066201 -0.100454968
44033333 0.931685970 1.656896850 0.500000000 0.500000000 0.000000000 0.000000000 0.960561037 0.039489914 -0.275250703 0.500696011 -0.097149730 0.975146413 -0.199126646 -1.263700143 0.260546237 0.218013838 0.940524101 -0.405962011
44100000 0.931685970 1.656896850 0.500000000 0.500000000 0.000000000 0.000000000 0.955925822 0.041428320 -0.290670931 0.393037985 -0.103596218 0.973914504 -0.201887041 -0.683285993 0.274724782 0.223101437 0.935281813 -0.586822976
44166667 0.931685970 1.656896850 0.500000000 0.500000000 0.000000000 0.000000000 0.951504230 0.043783583 -0.304504097 0.260923006 -0.109838240 0.972930968 -0.203324631 -0.163794977 0.287359178 0.226910427 0.930557072 -0.719893017
44233333 0.931685970 1.656896850 0.500000000 0.500000000 0.000000000 0.000000000 0.946792662 0.046787512 -0.318425030 0.157239027 -0.116831675 0.971851587 -0.204584494 0.319048971 0.299889833 0.230901256 0.925608218 -0.799631976
44300000 0.931685970 1.656896850 0.500000000 0.500000000 0.000000000 0.000000000 0.941648483 0.049335420 -0.332962811 0.078274815 -0.123329282 0.970978677 -0.204915524 0.701117031 0.313190222 0.234022439 0.920405090 -0.876199102
44366667 0.931685970 1.656896850 0.500000000 0.500000000 0.000000000 0.000000000 0.935968578 0.051973492 -0.348226309 0.014314085 -0.129645780 0.970426917 -0.203625932 0.996403849 0.327345014 0.235733554 0.915027261 -0.944466911
44433333 0.931685970 1.656896850 0.500000000 0.500000000 0.000000000 0.000000000 0.929561198 0.054896474 -0.364557803 -0.062694804 -0.136572406 0.969773829 -0.202204615 1.263339973 0.342438281 0.237750083 0.908961475 -1.063380149
44500000 0.931685970 1.656896850 0.500000000 0.500000000 0.000000000 0.000000000 0.922738671 0.056731127 -0.381228298 -0.188590990 -0.143119603 0.968821824 -0.202240214 1.546420008 0.357868999 0.241176084 0.902088702 -1.139990234
44566667 0.931685970 1.656896850 0.500000000 0.500000000 0.000000000 0.000000000 0.917249620 0.059024047 -0.393915445 -0.451120926 -0.148936763 0.968045950 -0.201754645 1.814520177 0.369419903 0.243727848 0.896730661 -1.232740378
44633333 0.931685970 1.656896850 0.500000000 0.500000000 0.000000000 0.000000000 0.910045505 0.059774086 -0.410175920 -0.627316976 -0.156683937 0.965735137 -0.206895694 2.265800030 0.383754313 0.252552450 0.888228595 -1.234200308
44700000 0.931685970 1.656896850 0.500000000 0.500000000 0.000000000 0.000000000 0.902322233 0.061741538 -0.426617563 -0.814970975 -0.165391952 0.963530242 -0.210368708 2.683010416 0.398070455 0.260379463 0.879626334 -1.223490154
44766667 0.931685970 1.656896850 0.500000000 0.500000000 0.000000000 0.000000000 0.893933773 0.066189125 -0.443284750 -0.921869994 -0.175866038 0.961516738 -0.211084634 3.007119847 0.412254155 0.266654432 0.871172667 -1.066999939
44833333 0.931685970 1.656896850 0.500000000 0.500000000 0.000000000 0.000000000 0.886000752 0.071023531 -0.458212107 -1.033579883 -0.186588705 0.959269524 -0.212100521 3.322759885 0.424484760 0.273418427 0.863165736 -0.851373042
44900000 0.931685970 1.656896850 0.500000000 0.500000000 0.000000000 0.000000000 0.878130972 0.075776681 -0.472380817 -1.145420048 -0.196561679 0.957336307 -0.211826980 3.555609976 0.436175704 0.278863877 0.855561435 -0.569300388
44966667 0.931685970 1.656896850 0.500000000 0.500000000 0.000000000 0.000000000 0.870577276 0.079435207 -0.485577017 -1.232920231 -0.205314219 0.955505311 -0.211791381 3.789069740 0.447147697 0.284076691 0.848150373 -0.220048605
45033333 0.931685970 1.656896850 0.500000000 0.500000000 0.000000000 0.000000000 0.863012671 0.083328582 -0.498262465 -1.354420037 -0.214041770 0.953712165 -0.211232543 3.987809818 0.457597256 0.288945317 0.840901494 0.060473389
45100000 0.931685970 1.656896850 0.500000000 0.500000000 0.000000000 0.000000000 0.854420722 0.086481810 -0.512333751 -1.452389967 -0.222076923 0.952229142 -0.209622189 4.169880072 0.469730556 0.292883098 0.832809925 0.436097213
45166667 0.931685970 1.656896850 0.500000000 0.500000000 0.000000000 0.000000000 0.846140623 0.089814544 -0.525337458 -1.591789860 -0.229543090 0.951003790 -0.207127422 4.366809747 0.480994850 0.295846492 0.825299263 0.713986002
