https://www.youtube.com/watch?v=P-wsuWHw038
57033333 0.888091383 1.585877293 0.500000000 0.500000000 0.000000000 0.000000000 0.998272538 0.002573052 -0.058696914 -5.730919705 0.004805706 0.992117047 0.125222549 0.852467049 0.058556411 -0.125288323 0.990390837 2.314410241
57100000 0.888091383 1.585877293 0.500000000 0.500000000 0.000000000 0.000000000 0.998204052 0.001592573 -0.059884448 -5.620129918 0.006471985 0.990928650 0.134233236 0.865076983 0.059554990 -0.134379745 0.989138663 2.159739755
57166667 0.888091383 1.585877293 0.500000000 0.500000000 0.000000000 0.000000000 0.998215258 0.000216457 -0.059717763 -5.500179705 0.008297693 0.989790499 0.142288163 0.858341937 0.059138875 -0.142529741 0.988022208 2.031719642
57366667 0.888091383 1.585877293 0.500000000 0.500000000 0.000000000 0.000000000 0.998724759 -0.006617924 -0.050050590 -5.048060041 0.014590809 0.986902475 0.160656720 0.803651050 0.048331838 -0.161182135 0.985740542 1.752290135
57433333 0.888091383 1.585877293 0.500000000 0.500000000 0.000000000 0.000000000 0.999075830 -0.009020501 -0.042024828 -4.872350121 0.015830440 0.986224294 0.164654523 0.783166004 0.039960638 -0.165167630 0.985455632 1.708539835
57500000 0.888091383 1.585877293 0.500000000 0.500000000 0.000000000 0.000000000 0.999368966 -0.010830872 -0.033827778 -4.686179744 0.016345697 0.985774577 0.167276204 0.762694011 0.031534817 -0.167723596 0.985329568 1.691059998
57566667 0.888091383 1.585877293 0.500000000 0.500000000 0.000000000 0.000000000 0.999674082 -0.011903409 -0.022583153 -4.499080180 0.015533093 0.985653877 0.168062806 0.758726990 0.020258654 -0.168358833 0.985517561 1.675949927
57633333 0.888091383 1.585877293 0.500000000 0.500000000 0.000000000 0.000000000 0.999877930 -0.012644247 -0.009176577 -4.275750005 0.014018991 0.985385597 0.169760659 0.735934065 0.006895972 -0.169868574 0.985442638 1.635470217
57700000 0.888091383 1.585877293 0.500000000 0.500000000 0.000000000 0.000000000 0.999910712 -0.011990676 0.005895144 -4.020609741 0.010799851 0.985072374 0.171801642 0.714103002 -0.007867162 -0.171722636 0.985113919 1.627010132
57766667 0.888091383 1.585877293 0.500000000 0.500000000 0.000000000 0.000000000 0.999588370 -0.012387032 0.025877716 -3.745659979 0.007627344 0.984267414 0.176520362 0.629381989 -0.027657157 -0.176250324 0.983956754 1.579260009
57833333 0.888091383 1.585877293 0.500000000 0.500000000 0.000000000 0.000000000 0.998773932 -0.006357619 0.049094014 -3.460030216 -0.002407132 0.984308839 0.176437750 0.643862964 -0.049445398 -0.176339611 0.983086705 1.526749941
57900000 0.888091383 1.585877293 0.500000000 0.500000000 0.000000000 0.000000000 0.997665524 0.001252168 0.068277985 -3.153829910 -0.013236109 0.984417140 0.175350055 0.646562988 -0.066994458 -0.175844446 0.982135653 1.483779948
57966667 0.888091383 1.585877293 0.500000000 0.500000000 0.000000000 0.000000000 0.996366143 0.009298513 0.084664039 -2.865199991 -0.023929568 0.984546006 0.173483476 0.642233964 -0.081742503 -0.174879029 0.981190860 1.442979975
58033333 0.888091383 1.585877293 0.500000000 0.500000000 0.000000000 0.000000000 0.994969547 0.016143221 0.098868489 -2.590210069 -0.033178203 0.984333098 0.173169225 0.593939073 -0.094524011 -0.175578386 0.979917049 1.362069972
58100000 0.888091383 1.585877293 0.500000000 0.500000000 0.000000000 0.000000000 0.993468940 0.022994211 0.111761689 -2.325259810 -0.041960590 0.984473169 0.170446172 0.566778031 -0.106107101 -0.174022570 0.979008377 1.287520078
58166667 0.888091383 1.585877293 0.500000000 0.500000000 0.000000000 0.000000000 0.991832078 0.029276274 0.124145232 -2.078370079 -0.050039992 0.984584928 0.167596459 0.529524046 -0.117324926 -0.172439754 0.978007853 1.198640010
58233333 0.888091383 1.585877293 0.500000000 0.500000000 0.000000000 0.000000000 0.990337372 0.034902953 0.134215012 -1.825850087 -0.057012446 0.984710753 0.164603263 0.494180999 -0.126417831 -0.170664698 0.977185786 1.099309997
58300000 0.888091383 1.585877293 0.500000000 0.500000000 0.000000000 0.000000000 0.988651514 0.039610773 0.144911021 -1.608730060 -0.063220128 0.984739959 0.162143230 0.442179041 -0.136277050 -0.169464439 0.976068795 0.981340966
58366667 0.888091383 1.585877293 0.500000000 0.500000000 0.000000000 0.000000000 0.987114847 0.044194549 0.153789252 -1.385679937 -0.068807535 0.984941423 0.158606097 0.410459966 -0.144463897 -0.167144284 0.975291252 0.887927023
58433333 0.888091383 1.585877293 0.500000000 0.500000000 0.000000000 0.000000000 0.985426784 0.047953926 0.163200706 -1.191290063 -0.073646434 0.985130668 0.155221701 0.367022982 -0.153330535 -0.164978772 0.974305809 0.788496099
58500000 0.888091383 1.585877293 0.500000000 0.500000000 0.000000000 0.000000000 0.983930409 0.051324084 0.171016783 -0.986042874 -0.077577710 0.985552132 0.150561348 0.341936994 -0.160818517 -0.161408976 0.973696351 0.723102995
58566667 0.888091383 1.585877293 0.500000000 0.500000000 0.000000000 0.000000000 0.982439756 0.053757060 0.178668141 -0.802019969 -0.080725431 0.985794961 0.147281066 0.280144010 -0.168212742 -0.159117833 0.972823739 0.618615986
58633333 0.888091383 1.585877293 0.500000000 0.500000000 0.000000000 0.000000000 0.980758965 0.055476557 0.187174305 -0.646472030 -0.083271876 0.986057341 0.144071907 0.218026996 -0.176571980 -0.156886160 0.971704185 0.526360983
58700000 0.888091383 1.585877293 0.500000000 0.500000000 0.000000000 0.000000000 0.979207158 0.057342883 0.194589779 -0.486030046 -0.085733816 0.986323118 0.140770882 0.171269997 -0.183856204 -0.154526770 0.970730841 0.429475998
58766667 0.888091383 1.585877293 0.500000000 0.500000000 0.000000000 0.000000000 0.977520227 0.059030961 0.202409223 -0.345902992 -0.088085011 0.986552179 0.137680247 0.120700000 -0.191559866 -0.152414456 0.969574451 0.338461978
58833333 0.888091383 1.585877293 0.500000000 0.500000000 0.000000000 0.000000000 0.975715041 0.061004251 0.210377440 -0.196575015 -0.090930313 0.986575902 0.135645539 0.054368404 -0.199278370 -0.151481062 0.968164086 0.235012009
58900000 0.888091383 1.585877293 0.500000000 0.500000000 0.000000000 0.000000000 0.973708749 0.063561305 0.218749225 -0.045895003 -0.094284743 0.986620367 0.133006096 0.007051158 -0.207368404 -0.150133938 0.966673732 0.107266004
58966667 0.888091383 1.585877293 0.500000000 0.500000000 0.000000000 0.000000000 0.971668005 0.066241749 0.226877362 0.105841003 -0.098042272 0.986403584 0.131892547 -0.063468397 -0.215055853 -0.150399342 0.964951277 -0.014437898
59033333 0.888091383 1.585877293 0.500000000 0.500000000 0.000000000 0.000000000 0.969574094 0.069320783 0.234778136 0.244373013 -0.102060527 0.986208260 0.130295485 -0.119877997 -0.222507954 -0.150292695 0.963276863 -0.135833995
59100000 0.888091383 1.585877293 0.500000000 0.500000000 0.000000000 0.000000000 0.967350960 0.071612746 0.243112758 0.361640028 -0.105503708 0.985967875 0.129369035 -0.190484992 -0.230436906 -0.150794551 0.961332321 -0.263796004
59166667 0.888091383 1.585877293 0.500000000 0.500000000 0.000000000 0.000000000 0.965236187 0.073955067 0.250698626 0.504892057 -0.109031849 0.985627532 0.129036799 -0.258207014 -0.237552553 -0.151885107 0.959426761 -0.419676008
59233333 0.888091383 1.585877293 0.500000000 0.500000000 0.000000000 0.000000000 0.963102579 0.075954467 0.258194298 0.616399976 -0.112184584 0.985330105 0.128604844 -0.299559003 -0.244638488 -0.152825072 0.957494915 -0.564643008
59300000 0.888091383 1.585877293 0.500000000 0.500000000 0.000000000 0.000000000 0.960894346 0.077119052 0.265959829 0.724284929 -0.114975259 0.984848142 0.129825920 -0.377950998 -0.251917988 -0.155327827 0.955201805 -0.710840944
59366667 0.888091383 1.585877293 0.500000000 0.500000000 0.000000000 0.000000000 0.959153175 0.077136546 0.272167385 0.879223920 -0.116487563 0.984447002 0.131509319 -0.442907962 -0.257790208 -0.157841727 0.953220904 -0.927443938
59433333 0.888091383 1.585877293 0.500000000 0.500000000 0.000000000 0.000000000 0.957720578 0.075701520 0.277561784 1.029099906 -0.116551608 0.984137893 0.133747295 -0.498693992 -0.263034165 -0.160442814 0.951352239 -1.139819927
59500000 0.888091383 1.585877293 0.500000000 0.500000000 0.000000000 0.000000000 0.956338882 0.073969692 0.282744348 1.162769942 -0.116252825 0.983890951 0.135808095 -0.551729955 -0.268143952 -0.162748411 0.949532390 -1.266089986
59566667 0.888091383 1.585877293 0.500000000 0.500000000 0.000000000 0.000000000 0.955167353 0.072000116 0.287178397 1.281920166 -0.115335941 0.983840883 0.136947989 -0.591860015 -0.272677600 -0.163930207 0.948036849 -1.394410216
59633333 0.888091383 1.585877293 0.500000000 0.500000000 0.000000000 0.000000000 0.954088271 0.068864875 0.291501790 1.389360008 -0.113300063 0.983874202 0.138400227 -0.626985974 -0.277270168 -0.165073186 0.946505249 -1.518410027
59700000 0.888091383 1.585877293 0.500000000 0.500000000 0.000000000 0.000000000 0.953143775 0.065177754 0.295412809 1.498669994 -0.110696062 0.983934283 0.140070453 -0.660982011 -0.281537324 -0.166208342 0.945045769 -1.648489793
59766667 0.888091383 1.585877293 0.500000000 0.500000000 0.000000000 0.000000000 0.952004731 0.060669418 0.300010532 1.616670277 -0.107378915 0.984063148 0.141737506 -0.703524990 -0.286630183 -0.167149559 0.943347394 -1.731680253
59833333 0.888091383 1.585877293 0.500000000 0.500000000 0.000000000 0.000000000 0.950948536 0.056667507 0.304114550 1.746550028 -0.104337290 0.984228075 0.142859489 -0.741248007 -0.291222602 -0.167582512 0.941862762 -1.846890021
59900000 0.888091383 1.585877293 0.500000000 0.500000000 0.000000000 0.000000000 0.949863315 0.052983984 0.308143646 1.874570289 -0.101487696 0.984422326 0.143572181 -0.776186006 -0.295736462 -0.167646706 0.940443814 -1.951530120
59966667 0.888091383 1.585877293 0.500000000 0.500000000 0.000000000 0.000000000 0.948566377 0.050200902 0.312572628 2.000219824 -0.099341340 0.984676898 0.143327236 -0.797923026 -0.300587863 -0.167006791 0.939018428 -2.040419812
60033333 0.888091383 1.585877293 0.500000000 0.500000000 0.000000000 0.000000000 0.946968794 0.048426457 0.317655385 2.118380158 -0.098387428 0.984795094 0.143172979 -0.827723974 -0.305892110 -0.166833639 0.937334776 -2.143589703
60100000 0.888091383 1.585877293 0.500000000 0.500000000 0.000000000 0.000000000 0.945088625 0.047730103 0.323310047 2.248490325 -0.098558038 0.984845340 0.142709330 -0.862527972 -0.311598867 -0.166737750 0.935470343 -2.258900128
60166667 0.888091383 1.585877293 0.500000000 0.500000000 0.000000000 0.000000000 0.942822933 0.047925916 0.329830468 2.386270247 -0.099678084 0.984860241 0.141825914 -0.904974921 -0.318039775 -0.166593581 0.933326006 -2.402340161
60233333 0.888091383 1.585877293 0.500000000 0.500000000 0.000000000 0.000000000 0.940583408 0.048880406 0.336026251 2.548470376 -0.101392888 0.984868407 0.140547737 -0.948405924 -0.324071646 -0.166267529 0.931307018 -2.533910399
60300000 0.888091383 1.585877293 0.500000000 0.500000000 0.000000000 0.000000000 0.937987745 0.050799921 0.342926145 2.698230137 -0.104043573 0.984855056 0.138691708 -0.991801980 -0.330687046 -0.165770397 0.929067373 -2.635099771
60366667 0.888091383 1.585877293 0.500000000 0.500000000 0.000000000 0.000000000 0.935666382 0.053188629 0.348854214 2.866409601 -0.106968053 0.984813452 0.136749104 -1.045940154 -0.336282820 -0.165267810 0.927146316 -2.753789463
60433333 0.888091383 1.585877293 0.500000000 0.500000000 0.000000000 0.000000000 0.933232486 0.055712394 0.354927093 3.033469832 -0.109848894 0.984841049 0.134243593 -1.098500054 -0.342067748 -0.164268836 0.925205588 -2.904259911
60500000 0.888091383 1.585877293 0.500000000 0.500000000 0.000000000 0.000000000 0.930831373 0.058358431 0.360759050 3.199009715 -0.112920970 0.984789670 0.132053643 -1.148020073 -0.347565323 -0.163656980 0.923263013 -3.023159393
60566667 0.888091383 1.585877293 0.500000000 0.500000000 0.000000000 0.000000000 0.928615749 0.061288517 0.365945995 3.361600157 -0.115839571 0.984854281 0.129008561 -1.184739899 -0.352496743 -0.162190437 0.921650827 -3.154609712
60633333 0.888091383 1.585877293 0.500000000 0.500000000 0.000000000 0.000000000 0.926734209 0.063281357 0.370350033 3.521019719 -0.117684722 0.985002220 0.126178354 -1.221120029 -0.356810838 -0.160518348 0.920282483 -3.281849914
60700000 0.888091383 1.585877293 0.500000000 0.500000000 0.000000000 0.000000000 0.925025284 0.065908805 0.374144733 3.680759728 -0.119773030 0.985205948 0.122571126 -1.229979999 -0.360531092 -0.158193842 0.919234514 -3.385020052
60766667 0.888091383 1.585877293 0.500000000 0.500000000 0.000000000 0.000000000 0.923876107 0.067173406 0.376750082 3.839010118 -0.120264694 0.985560358 0.119193606 -1.244300061 -0.363303334 -0.155429870 0.918614268 -3.481429838
60833333 0.888091383 1.585877293 0.500000000 0.500000000 0.000000000 0.000000000 0.923149109 0.068049371 0.378371567 3.999979986 -0.119945720 0.986062169 0.115301721 -1.248830028 -0.365251690 -0.151824713 0.918444633 -3.596560336
60900000 0.888091383 1.585877293 0.500000000 0.500000000 0.000000000 0.000000000 0.923239946 0.067399472 0.378266305 4.153110530 -0.118119746 0.986605704 0.112503253 -1.271320011 -0.365617007 -0.148548201 0.918834984 -3.653760257
