https://www.youtube.com/watch?v=PmpgCJ1XBOk
39873167 0.745211302 1.330734411 0.500000000 0.500000000 0.000000000 0.000000000 0.990013480 0.049128503 -0.132135227 -5.646270196 -0.038325861 0.995804667 0.083091237 -1.481499970 0.135663018 -0.077197246 0.987742960 2.551980076
39939900 0.745211302 1.330734411 0.500000000 0.500000000 0.000000000 0.000000000 0.987707317 0.052974630 -0.147064596 -5.482120505 -0.039583292 0.994922161 0.092537075 -1.275859962 0.151219934 -0.085578248 0.984788775 2.374000203
40006633 0.745211302 1.330734411 0.500000000 0.500000000 0.000000000 0.000000000 0.985122204 0.053692900 -0.163252205 -5.300819690 -0.036785133 0.993804038 0.104882851 -1.094239930 0.167872161 -0.097317174 0.980993509 2.226539804
40073367 0.745211302 1.330734411 0.500000000 0.500000000 0.000000000 0.000000000 0.980083942 0.048738979 -0.192509711 -4.974100190 -0.026334785 0.992751002 0.117268674 -0.914318117 0.196829766 -0.109863438 0.974262834 2.009380059
40140100 0.745211302 1.330734411 0.500000000 0.500000000 0.000000000 0.000000000 0.975331068 0.049202118 -0.215194002 -4.736280113 -0.022417422 0.991880596 0.125181019 -0.800237952 0.219605938 -0.117268831 0.968514979 1.855249925
40206833 0.745211302 1.330734411 0.500000000 0.500000000 0.000000000 0.000000000 0.963696361 0.057824478 -0.260663807 -4.361390066 -0.026306136 0.992079973 0.122822523 -0.664583045 0.265701473 -0.111506566 0.957584977 1.588790037
40273567 0.745211302 1.330734411 0.500000000 0.500000000 0.000000000 0.000000000 0.952444553 0.071917765 -0.296103448 -4.116720461 -0.037329711 0.991967976 0.120855220 -0.563353926 0.302416772 -0.104054444 0.947479188 1.400810136
40340300 0.745211302 1.330734411 0.500000000 0.500000000 0.000000000 0.000000000 0.940890789 0.087443352 -0.327228040 -3.848929974 -0.050961033 0.991649866 0.118463077 -0.475505896 0.334854454 -0.094784953 0.937490463 1.255089977
40407033 0.745211302 1.330734411 0.500000000 0.500000000 0.000000000 0.000000000 0.920130789 0.102190159 -0.378043175 -3.439310699 -0.059091263 0.990530014 0.123929635 -0.376883966 0.387127519 -0.091692448 0.917455673 1.073550121
40473767 0.745211302 1.330734411 0.500000000 0.500000000 0.000000000 0.000000000 0.907401025 0.102734409 -0.407515824 -3.154400658 -0.057197951 0.990828037 0.122426368 -0.354089946 0.416355491 -0.087780766 0.904954553 0.985541148
40540500 0.745211302 1.330734411 0.500000000 0.500000000 0.000000000 0.000000000 0.888183713 0.091416612 -0.450302720 -2.721089740 -0.046436101 0.992849708 0.109968543 -0.362349042 0.457135916 -0.076761946 0.886078000 0.824346720
40607233 0.745211302 1.330734411 0.500000000 0.500000000 0.000000000 0.000000000 0.874722123 0.082993805 -0.477465659 -2.426500616 -0.037525587 0.993868232 0.104008503 -0.354157955 0.483170003 -0.073061399 0.872472942 0.705839185
40673967 0.745211302 1.330734411 0.500000000 0.500000000 0.000000000 0.000000000 0.859092832 0.081037343 -0.505363822 -2.138290189 -0.033961449 0.994235516 0.101697400 -0.335491954 0.510692000 -0.070204630 0.856892765 0.581619108
40740700 0.745211302 1.330734411 0.500000000 0.500000000 0.000000000 0.000000000 0.828854859 0.088034593 -0.552493870 -1.691629843 -0.038757749 0.994204879 0.100272357 -0.301014048 0.558119476 -0.061697807 0.827463567 0.376434097
40807433 0.745211302 1.330734411 0.500000000 0.500000000 0.000000000 0.000000000 0.805641294 0.099939264 -0.583912969 -1.363490127 -0.045233600 0.993167460 0.107574902 -0.263312012 0.590674281 -0.060254313 0.804657280 0.258259074
40874167 0.745211302 1.330734411 0.500000000 0.500000000 0.000000000 0.000000000 0.776558161 0.118674219 -0.618768215 -0.903711295 -0.062260505 0.991747797 0.112071089 -0.217900964 0.626961946 -0.048504941 0.777538538 0.131329025
40940900 0.745211302 1.330734411 0.500000000 0.500000000 0.000000000 0.000000000 0.754909813 0.132900804 -0.642221451 -0.493680928 -0.073591463 0.990233541 0.118413836 -0.166714994 0.651686549 -0.042129729 0.757317364 0.066918776
41007633 0.745211302 1.330734411 0.500000000 0.500000000 0.000000000 0.000000000 0.733387709 0.135492533 -0.666171372 -0.051141003 -0.074570157 0.990057170 0.119273409 -0.122851004 0.675708354 -0.037797168 0.736199498 0.039490407
41074367 0.745211302 1.330734411 0.500000000 0.500000000 0.000000000 0.000000000 0.695992112 0.135122672 -0.705220997 0.630653853 -0.074459478 0.990421176 0.116282880 -0.012777892 0.714178264 -0.028421555 0.699386477 0.054397690
41141100 0.745211302 1.330734411 0.500000000 0.500000000 0.000000000 0.000000000 0.653755307 0.141335681 -0.743389487 1.184089680 -0.073638752 0.989622235 0.123390481 0.068421514 0.753114223 -0.025924880 0.657378554 0.134902920
41207833 0.745211302 1.330734411 0.500000000 0.500000000 0.000000000 0.000000000 0.593444169 0.162078857 -0.788387120 1.800199520 -0.081305467 0.986576200 0.141621903 0.095783923 0.800757945 -0.019944474 0.598655820 0.353641931
41274567 0.745211302 1.330734411 0.500000000 0.500000000 0.000000000 0.000000000 0.552250743 0.178714946 -0.814297080 2.178499157 -0.087374553 0.983780921 0.156654954 0.071604578 0.829086542 -0.015363924 0.558908939 0.552298782
41341300 0.745211302 1.330734411 0.500000000 0.500000000 0.000000000 0.000000000 0.519371629 0.186920822 -0.833854496 2.538609026 -0.096026920 0.982369661 0.160401672 0.048878659 0.849135816 -0.003235534 0.528164327 0.746361864
41408033 0.745211302 1.330734411 0.500000000 0.500000000 0.000000000 0.000000000 0.472394168 0.183213174 -0.862135231 3.001781326 -0.094038695 0.983050227 0.157381862 0.088791418 0.876356661 0.006727725 0.481616318 1.001150376
41474767 0.745211302 1.330734411 0.500000000 0.500000000 0.000000000 0.000000000 0.442424059 0.180452034 -0.878463268 3.264639068 -0.091159925 0.983522177 0.156121731 0.133930215 0.892160535 0.011008687 0.451583862 1.136619441
41541500 0.745211302 1.330734411 0.500000000 0.500000000 0.000000000 0.000000000 0.395999193 0.180610403 -0.900313735 3.594991263 -0.089184448 0.983395338 0.158049881 0.196148799 0.913909793 0.017706312 0.405531406 1.342160324
41608233 0.745211302 1.330734411 0.500000000 0.500000000 0.000000000 0.000000000 0.367482066 0.183485121 -0.911751449 3.806862107 -0.084791459 0.982872367 0.163622603 0.233888786 0.926157653 0.017180279 0.376745939 1.464401079
41674967 0.745211302 1.330734411 0.500000000 0.500000000 0.000000000 0.000000000 0.335489035 0.189623207 -0.922761321 4.001163544 -0.078440636 0.981753230 0.173226893 0.245627879 0.938771844 0.014266483 0.344241679 1.594027645
41741700 0.745211302 1.330734411 0.500000000 0.500000000 0.000000000 0.000000000 0.288886905 0.201626062 -0.935891211 4.287784575 -0.075720780 0.979320765 0.187609345 0.202463276 0.954364598 0.016668364 0.298180223 1.775211655
41808433 0.745211302 1.330734411 0.500000000 0.500000000 0.000000000 0.000000000 0.260266781 0.210080773 -0.942405462 4.483463615 -0.084676407 0.977248251 0.194462687 0.129764302 0.961817026 0.029187195 0.272134125 1.889441553
41875167 0.745211302 1.330734411 0.500000000 0.500000000 0.000000000 0.000000000 0.216504514 0.196796745 -0.956240833 4.784998380 -0.092608772 0.979195654 0.180553138 0.118130197 0.971879184 0.049465768 0.230225384 2.053519544
41941900 0.745211302 1.330734411 0.500000000 0.500000000 0.000000000 0.000000000 0.187398076 0.188887000 -0.963951409 4.983983296 -0.090586446 0.980478764 0.174514905 0.153057855 0.978097498 0.054617357 0.200850487 2.193107015
42008633 0.745211302 1.330734411 0.500000000 0.500000000 0.000000000 0.000000000 0.158512056 0.184776515 -0.969913900 5.187247045 -0.087850600 0.981076062 0.172545746 0.171245277 0.983441770 0.057856750 0.171745062 2.331073776
42075367 0.745211302 1.330734411 0.500000000 0.500000000 0.000000000 0.000000000 0.111409009 0.186101675 -0.976193666 5.485129062 -0.087913208 0.980303347 0.176851958 0.152986080 0.989878416 0.066117421 0.125575423 2.542490048
