https://www.youtube.com/watch?v=iQ81eJhHis0
11100000 0.700348838 1.272219744 0.500000000 0.500000000 0.000000000 0.000000000 0.999603450 -0.027876373 -0.003978697 3.422039886 0.027755123 0.999227345 -0.027827488 -2.597270090 0.004751353 0.027706025 0.999604821 5.962729996
11166667 0.700348838 1.272219744 0.500000000 0.500000000 0.000000000 0.000000000 0.999531627 -0.029324679 -0.008749413 3.319859747 0.029040346 0.999096692 -0.031024218 -2.480990158 0.009651284 0.030755602 0.999480367 4.841869924
11233333 0.700348838 1.272219744 0.500000000 0.500000000 0.000000000 0.000000000 0.999467969 -0.029109376 -0.014712017 3.249270037 0.028619042 0.999061704 -0.032507278 -2.333420118 0.015644478 0.032068938 0.999363244 3.900340159
11300000 0.700348838 1.272219744 0.500000000 0.500000000 0.000000000 0.000000000 0.999467075 -0.027197564 -0.018050291 3.104490006 0.026585111 0.999090254 -0.033344481 -2.099929800 0.018940758 0.032846842 0.999280930 3.024380069
11366667 0.700348838 1.272219744 0.500000000 0.500000000 0.000000000 0.000000000 0.999429822 -0.025030617 -0.022661036 2.919250273 0.024294861 0.999186754 -0.032180835 -1.849180091 0.023448111 0.031611938 0.999225140 2.206429823
11433333 0.700348838 1.272219744 0.500000000 0.500000000 0.000000000 0.000000000 0.999369025 -0.020891992 -0.028723786 2.735539877 0.020127157 0.999441803 -0.026663415 -1.510849735 0.029264806 0.026068464 0.999231696 1.568600007
11500000 0.700348838 1.272219744 0.500000000 0.500000000 0.000000000 0.000000000 0.999355495 -0.015555323 -0.032351941 2.470959771 0.014934004 0.999701083 -0.019358793 -1.209210067 0.032643400 0.018863173 0.999289036 1.007509971
11566667 0.700348838 1.272219744 0.500000000 0.500000000 0.000000000 0.000000000 0.999213994 -0.012069081 -0.037758864 2.193170232 0.011661350 0.999871492 -0.010999988 -1.027220108 0.037886769 0.010551023 0.999226332 0.543748046
11633333 0.700348838 1.272219744 0.500000000 0.500000000 0.000000000 0.000000000 0.998910129 -0.008343372 -0.045923594 1.766170077 0.008265251 0.999964058 -0.001890725 -0.852161018 0.045937721 0.001509094 0.998943150 0.095639406
11700000 0.700348838 1.272219744 0.500000000 0.500000000 0.000000000 0.000000000 0.998135388 -0.004429081 -0.060878169 1.427570007 0.004719906 0.999978125 0.004634191 -0.767068001 0.060856309 -0.004912889 0.998134434 -0.290220988
11766667 0.700348838 1.272219744 0.500000000 0.500000000 0.000000000 0.000000000 0.996988177 -0.000955181 -0.077547990 1.003569999 0.001698032 0.999953330 0.009513864 -0.637732048 0.077535279 -0.009616889 0.996943235 -0.674046974
11833333 0.700348838 1.272219744 0.500000000 0.500000000 0.000000000 0.000000000 0.995408714 0.003483315 -0.095652536 0.650041037 -0.002050165 0.999884248 0.015077053 -0.370874029 0.095693976 -0.014811726 0.995300591 -0.918086990
11900000 0.700348838 1.272219744 0.500000000 0.500000000 0.000000000 0.000000000 0.993816257 0.008198745 -0.110734269 0.273419008 -0.005824924 0.999746621 0.021743631 -0.122114006 0.110884488 -0.020964155 0.993612170 -1.081030006
11966667 0.700348838 1.272219744 0.500000000 0.500000000 0.000000000 0.000000000 0.991856277 0.012607694 -0.126736641 -0.126677012 -0.008938454 0.999525428 0.029478842 0.090540486 0.127048165 -0.028105946 0.991498291 -1.238910048
12033333 0.700348838 1.272219744 0.500000000 0.500000000 0.000000000 0.000000000 0.989249885 0.019395940 -0.144942760 -0.528316928 -0.013913461 0.999152303 0.038743600 0.277331009 0.145571351 -0.036310449 0.988681197 -1.344699887
12100000 0.700348838 1.272219744 0.500000000 0.500000000 0.000000000 0.000000000 0.986142695 0.026718594 -0.163733706 -0.836991997 -0.019595969 0.998796403 0.044963311 0.466668960 0.164737985 -0.041131716 0.985479355 -1.469009947
12166667 0.700348838 1.272219744 0.500000000 0.500000000 0.000000000 0.000000000 0.982930601 0.033624835 -0.180877879 -1.153370068 -0.024924433 0.998430073 0.050161257 0.636523026 0.182280585 -0.044796757 0.982225537 -1.569479952
12233333 0.700348838 1.272219744 0.500000000 0.500000000 0.000000000 0.000000000 0.979645014 0.040204257 -0.196670413 -1.503039906 -0.029655300 0.997973800 0.056292806 0.875401048 0.198535115 -0.049314644 0.978852332 -1.661470064
12300000 0.700348838 1.272219744 0.500000000 0.500000000 0.000000000 0.000000000 0.976417363 0.046593852 -0.210803539 -1.880569882 -0.033763945 0.997374773 0.064058825 1.036829911 0.213234872 -0.055430591 0.975427270 -1.635089848
12366667 0.700348838 1.272219744 0.500000000 0.500000000 0.000000000 0.000000000 0.972510934 0.053032614 -0.226737693 -2.267699779 -0.038560212 0.996954083 0.067791343 1.173120140 0.229642227 -0.057184771 0.971593738 -1.691550071
12433333 0.700348838 1.272219744 0.500000000 0.500000000 0.000000000 0.000000000 0.968213081 0.057924427 -0.243327320 -2.725169770 -0.041959569 0.996643543 0.070292965 1.313860139 0.246582270 -0.057848651 0.967393756 -1.854919795
12500000 0.700348838 1.272219744 0.500000000 0.500000000 0.000000000 0.000000000 0.963335037 0.065755464 -0.260119081 -3.242490386 -0.047882117 0.996073127 0.074468747 1.455170066 0.263994336 -0.059283305 0.962700665 -1.964429991
12566667 0.700348838 1.272219744 0.500000000 0.500000000 0.000000000 0.000000000 0.958214343 0.073470600 -0.276454896 -3.936179757 -0.053920977 0.995519519 0.077674709 1.675019755 0.280923039 -0.059522290 0.957882702 -2.130689885
12633333 0.700348838 1.272219744 0.500000000 0.500000000 0.000000000 0.000000000 0.952475846 0.080564469 -0.293767095 -4.709350272 -0.058707282 0.994861126 0.082491130 1.903049792 0.298903346 -0.061324522 0.952310920 -2.282660225
12700000 0.700348838 1.272219744 0.500000000 0.500000000 0.000000000 0.000000000 0.946167350 0.088143148 -0.311445147 -5.522179663 -0.063567437 0.994070768 0.088218004 2.180589645 0.317374319 -0.063671201 0.946160316 -2.552069510
12766667 0.700348838 1.272219744 0.500000000 0.500000000 0.000000000 0.000000000 0.938185453 0.096558459 -0.332392246 -6.354250623 -0.067922316 0.992988765 0.096746378 2.503060147 0.339403421 -0.068189196 0.938166082 -2.863630107
