https://www.youtube.com/watch?v=ipYGjWGcdFU
200300100 0.956430772 1.723298496 0.500000000 0.500000000 0.000000000 0.000000000 0.953516901 -0.050465453 0.297083855 3.015290275 0.047192816 0.998720288 0.018182494 -0.659511972 -0.297621250 -0.003317093 0.954678297 6.250940268
200366833 0.956430772 1.723298496 0.500000000 0.500000000 0.000000000 0.000000000 0.946507812 -0.055358257 0.317896992 2.906320434 0.051047537 0.998456478 0.021881055 -0.596697001 -0.318617612 -0.004482741 0.947872758 5.387750680
200433567 0.956430772 1.723298496 0.500000000 0.500000000 0.000000000 0.000000000 0.938516557 -0.059504811 0.340067476 2.731459964 0.054537307 0.998219490 0.024156086 -0.581064973 -0.340899378 -0.004124525 0.940090716 4.486919540
200500300 0.956430772 1.723298496 0.500000000 0.500000000 0.000000000 0.000000000 0.930269480 -0.063653789 0.361312777 2.512550279 0.058932234 0.997971416 0.024083853 -0.513479004 -0.362112850 -0.001111516 0.932133615 3.599070232
200567033 0.956430772 1.723298496 0.500000000 0.500000000 0.000000000 0.000000000 0.923447669 -0.064636566 0.378241152 2.270409730 0.060632300 0.997906566 0.022500169 -0.403998935 -0.378903657 0.002155926 0.925433517 2.732379500
200633767 0.956430772 1.723298496 0.500000000 0.500000000 0.000000000 0.000000000 0.917359889 -0.066274635 0.392502934 2.032970170 0.061911233 0.997798324 0.023780305 -0.307665985 -0.393214792 0.002485236 0.919443309 1.958570184
200700500 0.956430772 1.723298496 0.500000000 0.500000000 0.000000000 0.000000000 0.910332799 -0.064342603 0.408845097 1.785990198 0.058934640 0.997927725 0.025826737 -0.253402009 -0.409659594 0.000584203 0.912238300 1.269199977
200767233 0.956430772 1.723298496 0.500000000 0.500000000 0.000000000 0.000000000 0.903194070 -0.064354725 0.424380541 1.495339874 0.057905614 0.997926772 0.028091034 -0.196817005 -0.425308466 -0.000797626 0.905048013 0.686910777
200833967 0.956430772 1.723298496 0.500000000 0.500000000 0.000000000 0.000000000 0.896303952 -0.063335352 0.438893765 1.188129896 0.056020424 0.997990370 0.029612491 -0.165069999 -0.439887255 -0.001954766 0.898050845 0.161540989
200900700 0.956430772 1.723298496 0.500000000 0.500000000 0.000000000 0.000000000 0.889516056 -0.061238915 0.452781200 0.809175909 0.053741954 0.998121440 0.029417155 -0.098319610 -0.453732133 -0.001833661 0.891136169 -0.277781966
200967433 0.956430772 1.723298496 0.500000000 0.500000000 0.000000000 0.000000000 0.882657647 -0.063521788 0.465704262 0.416897019 0.055706050 0.997979939 0.030543193 0.002718364 -0.466703653 -0.001016644 0.884413183 -0.660390016
201034167 0.956430772 1.723298496 0.500000000 0.500000000 0.000000000 0.000000000 0.874840140 -0.064965926 0.480035394 -0.014575064 0.056768544 0.997887433 0.031591997 0.071173990 -0.481073707 -0.000387011 0.876679957 -0.950499850
201100900 0.956430772 1.723298496 0.500000000 0.500000000 0.000000000 0.000000000 0.865647554 -0.061288919 0.496888250 -0.505236903 0.053195376 0.998120070 0.030439951 0.127941009 -0.497819752 0.000081892 0.867280483 -1.169729823
201167633 0.956430772 1.723298496 0.500000000 0.500000000 0.000000000 0.000000000 0.855944395 -0.060191568 0.513552606 -1.090129977 0.051391084 0.998186767 0.031339575 0.165925010 -0.514507830 -0.000432916 0.857485652 -1.361780115
201234367 0.956430772 1.723298496 0.500000000 0.500000000 0.000000000 0.000000000 0.846227288 -0.065839298 0.528738797 -1.760700288 0.055343572 0.997829795 0.035675794 0.188291983 -0.529940188 -0.000927551 0.848034620 -1.479150405
201301100 0.956430772 1.723298496 0.500000000 0.500000000 0.000000000 0.000000000 0.836533487 -0.073090300 0.543018758 -2.425689509 0.061113834 0.997325242 0.040092587 0.277646955 -0.544496715 -0.000352817 0.838762760 -1.536509620
201367833 0.956430772 1.723298496 0.500000000 0.500000000 0.000000000 0.000000000 0.826086998 -0.079871528 0.557853818 -3.162220389 0.066419177 0.996805072 0.044363469 0.344124976 -0.559614897 0.000404095 0.828752756 -1.508140170
201434567 0.956430772 1.723298496 0.500000000 0.500000000 0.000000000 0.000000000 0.816399336 -0.083517961 0.571416795 -3.934500864 0.069113143 0.996505558 0.046904802 0.434603058 -0.573337376 0.001199329 0.819318652 -1.450340403
201501300 0.956430772 1.723298496 0.500000000 0.500000000 0.000000000 0.000000000 0.808710098 -0.086338185 0.581836760 -4.742501359 0.070639677 0.996265411 0.049650948 0.505288940 -0.583950579 0.000947502 0.811788797 -1.390040584
201568033 0.956430772 1.723298496 0.500000000 0.500000000 0.000000000 0.000000000 0.801797867 -0.089763582 0.590815187 -5.511689711 0.073023334 0.995962262 0.052218005 0.519193934 -0.593116879 0.001275014 0.805115283 -1.320739922
201634767 0.956430772 1.723298496 0.500000000 0.500000000 0.000000000 0.000000000 0.793265820 -0.091306418 0.601990342 -6.232699178 0.074134424 0.995820165 0.053350456 0.493606066 -0.604345322 0.002307119 0.796719074 -1.216230010
