https://www.youtube.com/watch?v=nOYihxUp0MM
61551722 1.035165110 1.843444614 0.500000000 0.500000000 0.000000000 0.000000000 0.779228628 -0.101657212 0.618440330 -3.633609710 0.131851435 0.991264343 -0.003190659 -0.534966002 -0.612713516 0.084028520 0.785825193 0.737535119
61620689 1.035165110 1.843444614 0.500000000 0.500000000 0.000000000 0.000000000 0.763140798 -0.103910193 0.637823582 -3.576550461 0.134760454 0.990878165 0.000189923 -0.562663920 -0.632025242 0.085808434 0.770182550 0.902583057
61689656 1.035165110 1.843444614 0.500000000 0.500000000 0.000000000 0.000000000 0.746545315 -0.106353506 0.656778932 -3.512498576 0.137396023 0.990507185 0.004219960 -0.590485987 -0.650993109 0.087088510 0.754071057 1.061779821
61758622 1.035165110 1.843444614 0.500000000 0.500000000 0.000000000 0.000000000 0.729529381 -0.109123036 0.675188363 -3.426300958 0.140463084 0.990051627 0.008242853 -0.605727986 -0.669370830 0.088825591 0.737599492 1.215260417
61827589 1.035165110 1.843444614 0.500000000 0.500000000 0.000000000 0.000000000 0.711901367 -0.111490652 0.693373501 -3.339001793 0.142919943 0.989656687 0.012392368 -0.615556080 -0.687583387 0.090274662 0.720472157 1.371680990
61896556 1.035165110 1.843444614 0.500000000 0.500000000 0.000000000 0.000000000 0.693800271 -0.113756076 0.711126328 -3.246899676 0.144854531 0.989308119 0.016930468 -0.636065982 -0.705448985 0.091263518 0.702860355 1.495929734
61965522 1.035165110 1.843444614 0.500000000 0.500000000 0.000000000 0.000000000 0.666050911 -0.116826437 0.736700714 -3.094710678 0.147820890 0.988743186 0.023150638 -0.649814061 -0.731112421 0.093480222 0.675822675 1.674830486
62034478 1.035165110 1.843444614 0.500000000 0.500000000 0.000000000 0.000000000 0.647570133 -0.119075567 0.752644122 -2.974067878 0.149802506 0.988334119 0.027474944 -0.650243859 -0.747135460 0.094956160 0.657853484 1.800728449
62103444 1.035165110 1.843444614 0.500000000 0.500000000 0.000000000 0.000000000 0.629288793 -0.121009603 0.767692745 -2.855479580 0.151265785 0.987983465 0.031738773 -0.650022991 -0.762308419 0.096152812 0.640031576 1.899529691
62172411 1.035165110 1.843444614 0.500000000 0.500000000 0.000000000 0.000000000 0.611254215 -0.122805804 0.781848013 -2.733188241 0.152403533 0.987663090 0.035983317 -0.649661888 -0.776621401 0.097161569 0.622429252 1.999938755
62241378 1.035165110 1.843444614 0.500000000 0.500000000 0.000000000 0.000000000 0.593848228 -0.124080062 0.794952035 -2.593050778 0.153067112 0.987415016 0.039775819 -0.650236173 -0.789882898 0.098060146 0.605367243 2.085290538
62310344 1.035165110 1.843444614 0.500000000 0.500000000 0.000000000 0.000000000 0.577170253 -0.125167042 0.806973875 -2.446597954 0.153795183 0.987161577 0.043116793 -0.642571733 -0.802010357 0.099223122 0.589010358 2.165187972
62379311 1.035165110 1.843444614 0.500000000 0.500000000 0.000000000 0.000000000 0.561581492 -0.125915647 0.817784488 -2.289159972 0.153965414 0.986993730 0.046239346 -0.635860083 -0.812970459 0.099943355 0.573664069 2.221070237
62448278 1.035165110 1.843444614 0.500000000 0.500000000 0.000000000 0.000000000 0.548928618 -0.126281381 0.826274693 -2.123818977 0.153748453 0.986909688 0.048690110 -0.624477844 -0.821607172 0.100311145 0.561158538 2.258799007
62517244 1.035165110 1.843444614 0.500000000 0.500000000 0.000000000 0.000000000 0.538639009 -0.125919431 0.833073914 -1.963009636 0.153001904 0.986947417 0.050251342 -0.598781957 -0.828527749 0.100394584 0.550874293 2.307279569
62586211 1.035165110 1.843444614 0.500000000 0.500000000 0.000000000 0.000000000 0.530872226 -0.125297651 0.838138521 -1.828541815 0.151882991 0.987063229 0.051359318 -0.579964350 -0.833730876 0.100033589 0.543034971 2.312591979
62655178 1.035165110 1.843444614 0.500000000 0.500000000 0.000000000 0.000000000 0.525806189 -0.124198772 0.841488063 -1.696659385 0.149744138 0.987348020 0.052158818 -0.553836872 -0.837319672 0.098582536 0.537751794 2.306469203
62724133 1.035165110 1.843444614 0.500000000 0.500000000 0.000000000 0.000000000 0.524417043 -0.121886373 0.842692792 -1.578221244 0.146807998 0.987822533 0.051517557 -0.521461228 -0.838710248 0.096697256 0.535924792 2.291741475
62793100 1.035165110 1.843444614 0.500000000 0.500000000 0.000000000 0.000000000 0.524254620 -0.118603259 0.843261838 -1.446340411 0.142524570 0.988506019 0.050424270 -0.472207124 -0.839549899 0.093750335 0.535132706 2.284950540
62862067 1.035165110 1.843444614 0.500000000 0.500000000 0.000000000 0.000000000 0.524601460 -0.114523590 0.843610168 -1.321630465 0.137544364 0.989294291 0.048768438 -0.425157125 -0.840163827 0.090449758 0.534737349 2.271400915
62931033 1.035165110 1.843444614 0.500000000 0.500000000 0.000000000 0.000000000 0.525004447 -0.110024422 0.843957543 -1.191809233 0.132300794 0.990105271 0.046776369 -0.375084790 -0.840753317 0.087098539 0.534366012 2.253818364
63000000 1.035165110 1.843444614 0.500000000 0.500000000 0.000000000 0.000000000 0.525192857 -0.103833228 0.844624639 -0.985114573 0.125409365 0.991134942 0.043864030 -0.329619912 -0.841691494 0.082886815 0.533558667 2.218359231
63068967 1.035165110 1.843444614 0.500000000 0.500000000 0.000000000 0.000000000 0.524886966 -0.100115776 0.845262885 -0.851075995 0.122144267 0.991639972 0.041604698 -0.306635694 -0.842361689 0.081406407 0.532727480 2.191417238
63137933 1.035165110 1.843444614 0.500000000 0.500000000 0.000000000 0.000000000 0.524806738 -0.097282439 0.845644176 -0.707914086 0.119723007 0.992008448 0.039820015 -0.301468042 -0.842759907 0.080345243 0.532259643 2.163139977
63206900 1.035165110 1.843444614 0.500000000 0.500000000 0.000000000 0.000000000 0.524676919 -0.095544778 0.845922887 -0.556386085 0.118417077 0.992212594 0.038620565 -0.300156066 -0.843025386 0.079908371 0.531905174 2.126820659
63275867 1.035165110 1.843444614 0.500000000 0.500000000 0.000000000 0.000000000 0.524281681 -0.094871596 0.846243978 -0.408131280 0.118211597 0.992260873 0.038004618 -0.294404205 -0.843300343 0.080110624 0.531439126 2.085981524
63344833 1.035165110 1.843444614 0.500000000 0.500000000 0.000000000 0.000000000 0.523991525 -0.095056385 0.846402526 -0.279215902 0.118473083 0.992226481 0.038088933 -0.298351000 -0.843443632 0.080317624 0.531179905 2.030680194
63413789 1.035165110 1.843444614 0.500000000 0.500000000 0.000000000 0.000000000 0.523935318 -0.095794380 0.846354723 -0.158711145 0.119273648 0.992116392 0.038456053 -0.292087256 -0.843366265 0.080799192 0.531230569 1.972802234
63482756 1.035165110 1.843444614 0.500000000 0.500000000 0.000000000 0.000000000 0.523567438 -0.096944615 0.846450865 -0.040243067 0.120443851 0.991949499 0.039108805 -0.277996053 -0.843427837 0.081473671 0.531028867 1.901220220
63551722 1.035165110 1.843444614 0.500000000 0.500000000 0.000000000 0.000000000 0.523046434 -0.099532112 0.846471965 0.062165306 0.122466609 0.991628408 0.040926550 -0.258994746 -0.843459189 0.082258195 0.530857086 1.816048365
63620689 1.035165110 1.843444614 0.500000000 0.500000000 0.000000000 0.000000000 0.522667706 -0.102371708 0.846367657 0.157201907 0.124579817 0.991278887 0.042966042 -0.241076964 -0.843384922 0.082983404 0.530862927 1.721909711
63689656 1.035165110 1.843444614 0.500000000 0.500000000 0.000000000 0.000000000 0.521849334 -0.105635382 0.846471071 0.249096698 0.126939729 0.990871012 0.045397468 -0.234252742 -0.843539238 0.083760329 0.530494690 1.602238172
63758622 1.035165110 1.843444614 0.500000000 0.500000000 0.000000000 0.000000000 0.521032453 -0.109559521 0.846475840 0.333447859 0.129960909 0.990347564 0.048185851 -0.229510921 -0.843584538 0.084902436 0.530241728 1.444499460
63827589 1.035165110 1.843444614 0.500000000 0.500000000 0.000000000 0.000000000 0.520408630 -0.114259496 0.846238196 0.414079789 0.133008093 0.989758193 0.051842041 -0.221255909 -0.843494594 0.085577555 0.530276179 1.274669359
63896556 1.035165110 1.843444614 0.500000000 0.500000000 0.000000000 0.000000000 0.520888746 -0.118785322 0.845319033 0.489934677 0.135388821 0.989232302 0.055581130 -0.194819867 -0.842819095 0.085495271 0.531362176 1.069839082
63965522 1.035165110 1.843444614 0.500000000 0.500000000 0.000000000 0.000000000 0.522393227 -0.122258082 0.843894780 0.557835033 0.135248140 0.989019930 0.059560712 -0.164377999 -0.841910541 0.083021075 0.533192515 0.840111117
64034478 1.035165110 1.843444614 0.500000000 0.500000000 0.000000000 0.000000000 0.526971638 -0.126592249 0.840402305 0.672971466 0.131142050 0.989113152 0.066760793 -0.082631347 -0.839704335 0.075030923 0.537836075 0.468672277
64103444 1.035165110 1.843444614 0.500000000 0.500000000 0.000000000 0.000000000 0.531445920 -0.127249569 0.837480247 0.741487290 0.126057804 0.989524722 0.070358314 -0.010985307 -0.837660491 0.068179213 0.541919649 0.194245038
64172411 1.035165110 1.843444614 0.500000000 0.500000000 0.000000000 0.000000000 0.535763204 -0.124448426 0.835146964 0.821005054 0.119049184 0.990332127 0.071200758 0.068804799 -0.835933745 0.061276808 0.545399010 -0.092766711
64241378 1.035165110 1.843444614 0.500000000 0.500000000 0.000000000 0.000000000 0.538761616 -0.121856458 0.833598971 0.903266336 0.113998555 0.990927935 0.071176827 0.154733018 -0.834709883 0.056681693 0.547765374 -0.368423147
64310344 1.035165110 1.843444614 0.500000000 0.500000000 0.000000000 0.000000000 0.539575696 -0.118762866 0.833518744 0.998247096 0.106014192 0.991705358 0.072673932 0.222836013 -0.835235953 0.049151726 0.547690630 -0.630544032
64379311 1.035165110 1.843444614 0.500000000 0.500000000 0.000000000 0.000000000 0.539585590 -0.115461588 0.833975434 1.101548991 0.099556401 0.992352307 0.072975010 0.269360855 -0.836023331 0.043651458 0.546953917 -0.857090229
64448278 1.035165110 1.843444614 0.500000000 0.500000000 0.000000000 0.000000000 0.540886879 -0.113543443 0.833396494 1.205180664 0.097937159 0.992608428 0.071672074 0.306261085 -0.835374296 0.042853948 0.548008919 -1.079660617
64517244 1.035165110 1.843444614 0.500000000 0.500000000 0.000000000 0.000000000 0.543218732 -0.113808274 0.831841767 1.304809593 0.104155287 0.992251575 0.067738041 0.333691918 -0.833105505 0.049844194 0.550863385 -1.300849706
64586211 1.035165110 1.843444614 0.500000000 0.500000000 0.000000000 0.000000000 0.545788467 -0.114471018 0.830067039 1.413249893 0.114349425 0.991532028 0.061550550 0.363382984 -0.830083847 0.061324120 0.554256439 -1.509520076
64655178 1.035165110 1.843444614 0.500000000 0.500000000 0.000000000 0.000000000 0.548828244 -0.115988113 0.827849030 1.527129550 0.123780720 0.990685999 0.056741569 0.397272941 -0.826719761 0.071330421 0.558073521 -1.742919389
64724133 1.035165110 1.843444614 0.500000000 0.500000000 0.000000000 0.000000000 0.553599238 -0.117804728 0.824408531 1.659729108 0.130219728 0.990012169 0.054024898 0.424783873 -0.822538853 0.077446185 0.563410521 -1.964299128
64793100 1.035165110 1.843444614 0.500000000 0.500000000 0.000000000 0.000000000 0.560645700 -0.119959421 0.819320917 1.798251050 0.133734480 0.989578784 0.053375442 0.453380213 -0.817185521 0.079646640 0.570845842 -2.192611648
64862067 1.035165110 1.843444614 0.500000000 0.500000000 0.000000000 0.000000000 0.569772780 -0.121295221 0.812801600 1.958529889 0.134898454 0.989436090 0.053090949 0.489817998 -0.810654879 0.079395905 0.580116272 -2.420089614
64931033 1.035165110 1.843444614 0.500000000 0.500000000 0.000000000 0.000000000 0.579522431 -0.120498046 0.805998921 2.131430590 0.132642791 0.989767194 0.052599993 0.526526090 -0.804089546 0.076427028 0.589575529 -2.653191017
65000000 1.035165110 1.843444614 0.500000000 0.500000000 0.000000000 0.000000000 0.593615055 -0.114837527 0.796513140 2.428419266 0.125632524 0.990854740 0.049226999 0.608517893 -0.794881999 0.070846111 0.602613688 -3.016139453
65068967 1.035165110 1.843444614 0.500000000 0.500000000 0.000000000 0.000000000 0.601439238 -0.107763752 0.791617215 2.636940367 0.119190559 0.991875052 0.044468842 0.666609045 -0.789977491 0.067607991 0.609396935 -3.259900086
65137933 1.035165110 1.843444614 0.500000000 0.500000000 0.000000000 0.000000000 0.607195497 -0.098983832 0.788362682 2.838009538 0.112300031 0.992940724 0.038176589 0.723854926 -0.786576211 0.065352514 0.614025056 -3.507749409
65206900 1.035165110 1.843444614 0.500000000 0.500000000 0.000000000 0.000000000 0.610824943 -0.090475596 0.786579788 3.017422144 0.107110269 0.993759751 0.031128895 0.779787319 -0.784487665 0.065236375 0.616704106 -3.754482441
65275867 1.035165110 1.843444614 0.500000000 0.500000000 0.000000000 0.000000000 0.613020182 -0.083853416 0.785604835 3.190249871 0.103033088 0.994344950 0.025735408 0.816987053 -0.783320189 0.065166958 0.618193209 -3.991780475
65344833 1.035165110 1.843444614 0.500000000 0.500000000 0.000000000 0.000000000 0.614290833 -0.080200545 0.784993052 3.353288191 0.101690389 0.994572043 0.022035552 0.843874843 -0.782499433 0.066290066 0.619112134 -4.213738028
65413789 1.035165110 1.843444614 0.500000000 0.500000000 0.000000000 0.000000000 0.614763021 -0.080265284 0.784616947 3.481519499 0.103630036 0.994404018 0.020530041 0.877143934 -0.781874061 0.068688795 0.619640708 -4.416759102
65482756 1.035165110 1.843444614 0.500000000 0.500000000 0.000000000 0.000000000 0.615943789 -0.082356222 0.783473790 3.604831691 0.108215801 0.993938029 0.019403486 0.922549185 -0.780322373 0.072832733 0.621122181 -4.614811810
65551722 1.035165110 1.843444614 0.500000000 0.500000000 0.000000000 0.000000000 0.617045164 -0.085611843 0.782257259 3.705851689 0.114517592 0.993251324 0.018371884 0.978845200 -0.778550923 0.078245878 0.622684956 -4.811792211
65620689 1.035165110 1.843444614 0.500000000 0.500000000 0.000000000 0.000000000 0.617436528 -0.087589994 0.781729102 3.795260746 0.120131910 0.992623508 0.016335636 1.032709967 -0.777393579 0.083824359 0.623404384 -5.019761500
65689656 1.035165110 1.843444614 0.500000000 0.500000000 0.000000000 0.000000000 0.616960287 -0.088175237 0.782039106 3.875670291 0.124298543 0.992148817 0.013804544 1.085949962 -0.777116358 0.088689476 0.623076439 -5.237199352
65758622 1.035165110 1.843444614 0.500000000 0.500000000 0.000000000 0.000000000 0.614250660 -0.088169821 0.784169555 3.946768516 0.126026735 0.991944075 0.012812965 1.121339750 -0.778982043 0.090956002 0.620414078 -5.484538079
65827589 1.035165110 1.843444614 0.500000000 0.500000000 0.000000000 0.000000000 0.609241188 -0.088646874 0.788014412 4.002639194 0.125689879 0.991964877 0.014414899 1.163119950 -0.782960415 0.090263322 0.615487814 -5.754548302
65896556 1.035165110 1.843444614 0.500000000 0.500000000 0.000000000 0.000000000 0.601786613 -0.090014547 0.793567955 4.045569243 0.122480005 0.992275953 0.019673761 1.187369851 -0.789209306 0.085356832 0.608163357 -6.061628481
65965522 1.035165110 1.843444614 0.500000000 0.500000000 0.000000000 0.000000000 0.592597485 -0.093039222 0.800107539 4.082311106 0.118765347 0.992542744 0.027453011 1.205450210 -0.796695173 0.078756452 0.599228144 -6.391201507
66034478 1.035165110 1.843444614 0.500000000 0.500000000 0.000000000 0.000000000 0.574831009 -0.098436154 0.812329412 4.082836996 0.116006218 0.992514372 0.038180731 1.277849531 -0.810006976 0.072287865 0.581947327 -6.945085827
