https://www.youtube.com/watch?v=aaxX6usSqBA
33133100 0.960637222 1.717783263 0.500000000 0.500000000 0.000000000 0.000000000 0.845643461 0.156494319 -0.510290742 -6.103569686 -0.149889916 0.987207234 0.054358978 0.403700927 0.512269616 0.030519139 0.858282208 -0.033827175
33199833 0.960637222 1.717783263 0.500000000 0.500000000 0.000000000 0.000000000 0.829456747 0.153598562 -0.537037253 -5.322830201 -0.145303443 0.987681746 0.058065929 0.331272889 0.539340734 0.029870175 0.841557741 -0.069338114
33266567 0.960637222 1.717783263 0.500000000 0.500000000 0.000000000 0.000000000 0.815456450 0.151861474 -0.558541477 -4.734098316 -0.141052768 0.988014758 0.062697172 0.203994874 0.561368525 0.027657066 0.827103496 -0.218093086
33333300 0.960637222 1.717783263 0.500000000 0.500000000 0.000000000 0.000000000 0.802181661 0.151997477 -0.577408910 -4.226768799 -0.139460713 0.988003373 0.066332839 0.143867879 0.580564380 0.027314944 0.813755870 -0.230910014
33400033 0.960637222 1.717783263 0.500000000 0.500000000 0.000000000 0.000000000 0.787144661 0.151731268 -0.597813189 -3.632938974 -0.137322232 0.988052368 0.069964960 0.046358054 0.601286590 0.027020548 0.798576236 -0.282626859
33466767 0.960637222 1.717783263 0.500000000 0.500000000 0.000000000 0.000000000 0.772078454 0.153186738 -0.616788983 -3.047219905 -0.136994660 0.987815142 0.073849507 -0.037549499 0.620586276 0.027479181 0.783656538 -0.314654071
33533500 0.960637222 1.717783263 0.500000000 0.500000000 0.000000000 0.000000000 0.756378889 0.156344324 -0.635175467 -2.434541178 -0.139066994 0.987253368 0.077402472 -0.082960398 0.639180541 0.029786253 0.768479943 -0.288688103
33600233 0.960637222 1.717783263 0.500000000 0.500000000 0.000000000 0.000000000 0.741167784 0.159229070 -0.652163029 -1.849000379 -0.140354037 0.986748695 0.081410944 -0.156442927 0.656484008 0.031194504 0.753694773 -0.264403101
33666967 0.960637222 1.717783263 0.500000000 0.500000000 0.000000000 0.000000000 0.725678682 0.160279512 -0.669104517 -1.265889901 -0.140944302 0.986494482 0.083446726 -0.180859992 0.673442662 0.033750989 0.738468468 -0.132928005
33733700 0.960637222 1.717783263 0.500000000 0.500000000 0.000000000 0.000000000 0.710400641 0.162313432 -0.684825361 -0.700315347 -0.141920805 0.986091673 0.086496964 -0.222452010 0.689340174 0.035743363 0.723555803 -0.054501057
33800433 0.960637222 1.717783263 0.500000000 0.500000000 0.000000000 0.000000000 0.695081055 0.165060997 -0.699726284 -0.131806949 -0.144954532 0.985474706 0.088474981 -0.186851993 0.704166353 0.039931275 0.708911180 0.097851665
33867167 0.960637222 1.717783263 0.500000000 0.500000000 0.000000000 0.000000000 0.680126429 0.170192137 -0.713065803 0.422816051 -0.150051281 0.984403908 0.091834381 -0.130360025 0.717574298 0.044537395 0.695056677 0.282694059
33933900 0.960637222 1.717783263 0.500000000 0.500000000 0.000000000 0.000000000 0.664800048 0.173576429 -0.726575911 1.029310389 -0.154284969 0.983563542 0.093802720 -0.052133447 0.730915487 0.049739596 0.680653334 0.487105174
34000633 0.960637222 1.717783263 0.500000000 0.500000000 0.000000000 0.000000000 0.650506616 0.177450195 -0.738479435 1.606818964 -0.157059118 0.982735395 0.097793616 -0.056305493 0.743083417 0.052369677 0.667146087 0.611156719
34067367 0.960637222 1.717783263 0.500000000 0.500000000 0.000000000 0.000000000 0.635884881 0.181318864 -0.750182390 2.224169270 -0.160618588 0.981819034 0.101158544 -0.031667482 0.754885316 0.056168094 0.653447151 0.741485814
34134100 0.960637222 1.717783263 0.500000000 0.500000000 0.000000000 0.000000000 0.620840669 0.185406491 -0.761696815 2.879102124 -0.164783254 0.980786383 0.104424819 -0.023955944 0.766422868 0.060683548 0.639463902 0.870047559
34200833 0.960637222 1.717783263 0.500000000 0.500000000 0.000000000 0.000000000 0.606026232 0.188795686 -0.772714853 3.535629305 -0.169166476 0.979793012 0.106716424 -0.032498566 0.777248144 0.066044539 0.625718117 1.004639656
34267567 0.960637222 1.717783263 0.500000000 0.500000000 0.000000000 0.000000000 0.591008723 0.188947618 -0.784223974 4.289019050 -0.172073334 0.979334295 0.106278360 -0.067331148 0.788098514 0.072132647 0.611307979 1.290019802
34334300 0.960637222 1.717783263 0.500000000 0.500000000 0.000000000 0.000000000 0.576305985 0.191717699 -0.794427693 5.042007897 -0.178071544 0.978195190 0.106886514 -0.102900727 0.797597349 0.079865701 0.597879231 1.546239180
34401033 0.960637222 1.717783263 0.500000000 0.500000000 0.000000000 0.000000000 0.563162088 0.193931714 -0.803267598 5.741959490 -0.183215067 0.977180958 0.107469290 -0.185491040 0.805779457 0.086648121 0.585842431 1.757899743
34467767 0.960637222 1.717783263 0.500000000 0.500000000 0.000000000 0.000000000 0.551654279 0.195713907 -0.810785651 6.406618377 -0.189556807 0.976061940 0.106636152 -0.227198762 0.812247157 0.094863713 0.575547695 2.044689016
