https://www.youtube.com/watch?v=RiT-k99xkXE
24000000 0.986591152 1.754539985 0.500000000 0.500000000 0.000000000 0.000000000 0.999177814 -0.031192537 0.025898496 2.749020138 0.031832758 0.999188304 -0.024687411 0.522615048 -0.025107412 0.025491534 0.999359667 -4.628839352
24066667 0.986591152 1.754539985 0.500000000 0.500000000 0.000000000 0.000000000 0.999162853 -0.031821355 0.025708660 2.685089944 0.032400981 0.999222696 -0.022452816 0.513841955 -0.024974197 0.023267008 0.999417305 -4.465629769
24133333 0.986591152 1.754539985 0.500000000 0.500000000 0.000000000 0.000000000 0.999134362 -0.032351065 0.026152344 2.611150139 0.032920849 0.999223292 -0.021658178 0.510110998 -0.025431367 0.022500388 0.999423325 -4.316709401
24200000 0.986591152 1.754539985 0.500000000 0.500000000 0.000000000 0.000000000 0.999054551 -0.033342585 0.027898572 2.521860202 0.033939563 0.999198914 -0.021205397 0.499291032 -0.027169179 0.022132212 0.999385834 -4.170539827
24266667 0.986591152 1.754539985 0.500000000 0.500000000 0.000000000 0.000000000 0.998907328 -0.034794472 0.031201843 2.410480272 0.035503291 0.999117196 -0.022458389 0.518337061 -0.030392870 0.023541614 0.999260783 -4.008940253
24333333 0.986591152 1.754539985 0.500000000 0.500000000 0.000000000 0.000000000 0.998748362 -0.036260512 0.034450829 2.292149992 0.037122641 0.999004841 -0.024723655 0.518589051 -0.033520050 0.025971616 0.999100566 -3.816810202
24400000 0.986591152 1.754539985 0.500000000 0.500000000 0.000000000 0.000000000 0.998512685 -0.037523586 0.039552890 2.135959994 0.038585883 0.998905301 -0.026445154 0.475557011 -0.038517274 0.027932003 0.998867452 -3.602249802
24466667 0.986591152 1.754539985 0.500000000 0.500000000 0.000000000 0.000000000 0.998249233 -0.038851280 0.044598758 2.002280024 0.040151086 0.998783410 -0.028627973 0.437119981 -0.043432266 0.030368540 0.998594701 -3.375159960
24533333 0.986591152 1.754539985 0.500000000 0.500000000 0.000000000 0.000000000 0.997907996 -0.040554520 0.050348978 1.882810205 0.042121153 0.998648286 -0.030454095 0.414234048 -0.049045872 0.032511141 0.998267293 -3.191770354
24600000 0.986591152 1.754539985 0.500000000 0.500000000 0.000000000 0.000000000 0.997500956 -0.042517491 0.056428276 1.783960105 0.044445463 0.998454571 -0.033362884 0.428956003 -0.054922566 0.035787489 0.997849047 -2.983500051
24666667 0.986591152 1.754539985 0.500000000 0.500000000 0.000000000 0.000000000 0.996996760 -0.044345599 0.063489579 1.670889977 0.046708535 0.998251319 -0.036229633 0.419266982 -0.061771933 0.039086334 0.997324646 -2.776309773
24733333 0.986591152 1.754539985 0.500000000 0.500000000 0.000000000 0.000000000 0.996426404 -0.046695903 0.070383653 1.574829965 0.049588613 0.997971356 -0.039927360 0.423501999 -0.068376422 0.043274906 0.996720612 -2.576970182
24800000 0.986591152 1.754539985 0.500000000 0.500000000 0.000000000 0.000000000 0.995841682 -0.048583161 0.077064767 1.496539854 0.051986840 0.997730553 -0.042792004 0.395332997 -0.074810907 0.046620417 0.996107340 -2.367029898
24866667 0.986591152 1.754539985 0.500000000 0.500000000 0.000000000 0.000000000 0.995067179 -0.050289724 0.085511960 1.404789976 0.054429982 0.997420490 -0.046794418 0.363576001 -0.082938097 0.051218007 0.995237648 -2.136410105
24933333 0.986591152 1.754539985 0.500000000 0.500000000 0.000000000 0.000000000 0.994420767 -0.051514469 0.092052370 1.328920032 0.056426890 0.997073293 -0.051583346 0.361426967 -0.089125663 0.056489784 0.994417191 -1.920650084
25000000 0.986591152 1.754539985 0.500000000 0.500000000 0.000000000 0.000000000 0.993868351 -0.052370146 0.097380847 1.253939879 0.057848595 0.996846974 -0.054311201 0.328963973 -0.094229519 0.059611529 0.993764162 -1.713249874
25066667 0.986591152 1.754539985 0.500000000 0.500000000 0.000000000 0.000000000 0.993577123 -0.052494239 0.100244053 1.188820025 0.058533695 0.996582389 -0.058286849 0.319738023 -0.096841730 0.063780129 0.993254125 -1.552139986
25133333 0.986591152 1.754539985 0.500000000 0.500000000 0.000000000 0.000000000 0.993508160 -0.051726863 0.101320393 1.105879964 0.058247477 0.996344388 -0.062490590 0.327338004 -0.097717561 0.067986570 0.992889285 -1.422520166
25200000 0.986591152 1.754539985 0.500000000 0.500000000 0.000000000 0.000000000 0.993413329 -0.050743409 0.102738164 0.987649147 0.057603486 0.996224940 -0.064943969 0.309778997 -0.099054851 0.070434272 0.992586076 -1.289219860
25266667 0.986591152 1.754539985 0.500000000 0.500000000 0.000000000 0.000000000 0.993311286 -0.050144017 0.104011104 0.880308089 0.057320639 0.996091843 -0.067196645 0.316922007 -0.100235105 0.072709166 0.992303550 -1.169670074
25333333 0.986591152 1.754539985 0.500000000 0.500000000 0.000000000 0.000000000 0.993246615 -0.049529411 0.104919173 0.777247042 0.056888081 0.996038496 -0.068344891 0.294135011 -0.101118453 0.073851988 0.992129505 -1.051290034
25400000 0.986591152 1.754539985 0.500000000 0.500000000 0.000000000 0.000000000 0.993227541 -0.048701249 0.105485894 0.676853037 0.056139566 0.996054351 -0.068732187 0.250373001 -0.101722337 0.074188635 0.992042661 -0.933205038
25466667 0.986591152 1.754539985 0.500000000 0.500000000 0.000000000 0.000000000 0.993156254 -0.047891494 0.106522493 0.554927986 0.055204365 0.996238351 -0.066795483 0.174007997 -0.102922864 0.072218850 0.992064178 -0.810598040
25533333 0.986591152 1.754539985 0.500000000 0.500000000 0.000000000 0.000000000 0.993039548 -0.046864755 0.108056284 0.419178982 0.054308228 0.996273637 -0.067003012 0.155888004 -0.104513548 0.072404981 0.991884291 -0.694317937
25600000 0.986591152 1.754539985 0.500000000 0.500000000 0.000000000 0.000000000 0.992798090 -0.045671910 0.110752344 0.267807013 0.053192347 0.996405661 -0.065926440 0.132427002 -0.107343271 0.071342818 0.991659045 -0.539442107
25666667 0.986591152 1.754539985 0.500000000 0.500000000 0.000000000 0.000000000 0.992571056 -0.044331476 0.113302223 0.136180994 0.051947124 0.996521115 -0.065170459 0.116494005 -0.110018946 0.070572041 0.991420925 -0.398326987
25733333 0.986591152 1.754539985 0.500000000 0.500000000 0.000000000 0.000000000 0.992317021 -0.043432880 0.115846716 0.025001594 0.051080052 0.996649504 -0.063879639 0.097764905 -0.112684093 0.069306314 0.991210818 -0.254467034
25800000 0.986591152 1.754539985 0.500000000 0.500000000 0.000000000 0.000000000 0.992048383 -0.041944418 0.118662141 -0.077330005 0.049590241 0.996829033 -0.062231287 0.071946806 -0.115675606 0.067620933 0.990982592 -0.109069996
25866667 0.986591152 1.754539985 0.500000000 0.500000000 0.000000000 0.000000000 0.991672635 -0.040973399 0.122092240 -0.177480991 0.048586141 0.997012794 -0.060041063 0.034048101 -0.119267441 0.065473072 0.990701020 0.061007501
25933333 0.986591152 1.754539985 0.500000000 0.500000000 0.000000000 0.000000000 0.991078734 -0.040231906 0.127060369 -0.329981007 0.048013106 0.997115552 -0.058782417 0.014020203 -0.124328934 0.064358562 0.990151644 0.267047964
26000000 0.986591152 1.754539985 0.500000000 0.500000000 0.000000000 0.000000000 0.990409732 -0.039453007 0.132408455 -0.515374993 0.047374390 0.997237086 -0.057217363 -0.009501028 -0.129785225 0.062941402 0.989542425 0.541875008
26066667 0.986591152 1.754539985 0.500000000 0.500000000 0.000000000 0.000000000 0.989560604 -0.038522869 0.138873354 -0.740558064 0.046719521 0.997322857 -0.056253158 -0.027041198 -0.136334524 0.062154002 0.988711178 0.818638066
26133333 0.986591152 1.754539985 0.500000000 0.500000000 0.000000000 0.000000000 0.988690794 -0.037865981 0.145109177 -0.966775973 0.046268784 0.997415125 -0.054975316 -0.080434997 -0.142652392 0.061067611 0.987887144 1.123610009
26200000 0.986591152 1.754539985 0.500000000 0.500000000 0.000000000 0.000000000 0.987699986 -0.038495328 0.151548207 -1.178480021 0.047165524 0.997424364 -0.054036967 -0.152390013 -0.149077713 0.060520165 0.986971736 1.446540162
26266667 0.986591152 1.754539985 0.500000000 0.500000000 0.000000000 0.000000000 0.986552179 -0.039892804 0.158503383 -1.357659916 0.049246367 0.997241914 -0.055527695 -0.233204996 -0.155851066 0.062586688 0.985795796 1.733029870
26333333 0.986591152 1.754539985 0.500000000 0.500000000 0.000000000 0.000000000 0.984374344 -0.042580087 0.170862898 -1.531220009 0.053306084 0.996852338 -0.058685005 -0.361390033 -0.167826250 0.066876039 0.983545601 2.063920166
26400000 0.986591152 1.754539985 0.500000000 0.500000000 0.000000000 0.000000000 0.981916189 -0.048263833 0.183060572 -1.598299948 0.061445795 0.995857060 -0.067031048 -0.508529043 -0.179066971 0.077067174 0.980813801 2.355870214
26466667 0.986591152 1.754539985 0.500000000 0.500000000 0.000000000 0.000000000 0.979870796 -0.055521902 0.191756412 -1.659219934 0.070134141 0.995059431 -0.070270419 -0.686506006 -0.186907485 0.082304597 0.978923678 2.615410177
26533333 0.986591152 1.754539985 0.500000000 0.500000000 0.000000000 0.000000000 0.978911459 -0.059812739 0.195332512 -1.728050085 0.074794114 0.994722307 -0.070237868 -0.806065029 -0.190100476 0.083366387 0.978218675 2.890599653
26600000 0.986591152 1.754539985 0.500000000 0.500000000 0.000000000 0.000000000 0.979219615 -0.061685320 0.193193614 -1.788819934 0.076192722 0.994731903 -0.068579085 -0.852124976 -0.187945515 0.081873946 0.978761017 3.147049843
26666667 0.986591152 1.754539985 0.500000000 0.500000000 0.000000000 0.000000000 0.979800999 -0.062993564 0.189794227 -1.921000012 0.076063119 0.995150030 -0.062376350 -0.929747938 -0.184944436 0.075552747 0.979840457 3.452830111
26733333 0.986591152 1.754539985 0.500000000 0.500000000 0.000000000 0.000000000 0.980629444 -0.063596547 0.185260475 -2.053740202 0.075319886 0.995532453 -0.056938652 -0.960232019 -0.180811733 0.069789506 0.981038511 3.733220164
26800000 0.986591152 1.754539985 0.500000000 0.500000000 0.000000000 0.000000000 0.981058240 -0.064404450 0.182693154 -2.152299854 0.075099535 0.995807111 -0.052232906 -0.982765953 -0.178563118 0.064963706 0.981781483 4.012039982
26866667 0.986591152 1.754539985 0.500000000 0.500000000 0.000000000 0.000000000 0.981007814 -0.064323969 0.182991922 -2.246339979 0.074508138 0.995999694 -0.049326833 -1.004739949 -0.179087013 0.062024403 0.981876135 4.300329913
26933333 0.986591152 1.754539985 0.500000000 0.500000000 0.000000000 0.000000000 0.980586052 -0.063069686 0.185669467 -2.349519509 0.073394597 0.996085465 -0.049264546 -0.980818999 -0.181835547 0.061935272 0.981376529 4.570860146
27000000 0.986591152 1.754539985 0.500000000 0.500000000 0.000000000 0.000000000 0.979554057 -0.061959416 0.191402197 -2.494989963 0.072641864 0.996138811 -0.049301650 -1.008310013 -0.187608451 0.062197458 0.980272651 4.905419386
27066667 0.986591152 1.754539985 0.500000000 0.500000000 0.000000000 0.000000000 0.979468048 -0.061320502 0.192047432 -2.576560342 0.071907714 0.996224284 -0.048645973 -1.104239886 -0.188339338 0.061456859 0.980179250 5.205000032
27133333 0.986591152 1.754539985 0.500000000 0.500000000 0.000000000 0.000000000 0.979068518 -0.061893437 0.193891898 -2.721350318 0.072141349 0.996321976 -0.046239864 -1.231350016 -0.190316811 0.059259612 0.979932547 5.523189341
27200000 0.986591152 1.754539985 0.500000000 0.500000000 0.000000000 0.000000000 0.978580177 -0.061807949 0.196368545 -2.859950026 0.071582057 0.996504545 -0.043066323 -1.332569816 -0.193020314 0.056200325 0.979583919 5.868169421
27266667 0.986591152 1.754539985 0.500000000 0.500000000 0.000000000 0.000000000 0.978038788 -0.062448468 0.198847428 -2.952250066 0.071945503 0.996569991 -0.040891744 -1.421340066 -0.195611760 0.054299898 0.979176939 6.233149496
