https://www.youtube.com/watch?v=Xq3Et9ft9Y8
69366667 0.923312955 1.644255972 0.500000000 0.500000000 0.000000000 0.000000000 0.911755502 -0.089387365 0.400888979 -4.429670742 0.100728087 0.994887531 -0.007256411 0.904213230 -0.398190796 0.046996817 0.916097999 -4.349330497
69433333 0.923312955 1.644255972 0.500000000 0.500000000 0.000000000 0.000000000 0.896570265 -0.093398832 0.432941705 -4.432470381 0.106690891 0.994271338 -0.006449163 0.807849120 -0.429859191 0.051973045 0.901398897 -3.884210274
69500000 0.923312955 1.644255972 0.500000000 0.500000000 0.000000000 0.000000000 0.881465316 -0.097910047 0.461987674 -4.374460594 0.112810701 0.993605554 -0.004664134 0.703956220 -0.458576858 0.056228399 0.886874139 -3.499870487
69566667 0.923312955 1.644255972 0.500000000 0.500000000 0.000000000 0.000000000 0.866428018 -0.101676501 0.488839656 -4.315559215 0.118417077 0.992958307 -0.003353518 0.617567919 -0.485056430 0.060792584 0.872367084 -3.076229562
69633333 0.923312955 1.644255972 0.500000000 0.500000000 0.000000000 0.000000000 0.851481378 -0.105256759 0.513712227 -4.208689279 0.123553790 0.992336810 -0.001466934 0.538505785 -0.509621084 0.064720199 0.857961178 -2.749699290
69700000 0.923312955 1.644255972 0.500000000 0.500000000 0.000000000 0.000000000 0.836179852 -0.109325133 0.537448764 -4.111059628 0.128831416 0.991665661 0.001279652 0.468304012 -0.533109426 0.068170279 0.843295395 -2.367289960
69766667 0.923312955 1.644255972 0.500000000 0.500000000 0.000000000 0.000000000 0.820447683 -0.112114653 0.560621381 -4.003101479 0.131924137 0.991246343 0.005166359 0.383479217 -0.556293130 0.069720685 0.828056335 -1.919840512
69833333 0.923312955 1.644255972 0.500000000 0.500000000 0.000000000 0.000000000 0.804102421 -0.116818592 0.582900167 -3.903079740 0.137710318 0.990435898 0.008523103 0.342734026 -0.578320861 0.073417932 0.812499046 -1.624089893
69900000 0.923312955 1.644255972 0.500000000 0.500000000 0.000000000 0.000000000 0.787106395 -0.120756842 0.604881346 -3.788500561 0.141254544 0.989877045 0.013807762 0.256503123 -0.600425541 0.074574023 0.796195984 -1.232460168
69966667 0.923312955 1.644255972 0.500000000 0.500000000 0.000000000 0.000000000 0.769202411 -0.125883460 0.626483142 -3.668240480 0.146442801 0.989037991 0.018930057 0.191961050 -0.621998608 0.077182882 0.779205143 -0.936155011
70033333 0.923312955 1.644255972 0.500000000 0.500000000 0.000000000 0.000000000 0.750217795 -0.131083041 0.648066878 -3.525700678 0.150785178 0.988241792 0.025336901 0.112832023 -0.643768072 0.078710645 0.761161923 -0.600037823
70100000 0.923312955 1.644255972 0.500000000 0.500000000 0.000000000 0.000000000 0.729436040 -0.137745157 0.670036614 -3.399069224 0.157333091 0.987038791 0.031633183 0.057760724 -0.665709436 0.082344584 0.741653621 -0.393418023
70166667 0.923312955 1.644255972 0.500000000 0.500000000 0.000000000 0.000000000 0.707833290 -0.144345507 0.691474199 -3.233300566 0.162182316 0.985957861 0.039799791 -0.023560757 -0.687509298 0.083973229 0.721304059 -0.052133477
70233333 0.923312955 1.644255972 0.500000000 0.500000000 0.000000000 0.000000000 0.684772253 -0.151331097 0.712871671 -3.037520473 0.167333186 0.984716475 0.048301954 -0.090773582 -0.709286094 0.086211234 0.699629188 0.263882307
70300000 0.923312955 1.644255972 0.500000000 0.500000000 0.000000000 0.000000000 0.660309434 -0.158509284 0.734075010 -2.849189537 0.173086315 0.983277440 0.056626499 -0.130338047 -0.730775177 0.089667365 0.676703155 0.492945800
70366667 0.923312955 1.644255972 0.500000000 0.500000000 0.000000000 0.000000000 0.635119200 -0.164949253 0.754596293 -2.616990625 0.177451804 0.981961071 0.065294117 -0.163861067 -0.751754344 0.092434868 0.652932882 0.759506950
70433333 0.923312955 1.644255972 0.500000000 0.500000000 0.000000000 0.000000000 0.608765721 -0.170947239 0.774713457 -2.376109100 0.181948200 0.980565071 0.073396258 -0.190955905 -0.772203863 0.096276678 0.628037930 0.936538800
70500000 0.923312955 1.644255972 0.500000000 0.500000000 0.000000000 0.000000000 0.581513166 -0.176515818 0.794156551 -2.121250022 0.186601788 0.979092121 0.080983855 -0.206213038 -0.791847348 0.101097845 0.602293134 1.028840041
70566667 0.923312955 1.644255972 0.500000000 0.500000000 0.000000000 0.000000000 0.553981960 -0.181148484 0.812581897 -1.849420141 0.189962968 0.977796972 0.088471547 -0.233060051 -0.810566545 0.105348796 0.576093316 1.118140136
70633333 0.923312955 1.644255972 0.500000000 0.500000000 0.000000000 0.000000000 0.526122808 -0.185059920 0.830028892 -1.570530582 0.193008259 0.976549566 0.095387205 -0.253649036 -0.828216672 0.110016987 0.549503088 1.146600298
70700000 0.923312955 1.644255972 0.500000000 0.500000000 0.000000000 0.000000000 0.498148978 -0.188030615 0.846458495 -1.279529859 0.195215628 0.975462675 0.101801082 -0.269589954 -0.844830334 0.114529848 0.522632241 1.187159751
70766667 0.923312955 1.644255972 0.500000000 0.500000000 0.000000000 0.000000000 0.470334649 -0.190385312 0.861706495 -0.983959357 0.197171777 0.974438250 0.107672401 -0.265864821 -0.860179067 0.119262286 0.495850742 1.186049382
70833333 0.923312955 1.644255972 0.500000000 0.500000000 0.000000000 0.000000000 0.442869127 -0.192302540 0.875720024 -0.688694242 0.198589727 0.973506510 0.113345042 -0.253413708 -0.874315739 0.123712212 0.469325364 1.171268725
70900000 0.923312955 1.644255972 0.500000000 0.500000000 0.000000000 0.000000000 0.416131854 -0.193704456 0.888432860 -0.384739078 0.199514091 0.972688198 0.118624471 -0.232450001 -0.887146235 0.127891451 0.443413317 1.178410089
70966667 0.923312955 1.644255972 0.500000000 0.500000000 0.000000000 0.000000000 0.390148938 -0.194847375 0.899899125 -0.081976506 0.199950039 0.971958339 0.123761900 -0.211890014 -0.898779154 0.131649286 0.418168247 1.108970238
71033333 0.923312955 1.644255972 0.500000000 0.500000000 0.000000000 0.000000000 0.364381075 -0.195654020 0.910463810 0.210585606 0.200119033 0.971290588 0.128634796 -0.180159661 -0.909492850 0.135329381 0.393074036 1.020148312
71100000 0.923312955 1.644255972 0.500000000 0.500000000 0.000000000 0.000000000 0.339500606 -0.195688590 0.920024991 0.486368307 0.199762926 0.970806718 0.132774830 -0.149283113 -0.919148922 0.138709635 0.368680775 0.927663647
71166667 0.923312955 1.644255972 0.500000000 0.500000000 0.000000000 0.000000000 0.314594090 -0.195633098 0.928848684 0.744223174 0.198982283 0.970381737 0.136986926 -0.114675303 -0.928137004 0.141728804 0.344203770 0.820797307
71233333 0.923312955 1.644255972 0.500000000 0.500000000 0.000000000 0.000000000 0.290198624 -0.196153358 0.936646760 0.982323681 0.199229166 0.969705045 0.141349852 -0.077201050 -0.935997307 0.145588130 0.320486605 0.661236009
71300000 0.923312955 1.644255972 0.500000000 0.500000000 0.000000000 0.000000000 0.266508043 -0.197228089 0.943437815 1.199890449 0.199776217 0.968886018 0.146114111 -0.038110120 -0.942901492 0.149535775 0.297617376 0.454567074
71366667 0.923312955 1.644255972 0.500000000 0.500000000 0.000000000 0.000000000 0.243083894 -0.197645560 0.949655890 1.385819893 0.199167684 0.968331814 0.150551409 -0.011577168 -0.949337840 0.152544171 0.274750531 0.272096066
71433333 0.923312955 1.644255972 0.500000000 0.500000000 0.000000000 0.000000000 0.220397949 -0.198789760 0.954938233 1.554729465 0.200138316 0.967398584 0.155192092 0.024517211 -0.954656541 0.156915799 0.252998114 0.028758030
71500000 0.923312955 1.644255972 0.500000000 0.500000000 0.000000000 0.000000000 0.198493481 -0.200164691 0.959444821 1.703519960 0.201706782 0.966310918 0.159867302 0.060619320 -0.959121764 0.161793932 0.232181013 -0.267129901
71566667 0.923312955 1.644255972 0.500000000 0.500000000 0.000000000 0.000000000 0.177722037 -0.201815933 0.963163674 1.827568251 0.203912079 0.965054989 0.164586544 0.102888850 -0.962722123 0.167150229 0.212664306 -0.568744510
71633333 0.923312955 1.644255972 0.500000000 0.500000000 0.000000000 0.000000000 0.158895969 -0.203518867 0.966091037 1.931819580 0.206196964 0.963784993 0.169119209 0.150505940 -0.965523005 0.172332734 0.195106566 -0.855953696
71700000 0.923312955 1.644255972 0.500000000 0.500000000 0.000000000 0.000000000 0.141355336 -0.205362484 0.968423247 2.014847219 0.210422650 0.962125242 0.173312709 0.213321674 -0.967336416 0.179279789 0.179214478 -1.176378777
71766667 0.923312955 1.644255972 0.500000000 0.500000000 0.000000000 0.000000000 0.126522422 -0.206720278 0.970183849 2.095775599 0.213419750 0.960812867 0.176891357 0.266406404 -0.968732119 0.184676111 0.165682614 -1.437196918
71833333 0.923312955 1.644255972 0.500000000 0.500000000 0.000000000 0.000000000 0.112875581 -0.208056167 0.971581995 2.164989622 0.218369141 0.959118605 0.180017740 0.336376937 -0.969316185 0.191843957 0.153694153 -1.715639706
71900000 0.923312955 1.644255972 0.500000000 0.500000000 0.000000000 0.000000000 0.101172566 -0.209985971 0.972455800 2.225680653 0.223921388 0.957196772 0.183394670 0.412311141 -0.969341815 0.199199080 0.143862426 -2.016710444
71966667 0.923312955 1.644255972 0.500000000 0.500000000 0.000000000 0.000000000 0.092105985 -0.210957512 0.973146081 2.280399938 0.228734210 0.955648839 0.185515314 0.482872984 -0.969121814 0.205504745 0.136274159 -2.256509885
72033333 0.923312955 1.644255972 0.500000000 0.500000000 0.000000000 0.000000000 0.084556341 -0.212082133 0.973587811 2.335024465 0.234497622 0.953878284 0.187422484 0.554938054 -0.968433201 0.212455869 0.130389094 -2.532674825
72100000 0.923312955 1.644255972 0.500000000 0.500000000 0.000000000 0.000000000 0.078378856 -0.213050693 0.973892450 2.390341032 0.240855873 0.952004910 0.188878447 0.626039336 -0.967391133 0.219763547 0.125931561 -2.838131256
72166667 0.923312955 1.644255972 0.500000000 0.500000000 0.000000000 0.000000000 0.073736191 -0.214217007 0.973999202 2.447011136 0.247529268 0.950026929 0.190205544 0.703664400 -0.966070712 0.227068186 0.123076320 -3.174711311
72233333 0.923312955 1.644255972 0.500000000 0.500000000 0.000000000 0.000000000 0.071522653 -0.214905187 0.974013567 2.505405354 0.253359199 0.948399723 0.190649360 0.786948616 -0.964725733 0.233139068 0.122280121 -3.462037111
72300000 0.923312955 1.644255972 0.500000000 0.500000000 0.000000000 0.000000000 0.070496559 -0.214786187 0.974114120 2.568762895 0.258958459 0.947003126 0.190067545 0.874665115 -0.963313043 0.238855705 0.122381091 -3.743304974
72366667 0.923312955 1.644255972 0.500000000 0.500000000 0.000000000 0.000000000 0.070099950 -0.214638680 0.974174500 2.632819258 0.264145702 0.945711315 0.189359948 0.967424841 -0.961931825 0.244049951 0.122990191 -4.033159494
72433333 0.923312955 1.644255972 0.500000000 0.500000000 0.000000000 0.000000000 0.070923448 -0.214752734 0.974089622 2.704388564 0.269261509 0.944418252 0.188606337 1.070699394 -0.960451722 0.248908356 0.124806106 -4.298877399
72500000 0.923312955 1.644255972 0.500000000 0.500000000 0.000000000 0.000000000 0.073054314 -0.214912340 0.973897636 2.774462765 0.273692846 0.943336725 0.187638059 1.178440813 -0.959039152 0.252840877 0.127734721 -4.541633764
72566667 0.923312955 1.644255972 0.500000000 0.500000000 0.000000000 0.000000000 0.074818254 -0.214259148 0.973906517 2.840746197 0.277887642 0.942436695 0.185987726 1.274788659 -0.957694769 0.256721616 0.130051494 -4.796893422
72633333 0.923312955 1.644255972 0.500000000 0.500000000 0.000000000 0.000000000 0.077998340 -0.214130506 0.973686635 2.914083673 0.281368911 0.941685557 0.184553459 1.362011584 -0.956425130 0.259569973 0.133699477 -5.028986170
72700000 0.923312955 1.644255972 0.500000000 0.500000000 0.000000000 0.000000000 0.080751956 -0.213749081 0.973544121 2.975293114 0.284913450 0.940931022 0.182956159 1.449296956 -0.955144525 0.262602299 0.136882186 -5.275607124
72766667 0.923312955 1.644255972 0.500000000 0.500000000 0.000000000 0.000000000 0.083879232 -0.212795511 0.973488927 3.035754963 0.287605405 0.940526962 0.180809334 1.518417677 -0.954067945 0.264814943 0.140091896 -5.504200220
72833333 0.923312955 1.644255972 0.500000000 0.500000000 0.000000000 0.000000000 0.086175859 -0.212436631 0.973367691 3.078740637 0.290673703 0.939855695 0.179388225 1.589440434 -0.952933788 0.267473400 0.142742574 -5.767681981
