https://www.youtube.com/watch?v=oz-mD_FKwII
119920000 0.757379047 1.359934761 0.500000000 0.500000000 0.000000000 0.000000000 0.952865839 0.087192081 -0.290592819 -4.670479796 -0.091173999 0.995834947 -0.000164039 1.773569898 0.289368182 0.026650812 0.956846774 -5.333259970
120000000 0.757379047 1.359934761 0.500000000 0.500000000 0.000000000 0.000000000 0.944627106 0.098164424 -0.313118607 -4.374809919 -0.099513978 0.994967222 0.011710530 1.766359812 0.312692314 0.020097615 0.949641764 -5.403209374
120080000 0.757379047 1.359934761 0.500000000 0.500000000 0.000000000 0.000000000 0.936206758 0.099011250 -0.337214470 -4.094920193 -0.099391125 0.994916856 0.016183499 1.750649902 0.337102711 0.018365044 0.941288710 -5.462209845
120160000 0.757379047 1.359934761 0.500000000 0.500000000 0.000000000 0.000000000 0.930304050 0.091403365 -0.355217963 -3.883060205 -0.088614181 0.995773196 0.024151044 1.673609964 0.355924040 0.009009531 0.934471488 -5.476370021
120240000 0.757379047 1.359934761 0.500000000 0.500000000 0.000000000 0.000000000 0.924111903 0.078979991 -0.373870641 -3.688439733 -0.072544657 0.996874630 0.031277582 1.566840024 0.375172466 -0.001781654 0.926953256 -5.482889370
120320000 0.757379047 1.359934761 0.500000000 0.500000000 0.000000000 0.000000000 0.917595387 0.071901567 -0.390958905 -3.501509952 -0.060925554 0.997323394 0.040423952 1.472599925 0.392818987 -0.013273434 0.919519961 -5.465349306
120400000 0.757379047 1.359934761 0.500000000 0.500000000 0.000000000 0.000000000 0.910677493 0.066584364 -0.407716721 -3.306619547 -0.051931508 0.997548044 0.046915498 1.390489936 0.409840852 -0.021551523 0.911902368 -5.427159480
120480000 0.757379047 1.359934761 0.500000000 0.500000000 0.000000000 0.000000000 0.903137863 0.066919222 -0.424103677 -3.090000564 -0.047562487 0.997292936 0.056077309 1.318560170 0.426708221 -0.030474139 0.903875828 -5.372870520
120560000 0.757379047 1.359934761 0.500000000 0.500000000 0.000000000 0.000000000 0.895951211 0.079918385 -0.436903358 -2.859840027 -0.053805724 0.995963633 0.071843125 1.265100052 0.440881431 -0.040860042 0.896634877 -5.273320504
120640000 0.757379047 1.359934761 0.500000000 0.500000000 0.000000000 0.000000000 0.893125415 0.088434257 -0.441028684 -2.664839894 -0.055620529 0.994670749 0.086812630 1.207109984 0.446355551 -0.053004313 0.893284559 -5.125599468
120720000 0.757379047 1.359934761 0.500000000 0.500000000 0.000000000 0.000000000 0.894472182 0.096988492 -0.436477482 -2.527539596 -0.055661909 0.992750406 0.106528535 1.123439740 0.443645239 -0.070991620 0.893386185 -4.930658858
120800000 0.757379047 1.359934761 0.500000000 0.500000000 0.000000000 0.000000000 0.900152743 0.101944640 -0.423476338 -2.424159564 -0.057148356 0.991462529 0.117201358 1.066649847 0.431808949 -0.081298128 0.898293674 -4.713229435
120880000 0.757379047 1.359934761 0.500000000 0.500000000 0.000000000 0.000000000 0.910160542 0.094680436 -0.403290480 -2.379409665 -0.048287086 0.991142333 0.123714171 1.000959626 0.411431581 -0.093126006 0.906670511 -4.490999246
120960000 0.757379047 1.359934761 0.500000000 0.500000000 0.000000000 0.000000000 0.922595680 0.081291638 -0.377105922 -2.380309896 -0.033247501 0.990663469 0.132213920 0.907941977 0.384332925 -0.109442152 0.916684568 -4.268089619
121040000 0.757379047 1.359934761 0.500000000 0.500000000 0.000000000 0.000000000 0.935432196 0.062176280 -0.347995281 -2.401760190 -0.013352735 0.989922881 0.140976489 0.811195897 0.353253901 -0.127227247 0.926835954 -4.045229801
121120000 0.757379047 1.359934761 0.500000000 0.500000000 0.000000000 0.000000000 0.948223591 0.043022588 -0.314676017 -2.436989869 0.004744830 0.988753319 0.149480343 0.724374949 0.317567974 -0.143233865 0.937355101 -3.818319671
121200000 0.757379047 1.359934761 0.500000000 0.500000000 0.000000000 0.000000000 0.960365295 0.022247329 -0.277855158 -2.474559765 0.022999570 0.987086475 0.158528566 0.623825985 0.277793884 -0.158635885 0.947451890 -3.576049378
121280000 0.757379047 1.359934761 0.500000000 0.500000000 0.000000000 0.000000000 0.971632361 0.003342045 -0.236473039 -2.527450552 0.036766477 0.985608459 0.164997607 0.541310150 0.233621255 -0.169011295 0.957526147 -3.330359871
121360000 0.757379047 1.359934761 0.500000000 0.500000000 0.000000000 0.000000000 0.981430233 -0.018915130 -0.190884501 -2.572199948 0.052297659 0.983812511 0.171399713 0.445749959 0.184552521 -0.178199679 0.966532588 -3.052639945
121440000 0.757379047 1.359934761 0.500000000 0.500000000 0.000000000 0.000000000 0.988827705 -0.039596085 -0.143707871 -2.604340427 0.065358765 0.981629848 0.179251671 0.348229053 0.133970290 -0.186641574 0.973250687 -2.751920065
121520000 0.757379047 1.359934761 0.500000000 0.500000000 0.000000000 0.000000000 0.993155062 -0.061674986 -0.099192724 -2.613749908 0.079506435 0.979082763 0.187284842 0.244425026 0.085567087 -0.193889365 0.977284610 -2.439120080
121600000 0.757379047 1.359934761 0.500000000 0.500000000 0.000000000 0.000000000 0.995588422 -0.075220890 -0.056084983 -2.584450075 0.084808283 0.977144301 0.194926977 0.177187010 0.040140539 -0.198823512 0.979212940 -2.125150046
121680000 0.757379047 1.359934761 0.500000000 0.500000000 0.000000000 0.000000000 0.995555282 -0.093703628 -0.009448842 -2.545689974 0.093683332 0.975042880 0.201282978 0.120362016 -0.009647925 -0.201273531 0.979487538 -1.830839995
121760000 0.757379047 1.359934761 0.500000000 0.500000000 0.000000000 0.000000000 0.992760062 -0.114024810 0.037759520 -2.496449932 0.104025744 0.973362207 0.204315037 0.085118814 -0.060050674 -0.198907852 0.978176653 -1.545899926
121840000 0.757379047 1.359934761 0.500000000 0.500000000 0.000000000 0.000000000 0.987550795 -0.134415656 0.081706069 -2.430799960 0.114949770 0.971251607 0.208463147 0.071786452 -0.107377850 -0.196475849 0.974611342 -1.310520137
121920000 0.757379047 1.359934761 0.500000000 0.500000000 0.000000000 0.000000000 0.981390655 -0.151719093 0.117701702 -2.340840267 0.124020420 0.968776107 0.214690030 0.062498216 -0.146599144 -0.196097404 0.969564080 -1.110120132
122000000 0.757379047 1.359934761 0.500000000 0.500000000 0.000000000 0.000000000 0.974274397 -0.172585905 0.144925922 -2.232850048 0.137925565 0.965196967 0.222196624 0.047022800 -0.178230047 -0.196491495 0.964170694 -0.949689915
122080000 0.757379047 1.359934761 0.500000000 0.500000000 0.000000000 0.000000000 0.967442095 -0.188173622 0.169252872 -2.101670247 0.146411270 0.961585522 0.232200637 0.030807002 -0.206445128 -0.199860170 0.957828999 -0.815900157
122160000 0.757379047 1.359934761 0.500000000 0.500000000 0.000000000 0.000000000 0.961493671 -0.198838234 0.189719155 -1.947970180 0.150121510 0.958221197 0.243466049 0.029069111 -0.230203256 -0.205610156 0.951173484 -0.709308188
122240000 0.757379047 1.359934761 0.500000000 0.500000000 0.000000000 0.000000000 0.956932545 -0.202426061 0.208095729 -1.779090105 0.147480294 0.956386864 0.252138466 0.038467728 -0.250059396 -0.210589498 0.945051551 -0.621809068
122320000 0.757379047 1.359934761 0.500000000 0.500000000 0.000000000 0.000000000 0.952410638 -0.202609479 0.227735221 -1.595439999 0.140821785 0.955074430 0.260771900 0.053162815 -0.270338953 -0.216291830 0.938154936 -0.548460945
122400000 0.757379047 1.359934761 0.500000000 0.500000000 0.000000000 0.000000000 0.947607696 -0.197127596 0.251356900 -1.410799883 0.127379581 0.954796433 0.268585414 0.070651926 -0.292940319 -0.222495839 0.929882526 -0.474570929
122480000 0.757379047 1.359934761 0.500000000 0.500000000 0.000000000 0.000000000 0.941474020 -0.194827110 0.275080144 -1.241709992 0.117140897 0.954292059 0.274962932 0.094213088 -0.316077054 -0.226647332 0.921263397 -0.396786945
122560000 0.757379047 1.359934761 0.500000000 0.500000000 0.000000000 0.000000000 0.933294117 -0.203032568 0.296209127 -1.085989885 0.117042765 0.951772511 0.283601910 0.106989028 -0.339504153 -0.230014831 0.912047148 -0.326013953
122640000 0.757379047 1.359934761 0.500000000 0.500000000 0.000000000 0.000000000 0.923404574 -0.217139959 0.316503197 -0.940387064 0.122449838 0.948162854 0.293246090 0.114077965 -0.363772005 -0.232029021 0.902126670 -0.267643063
122720000 0.757379047 1.359934761 0.500000000 0.500000000 0.000000000 0.000000000 0.913991153 -0.225656345 0.337193191 -0.807963909 0.122438923 0.945725858 0.301017046 0.128257024 -0.386818767 -0.233841300 0.892014205 -0.223350907
122800000 0.757379047 1.359934761 0.500000000 0.500000000 0.000000000 0.000000000 0.903508246 -0.237169936 0.356963873 -0.695644019 0.125065252 0.942572773 0.309701860 0.135887034 -0.409916401 -0.235174358 0.881283998 -0.189273966
122880000 0.757379047 1.359934761 0.500000000 0.500000000 0.000000000 0.000000000 0.893247128 -0.246623620 0.375880539 -0.600800894 0.125906095 0.939873517 0.317466974 0.137802015 -0.431575060 -0.236250758 0.870590806 -0.166872938
122960000 0.757379047 1.359934761 0.500000000 0.500000000 0.000000000 0.000000000 0.882275343 -0.257377148 0.394141018 -0.518914946 0.129468620 0.937674761 0.322496325 0.140373026 -0.452579260 -0.233501628 0.860609591 -0.146349972
123040000 0.757379047 1.359934761 0.500000000 0.500000000 0.000000000 0.000000000 0.871197939 -0.264675856 0.413473964 -0.445987943 0.131091058 0.937059999 0.323625714 0.140211025 -0.473105848 -0.227739245 0.851061344 -0.134926940
123120000 0.757379047 1.359934761 0.500000000 0.500000000 0.000000000 0.000000000 0.860419333 -0.270243376 0.432026505 -0.382986905 0.131870121 0.936999261 0.323485136 0.139253012 -0.492228270 -0.221361414 0.841849327 -0.130452958
123200000 0.757379047 1.359934761 0.500000000 0.500000000 0.000000000 0.000000000 0.850687981 -0.270859301 0.450516701 -0.327782029 0.128428906 0.938150167 0.321528137 0.138803000 -0.509741187 -0.215660766 0.832859218 -0.131836012
123280000 0.757379047 1.359934761 0.500000000 0.500000000 0.000000000 0.000000000 0.842569351 -0.272581011 0.464517742 -0.277135079 0.127200186 0.938785195 0.320160300 0.132818988 -0.523351908 -0.210670605 0.825663924 -0.133263062
123360000 0.757379047 1.359934761 0.500000000 0.500000000 0.000000000 0.000000000 0.836862326 -0.274457127 0.473640174 -0.230658047 0.127646089 0.939218581 0.318708479 0.124181995 -0.532323420 -0.206256881 0.821029961 -0.140278064
123440000 0.757379047 1.359934761 0.500000000 0.500000000 0.000000000 0.000000000 0.834450126 -0.275554359 0.477245033 -0.188263004 0.128346056 0.939373136 0.317970783 0.115203003 -0.535929382 -0.204078227 0.819226325 -0.163872989
123520000 0.757379047 1.359934761 0.500000000 0.500000000 0.000000000 0.000000000 0.834680557 -0.274414718 0.477498710 -0.143563012 0.127299666 0.939674616 0.317500353 0.111154014 -0.535820186 -0.204226002 0.819261014 -0.186446029
123600000 0.757379047 1.359934761 0.500000000 0.500000000 0.000000000 0.000000000 0.837061107 -0.268974423 0.476425350 -0.099074773 0.122761525 0.940939069 0.315536261 0.106831976 -0.533158481 -0.205636308 0.820643246 -0.218843883
123680000 0.757379047 1.359934761 0.500000000 0.500000000 0.000000000 0.000000000 0.840383768 -0.260912210 0.475058049 -0.045295515 0.116823964 0.943100810 0.311308682 0.104087019 -0.529251814 -0.206120685 0.823047400 -0.250151082
123760000 0.757379047 1.359934761 0.500000000 0.500000000 0.000000000 0.000000000 0.843230844 -0.253970951 0.473772734 0.020957003 0.111189686 0.944697678 0.308517665 0.101605004 -0.525926530 -0.207473010 0.824837208 -0.284610063
123840000 0.757379047 1.359934761 0.500000000 0.500000000 0.000000000 0.000000000 0.845638454 -0.247076616 0.473126352 0.099539395 0.104968265 0.946081519 0.306449473 0.100535952 -0.523332655 -0.209482133 0.825978160 -0.315453931
123920000 0.757379047 1.359934761 0.500000000 0.500000000 0.000000000 0.000000000 0.848984301 -0.238987327 0.471286148 0.188580023 0.099456429 0.948210478 0.301670820 0.099470881 -0.518974006 -0.209241301 0.828784585 -0.341209945
124000000 0.757379047 1.359934761 0.500000000 0.500000000 0.000000000 0.000000000 0.853448808 -0.230673268 0.467349052 0.279269031 0.093002602 0.949732125 0.298930585 0.091996157 -0.512811661 -0.211657345 0.832000971 -0.364485054
124080000 0.757379047 1.359934761 0.500000000 0.500000000 0.000000000 0.000000000 0.856658578 -0.226819709 0.463345200 0.371466955 0.090549961 0.950325489 0.297795355 0.084380015 -0.507874668 -0.213152990 0.834643006 -0.377143968
124160000 0.757379047 1.359934761 0.500000000 0.500000000 0.000000000 0.000000000 0.858360052 -0.233541340 0.456811309 0.466679065 0.099324197 0.949185908 0.298631579 0.079674427 -0.503341675 -0.210961029 0.837939560 -0.374500066
124240000 0.757379047 1.359934761 0.500000000 0.500000000 0.000000000 0.000000000 0.857921958 -0.247018516 0.450501531 0.553785925 0.114882015 0.946867287 0.300407141 0.078413329 -0.500771284 -0.205971286 0.840716183 -0.379764936
124320000 0.757379047 1.359934761 0.500000000 0.500000000 0.000000000 0.000000000 0.856690645 -0.259713382 0.445679307 0.634684995 0.129834950 0.944753468 0.300971389 0.078849601 -0.499223351 -0.199974641 0.843081355 -0.378668993
124400000 0.757379047 1.359934761 0.500000000 0.500000000 0.000000000 0.000000000 0.856554210 -0.270462483 0.439505637 0.710862203 0.144319415 0.943221509 0.299174190 0.076627323 -0.495466530 -0.192829803 0.846953273 -0.369840103
124480000 0.757379047 1.359934761 0.500000000 0.500000000 0.000000000 0.000000000 0.860807419 -0.277333915 0.426727384 0.785287784 0.156184301 0.941974342 0.297137529 0.074133693 -0.484372586 -0.189130008 0.854173779 -0.357174923
124560000 0.757379047 1.359934761 0.500000000 0.500000000 0.000000000 0.000000000 0.868161201 -0.276041150 0.412428886 0.873155132 0.160678804 0.942616642 0.292671025 0.069436528 -0.469551533 -0.187817156 0.862697124 -0.331520047
124640000 0.757379047 1.359934761 0.500000000 0.500000000 0.000000000 0.000000000 0.878016949 -0.270954192 0.394550174 0.976938832 0.160522833 0.943291008 0.290575862 0.062258445 -0.450908452 -0.191796079 0.871719837 -0.285349984
124720000 0.757379047 1.359934761 0.500000000 0.500000000 0.000000000 0.000000000 0.890062213 -0.261414796 0.373432219 1.093150007 0.157681912 0.945212126 0.285850435 0.053442032 -0.427698195 -0.195541203 0.882517993 -0.228664979
124800000 0.757379047 1.359934761 0.500000000 0.500000000 0.000000000 0.000000000 0.904881597 -0.243641436 0.349039197 1.222090297 0.148258090 0.949040115 0.278105110 0.033585847 -0.399010122 -0.199904367 0.894890726 -0.143363038
124880000 0.757379047 1.359934761 0.500000000 0.500000000 0.000000000 0.000000000 0.918972135 -0.219804913 0.327377468 1.345919861 0.132759213 0.954224467 0.268012434 0.007308549 -0.371302038 -0.202833593 0.906086802 -0.067246158
124960000 0.757379047 1.359934761 0.500000000 0.500000000 0.000000000 0.000000000 0.929288805 -0.202974707 0.308583021 1.473699947 0.122788966 0.957721174 0.260178655 -0.019410947 -0.348346233 -0.203890502 0.914922655 0.036261109
125040000 0.757379047 1.359934761 0.500000000 0.500000000 0.000000000 0.000000000 0.938926339 -0.188446298 0.287932843 1.595759923 0.116093740 0.961137652 0.250472873 -0.054576313 -0.323943764 -0.201748371 0.924314916 0.149507065
125120000 0.757379047 1.359934761 0.500000000 0.500000000 0.000000000 0.000000000 0.948626220 -0.170678049 0.266415507 1.694469974 0.106803119 0.965338945 0.238146409 -0.100755001 -0.297827631 -0.197457895 0.933974862 0.262295969
125200000 0.757379047 1.359934761 0.500000000 0.500000000 0.000000000 0.000000000 0.955320179 -0.156787738 0.250561535 1.774060318 0.099210963 0.968628347 0.227851659 -0.147591918 -0.278425336 -0.192812860 0.940905213 0.359502020
125280000 0.757379047 1.359934761 0.500000000 0.500000000 0.000000000 0.000000000 0.959477425 -0.155747250 0.234831691 1.843030199 0.103365175 0.969809115 0.220875531 -0.175424996 -0.262142658 -0.187651694 0.946608782 0.453019065
125360000 0.757379047 1.359934761 0.500000000 0.500000000 0.000000000 0.000000000 0.962963700 -0.157272637 0.219012201 1.895260148 0.109161109 0.970120728 0.216678798 -0.195520933 -0.246545911 -0.184746236 0.951359034 0.542957048
125440000 0.757379047 1.359934761 0.500000000 0.500000000 0.000000000 0.000000000 0.966445148 -0.156850070 0.203425273 1.933090051 0.112568468 0.970444918 0.213459730 -0.217068048 -0.230894193 -0.183397859 0.955538154 0.648465038
125520000 0.757379047 1.359934761 0.500000000 0.500000000 0.000000000 0.000000000 0.969168663 -0.156644091 0.190196693 1.965510036 0.115414932 0.970591903 0.211260110 -0.240305965 -0.217696011 -0.182795137 0.958746254 0.765694958
125600000 0.757379047 1.359934761 0.500000000 0.500000000 0.000000000 0.000000000 0.971005380 -0.159824595 0.177776739 1.998719874 0.121335968 0.970243156 0.209537059 -0.261066036 -0.205975845 -0.181890905 0.961503804 0.897448915
125680000 0.757379047 1.359934761 0.500000000 0.500000000 0.000000000 0.000000000 0.972791553 -0.158801451 0.168697029 2.033339902 0.122728780 0.970796585 0.206135154 -0.295353083 -0.196505040 -0.179822564 0.963872194 1.045309990
125760000 0.757379047 1.359934761 0.500000000 0.500000000 0.000000000 0.000000000 0.975446165 -0.150894716 0.160423279 2.055890321 0.117776617 0.972900867 0.198979080 -0.349467040 -0.186100811 -0.175199300 0.966784239 1.209710256
125840000 0.757379047 1.359934761 0.500000000 0.500000000 0.000000000 0.000000000 0.977588475 -0.147514999 0.150200382 2.070030134 0.117568880 0.974376202 0.191751510 -0.397652013 -0.174637869 -0.169795185 0.969882071 1.375640056
125920000 0.757379047 1.359934761 0.500000000 0.500000000 0.000000000 0.000000000 0.979582489 -0.145582661 0.138649970 2.080939985 0.118508928 0.975239217 0.186719522 -0.435182077 -0.162400007 -0.166475937 0.972580075 1.541870014
126000000 0.757379047 1.359934761 0.500000000 0.500000000 0.000000000 0.000000000 0.981132567 -0.146071941 0.126656607 2.091310101 0.121874005 0.975839078 0.181341887 -0.458077994 -0.150085434 -0.162484288 0.975229859 1.685370081
126080000 0.757379047 1.359934761 0.500000000 0.500000000 0.000000000 0.000000000 0.982950509 -0.145160615 0.112857208 2.095110055 0.123865575 0.976381123 0.177023485 -0.466051063 -0.135888457 -0.160026208 0.977714658 1.824630076
126160000 0.757379047 1.359934761 0.500000000 0.500000000 0.000000000 0.000000000 0.985155642 -0.142717540 0.095394447 2.090240123 0.124730416 0.976915896 0.173429102 -0.463174069 -0.117943719 -0.158956081 0.980215430 1.953440054
126240000 0.757379047 1.359934761 0.500000000 0.500000000 0.000000000 0.000000000 0.985805452 -0.147798091 0.079644933 2.105839888 0.131437838 0.974547505 0.181607485 -0.414217053 -0.104459003 -0.168561310 0.980140507 2.050980054
126320000 0.757379047 1.359934761 0.500000000 0.500000000 0.000000000 0.000000000 0.986942291 -0.148398086 0.062633552 2.131930165 0.133973911 0.972156703 0.192256123 -0.374341003 -0.089420043 -0.181354433 0.979344010 2.157730482
126400000 0.757379047 1.359934761 0.500000000 0.500000000 0.000000000 0.000000000 0.987691164 -0.149262086 0.046766080 2.177640149 0.136846170 0.969395339 0.203827828 -0.329432128 -0.075758569 -0.194919199 0.977889121 2.257819859
126480000 0.757379047 1.359934761 0.500000000 0.500000000 0.000000000 0.000000000 0.989751339 -0.139406011 0.030955732 2.233060086 0.129670426 0.968169749 0.214086339 -0.308626058 -0.059815302 -0.207878217 0.976324141 2.355370034
126560000 0.757379047 1.359934761 0.500000000 0.500000000 0.000000000 0.000000000 0.991767824 -0.127423137 0.012644896 2.300169779 0.121441729 0.967306912 0.222641379 -0.293086988 -0.040601172 -0.219272941 0.974818408 2.455229904
126640000 0.757379047 1.359934761 0.500000000 0.500000000 0.000000000 0.000000000 0.994178534 -0.107333817 -0.009406280 2.361880024 0.106624626 0.967524469 0.229189053 -0.296168965 -0.015498918 -0.228857771 0.973336518 2.581320240
126720000 0.757379047 1.359934761 0.500000000 0.500000000 0.000000000 0.000000000 0.995988786 -0.083011694 -0.033397242 2.423890016 0.088534303 0.968332052 0.233441010 -0.318105926 0.012961300 -0.235461429 0.971797287 2.717660077
126800000 0.757379047 1.359934761 0.500000000 0.500000000 0.000000000 0.000000000 0.996375203 -0.066527657 -0.053013906 2.507719916 0.077228524 0.968723476 0.235818863 -0.331863998 0.035667330 -0.239058256 0.970349908 2.843169757
126880000 0.757379047 1.359934761 0.500000000 0.500000000 0.000000000 0.000000000 0.996271968 -0.054540139 -0.066840060 2.615890237 0.069005162 0.968806624 0.238016739 -0.350403915 0.051773619 -0.241741702 0.968958437 2.954180090
126960000 0.757379047 1.359934761 0.500000000 0.500000000 0.000000000 0.000000000 0.996310592 -0.042614087 -0.074493229 2.740309832 0.059420682 0.968828321 0.240501195 -0.381272882 0.061922405 -0.244040340 0.967786074 3.030410028
127040000 0.757379047 1.359934761 0.500000000 0.500000000 0.000000000 0.000000000 0.997154415 -0.044382751 -0.060935974 2.960619579 0.057889618 0.968590021 0.241830826 -0.399046022 0.048288852 -0.244670242 0.968403101 3.011869679
127120000 0.757379047 1.359934761 0.500000000 0.500000000 0.000000000 0.000000000 0.997763216 -0.057239544 -0.034528635 3.231840027 0.063933305 0.967958033 0.242837071 -0.389053887 0.019522399 -0.244501412 0.969452441 2.941840289
127200000 0.757379047 1.359934761 0.500000000 0.500000000 0.000000000 0.000000000 0.997412264 -0.071892701 0.000392627 3.517349726 0.069635145 0.967421174 0.243407592 -0.376315089 -0.017879071 -0.242750391 0.969923973 2.838699724
127280000 0.757379047 1.359934761 0.500000000 0.500000000 0.000000000 0.000000000 0.995118856 -0.090193383 0.040044904 3.806999680 0.077778451 0.966587722 0.244251236 -0.352090956 -0.060736760 -0.239944384 0.968884826 2.683350158
127360000 0.757379047 1.359934761 0.500000000 0.500000000 0.000000000 0.000000000 0.990586102 -0.109510966 0.082137048 4.101469683 0.086350195 0.965460718 0.245823532 -0.327932079 -0.106220484 -0.236416817 0.965828300 2.499499896
127440000 0.757379047 1.359934761 0.500000000 0.500000000 0.000000000 0.000000000 0.983902335 -0.122790188 0.129841238 4.382750008 0.087944150 0.965182483 0.246350497 -0.328155044 -0.155569941 -0.230966032 0.960443974 2.268259859
127520000 0.757379047 1.359934761 0.500000000 0.500000000 0.000000000 0.000000000 0.973858118 -0.139935464 0.178936958 4.646049654 0.093072116 0.964372814 0.247634187 -0.315540084 -0.207214743 -0.224506512 0.952186346 1.999589996
127600000 0.757379047 1.359934761 0.500000000 0.500000000 0.000000000 0.000000000 0.962106049 -0.152933687 0.225750595 4.884170548 0.095127761 0.964145184 0.247739434 -0.311131804 -0.255544037 -0.216876477 0.942158103 1.713590272
127680000 0.757379047 1.359934761 0.500000000 0.500000000 0.000000000 0.000000000 0.948322237 -0.164888293 0.271102965 5.091390433 0.096849211 0.964022279 0.247550666 -0.304390163 -0.302167475 -0.208501697 0.930173039 1.401949983
