https://www.youtube.com/watch?v=MC38G-mYPFY
64664600 0.891993492 1.586308726 0.500000000 0.500000000 0.000000000 0.000000000 0.999485552 0.007874643 -0.031090818 0.646927972 -0.008069340 0.999948561 -0.006141659 -0.864090900 0.031040855 0.006389382 0.999497712 4.101270243
64731333 0.891993492 1.586308726 0.500000000 0.500000000 0.000000000 0.000000000 0.999073684 0.006538094 -0.042532243 0.584525996 -0.006978955 0.999923348 -0.010225120 -0.841164962 0.042462133 0.010512480 0.999042749 3.840739753
64798067 0.891993492 1.586308726 0.500000000 0.500000000 0.000000000 0.000000000 0.997332275 0.005134725 -0.072814532 0.451004981 -0.006158695 0.999885201 -0.013845176 -0.799084042 0.072735079 0.014256683 0.997249365 3.636459869
64864800 0.891993492 1.586308726 0.500000000 0.500000000 0.000000000 0.000000000 0.995842636 0.006989627 -0.090821601 0.360278946 -0.008819546 0.999765813 -0.019762801 -0.768142986 0.090662189 0.020481644 0.995671034 3.420419615
64931533 0.891993492 1.586308726 0.500000000 0.500000000 0.000000000 0.000000000 0.995997071 0.013267300 -0.088395663 0.322725965 -0.015206828 0.999657393 -0.021304213 -0.732008000 0.088082723 0.022563152 0.995857596 3.147400250
64998267 0.891993492 1.586308726 0.500000000 0.500000000 0.000000000 0.000000000 0.997206330 0.014121911 -0.073349521 0.321902021 -0.015819136 0.999619186 -0.022609666 -0.677660928 0.073002294 0.023706827 0.997049987 2.913140231
65065000 0.891993492 1.586308726 0.500000000 0.500000000 0.000000000 0.000000000 0.997409225 0.009059019 -0.071363278 0.282084982 -0.010831989 0.999641240 -0.024496598 -0.604735977 0.071115755 0.025206139 0.997149527 2.642430108
65131733 0.891993492 1.586308726 0.500000000 0.500000000 0.000000000 0.000000000 0.997204959 0.006706609 -0.074412651 0.248074987 -0.008540965 0.999666750 -0.024360353 -0.571615952 0.074224479 0.024927823 0.996929944 2.408449799
65198467 0.891993492 1.586308726 0.500000000 0.500000000 0.000000000 0.000000000 0.995671391 0.004037572 -0.092855550 0.189683009 -0.006435483 0.999653101 -0.025539191 -0.526669976 0.092720218 0.026026214 0.995351970 2.168569727
65265200 0.891993492 1.586308726 0.500000000 0.500000000 0.000000000 0.000000000 0.992834270 0.004339376 -0.119420372 0.112229994 -0.007623435 0.999604821 -0.027056886 -0.453010996 0.119255774 0.027773397 0.992475033 1.891680035
65331933 0.891993492 1.586308726 0.500000000 0.500000000 0.000000000 0.000000000 0.990505815 0.009759512 -0.137124181 0.064359316 -0.013617048 0.999536693 -0.027221875 -0.410648006 0.136794984 0.028830649 0.990179777 1.646960200
65398667 0.891993492 1.586308726 0.500000000 0.500000000 0.000000000 0.000000000 0.991418183 0.013490912 -0.130030900 0.059691911 -0.016930744 0.999534369 -0.025384882 -0.355226032 0.129627883 0.027368551 0.991184950 1.344029955
65465400 0.891993492 1.586308726 0.500000000 0.500000000 0.000000000 0.000000000 0.993869066 0.008345236 -0.110248037 0.073422399 -0.011511805 0.999538362 -0.028117012 -0.285064997 0.109962501 0.029213782 0.993506312 1.099830011
65532133 0.891993492 1.586308726 0.500000000 0.500000000 0.000000000 0.000000000 0.994630635 0.007038228 -0.103249297 0.063983406 -0.010155965 0.999507189 -0.029701656 -0.234987989 0.102989376 0.030590771 0.994211972 0.856139067
65598867 0.891993492 1.586308726 0.500000000 0.500000000 0.000000000 0.000000000 0.993501663 0.006027867 -0.113657869 0.049401692 -0.009232762 0.999573827 -0.027692486 -0.184643989 0.113442503 0.028561905 0.993133962 0.547939022
65665600 0.891993492 1.586308726 0.500000000 0.500000000 0.000000000 0.000000000 0.991247356 0.006827977 -0.131840810 0.040776995 -0.010950925 0.999472558 -0.030572463 -0.116749005 0.131562516 0.031748652 0.990799308 0.292857998
65732333 0.891993492 1.586308726 0.500000000 0.500000000 0.000000000 0.000000000 0.989286661 0.011498029 -0.145532370 0.024905599 -0.016311914 0.999357045 -0.031927735 -0.051041397 0.145071685 0.033959597 0.988838196 0.001463389
65799067 0.891993492 1.586308726 0.500000000 0.500000000 0.000000000 0.000000000 0.988778055 0.016253974 -0.148504883 0.010890402 -0.021026619 0.999309778 -0.030624589 -0.009482190 0.147904605 0.033403479 0.988437355 -0.255001988
65865800 0.891993492 1.586308726 0.500000000 0.500000000 0.000000000 0.000000000 0.988521695 0.016724113 -0.150150657 -0.007348709 -0.022029985 0.999187708 -0.033743359 0.063616296 0.149464369 0.036663860 0.988087118 -0.513630957
65932533 0.891993492 1.586308726 0.500000000 0.500000000 0.000000000 0.000000000 0.988694489 0.014690084 -0.149222568 -0.019100280 -0.020659363 0.999043822 -0.038531415 0.142114008 0.148513839 0.041178644 0.988052607 -0.804653021
65999267 0.891993492 1.586308726 0.500000000 0.500000000 0.000000000 0.000000000 0.989075065 0.015120598 -0.146635205 -0.018621220 -0.021033352 0.999023438 -0.038856477 0.185216007 0.145904481 0.041516207 0.988427162 -1.048979938
66066000 0.891993492 1.586308726 0.500000000 0.500000000 0.000000000 0.000000000 0.988546133 0.014274156 -0.150242567 -0.011299675 -0.019939354 0.999143124 -0.036268286 0.259264999 0.149596125 0.038848616 0.987983704 -1.333170065
66800067 0.891993492 1.586308726 0.500000000 0.500000000 0.000000000 0.000000000 0.989201427 0.011119938 -0.146139875 -0.160109936 -0.007776731 0.999695301 0.023428239 0.663705015 0.146355852 -0.022038758 0.988986492 -4.235839870
66866800 0.891993492 1.586308726 0.500000000 0.500000000 0.000000000 0.000000000 0.990003526 0.007032274 -0.140867263 -0.185560951 -0.003410341 0.999657750 0.025936579 0.669604935 0.141001433 -0.025196897 0.989688694 -4.481140174
66933533 0.891993492 1.586308726 0.500000000 0.500000000 0.000000000 0.000000000 0.990880787 0.001751239 -0.134730116 -0.212153994 0.002062130 0.999601305 0.028159019 0.710497941 0.134725705 -0.028180063 0.990482152 -4.770150093
67000267 0.891993492 1.586308726 0.500000000 0.500000000 0.000000000 0.000000000 0.991652489 -0.001076684 -0.128934920 -0.249609985 0.004679978 0.999606788 0.027646881 0.759651010 0.128854454 -0.028019510 0.991267562 -5.002259707
67067000 0.891993492 1.586308726 0.500000000 0.500000000 0.000000000 0.000000000 0.992770076 -0.002592399 -0.120003656 -0.318903004 0.006208723 0.999537468 0.029771017 0.775186050 0.119870976 -0.030300843 0.992326975 -5.288460104
67133733 0.891993492 1.586308726 0.500000000 0.500000000 0.000000000 0.000000000 0.993764520 -0.005943315 -0.111340888 -0.392593009 0.009304398 0.999515772 0.029692091 0.805394936 0.111110501 -0.030542906 0.993338585 -5.525549608
67200467 0.891993492 1.586308726 0.500000000 0.500000000 0.000000000 0.000000000 0.995141983 -0.014304162 -0.097405508 -0.498488914 0.016993273 0.999495447 0.026833933 0.870091999 0.096972525 -0.028358813 0.994882941 -5.790460147
67267200 0.891993492 1.586308726 0.500000000 0.500000000 0.000000000 0.000000000 0.996909797 -0.020614296 -0.075801969 -0.641716072 0.022633590 0.999408901 0.025877116 0.896442059 0.075223729 -0.027512820 0.996787071 -5.999310755
67333933 0.891993492 1.586308726 0.500000000 0.500000000 0.000000000 0.000000000 0.998241901 -0.024570843 -0.053938657 -0.786794056 0.026028225 0.999310315 0.026485059 0.916076986 0.053250693 -0.027842425 0.998192966 -6.209130185
