https://www.youtube.com/watch?v=PEGh8WIc5qs
25191833 0.804953816 1.433479373 0.500000000 0.500000000 0.000000000 0.000000000 -0.185138464 0.230837092 -0.955216289 -4.918631279 -0.212886587 0.939516902 0.268304527 0.422598187 0.959376454 0.253026187 -0.124798656 -2.262140674
25258567 0.804953816 1.433479373 0.500000000 0.500000000 0.000000000 0.000000000 -0.202561140 0.227379158 -0.952505648 -4.778456854 -0.217129454 0.938030601 0.270098776 0.415081746 0.954894245 0.261528701 -0.140637755 -2.160608089
25325300 0.804953816 1.433479373 0.500000000 0.500000000 0.000000000 0.000000000 -0.218576074 0.223027542 -0.949992061 -4.627888198 -0.219426319 0.937366128 0.270549417 0.360937907 0.950830340 0.267588496 -0.155947804 -2.016083534
25392033 0.804953816 1.433479373 0.500000000 0.500000000 0.000000000 0.000000000 -0.233524442 0.216636598 -0.947910726 -4.454629104 -0.221380532 0.937416434 0.268776894 0.288229945 0.946814001 0.272615016 -0.170950532 -1.842829612
25458767 0.804953816 1.433479373 0.500000000 0.500000000 0.000000000 0.000000000 -0.247704268 0.213994831 -0.944906533 -4.290498196 -0.222894520 0.936551929 0.270533830 0.236876754 0.942846835 0.277626961 -0.184289575 -1.634089005
25525500 0.804953816 1.433479373 0.500000000 0.500000000 0.000000000 0.000000000 -0.260449529 0.210801855 -0.942194462 -4.124357378 -0.223123327 0.936315179 0.271164089 0.170992466 0.939352870 0.280849725 -0.196828127 -1.405582508
25592233 0.804953816 1.433479373 0.500000000 0.500000000 0.000000000 0.000000000 -0.271795392 0.207343489 -0.939752162 -3.968712777 -0.225494802 0.935606837 0.271646559 0.117599507 0.935562670 0.285741925 -0.207538605 -1.167627747
25658967 0.804953816 1.433479373 0.500000000 0.500000000 0.000000000 0.000000000 -0.282617807 0.206358477 -0.936771870 -3.828562987 -0.227314427 0.934360266 0.274406523 0.088092743 0.931908488 0.290494353 -0.217158556 -0.920892635
25725700 0.804953816 1.433479373 0.500000000 0.500000000 0.000000000 0.000000000 -0.290075183 0.206769675 -0.934399307 -3.688497676 -0.227551103 0.933475792 0.277206361 0.051768424 0.929557025 0.293034434 -0.223727465 -0.673880693
25792433 0.804953816 1.433479373 0.500000000 0.500000000 0.000000000 0.000000000 -0.295837283 0.209199831 -0.932048976 -3.556738489 -0.227691695 0.932157278 0.281494677 0.017105706 0.927704871 0.295496523 -0.228133798 -0.428412836
25859167 0.804953816 1.433479373 0.500000000 0.500000000 0.000000000 0.000000000 -0.295111418 0.214071617 -0.931172073 -3.415806034 -0.228050277 0.930628955 0.286221534 -0.000676561 0.927847564 0.296821564 -0.225820065 -0.178103735
25925900 0.804953816 1.433479373 0.500000000 0.500000000 0.000000000 0.000000000 -0.282882333 0.221323952 -0.933271110 -3.297615584 -0.227573499 0.929741681 0.289466411 -0.035663732 0.931766927 0.294272333 -0.212640166 0.096165955
25992633 0.804953816 1.433479373 0.500000000 0.500000000 0.000000000 0.000000000 -0.272487879 0.227446333 -0.934888065 -3.170481115 -0.227147684 0.928985238 0.292216033 -0.060020519 0.934960663 0.291983634 -0.201473117 0.339584088
26059367 0.804953816 1.433479373 0.500000000 0.500000000 0.000000000 0.000000000 -0.263335347 0.232563540 -0.936252177 -3.050978433 -0.225217953 0.928868353 0.294075459 -0.090426472 0.938046277 0.288301378 -0.192226410 0.557900650
26126100 0.804953816 1.433479373 0.500000000 0.500000000 0.000000000 0.000000000 -0.247859001 0.239795655 -0.938650846 -2.922684209 -0.221717119 0.929128230 0.295909286 -0.112800204 0.943084717 0.281458437 -0.177126050 0.783439069
26192833 0.804953816 1.433479373 0.500000000 0.500000000 0.000000000 0.000000000 -0.236025453 0.245605007 -0.940195799 -2.809914475 -0.218118563 0.929454207 0.297555149 -0.128721593 0.946949959 0.275305212 -0.165803671 0.970745118
26259567 0.804953816 1.433479373 0.500000000 0.500000000 0.000000000 0.000000000 -0.223830581 0.250933409 -0.941772580 -2.701818788 -0.214164615 0.930006802 0.298698872 -0.151826741 0.950808406 0.268551558 -0.154423118 1.143773476
26326300 0.804953816 1.433479373 0.500000000 0.500000000 0.000000000 0.000000000 -0.211206317 0.255960047 -0.943333805 -2.591336141 -0.210134447 0.930647194 0.299565464 -0.177803741 0.954587758 0.261496514 -0.142772675 1.305503241
26393033 0.804953816 1.433479373 0.500000000 0.500000000 0.000000000 0.000000000 -0.199399114 0.259730339 -0.944869936 -2.484637379 -0.206251144 0.931509554 0.299583614 -0.216556868 0.957966387 0.254617393 -0.132172465 1.449488747
26459767 0.804953816 1.433479373 0.500000000 0.500000000 0.000000000 0.000000000 -0.183692098 0.264433235 -0.946748435 -2.341110531 -0.203406781 0.932065845 0.299798161 -0.239937099 0.961708486 0.247645542 -0.117425680 1.588840358
26526500 0.804953816 1.433479373 0.500000000 0.500000000 0.000000000 0.000000000 -0.157902837 0.270449162 -0.949697435 -2.168902608 -0.201552257 0.932687521 0.299116611 -0.255040431 0.966666758 0.238644734 -0.092764497 1.737362068
26593233 0.804953816 1.433479373 0.500000000 0.500000000 0.000000000 0.000000000 -0.135018587 0.275066525 -0.951897264 -2.055620133 -0.200117350 0.933326483 0.298085153 -0.259445920 0.970424175 0.230738208 -0.070970774 1.823130194
26659967 0.804953816 1.433479373 0.500000000 0.500000000 0.000000000 0.000000000 -0.115004897 0.277933240 -0.953692079 -1.907193046 -0.196257278 0.934780598 0.296088487 -0.265933508 0.973785639 0.221220285 -0.052958012 1.879912848
26726700 0.804953816 1.433479373 0.500000000 0.500000000 0.000000000 0.000000000 -0.097542882 0.278752089 -0.955397606 -1.734963272 -0.193182215 0.936412871 0.292936325 -0.301122794 0.976303220 0.213139236 -0.037490606 1.919063673
26793433 0.804953816 1.433479373 0.500000000 0.500000000 0.000000000 0.000000000 -0.083033085 0.278739065 -0.956771135 -1.576091476 -0.192653820 0.937484682 0.289839685 -0.327591505 0.977747917 0.208391652 -0.024142146 1.931731963
26860167 0.804953816 1.433479373 0.500000000 0.500000000 0.000000000 0.000000000 -0.067429781 0.279011518 -0.957918048 -1.396731706 -0.192951977 0.938330710 0.286888659 -0.347839447 0.978889108 0.204176754 -0.009435654 1.933802139
26926900 0.804953816 1.433479373 0.500000000 0.500000000 0.000000000 0.000000000 -0.047584891 0.280257970 -0.958743393 -1.198077294 -0.193357795 0.939092100 0.284110278 -0.362204038 0.979972541 0.198900372 0.009503603 1.929615549
26993633 0.804953816 1.433479373 0.500000000 0.500000000 0.000000000 0.000000000 -0.028809190 0.281022161 -0.959268749 -1.006879861 -0.194464967 0.939755499 0.281145900 -0.361201059 0.980486333 0.194643766 0.027575314 1.896810101
27060367 0.804953816 1.433479373 0.500000000 0.500000000 0.000000000 0.000000000 -0.013543010 0.280670553 -0.959709108 -0.820573761 -0.194996268 0.940627635 0.277841866 -0.361293291 0.980710924 0.190902308 0.041990757 1.825571589
27127100 0.804953816 1.433479373 0.500000000 0.500000000 0.000000000 0.000000000 -0.001921296 0.279604673 -0.960113049 -0.629534697 -0.195459202 0.941491127 0.274572700 -0.355194811 0.980709672 0.188190579 0.052842438 1.734299042
27193833 0.804953816 1.433479373 0.500000000 0.500000000 0.000000000 0.000000000 0.008428872 0.278493941 -0.960401535 -0.449513456 -0.195707291 0.942320704 0.271533340 -0.357148427 0.980626702 0.185668603 0.062445939 1.597371820
27260567 0.804953816 1.433479373 0.500000000 0.500000000 0.000000000 0.000000000 0.016426980 0.277387530 -0.960617125 -0.253102708 -0.195819408 0.943034589 0.268961787 -0.351742642 0.980501831 0.183689490 0.069809139 1.450828467
27327300 0.804953816 1.433479373 0.500000000 0.500000000 0.000000000 0.000000000 0.023826182 0.276674181 -0.960668564 -0.084644753 -0.196268201 0.943534970 0.266871929 -0.335685115 0.980260968 0.182190076 0.076783180 1.274490496
27394033 0.804953816 1.433479373 0.500000000 0.500000000 0.000000000 0.000000000 0.030149579 0.276293695 -0.960600317 0.102710005 -0.196550205 0.943912446 0.265324861 -0.281503041 0.980030239 0.180806711 0.082764149 1.091320357
27460767 0.804953816 1.433479373 0.500000000 0.500000000 0.000000000 0.000000000 0.037885368 0.276144266 -0.960370004 0.262148436 -0.196163312 0.944415152 0.263818294 -0.243117349 0.979839861 0.178394154 0.089948773 0.856735260
27527500 0.804953816 1.433479373 0.500000000 0.500000000 0.000000000 0.000000000 0.042973816 0.275122523 -0.960448086 0.415795890 -0.195361882 0.945091963 0.261982530 -0.189359917 0.979789078 0.176376641 0.094362676 0.641021802
27594233 0.804953816 1.433479373 0.500000000 0.500000000 0.000000000 0.000000000 0.046848655 0.274290502 -0.960504830 0.551718796 -0.195255414 0.945526540 0.260489553 -0.125341948 0.979632676 0.175340250 0.097853363 0.414441863
27660967 0.804953816 1.433479373 0.500000000 0.500000000 0.000000000 0.000000000 0.050005496 0.273753732 -0.960498333 0.705184084 -0.194870472 0.945892930 0.259445608 -0.059303586 0.979552746 0.174199358 0.100646436 0.218101705
27727700 0.804953816 1.433479373 0.500000000 0.500000000 0.000000000 0.000000000 0.055117309 0.272701561 -0.960518420 0.861878707 -0.194115654 0.946552992 0.257597715 -0.000879225 0.979428828 0.172253668 0.105107129 0.044402485
27794433 0.804953816 1.433479373 0.500000000 0.500000000 0.000000000 0.000000000 0.061888516 0.270841420 -0.960632205 1.030699457 -0.195301428 0.947157562 0.254460067 0.020616218 0.978788376 0.171864778 0.111513913 -0.127329953
27861167 0.804953816 1.433479373 0.500000000 0.500000000 0.000000000 0.000000000 0.070317209 0.269221783 -0.960508585 1.168011916 -0.198692992 0.947376728 0.250995129 0.016320010 0.977536798 0.173196688 0.120109260 -0.308027481
27927900 0.804953816 1.433479373 0.500000000 0.500000000 0.000000000 0.000000000 0.076748669 0.268679380 -0.960167766 1.278481495 -0.202091947 0.947210491 0.248899937 0.048296950 0.976355314 0.174939185 0.126995027 -0.445075551
27994633 0.804953816 1.433479373 0.500000000 0.500000000 0.000000000 0.000000000 0.083521903 0.268198073 -0.959736466 1.386660244 -0.205008626 0.947124660 0.246832669 0.052870226 0.975190163 0.176138282 0.134088516 -0.572966123
28061367 0.804953816 1.433479373 0.500000000 0.500000000 0.000000000 0.000000000 0.089909077 0.267017007 -0.959488034 1.485458630 -0.207709283 0.947233319 0.244143143 0.041392103 0.974049449 0.177344099 0.140626848 -0.683098401
28128100 0.804953816 1.433479373 0.500000000 0.500000000 0.000000000 0.000000000 0.095795751 0.265738785 -0.959273219 1.605498353 -0.210727856 0.947276831 0.241371661 0.052957700 0.972839117 0.179023445 0.146743715 -0.786541216
28194833 0.804953816 1.433479373 0.500000000 0.500000000 0.000000000 0.000000000 0.101837754 0.263287723 -0.959327102 1.707799700 -0.213155314 0.947718740 0.237474203 0.059949262 0.971696258 0.180301875 0.152634740 -0.928092792
28261567 0.804953816 1.433479373 0.500000000 0.500000000 0.000000000 0.000000000 0.104263425 0.259776115 -0.960024118 1.835161513 -0.214071766 0.948520541 0.233414084 0.068596557 0.971238017 0.181177318 0.154506683 -1.053260862
28328300 0.804953816 1.433479373 0.500000000 0.500000000 0.000000000 0.000000000 0.105862856 0.255855888 -0.960900366 1.972327453 -0.216531202 0.949073851 0.228851497 0.088829680 0.970518410 0.183838338 0.155872524 -1.194538462
28395033 0.804953816 1.433479373 0.500000000 0.500000000 0.000000000 0.000000000 0.105716944 0.251364082 -0.962102294 2.144441907 -0.217687964 0.949905515 0.224257663 0.116699254 0.970276594 0.185730055 0.155140042 -1.348801129
28461767 0.804953816 1.433479373 0.500000000 0.500000000 0.000000000 0.000000000 0.104304850 0.246190459 -0.963592649 2.340749978 -0.218423873 0.950892985 0.219302341 0.144279931 0.970263600 0.187597349 0.152956605 -1.515619799
28528500 0.804953816 1.433479373 0.500000000 0.500000000 0.000000000 0.000000000 0.099918485 0.241029471 -0.965360641 2.537110341 -0.218236566 0.951899827 0.215080276 0.192722058 0.970767260 0.189186469 0.147713840 -1.686499938
28595233 0.804953816 1.433479373 0.500000000 0.500000000 0.000000000 0.000000000 0.093671143 0.236509740 -0.967102468 2.790955414 -0.215918690 0.953081310 0.212167442 0.259805299 0.971906960 0.188941896 0.140343189 -1.860536877
28661967 0.804953816 1.433479373 0.500000000 0.500000000 0.000000000 0.000000000 0.087639391 0.232809633 -0.968564689 3.034905467 -0.211657882 0.954457223 0.210267067 0.322373317 0.973405778 0.186576992 0.132924080 -2.054737013
28728700 0.804953816 1.433479373 0.500000000 0.500000000 0.000000000 0.000000000 0.080508709 0.229644880 -0.969938993 3.294440337 -0.206953719 0.955743134 0.209105879 0.378387901 0.975032568 0.183897644 0.124471486 -2.241809946
28795433 0.804953816 1.433479373 0.500000000 0.500000000 0.000000000 0.000000000 0.074013472 0.227151573 -0.971042335 3.566466476 -0.204842091 0.956413746 0.208116353 0.418388527 0.975992143 0.183507115 0.117317796 -2.434177551
28862167 0.804953816 1.433479373 0.500000000 0.500000000 0.000000000 0.000000000 0.069340587 0.225994155 -0.971657932 3.812982281 -0.204443857 0.956548214 0.207890093 0.479333388 0.976419628 0.184234142 0.112530708 -2.611651744
28928900 0.804953816 1.433479373 0.500000000 0.500000000 0.000000000 0.000000000 0.064809620 0.226994425 -0.971736968 4.043887970 -0.203828037 0.956265569 0.209786132 0.522321740 0.976858914 0.184471175 0.108243048 -2.775268434
28995633 0.804953816 1.433479373 0.500000000 0.500000000 0.000000000 0.000000000 0.061297655 0.229155928 -0.971457720 4.242369780 -0.203235030 0.955763578 0.212630019 0.561994965 0.977209330 0.184400544 0.105158567 -2.927129704
29062367 0.804953816 1.433479373 0.500000000 0.500000000 0.000000000 0.000000000 0.060275197 0.232825831 -0.970648170 4.417534722 -0.202691987 0.955012381 0.216488555 0.583332448 0.977385163 0.183693960 0.104755580 -3.082836930
29129100 0.804953816 1.433479373 0.500000000 0.500000000 0.000000000 0.000000000 0.060846269 0.235004351 -0.970087945 4.557039611 -0.202162042 0.954647422 0.218583763 0.602172200 0.977460086 0.182814956 0.105595708 -3.258990083
29195833 0.804953816 1.433479373 0.500000000 0.500000000 0.000000000 0.000000000 0.061510801 0.236330241 -0.969723284 4.685754270 -0.202308506 0.954348445 0.219750538 0.611825329 0.977387607 0.182666495 0.106514394 -3.426895866
29262567 0.804953816 1.433479373 0.500000000 0.500000000 0.000000000 0.000000000 0.062929392 0.237215698 -0.969416320 4.793126911 -0.203706563 0.953945875 0.220206529 0.631501518 0.977007091 0.183619142 0.108353674 -3.582007746
29329300 0.804953816 1.433479373 0.500000000 0.500000000 0.000000000 0.000000000 0.066049635 0.238708317 -0.968842566 4.867830393 -0.205472231 0.953407288 0.220897511 0.667221058 0.976431668 0.184480026 0.112020075 -3.740980400
29396033 0.804953816 1.433479373 0.500000000 0.500000000 0.000000000 0.000000000 0.070229530 0.240788579 -0.968033373 4.936439812 -0.206865758 0.952848852 0.222003743 0.700531775 0.975845397 0.184661761 0.116729021 -3.913959285
29462767 0.804953816 1.433479373 0.500000000 0.500000000 0.000000000 0.000000000 0.076041341 0.242813349 -0.967088163 4.974420818 -0.207972467 0.952426791 0.222779512 0.749137145 0.975174487 0.184187233 0.122922301 -4.124900443
29529500 0.804953816 1.433479373 0.500000000 0.500000000 0.000000000 0.000000000 0.082642972 0.244618312 -0.966092050 4.991318975 -0.207964405 0.952298284 0.223335698 0.796423714 0.974639833 0.182455227 0.129572570 -4.351198163
