https://www.youtube.com/watch?v=vZdTqovtGd8
63160000 0.916661562 1.639147314 0.500000000 0.500000000 0.000000000 0.000000000 0.999251902 0.024599865 -0.029840728 -0.412119996 -0.022300098 0.996927083 0.075093873 3.349200145 0.031596329 -0.074372239 0.996729851 -6.437509759
63240000 0.916661562 1.639147314 0.500000000 0.500000000 0.000000000 0.000000000 0.999242187 0.024807928 -0.029993633 -0.561001975 -0.022478675 0.996881306 0.075646557 3.126900264 0.031776726 -0.074915014 0.996683478 -6.362319297
63320000 0.916661562 1.639147314 0.500000000 0.500000000 0.000000000 0.000000000 0.999253035 0.024810554 -0.029627223 -0.680046990 -0.022536946 0.996947408 0.074752450 2.907210028 0.031391434 -0.074028909 0.996761918 -6.290550427
63400000 0.916661562 1.639147314 0.500000000 0.500000000 0.000000000 0.000000000 0.999241471 0.024407450 -0.030343685 -0.736448994 -0.022197645 0.997219026 0.071143880 2.741660045 0.031995740 -0.070416361 0.997004390 -6.201270008
63480000 0.916661562 1.639147314 0.500000000 0.500000000 0.000000000 0.000000000 0.999180496 0.024300281 -0.032369535 -0.748120003 -0.022117417 0.997563422 0.066166505 2.606240065 0.033898529 -0.065396354 0.997283399 -6.113739822
63560000 0.916661562 1.639147314 0.500000000 0.500000000 0.000000000 0.000000000 0.999088824 0.024615936 -0.034864858 -0.752581993 -0.022427510 0.997834921 0.061826315 2.469160213 0.036311284 -0.060988050 0.997477770 -6.034570231
63640000 0.916661562 1.639147314 0.500000000 0.500000000 0.000000000 0.000000000 0.998907149 0.025727745 -0.039019879 -0.723393000 -0.023479514 0.998096883 0.057020366 2.350570081 0.040412623 -0.056041889 0.997610211 -5.939569708
63720000 0.916661562 1.639147314 0.500000000 0.500000000 0.000000000 0.000000000 0.998602569 0.027209083 -0.045305666 -0.667129017 -0.024779407 0.998268247 0.053352755 2.225110194 0.046678890 -0.052155551 0.997547448 -5.850570144
63800000 0.916661562 1.639147314 0.500000000 0.500000000 0.000000000 0.000000000 0.998110652 0.028649766 -0.054353289 -0.581386976 -0.025880776 0.998364210 0.050981652 2.096709995 0.055724993 -0.049478624 0.997219443 -5.756140639
63880000 0.916661562 1.639147314 0.500000000 0.500000000 0.000000000 0.000000000 0.997380733 0.029659251 -0.065969795 -0.491620969 -0.026416970 0.998425245 0.049488757 1.986129925 0.067333713 -0.047616411 0.996593595 -5.650310161
63960000 0.916661562 1.639147314 0.500000000 0.500000000 0.000000000 0.000000000 0.996309817 0.030605059 -0.080187932 -0.385600974 -0.026707735 0.998430192 0.049232274 1.898650071 0.081568807 -0.046908960 0.995563209 -5.536830178
64040000 0.916661562 1.639147314 0.500000000 0.500000000 0.000000000 0.000000000 0.994818866 0.032627456 -0.096285507 -0.280258936 -0.027681086 0.998249352 0.052268218 1.786099949 0.097822323 -0.049332123 0.993980467 -5.442890847
64120000 0.916661562 1.639147314 0.500000000 0.500000000 0.000000000 0.000000000 0.992899358 0.035484627 -0.113541514 -0.182998005 -0.029095247 0.997924626 0.057444490 1.666209977 0.115344271 -0.053733081 0.991871178 -5.346680172
64200000 0.916661562 1.639147314 0.500000000 0.500000000 0.000000000 0.000000000 0.990711808 0.038894139 -0.130297363 -0.112065008 -0.030690109 0.997452676 0.064391226 1.528479993 0.132469893 -0.059794299 0.989381790 -5.234069875
64280000 0.916661562 1.639147314 0.500000000 0.500000000 0.000000000 0.000000000 0.988434970 0.043333635 -0.145322293 -0.082086219 -0.032820210 0.996719599 0.073979281 1.345800132 0.148051351 -0.068354197 0.986614645 -5.140590069
64360000 0.916661562 1.639147314 0.500000000 0.500000000 0.000000000 0.000000000 0.986002386 0.048720267 -0.159454092 -0.061367221 -0.035704892 0.995868206 0.083496481 1.146890128 0.162863240 -0.076634437 0.983667970 -5.041219776
64440000 0.916661562 1.639147314 0.500000000 0.500000000 0.000000000 0.000000000 0.983425856 0.055454724 -0.172621936 -0.052827140 -0.039310373 0.994645357 0.095578544 0.896058865 0.176997900 -0.087208577 0.980339944 -4.956260150
64520000 0.916661562 1.639147314 0.500000000 0.500000000 0.000000000 0.000000000 0.981131136 0.063918442 -0.182472184 -0.093661747 -0.044709731 0.993198216 0.107509904 0.660503067 0.188102916 -0.097323023 0.977315426 -4.839449450
64600000 0.916661562 1.639147314 0.500000000 0.500000000 0.000000000 0.000000000 0.979234040 0.071205266 -0.189816877 -0.120044091 -0.049451344 0.991902649 0.116977163 0.473679974 0.196609274 -0.105161317 0.974826038 -4.783869808
64680000 0.916661562 1.639147314 0.500000000 0.500000000 0.000000000 0.000000000 0.978241622 0.075802416 -0.193125129 -0.138064013 -0.053069819 0.991320312 0.120281488 0.373691100 0.200566500 -0.107415259 0.973773599 -4.624000067
64760000 0.916661562 1.639147314 0.500000000 0.500000000 0.000000000 0.000000000 0.977644086 0.080565892 -0.194219410 -0.156505028 -0.057442494 0.990880370 0.121887229 0.262653127 0.202268153 -0.108005904 0.973356247 -4.462900471
64840000 0.916661562 1.639147314 0.500000000 0.500000000 0.000000000 0.000000000 0.977113605 0.085690141 -0.194695249 -0.170840969 -0.063163802 0.990870237 0.119107209 0.173761030 0.203124031 -0.104083590 0.973605275 -4.303120226
64920000 0.916661562 1.639147314 0.500000000 0.500000000 0.000000000 0.000000000 0.976378858 0.091486193 -0.195741147 -0.171975947 -0.069751404 0.990890563 0.115198202 0.098635659 0.204497099 -0.098823883 0.973865926 -4.117640370
65000000 0.916661562 1.639147314 0.500000000 0.500000000 0.000000000 0.000000000 0.975463092 0.097872555 -0.197212189 -0.177471031 -0.076934442 0.990817308 0.111185268 0.037937320 0.206283242 -0.093284696 0.974035501 -3.934589956
65080000 0.916661562 1.639147314 0.500000000 0.500000000 0.000000000 0.000000000 0.974557042 0.104120083 -0.198488206 -0.189077986 -0.083733775 0.990564585 0.108491711 -0.006586911 0.207911551 -0.089111187 0.974080086 -3.734650024
65160000 0.916661562 1.639147314 0.500000000 0.500000000 0.000000000 0.000000000 0.973693848 0.110156089 -0.199464008 -0.224328038 -0.089892015 0.990081728 0.107970506 -0.067945638 0.209379271 -0.087200016 0.973938644 -3.530749898
65240000 0.916661562 1.639147314 0.500000000 0.500000000 0.000000000 0.000000000 0.973050773 0.114764288 -0.200003594 -0.272008035 -0.094343722 0.989573240 0.108830325 -0.152083912 0.210408032 -0.087028362 0.973732293 -3.325930077
65320000 0.916661562 1.639147314 0.500000000 0.500000000 0.000000000 0.000000000 0.972642660 0.116840184 -0.200785011 -0.314993910 -0.095705509 0.989093900 0.111953869 -0.240010976 0.211675942 -0.089674890 0.973217189 -3.132149994
65400000 0.916661562 1.639147314 0.500000000 0.500000000 0.000000000 0.000000000 0.972411454 0.116650380 -0.202011704 -0.345495930 -0.094030865 0.988528967 0.118189253 -0.335123908 0.213481218 -0.095933266 0.972225606 -2.940840137
65480000 0.916661562 1.639147314 0.500000000 0.500000000 0.000000000 0.000000000 0.972243547 0.114813052 -0.203863889 -0.361577965 -0.090172194 0.987882435 0.126321882 -0.450170996 0.215896964 -0.104432777 0.970815301 -2.767630363
65560000 0.916661562 1.639147314 0.500000000 0.500000000 0.000000000 0.000000000 0.972152770 0.111980341 -0.205862343 -0.371597014 -0.085087173 0.987163067 0.135163650 -0.552307009 0.218355387 -0.113883466 0.969201446 -2.591379609
65640000 0.916661562 1.639147314 0.500000000 0.500000000 0.000000000 0.000000000 0.971954763 0.108947106 -0.208409205 -0.378349010 -0.079555161 0.986291409 0.144569218 -0.640011069 0.221302614 -0.123934709 0.967297912 -2.405969864
65720000 0.916661562 1.639147314 0.500000000 0.500000000 0.000000000 0.000000000 0.970925272 0.107060432 -0.214107692 -0.366591038 -0.074706420 0.985260487 0.153885409 -0.720687995 0.227426887 -0.133416012 0.964612424 -2.232939666
65800000 0.916661562 1.639147314 0.500000000 0.500000000 0.000000000 0.000000000 0.969888091 0.105155371 -0.219680220 -0.355307061 -0.069779597 0.984153330 0.163012341 -0.795982032 0.233340651 -0.142774507 0.961856306 -2.040029774
65880000 0.916661562 1.639147314 0.500000000 0.500000000 0.000000000 0.000000000 0.969178021 0.101965107 -0.224270239 -0.336822955 -0.064128064 0.983362079 0.169960812 -0.865229081 0.237868890 -0.150340274 0.959591746 -1.840100285
65960000 0.916661562 1.639147314 0.500000000 0.500000000 0.000000000 0.000000000 0.968593955 0.098477542 -0.228315175 -0.312310067 -0.058950316 0.982997119 0.173900768 -0.928982961 0.241558492 -0.154979959 0.957930386 -1.627969818
66040000 0.916661562 1.639147314 0.500000000 0.500000000 0.000000000 0.000000000 0.967799306 0.095487274 -0.232909352 -0.281476003 -0.054552011 0.982830942 0.176259533 -0.989350008 0.245741040 -0.157878205 0.956392109 -1.398329982
66120000 0.916661562 1.639147314 0.500000000 0.500000000 0.000000000 0.000000000 0.966571450 0.093637973 -0.238687143 -0.234626020 -0.051696450 0.982981384 0.176281139 -1.056969975 0.251131624 -0.158049032 0.954962492 -1.176349945
66200000 0.916661562 1.639147314 0.500000000 0.500000000 0.000000000 0.000000000 0.964774251 0.093051516 -0.246073246 -0.190561011 -0.050487630 0.983460248 0.173945248 -1.114929964 0.258189142 -0.155394226 0.953515053 -0.962692082
66280000 0.916661562 1.639147314 0.500000000 0.500000000 0.000000000 0.000000000 0.961973786 0.093200266 -0.256749034 -0.132029023 -0.049495429 0.983903170 0.171711296 -1.179660076 0.268619716 -0.152473837 0.951102018 -0.761935968
66360000 0.916661562 1.639147314 0.500000000 0.500000000 0.000000000 0.000000000 0.957500279 0.095268652 -0.272244632 -0.084279943 -0.049611226 0.984207273 0.169925749 -1.244630010 0.284133732 -0.149197578 0.947105169 -0.563481025
66440000 0.916661562 1.639147314 0.500000000 0.500000000 0.000000000 0.000000000 0.950528383 0.100865126 -0.293806285 -0.088357358 -0.051803187 0.984041512 0.170231581 -1.320840078 0.306287974 -0.146589875 0.940584481 -0.365521008
66520000 0.916661562 1.639147314 0.500000000 0.500000000 0.000000000 0.000000000 0.941985250 0.109867550 -0.317163914 -0.099524540 -0.056466095 0.983315766 0.172920987 -1.397399916 0.330870658 -0.144980028 0.932472765 -0.176196006
66600000 0.916661562 1.639147314 0.500000000 0.500000000 0.000000000 0.000000000 0.931770146 0.120894298 -0.342328846 -0.149035986 -0.062138170 0.982119679 0.177706927 -1.465320005 0.357691646 -0.144310325 0.922621965 0.028392305
66680000 0.916661562 1.639147314 0.500000000 0.500000000 0.000000000 0.000000000 0.920296133 0.131881654 -0.368323773 -0.168558949 -0.067267254 0.980789125 0.183106139 -1.505679950 0.385396272 -0.143735781 0.911487758 0.224452079
66760000 0.916661562 1.639147314 0.500000000 0.500000000 0.000000000 0.000000000 0.908125758 0.143625706 -0.393292725 -0.244345041 -0.072327986 0.979015827 0.190516829 -1.525990056 0.412402928 -0.144567132 0.899457633 0.461409880
66840000 0.916661562 1.639147314 0.500000000 0.500000000 0.000000000 0.000000000 0.893326223 0.157001659 -0.421092212 -0.344381030 -0.078261375 0.977022231 0.198249072 -1.537950031 0.442541897 -0.144145817 0.885086775 0.707468956
66920000 0.916661562 1.639147314 0.500000000 0.500000000 0.000000000 0.000000000 0.877370119 0.169892922 -0.448729396 -0.484104020 -0.083793059 0.975095928 0.205345064 -1.524859961 0.472440898 -0.142563224 0.869755864 0.979101985
67000000 0.916661562 1.639147314 0.500000000 0.500000000 0.000000000 0.000000000 0.859513640 0.181238398 -0.477900386 -0.605134972 -0.087656870 0.973436594 0.211512193 -1.529379841 0.503539860 -0.139906332 0.852568865 1.231119693
67080000 0.916661562 1.639147314 0.500000000 0.500000000 0.000000000 0.000000000 0.841738939 0.190614000 -0.505115807 -0.788579142 -0.091105923 0.972332120 0.215104610 -1.530970055 0.532142222 -0.135042906 0.835815847 1.506530234
67160000 0.916661562 1.639147314 0.500000000 0.500000000 0.000000000 0.000000000 0.821982741 0.196542934 -0.534523129 -0.915712901 -0.092423603 0.972157359 0.215332046 -1.532279815 0.561962605 -0.127596602 0.817261815 1.750609372
67240000 0.916661562 1.639147314 0.500000000 0.500000000 0.000000000 0.000000000 0.803705156 0.200215712 -0.560331345 -1.007489717 -0.094120845 0.972611308 0.212528750 -1.544499758 0.587536216 -0.118071482 0.800537229 1.978448814
67320000 0.916661562 1.639147314 0.500000000 0.500000000 0.000000000 0.000000000 0.788431227 0.201391295 -0.581220925 -1.093350052 -0.096650049 0.973707974 0.206280246 -1.557539953 0.607482493 -0.106462762 0.787166238 2.171439786
67400000 0.916661562 1.639147314 0.500000000 0.500000000 0.000000000 0.000000000 0.772667050 0.201188579 -0.602087140 -1.157539934 -0.099207982 0.975065887 0.198505178 -1.559680060 0.627011657 -0.093646601 0.773360789 2.357150598
67480000 0.916661562 1.639147314 0.500000000 0.500000000 0.000000000 0.000000000 0.757048249 0.200296849 -0.621899843 -1.223420202 -0.101672232 0.976369917 0.190694839 -1.536510134 0.645399928 -0.081135303 0.759523749 2.534180876
67560000 0.916661562 1.639147314 0.500000000 0.500000000 0.000000000 0.000000000 0.741048455 0.198964745 -0.641295969 -1.263050419 -0.103525102 0.977524519 0.183652908 -1.490120136 0.663423002 -0.069705553 0.744990945 2.718061290
67640000 0.916661562 1.639147314 0.500000000 0.500000000 0.000000000 0.000000000 0.726565838 0.198200434 -0.657889783 -1.322430543 -0.105506659 0.978318870 0.178214863 -1.435330077 0.678948224 -0.060073141 0.731724560 2.876081024
67880000 0.916661562 1.639147314 0.500000000 0.500000000 0.000000000 0.000000000 0.689786911 0.200077549 -0.695818007 -1.438759649 -0.105947331 0.978606880 0.176362425 -1.175819789 0.716218412 -0.047932364 0.696227908 3.310518492
68360000 0.916661562 1.639147314 0.500000000 0.500000000 0.000000000 0.000000000 0.650074840 0.242728323 -0.720059752 -1.780970414 -0.081933834 0.964474499 0.251148909 -0.222775164 0.755440235 -0.104268394 0.646868229 3.788281165
71080000 0.916661562 1.639147314 0.500000000 0.500000000 0.000000000 0.000000000 0.629219174 0.243370533 -0.738142133 -1.122989758 -0.063922770 0.962698281 0.262918055 1.277739899 0.774594665 -0.118248940 0.621305108 -1.479049626
71160000 0.916661562 1.639147314 0.500000000 0.500000000 0.000000000 0.000000000 0.631473541 0.241115302 -0.736956298 -1.109880107 -0.062049888 0.963089406 0.261932403 1.328060086 0.772910774 -0.119675331 0.623126626 -1.785990158
71240000 0.916661562 1.639147314 0.500000000 0.500000000 0.000000000 0.000000000 0.634022951 0.237270802 -0.736014426 -1.090759600 -0.059238575 0.963871777 0.259695947 1.381749890 0.771041811 -0.121052735 0.625172436 -2.096069643
71320000 0.916661562 1.639147314 0.500000000 0.500000000 0.000000000 0.000000000 0.636508822 0.232183874 -0.735490799 -1.060789283 -0.055104949 0.964864433 0.256904721 1.415109741 0.769298077 -0.122992888 0.626939237 -2.417928863
71400000 0.916661562 1.639147314 0.500000000 0.500000000 0.000000000 0.000000000 0.638330758 0.226373881 -0.735723197 -1.005529813 -0.050387301 0.966018021 0.253515810 1.463819856 0.768111289 -0.124755830 0.628045440 -2.753230161
71480000 0.916661562 1.639147314 0.500000000 0.500000000 0.000000000 0.000000000 0.639778495 0.220386028 -0.736283481 -0.944695689 -0.045748122 0.967226386 0.249760434 1.516979978 0.767196476 -0.126107767 0.628892899 -3.092559560
71560000 0.916661562 1.639147314 0.500000000 0.500000000 0.000000000 0.000000000 0.640715837 0.215450600 -0.736929595 -0.881971051 -0.041402623 0.968119144 0.247044966 1.567580836 0.766661584 -0.127774939 0.629209399 -3.419473229
