https://www.youtube.com/watch?v=gAbKx1P-Kz4
15233333 0.827869340 1.488561757 0.500000000 0.500000000 0.000000000 0.000000000 0.999820471 -0.018665036 0.003267994 0.189536005 0.018673806 0.999822080 -0.002673763 -0.192971022 -0.003217507 0.002734309 0.999991059 6.065979502
15300000 0.827869340 1.488561757 0.500000000 0.500000000 0.000000000 0.000000000 0.999828994 -0.018492211 -0.000264522 0.181366004 0.018491320 0.999824405 -0.003045872 -0.181921011 0.000320800 0.003040460 0.999995351 5.717150160
15366667 0.827869340 1.488561757 0.500000000 0.500000000 0.000000000 0.000000000 0.999830484 -0.018005377 -0.003843777 0.215429989 0.017994476 0.999834001 -0.002852064 -0.192957981 0.003894491 0.002782414 0.999988556 5.494059826
15433333 0.827869340 1.488561757 0.500000000 0.500000000 0.000000000 0.000000000 0.999819100 -0.018836908 -0.002632404 0.256420008 0.018828638 0.999817848 -0.003131383 -0.226828015 0.002690911 0.003081251 0.999991655 5.187039984
15500000 0.827869340 1.488561757 0.500000000 0.500000000 0.000000000 0.000000000 0.999832988 -0.018272903 -0.000379241 0.294326042 0.018270969 0.999822497 -0.004592627 -0.259881988 0.000463094 0.004584930 0.999989390 4.811940329
15566667 0.827869340 1.488561757 0.500000000 0.500000000 0.000000000 0.000000000 0.999844849 -0.017144205 0.004039857 0.308690995 0.017154904 0.999849379 -0.002628666 -0.296207999 -0.003994182 0.002697561 0.999988377 4.501789754
15633333 0.827869340 1.488561757 0.500000000 0.500000000 0.000000000 0.000000000 0.999828100 -0.016110783 0.009173639 0.286473989 0.016112709 0.999870181 -0.000136249 -0.308349018 -0.009170253 0.000284037 0.999957919 4.096049861
15700000 0.827869340 1.488561757 0.500000000 0.500000000 0.000000000 0.000000000 0.999788404 -0.015694059 0.013296933 0.261141974 0.015671719 0.999875605 0.001782735 -0.276965001 -0.013323258 -0.001573972 0.999909997 3.651060059
15766667 0.827869340 1.488561757 0.500000000 0.500000000 0.000000000 0.000000000 0.999654949 -0.015626347 0.021112897 0.160471002 0.015537751 0.999869823 0.004353886 -0.207111027 -0.021178182 -0.004024337 0.999767601 3.128269836
15833333 0.827869340 1.488561757 0.500000000 0.500000000 0.000000000 0.000000000 0.999480247 -0.015715893 0.028146321 0.088484887 0.015537367 0.999857843 0.006550307 -0.147218014 -0.028245265 -0.006109583 0.999582350 2.630520017
15900000 0.827869340 1.488561757 0.500000000 0.500000000 0.000000000 0.000000000 0.999310315 -0.016502334 0.033264823 0.018902698 0.016250091 0.999837220 0.007839019 -0.097927099 -0.033388771 -0.007293056 0.999415815 2.143509930
15966667 0.827869340 1.488561757 0.500000000 0.500000000 0.000000000 0.000000000 0.999193132 -0.017786935 0.036009755 -0.018911512 0.017551068 0.999822438 0.006855617 -0.060353694 -0.036125306 -0.006218076 0.999327898 1.783319846
16033333 0.827869340 1.488561757 0.500000000 0.500000000 0.000000000 0.000000000 0.999086320 -0.017844617 0.038833931 -0.031320900 0.017767064 0.999839425 0.002341265 -0.040980703 -0.038869470 -0.001649161 0.999242961 1.341249969
16100000 0.827869340 1.488561757 0.500000000 0.500000000 0.000000000 0.000000000 0.998907447 -0.016923096 0.043560382 -0.071560503 0.017016042 0.999853671 -0.001763826 -0.045014503 -0.043524157 0.002503125 0.999049246 1.018309904
16166667 0.827869340 1.488561757 0.500000000 0.500000000 0.000000000 0.000000000 0.998696923 -0.015497079 0.048623774 -0.114810994 0.015777959 0.999860942 -0.005398057 -0.096095793 -0.048533361 0.006158208 0.998802602 0.700534004
16233333 0.827869340 1.488561757 0.500000000 0.500000000 0.000000000 0.000000000 0.998650789 -0.014844056 0.049761370 -0.115357990 0.015578436 0.999774933 -0.014402777 -0.133168005 -0.049536370 0.015158549 0.998657286 0.307002982
16300000 0.827869340 1.488561757 0.500000000 0.500000000 0.000000000 0.000000000 0.998593152 -0.013611089 0.051249515 -0.112858007 0.014797403 0.999629617 -0.022839960 -0.186397004 -0.050919656 0.023566186 0.998424649 -0.047534102
16366667 0.827869340 1.488561757 0.500000000 0.500000000 0.000000000 0.000000000 0.998484552 -0.012371967 0.053624302 -0.092408599 0.014021283 0.999436677 -0.030490596 -0.201415994 -0.053216867 0.031196270 0.998095572 -0.467810990
16433333 0.827869340 1.488561757 0.500000000 0.500000000 0.000000000 0.000000000 0.998190582 -0.011188956 0.059079528 -0.125712003 0.013237482 0.999320567 -0.034397282 -0.137812002 -0.058654517 0.035117105 0.997660458 -0.848077939
16500000 0.827869340 1.488561757 0.500000000 0.500000000 0.000000000 0.000000000 0.997922301 -0.008297460 0.063891873 -0.192183001 0.010363225 0.999431908 -0.032068968 -0.121009981 -0.063589483 0.032664463 0.997441411 -1.246129928
16566667 0.827869340 1.488561757 0.500000000 0.500000000 0.000000000 0.000000000 0.998011112 -0.007488498 0.062592238 -0.166391001 0.009614274 0.999384701 -0.033730414 -0.021439097 -0.062301133 0.034265105 0.997469008 -1.695719915
16633333 0.827869340 1.488561757 0.500000000 0.500000000 0.000000000 0.000000000 0.997805595 -0.007459313 0.065790117 -0.212035015 0.009814373 0.999319851 -0.035546295 0.093919390 -0.065480217 0.036113985 0.997200131 -2.015930068
16700000 0.827869340 1.488561757 0.500000000 0.500000000 0.000000000 0.000000000 0.997731686 -0.007076850 0.066943102 -0.187086010 0.009711947 0.999187291 -0.039120052 0.234096007 -0.066611849 0.039681461 0.996989608 -2.437020217
16766667 0.827869340 1.488561757 0.500000000 0.500000000 0.000000000 0.000000000 0.997613847 -0.006608133 0.068723723 -0.218151027 0.009394966 0.999143183 -0.040307444 0.321247016 -0.068398476 0.040856924 0.996821105 -2.761230103
16833333 0.827869340 1.488561757 0.500000000 0.500000000 0.000000000 0.000000000 0.997117043 -0.006105333 0.075632617 -0.314601995 0.009272024 0.999091744 -0.041589268 0.402366979 -0.075310007 0.042170636 0.996268034 -3.072339931
16900000 0.827869340 1.488561757 0.500000000 0.500000000 0.000000000 0.000000000 0.996919990 -0.004986492 0.078266941 -0.297004970 0.008534394 0.998947740 -0.045061972 0.459027008 -0.077959888 0.045591142 0.995913506 -3.469779955
16966667 0.827869340 1.488561757 0.500000000 0.500000000 0.000000000 0.000000000 0.996413708 -0.004518281 0.084494248 -0.372135999 0.008551452 0.998837829 -0.047432318 0.506611973 -0.084181741 0.047984764 0.995294392 -3.721400173
17033333 0.827869340 1.488561757 0.500000000 0.500000000 0.000000000 0.000000000 0.995609164 -0.003623262 0.093537293 -0.405558993 0.008073791 0.998850644 -0.047245763 0.500870996 -0.093258597 0.047793515 0.994494140 -4.077379951
17100000 0.827869340 1.488561757 0.500000000 0.500000000 0.000000000 0.000000000 0.994411111 -0.003248377 0.105526946 -0.470439051 0.008387866 0.998797834 -0.048295867 0.513265022 -0.105243199 0.048911091 0.993242979 -4.402420268
17166667 0.827869340 1.488561757 0.500000000 0.500000000 0.000000000 0.000000000 0.992131889 -0.001907844 0.125182509 -0.629578047 0.007844564 0.998866498 -0.046948735 0.492775993 -0.124951042 0.047561336 0.991022289 -4.732090045
17233333 0.827869340 1.488561757 0.500000000 0.500000000 0.000000000 0.000000000 0.989328980 -0.002115091 0.145683572 -0.794968047 0.008958978 0.998885632 -0.046337690 0.513090958 -0.145423219 0.047148395 0.988245487 -5.063839996
17300000 0.827869340 1.488561757 0.500000000 0.500000000 0.000000000 0.000000000 0.986154079 -0.003717773 0.165789783 -0.950791848 0.011834260 0.998777449 -0.047995534 0.590894971 -0.165408671 0.049292993 0.984992445 -5.432369550
17366667 0.827869340 1.488561757 0.500000000 0.500000000 0.000000000 0.000000000 0.982194483 -0.005839006 0.187776148 -1.169680166 0.015450808 0.998641431 -0.049764730 0.700408023 -0.187230468 0.051779933 0.980950356 -5.675500148
17433333 0.827869340 1.488561757 0.500000000 0.500000000 0.000000000 0.000000000 0.978294671 -0.008394357 0.207048580 -1.369370123 0.019250060 0.998539925 -0.050471876 0.828922035 -0.206322595 0.053362060 0.977027893 -5.891860073
