https://www.youtube.com/watch?v=_I--_lnqOpg
32298933 0.994981485 1.769460930 0.500000000 0.500000000 0.000000000 0.000000000 0.999460697 -0.007848574 0.031885680 -3.932060225 0.007740706 0.999963880 0.003504994 -0.682731957 -0.031912040 -0.003256286 0.999485373 5.430530389
32365667 0.994981485 1.769460930 0.500000000 0.500000000 0.000000000 0.000000000 0.999381244 -0.007911284 0.034271263 -3.752529880 0.007747360 0.999957919 0.004913301 -0.648890983 -0.034308694 -0.004644748 0.999400496 5.274170042
32432400 0.994981485 1.769460930 0.500000000 0.500000000 0.000000000 0.000000000 0.999336004 -0.005433668 0.036027990 -3.566489877 0.005178146 0.999960780 0.007181845 -0.611563019 -0.036065601 -0.006990517 0.999324977 5.097540181
32499133 0.994981485 1.769460930 0.500000000 0.500000000 0.000000000 0.000000000 0.999291778 -0.000657756 0.037623078 -3.378429739 0.000307406 0.999956548 0.009317133 -0.573372015 -0.037627570 -0.009298968 0.999248564 4.924619899
32565867 0.994981485 1.769460930 0.500000000 0.500000000 0.000000000 0.000000000 0.999237120 0.004968039 0.038736191 -3.186729847 -0.005373571 0.999931753 0.010371984 -0.535170898 -0.038682017 -0.010572222 0.999195635 4.744170044
32632600 0.994981485 1.769460930 0.500000000 0.500000000 0.000000000 0.000000000 0.999179423 0.010217359 0.039192896 -2.999200109 -0.010596441 0.999898970 0.009476715 -0.496707976 -0.039092112 -0.009884243 0.999186695 4.567469659
32699333 0.994981485 1.769460930 0.500000000 0.500000000 0.000000000 0.000000000 0.999132156 0.014885399 0.038901147 -2.814969907 -0.015171027 0.999859989 0.007057490 -0.469462927 -0.038790647 -0.007641537 0.999218166 4.372170128
32766067 0.994981485 1.769460930 0.500000000 0.500000000 0.000000000 0.000000000 0.999172628 0.017430238 0.036745939 -2.642630059 -0.017537687 0.999842823 0.002603749 -0.453161007 -0.036694776 -0.003246034 0.999321222 4.169479915
32832800 0.994981485 1.769460930 0.500000000 0.500000000 0.000000000 0.000000000 0.999269843 0.018305257 0.033536144 -2.483489749 -0.018243134 0.999831259 -0.002157549 -0.436637988 -0.033569977 0.001544169 0.999435186 3.970099869
32899533 0.994981485 1.769460930 0.500000000 0.500000000 0.000000000 0.000000000 0.999404490 0.018212406 0.029309230 -2.332380123 -0.018011259 0.999812484 -0.007112405 -0.415154022 -0.029433267 0.006580273 0.999545097 3.774620124
32966267 0.994981485 1.769460930 0.500000000 0.500000000 0.000000000 0.000000000 0.999540389 0.017026627 0.025082778 -2.191790137 -0.016776396 0.999807715 -0.010153190 -0.400353023 -0.025250830 0.009727725 0.999633789 3.581499800
33033000 0.994981485 1.769460930 0.500000000 0.500000000 0.000000000 0.000000000 0.999644160 0.014793683 0.022195514 -2.055289685 -0.014550865 0.999832928 -0.011061836 -0.386305005 -0.022355452 0.010734936 0.999692440 3.385589958
33099733 0.994981485 1.769460930 0.500000000 0.500000000 0.000000000 0.000000000 0.999698460 0.012895042 0.020896841 -1.913419941 -0.012691449 0.999870956 -0.009846305 -0.373067007 -0.021021113 0.009578125 0.999733150 3.197439793
33166467 0.994981485 1.769460930 0.500000000 0.500000000 0.000000000 0.000000000 0.999691784 0.012191704 0.021626411 -1.773509983 -0.012041523 0.999902546 -0.007061000 -0.359488966 -0.021710390 0.006798409 0.999741197 3.003070247
33233200 0.994981485 1.769460930 0.500000000 0.500000000 0.000000000 0.000000000 0.999672413 0.011708681 0.022759274 -1.628859987 -0.011625839 0.999925315 -0.003768830 -0.341241966 -0.022801701 0.003502999 0.999733865 2.796889910
33299933 0.994981485 1.769460930 0.500000000 0.500000000 0.000000000 0.000000000 0.999645233 0.012171981 0.023691505 -1.491060089 -0.012156454 0.999925792 -0.000799330 -0.321474006 -0.023699477 0.000511041 0.999719024 2.584760102
33366667 0.994981485 1.769460930 0.500000000 0.500000000 0.000000000 0.000000000 0.999620497 0.013223402 0.024165204 -1.283279961 -0.013287971 0.999908566 0.002513367 -0.268101009 -0.024129758 -0.002833520 0.999704838 2.242480326
33433400 0.994981485 1.769460930 0.500000000 0.500000000 0.000000000 0.000000000 0.999591291 0.014267115 0.024772726 -1.143109984 -0.014380157 0.999886930 0.004391040 -0.222901988 -0.024707276 -0.004745481 0.999683440 2.025300028
33500133 0.994981485 1.769460930 0.500000000 0.500000000 0.000000000 0.000000000 0.999558508 0.016503336 0.024706816 -1.006599962 -0.016628487 0.999849856 0.004868638 -0.178876996 -0.024622759 -0.005277325 0.999682903 1.790499985
33566867 0.994981485 1.769460930 0.500000000 0.500000000 0.000000000 0.000000000 0.999563158 0.018984986 0.022649856 -0.872200018 -0.019101785 0.999805272 0.004951611 -0.133058996 -0.022551438 -0.005382101 0.999731183 1.579259923
33633600 0.994981485 1.769460930 0.500000000 0.500000000 0.000000000 0.000000000 0.999662340 0.019037170 0.017687360 -0.746375045 -0.019094912 0.999812841 0.003101433 -0.099184388 -0.017625006 -0.003438124 0.999838769 1.371840186
33700333 0.994981485 1.769460930 0.500000000 0.500000000 0.000000000 0.000000000 0.999831855 0.016103836 0.008774042 -0.623067984 -0.016110813 0.999869943 0.000725349 -0.074713606 -0.008761220 -0.000866584 0.999961257 1.165909984
33767067 0.994981485 1.769460930 0.500000000 0.500000000 0.000000000 0.000000000 0.999925315 0.011919079 -0.002709734 -0.496392025 -0.011919228 0.999928951 -0.000038515 -0.054731995 0.002709083 0.000070810 0.999996305 0.961577929
33833800 0.994981485 1.769460930 0.500000000 0.500000000 0.000000000 0.000000000 0.999825239 0.008907355 -0.016434744 -0.364349956 -0.008881502 0.999959230 0.001645415 -0.034743802 0.016448729 -0.001499162 0.999863565 0.780626981
33900533 0.994981485 1.769460930 0.500000000 0.500000000 0.000000000 0.000000000 0.999458969 0.008527689 -0.031765100 -0.226928986 -0.008376379 0.999952972 0.004893425 -0.020701201 0.031805333 -0.004624702 0.999483407 0.590677032
33967267 0.994981485 1.769460930 0.500000000 0.500000000 0.000000000 0.000000000 0.998813748 0.010280592 -0.047595695 -0.079644389 -0.009922024 0.999920607 0.007763780 -0.009331708 0.047671735 -0.007282325 0.998836517 0.402242987
34034000 0.994981485 1.769460930 0.500000000 0.500000000 0.000000000 0.000000000 0.997892916 0.014662719 -0.063204072 0.077388604 -0.014094790 0.999856293 0.009422213 -0.001974490 0.063333146 -0.008511512 0.997956157 0.229767004
34100733 0.994981485 1.769460930 0.500000000 0.500000000 0.000000000 0.000000000 0.996620774 0.021086205 -0.079388037 0.244729008 -0.020440742 0.999751151 0.008934488 0.015471699 0.079556674 -0.007281546 0.996803761 0.055190401
34167467 0.994981485 1.769460930 0.500000000 0.500000000 0.000000000 0.000000000 0.994990289 0.028658409 -0.095775798 0.411475990 -0.028168131 0.999582291 0.006467415 0.038196701 0.095921129 -0.003737193 0.995381951 -0.108930018
34234200 0.994981485 1.769460930 0.500000000 0.500000000 0.000000000 0.000000000 0.993173480 0.035277143 -0.111184537 0.576091021 -0.035353616 0.999374032 0.001284269 0.059946802 0.111160249 0.002655272 0.993798971 -0.264824988
34300933 0.994981485 1.769460930 0.500000000 0.500000000 0.000000000 0.000000000 0.991182387 0.039254177 -0.126556575 0.736880021 -0.040551860 0.999147832 -0.007692734 0.092834604 0.126146764 0.012757007 0.991929531 -0.415919927
34367667 0.994981485 1.769460930 0.500000000 0.500000000 0.000000000 0.000000000 0.988740206 0.042190567 -0.143571332 0.890304940 -0.045304097 0.998802185 -0.018485244 0.117507990 0.142619446 0.024781473 0.989467323 -0.565914021
34434400 0.994981485 1.769460930 0.500000000 0.500000000 0.000000000 0.000000000 0.986179769 0.043872681 -0.159764424 1.027009938 -0.049014557 0.998394668 -0.028385049 0.149068027 0.158262625 0.035823539 0.986746967 -0.703895908
34501133 0.994981485 1.769460930 0.500000000 0.500000000 0.000000000 0.000000000 0.983711183 0.043924924 -0.174307033 1.159960001 -0.050723802 0.998108268 -0.034741785 0.176739009 0.172451273 0.043017399 0.984078288 -0.830392995
34567867 0.994981485 1.769460930 0.500000000 0.500000000 0.000000000 0.000000000 0.981475711 0.043202136 -0.186651960 1.280599851 -0.051199991 0.997956038 -0.038240775 0.196796009 0.184618369 0.047088981 0.981681526 -0.966968896
34634600 0.994981485 1.769460930 0.500000000 0.500000000 0.000000000 0.000000000 0.979475915 0.042719476 -0.196982309 1.400550042 -0.051486909 0.997888148 -0.039602168 0.210832983 0.194874540 0.048931375 0.979606867 -1.111519931
34701333 0.994981485 1.769460930 0.500000000 0.500000000 0.000000000 0.000000000 0.977778852 0.044073578 -0.204953596 1.516259974 -0.053070422 0.997844219 -0.038606633 0.211377993 0.202810213 0.048625726 0.978009999 -1.267990126
34768067 0.994981485 1.769460930 0.500000000 0.500000000 0.000000000 0.000000000 0.976242959 0.046107009 -0.211716339 1.627619972 -0.055269755 0.997764647 -0.037563328 0.207437019 0.209511146 0.048372444 0.976609051 -1.425740088
34834800 0.994981485 1.769460930 0.500000000 0.500000000 0.000000000 0.000000000 0.974618375 0.048790090 -0.218491629 1.734870111 -0.058449432 0.997568309 -0.037962291 0.196293992 0.216108128 0.049769457 0.975100160 -1.604750122
34901533 0.994981485 1.769460930 0.500000000 0.500000000 0.000000000 0.000000000 0.972397208 0.052636184 -0.227317154 1.842869967 -0.063393243 0.997175515 -0.040278092 0.196903999 0.224555016 0.053576678 0.972987473 -1.805559971
34968267 0.994981485 1.769460930 0.500000000 0.500000000 0.000000000 0.000000000 0.969484508 0.057867996 -0.238224700 1.952359897 -0.070317976 0.996549666 -0.044092193 0.214878950 0.234851226 0.059498191 0.970208645 -2.002849901
35035000 0.994981485 1.769460930 0.500000000 0.500000000 0.000000000 0.000000000 0.966127574 0.063189730 -0.250209063 2.067100159 -0.077926755 0.995733082 -0.049427010 0.246675036 0.246018156 0.067250766 0.966929376 -2.192640238
35101733 0.994981485 1.769460930 0.500000000 0.500000000 0.000000000 0.000000000 0.962095916 0.067260563 -0.264286488 2.185519668 -0.084810466 0.994847298 -0.055552557 0.277894917 0.259188205 0.075861171 0.962842941 -2.367369805
35168467 0.994981485 1.769460930 0.500000000 0.500000000 0.000000000 0.000000000 0.956989288 0.068907999 -0.281821281 2.314160319 -0.089976959 0.993980825 -0.062499799 0.323796068 0.275818199 0.085169040 0.957429171 -2.521380088
35235200 0.994981485 1.769460930 0.500000000 0.500000000 0.000000000 0.000000000 0.951112628 0.067029528 -0.301482797 2.445350233 -0.092114963 0.993301809 -0.069759101 0.371254104 0.294787526 0.094119817 0.950916350 -2.663750330
35301933 0.994981485 1.769460930 0.500000000 0.500000000 0.000000000 0.000000000 0.944941819 0.063314013 -0.321054965 2.567540054 -0.092642911 0.992725492 -0.076898769 0.419391052 0.313850671 0.102408320 0.943933427 -2.793850170
35368667 0.994981485 1.769460930 0.500000000 0.500000000 0.000000000 0.000000000 0.938358963 0.059282396 -0.340540886 2.700809937 -0.093063265 0.992134035 -0.083721712 0.467916041 0.332898974 0.110252857 0.936494827 -2.911060033
35435400 0.994981485 1.769460930 0.500000000 0.500000000 0.000000000 0.000000000 0.931570292 0.057413891 -0.358999163 2.828649676 -0.095482111 0.991425514 -0.089211002 0.506492867 0.350798994 0.117384329 0.929064512 -3.025959523
35502133 0.994981485 1.769460930 0.500000000 0.500000000 0.000000000 0.000000000 0.923930049 0.057851151 -0.378162265 2.962090468 -0.100010112 0.990649700 -0.092796564 0.532156207 0.369257927 0.123557553 0.921076655 -3.146050196
35568867 0.994981485 1.769460930 0.500000000 0.500000000 0.000000000 0.000000000 0.915263414 0.059191793 -0.398483753 3.102850177 -0.105600342 0.989810228 -0.095520869 0.556699132 0.388769269 0.129506752 0.912187815 -3.259380426
35635600 0.994981485 1.769460930 0.500000000 0.500000000 0.000000000 0.000000000 0.905800700 0.060314201 -0.419389427 3.246740650 -0.111083157 0.988998473 -0.097686283 0.582182289 0.408883631 0.135071367 0.902535379 -3.365380552
35702333 0.994981485 1.769460930 0.500000000 0.500000000 0.000000000 0.000000000 0.895726323 0.060257316 -0.440503746 3.395880266 -0.115422502 0.988319755 -0.099507675 0.612074200 0.429362506 0.139975667 0.892219007 -3.473280154
35769067 0.994981485 1.769460930 0.500000000 0.500000000 0.000000000 0.000000000 0.884946585 0.059713840 -0.461848170 3.556109760 -0.119866624 0.987536907 -0.101994388 0.662750852 0.450001627 0.145619780 0.881075144 -3.580449757
35835800 0.994981485 1.769460930 0.500000000 0.500000000 0.000000000 0.000000000 0.873614430 0.059564359 -0.482959598 3.713780211 -0.125067413 0.986624360 -0.104549237 0.721363125 0.470272273 0.151738226 0.869378805 -3.682070318
35902533 0.994981485 1.769460930 0.500000000 0.500000000 0.000000000 0.000000000 0.861245871 0.060225800 -0.504607439 3.876950903 -0.131973982 0.985391498 -0.107640341 0.776336421 0.490753204 0.159299806 0.856612563 -3.767900546
35969267 0.994981485 1.769460930 0.500000000 0.500000000 0.000000000 0.000000000 0.848135531 0.059770748 -0.526396930 4.032200440 -0.140061706 0.983559489 -0.113988623 0.851228245 0.510929525 0.170405820 0.842563331 -3.838720441
36036000 0.994981485 1.769460930 0.500000000 0.500000000 0.000000000 0.000000000 0.834171951 0.058698915 -0.548371971 4.198620600 -0.148325711 0.981562257 -0.120561510 0.903967393 0.531184375 0.181906641 0.827498198 -3.895820326
