https://www.youtube.com/watch?v=mvWHXh55jMI
31898533 0.884360249 1.572733748 0.500000000 0.500000000 0.000000000 0.000000000 0.984868944 0.002109439 -0.173287868 5.974430039 0.001876715 0.999737442 0.022836003 0.078285999 0.173290551 -0.022815682 0.984606445 -0.279857897
31965267 0.884360249 1.572733748 0.500000000 0.500000000 0.000000000 0.000000000 0.984904528 0.009158631 -0.172855914 5.161069714 -0.005155675 0.999708354 0.023592541 -0.016065289 0.173021585 -0.022345209 0.984664500 -0.305520922
32032000 0.884360249 1.572733748 0.500000000 0.500000000 0.000000000 0.000000000 0.985609114 0.011655991 -0.168638274 4.313799893 -0.008239024 0.999746621 0.020947693 -0.084182811 0.168839708 -0.019256821 0.985455394 -0.303794106
32098733 0.884360249 1.572733748 0.500000000 0.500000000 0.000000000 0.000000000 0.986478925 0.008912158 -0.163645729 3.491929909 -0.006129272 0.999828041 0.017502612 -0.082696802 0.163773581 -0.016262928 0.986363888 -0.290393020
32165467 0.884360249 1.572733748 0.500000000 0.500000000 0.000000000 0.000000000 0.987537205 0.002964963 -0.157357812 2.592639987 -0.001186218 0.999934375 0.011396552 -0.012877606 0.157381266 -0.011067859 0.987475932 -0.266618085
32232200 0.884360249 1.572733748 0.500000000 0.500000000 0.000000000 0.000000000 0.988108099 -0.003145921 -0.153728545 1.934039911 0.004862199 0.999929965 0.010789646 -0.164784008 0.153683841 -0.011408795 0.988054216 -0.201390976
32298933 0.884360249 1.572733748 0.500000000 0.500000000 0.000000000 0.000000000 0.989262998 -0.006938322 -0.145981461 1.018850026 0.007480186 0.999967039 0.003163258 0.039208302 0.145954698 -0.004221264 0.989282250 -0.165370002
32365667 0.884360249 1.572733748 0.500000000 0.500000000 0.000000000 0.000000000 0.989584208 -0.008604770 -0.143697619 0.266241964 0.008794813 0.999961078 0.000687370 -0.027147399 0.143686116 -0.001944005 0.989621401 -0.088218313
32432400 0.884360249 1.572733748 0.500000000 0.500000000 0.000000000 0.000000000 0.989902556 -0.009915827 -0.141402185 -0.518720976 0.009678593 0.999950349 -0.002365387 0.075550801 0.141418636 0.000972928 0.989949405 -0.004556503
32499133 0.884360249 1.572733748 0.500000000 0.500000000 0.000000000 0.000000000 0.989825189 -0.009431019 -0.141976029 -1.199970152 0.009072712 0.999953806 -0.003170852 -0.006781781 0.141999364 0.001850481 0.989865005 0.059512985
32565867 0.884360249 1.572733748 0.500000000 0.500000000 0.000000000 0.000000000 0.989533067 -0.008377203 -0.144063100 -1.868160152 0.007408674 0.999946237 -0.007258099 0.112525011 0.144116148 0.006114812 0.989541888 0.064168266
32632600 0.884360249 1.572733748 0.500000000 0.500000000 0.000000000 0.000000000 0.989191353 -0.002488756 -0.146609262 -2.567909769 0.001331939 0.999967217 -0.007988112 0.027919904 0.146624342 0.007706497 0.989162207 0.022999906
32699333 0.884360249 1.572733748 0.500000000 0.500000000 0.000000000 0.000000000 0.988992631 0.001135329 -0.147960469 -3.403079983 -0.002103819 0.999977350 -0.006389261 0.014209999 0.147949859 0.006630213 0.988972664 0.060689947
32766067 0.884360249 1.572733748 0.500000000 0.500000000 0.000000000 0.000000000 0.988722503 0.002201003 -0.149743140 -4.057109988 -0.003142084 0.999976754 -0.006048349 -0.061270901 0.149726361 0.006450644 0.988706410 0.010589318
32832800 0.884360249 1.572733748 0.500000000 0.500000000 0.000000000 0.000000000 0.989069402 0.000804821 -0.147448614 -4.868960137 -0.001974592 0.999967754 -0.007787214 -0.036939905 0.147437587 0.007993245 0.989039063 -0.078168113
32899533 0.884360249 1.572733748 0.500000000 0.500000000 0.000000000 0.000000000 0.989218652 0.000311687 -0.146445513 -5.588209539 -0.001377885 0.999973297 -0.007179120 -0.127371994 0.146439373 0.007303504 0.989192665 -0.176077980
32966267 0.884360249 1.572733748 0.500000000 0.500000000 0.000000000 0.000000000 0.989892006 0.000744872 -0.141821072 -6.436939817 -0.001776794 0.999972880 -0.007149728 -0.073914601 0.141811892 0.007329445 0.989866495 -0.272479936
