https://www.youtube.com/watch?v=wgSVz99HW3k
91624867 1.034566979 1.840516427 0.500000000 0.500000000 0.000000000 0.000000000 0.869761765 0.141411409 -0.472776175 1.299360167 -0.157096758 0.987562597 0.006379053 -1.973470049 0.467798173 0.068723343 0.881159484 5.325290550
91691600 1.034566979 1.840516427 0.500000000 0.500000000 0.000000000 0.000000000 0.868582129 0.144259244 -0.474082470 1.213939864 -0.158814788 0.987263203 0.009445971 -1.830069912 0.469406843 0.067086749 0.880429685 4.768339514
91758333 1.034566979 1.840516427 0.500000000 0.500000000 0.000000000 0.000000000 0.867035985 0.146889001 -0.476100892 1.113849818 -0.159982175 0.987031937 0.013177548 -1.651539919 0.471862406 0.064742282 0.879291892 4.142649735
91825067 1.034566979 1.840516427 0.500000000 0.500000000 0.000000000 0.000000000 0.865352154 0.149658844 -0.478296995 0.979949302 -0.160960749 0.986804664 0.017554609 -1.423640174 0.474612951 0.061796069 0.878022790 3.486080773
91891800 1.034566979 1.840516427 0.500000000 0.500000000 0.000000000 0.000000000 0.863358974 0.152686626 -0.480934739 0.836518965 -0.162212908 0.986510575 0.021996722 -1.152019993 0.477805793 0.059022725 0.876480460 2.840450262
91958533 1.034566979 1.840516427 0.500000000 0.500000000 0.000000000 0.000000000 0.861553133 0.156583384 -0.482916147 0.680132049 -0.164296612 0.986052096 0.026607305 -0.881425133 0.480346709 0.056417830 0.875262380 2.112010354
92025267 1.034566979 1.840516427 0.500000000 0.500000000 0.000000000 0.000000000 0.859689951 0.160206959 -0.485043198 0.513055031 -0.166554347 0.985565841 0.030325938 -0.592961030 0.482900411 0.054715145 0.873964190 1.437659836
92092000 1.034566979 1.840516427 0.500000000 0.500000000 0.000000000 0.000000000 0.858199000 0.162853435 -0.486798942 0.331857020 -0.168450549 0.985170543 0.032609619 -0.325447013 0.484890580 0.054016016 0.872905135 0.713780961
92292200 1.034566979 1.840516427 0.500000000 0.500000000 0.000000000 0.000000000 0.856005549 0.162475288 -0.490771264 -0.223814012 -0.169138163 0.985101044 0.031117056 0.394737081 0.488515049 0.056371730 0.870732665 -1.069820192
92358933 1.034566979 1.840516427 0.500000000 0.500000000 0.000000000 0.000000000 0.855486512 0.160418376 -0.492350459 -0.409328114 -0.168363109 0.985313058 0.028495893 0.562378073 0.489690602 0.058515757 0.869930506 -1.649290072
92425667 1.034566979 1.840516427 0.500000000 0.500000000 0.000000000 0.000000000 0.855481327 0.157379508 -0.493339330 -0.619736245 -0.167143285 0.985626042 0.024586292 0.709635202 0.490117460 0.061425164 0.869489551 -2.223590567
92492400 1.034566979 1.840516427 0.500000000 0.500000000 0.000000000 0.000000000 0.855138063 0.154889941 -0.494720072 -0.812731082 -0.166845530 0.985775411 0.020235108 0.858832037 0.490817100 0.065238029 0.868816793 -2.742960062
92559133 1.034566979 1.840516427 0.500000000 0.500000000 0.000000000 0.000000000 0.854998350 0.151723027 -0.495941490 -1.008850160 -0.165930837 0.986014187 0.015587430 0.986776045 0.491370350 0.068964750 0.868216038 -3.295340084
92625867 1.034566979 1.840516427 0.500000000 0.500000000 0.000000000 0.000000000 0.854909360 0.149740502 -0.496696621 -1.204829720 -0.165670559 0.986106515 0.012133734 1.094359799 0.491612643 0.071914829 0.867839336 -3.847869251
92692600 1.034566979 1.840516427 0.500000000 0.500000000 0.000000000 0.000000000 0.855488658 0.149070323 -0.495900422 -1.402770078 -0.166358024 0.986020446 0.009415176 1.220100060 0.490371495 0.074442416 0.868328393 -4.413090606
92759333 1.034566979 1.840516427 0.500000000 0.500000000 0.000000000 0.000000000 0.856990993 0.150078058 -0.492993891 -1.623489986 -0.167918086 0.985766947 0.008190207 1.331079957 0.487206221 0.075763680 0.869994164 -4.963999411
92826067 1.034566979 1.840516427 0.500000000 0.500000000 0.000000000 0.000000000 0.859774470 0.152204350 -0.487464637 -1.851799684 -0.170336440 0.985359430 0.007231418 1.428910132 0.481428534 0.076815575 0.873112857 -5.538690755
