https://www.youtube.com/watch?v=MgyixbPZt3g
27133333 0.878062176 1.561533340 0.500000000 0.500000000 0.000000000 0.000000000 0.999696076 0.011763127 0.021666387 -6.066420215 -0.012023198 0.999856770 0.011912589 -0.593347007 -0.021523153 -0.012169468 0.999694288 3.889659811
27200000 0.878062176 1.561533340 0.500000000 0.500000000 0.000000000 0.000000000 0.999875724 0.015514395 0.002790718 -5.792209708 -0.015542888 0.999824107 0.010495371 -0.564706036 -0.002627398 -0.010537443 0.999941051 3.452569873
27266667 0.878062176 1.561533340 0.500000000 0.500000000 0.000000000 0.000000000 0.999593675 0.021735761 -0.018439550 -5.525299822 -0.021588717 0.999733806 0.008136351 -0.481694038 0.018611491 -0.007734959 0.999796867 2.977700170
27333333 0.878062176 1.561533340 0.500000000 0.500000000 0.000000000 0.000000000 0.998784065 0.028877668 -0.039956447 -5.247590627 -0.028730698 0.999578178 0.004247728 -0.377112021 0.040062252 -0.003094585 0.999192417 2.546190003
27400000 0.878062176 1.561533340 0.500000000 0.500000000 0.000000000 0.000000000 0.997029722 0.035367716 -0.068416625 -4.998149687 -0.035319325 0.999374211 0.001917155 -0.267374998 0.068441615 0.000504969 0.997654974 2.140500168
27466667 0.878062176 1.561533340 0.500000000 0.500000000 0.000000000 0.000000000 0.994182169 0.041112326 -0.099557064 -4.757289839 -0.041259162 0.999148309 0.000584481 -0.184044015 0.099496298 0.003526563 0.995031655 1.796759887
27533333 0.878062176 1.561533340 0.500000000 0.500000000 0.000000000 0.000000000 0.989916384 0.047509190 -0.133448094 -4.519639935 -0.047839049 0.998854816 0.000735291 -0.122041998 0.133330196 0.005656155 0.991055548 1.485800085
27600000 0.878062176 1.561533340 0.500000000 0.500000000 0.000000000 0.000000000 0.982899129 0.058154996 -0.174720779 -4.296860536 -0.058041867 0.998297513 0.005761685 -0.060785022 0.174758390 0.004477957 0.984601200 1.150290114
27666667 0.878062176 1.561533340 0.500000000 0.500000000 0.000000000 0.000000000 0.973940253 0.067879446 -0.216408819 -4.024730284 -0.067781635 0.997669041 0.007883034 0.006153470 0.216439486 0.006990931 0.976271033 0.877655960
27733333 0.878062176 1.561533340 0.500000000 0.500000000 0.000000000 0.000000000 0.967194021 0.071084343 -0.243890703 -3.673059672 -0.070675232 0.997444749 0.010439271 0.020236312 0.244009584 0.007140240 0.969746530 0.679990963
27800000 0.878062176 1.561533340 0.500000000 0.500000000 0.000000000 0.000000000 0.959580719 0.074103862 -0.271502376 -3.283670237 -0.072996944 0.997231245 0.014188567 0.011699408 0.271802068 0.006203750 0.962333202 0.525273132
27866667 0.878062176 1.561533340 0.500000000 0.500000000 0.000000000 0.000000000 0.949872375 0.071469724 -0.304359317 -2.875630051 -0.070055068 0.997421443 0.015580461 -0.026971618 0.304688036 0.006522459 0.952429891 0.388626100
27933333 0.878062176 1.561533340 0.500000000 0.500000000 0.000000000 0.000000000 0.938823938 0.067674458 -0.337682843 -2.439459903 -0.066401601 0.997675180 0.015333071 -0.055810593 0.337935448 0.008027649 0.941134989 0.250464872
28000000 0.878062176 1.561533340 0.500000000 0.500000000 0.000000000 0.000000000 0.921144366 0.069790669 -0.382912874 -1.733359924 -0.068867333 0.997495294 0.016137099 -0.060405309 0.383080006 0.011505600 0.923643470 0.183093003
28066667 0.878062176 1.561533340 0.500000000 0.500000000 0.000000000 0.000000000 0.905136645 0.075199649 -0.418416917 -1.326410180 -0.073862895 0.997079372 0.019416062 -0.050674296 0.418654978 0.013331280 0.908047557 0.213010932
28133333 0.878062176 1.561533340 0.500000000 0.500000000 0.000000000 0.000000000 0.888457179 0.083815865 -0.451241493 -0.958900106 -0.081800796 0.996359468 0.024009811 -0.023704207 0.451611102 0.015580209 0.892078876 0.267460997
28200000 0.878062176 1.561533340 0.500000000 0.500000000 0.000000000 0.000000000 0.871309042 0.092475079 -0.481942564 -0.626937801 -0.090171896 0.995532513 0.027999934 -0.010920881 0.482378811 0.019061137 0.875755131 0.323583882
28266667 0.878062176 1.561533340 0.500000000 0.500000000 0.000000000 0.000000000 0.854244947 0.105220497 -0.509111345 -0.332753001 -0.102200523 0.994183004 0.033988927 -0.002816050 0.509726226 0.022996556 0.860029340 0.411236973
28333333 0.878062176 1.561533340 0.500000000 0.500000000 0.000000000 0.000000000 0.836938262 0.118327856 -0.534352839 -0.084305622 -0.114496604 0.992598951 0.040470488 -0.007289280 0.535186827 0.027310260 0.844292164 0.471411025
28400000 0.878062176 1.561533340 0.500000000 0.500000000 0.000000000 0.000000000 0.821449101 0.129260853 -0.555439711 0.147457053 -0.124932356 0.991103768 0.045883194 -0.018764531 0.556429267 0.031701624 0.830290139 0.517185080
28466667 0.878062176 1.561533340 0.500000000 0.500000000 0.000000000 0.000000000 0.807130754 0.139731318 -0.573598206 0.396407924 -0.133901805 0.989594877 0.052652054 -0.040233068 0.574986994 0.034308799 0.817442775 0.544946929
28533333 0.878062176 1.561533340 0.500000000 0.500000000 0.000000000 0.000000000 0.794037342 0.146021962 -0.590069652 0.661392963 -0.138605684 0.988639712 0.058137223 -0.073819784 0.591855645 0.035623901 0.805256367 0.563467030
28600000 0.878062176 1.561533340 0.500000000 0.500000000 0.000000000 0.000000000 0.780488014 0.149737984 -0.606973588 0.938685023 -0.141571373 0.988003731 0.061694503 -0.105407011 0.608930171 0.037778288 0.792323649 0.572182006
28666667 0.878062176 1.561533340 0.500000000 0.500000000 0.000000000 0.000000000 0.769789398 0.152623504 -0.619782567 1.233140074 -0.143490791 0.987517416 0.064959385 -0.140475014 0.621960402 0.038928039 0.782080531 0.556853050
28733333 0.878062176 1.561533340 0.500000000 0.500000000 0.000000000 0.000000000 0.760248065 0.152461231 -0.631489098 1.534450132 -0.142134458 0.987556040 0.067311659 -0.184165027 0.633893311 0.038582809 0.772457540 0.518829031
28800000 0.878062176 1.561533340 0.500000000 0.500000000 0.000000000 0.000000000 0.748815179 0.152204335 -0.645065427 1.823419497 -0.141302168 0.987559795 0.068987854 -0.232147985 0.647540927 0.039490059 0.761006534 0.482790888
28866667 0.878062176 1.561533340 0.500000000 0.500000000 0.000000000 0.000000000 0.738918126 0.152029097 -0.656419694 2.107819300 -0.140540898 0.987560332 0.070518419 -0.276841927 0.658974946 0.040146548 0.751092553 0.441253976
28933333 0.878062176 1.561533340 0.500000000 0.500000000 0.000000000 0.000000000 0.726294875 0.153609544 -0.670000315 2.380501462 -0.141490698 0.987246931 0.072965041 -0.309388122 0.672663927 0.041804560 0.738766670 0.396220365
29000000 0.878062176 1.561533340 0.500000000 0.500000000 0.000000000 0.000000000 0.713756740 0.155884370 -0.682825804 2.646329369 -0.143007919 0.986814857 0.075796992 -0.333485959 0.685638189 0.043548949 0.726638436 0.348605905
29066667 0.878062176 1.561533340 0.500000000 0.500000000 0.000000000 0.000000000 0.699584961 0.161226019 -0.696122766 2.903659661 -0.147794917 0.985794544 0.079785682 -0.340874989 0.699097514 0.047066577 0.713475466 0.304427779
29133333 0.878062176 1.561533340 0.500000000 0.500000000 0.000000000 0.000000000 0.688721418 0.165336773 -0.705922246 3.167218981 -0.151860192 0.984950483 0.082529135 -0.342057894 0.708943486 0.050361998 0.703464568 0.296144638
29200000 0.878062176 1.561533340 0.500000000 0.500000000 0.000000000 0.000000000 0.677605093 0.170175806 -0.715465724 3.434268730 -0.155440405 0.984021068 0.086837664 -0.358943995 0.718810976 0.052370712 0.693229914 0.357205709
29266667 0.878062176 1.561533340 0.500000000 0.500000000 0.000000000 0.000000000 0.667002141 0.174650386 -0.724296927 3.687152280 -0.159403846 0.983078957 0.090256378 -0.370232065 0.727804422 0.055254381 0.683555663 0.379126573
29333333 0.878062176 1.561533340 0.500000000 0.500000000 0.000000000 0.000000000 0.658688188 0.178769544 -0.730870426 3.909061058 -0.162446782 0.982243776 0.093851820 -0.382767070 0.734670818 0.056908414 0.676032901 0.362828395
29400000 0.878062176 1.561533340 0.500000000 0.500000000 0.000000000 0.000000000 0.647523999 0.184151232 -0.739459753 4.109458752 -0.166384816 0.981115460 0.098633431 -0.406490949 0.743658900 0.059167437 0.665935755 0.404255067
29466667 0.878062176 1.561533340 0.500000000 0.500000000 0.000000000 0.000000000 0.632888794 0.188344985 -0.750984669 4.322420302 -0.169576645 0.980129838 0.102904096 -0.419382090 0.755443931 0.062222615 0.652252078 0.467476073
29533333 0.878062176 1.561533340 0.500000000 0.500000000 0.000000000 0.000000000 0.624111176 0.192766413 -0.757182717 4.570126955 -0.172046348 0.979207814 0.107480414 -0.436460832 0.762157917 0.063190944 0.644299388 0.503172623
29600000 0.878062176 1.561533340 0.500000000 0.500000000 0.000000000 0.000000000 0.604412556 0.198676869 -0.771500826 4.794302751 -0.175290242 0.977837563 0.114486076 -0.461266167 0.777148247 0.066039614 0.625843406 0.632531463
29666667 0.878062176 1.561533340 0.500000000 0.500000000 0.000000000 0.000000000 0.577607691 0.201587260 -0.791032374 5.056861251 -0.177347809 0.976872504 0.119448453 -0.475834082 0.796817005 0.071293443 0.600000143 0.797013170
29733333 0.878062176 1.561533340 0.500000000 0.500000000 0.000000000 0.000000000 0.552340388 0.203793690 -0.808324575 5.311122212 -0.176953003 0.976222456 0.125209242 -0.487447159 0.814621449 0.073877245 0.575268984 0.993084169
