https://www.youtube.com/watch?v=ipYGjWGcdFU
1468133 0.987709821 1.772812507 0.500000000 0.500000000 0.000000000 0.000000000 0.998650134 0.016352190 -0.049300667 -0.761738062 -0.019909291 0.997166336 -0.072545968 0.318499992 0.047974680 0.073429577 0.996145844 5.517600194
1534867 0.987709821 1.772812507 0.500000000 0.500000000 0.000000000 0.000000000 0.998357713 0.018452382 -0.054234218 -0.754340005 -0.022480963 0.996957421 -0.074635640 0.301527967 0.052692000 0.075732306 0.995734990 5.442320020
1601600 0.987709821 1.772812507 0.500000000 0.500000000 0.000000000 0.000000000 0.998343408 0.016147809 -0.055223860 -0.739869023 -0.020396231 0.996802807 -0.077253982 0.286323938 0.053799815 0.078252360 0.995480895 5.373300463
1668333 0.987709821 1.772812507 0.500000000 0.500000000 0.000000000 0.000000000 0.998347342 0.013045790 -0.055968270 -0.731298975 -0.017503522 0.996648252 -0.079911843 0.273101049 0.054738164 0.080759421 0.995229423 5.301209408
1735067 0.987709821 1.772812507 0.500000000 0.500000000 0.000000000 0.000000000 0.998339653 0.006670271 -0.057214085 -0.726575080 -0.011419236 0.996477246 -0.083082788 0.249272019 0.056458350 0.083598189 0.994898915 5.220300782
1801800 0.987709821 1.772812507 0.500000000 0.500000000 0.000000000 0.000000000 0.998298883 0.000408614 -0.058302052 -0.722210952 -0.005461910 0.996233284 -0.086541407 0.218608039 0.058047086 0.086712636 0.994540811 5.131089697
1868533 0.987709821 1.772812507 0.500000000 0.500000000 0.000000000 0.000000000 0.998231590 -0.004000232 -0.059310313 -0.722163972 -0.001354168 0.995944142 -0.089963779 0.193180937 0.059429634 0.089884996 0.994177461 5.029220105
1935267 0.987709821 1.772812507 0.500000000 0.500000000 0.000000000 0.000000000 0.998176038 -0.003875045 -0.060245730 -0.723189990 -0.001686805 0.995757997 -0.091995567 0.174572973 0.060346656 0.091929391 0.993935227 4.918149697
2002000 0.987709821 1.772812507 0.500000000 0.500000000 0.000000000 0.000000000 0.998191297 -0.005167128 -0.059895001 -0.723923961 -0.000457229 0.995618045 -0.093511805 0.155999001 0.060115732 0.093370050 0.993814945 4.795449893
2068733 0.987709821 1.772812507 0.500000000 0.500000000 0.000000000 0.000000000 0.998233497 -0.008258674 -0.058836129 -0.724312070 0.002676734 0.995537698 -0.094326600 0.146939934 0.059352595 0.094002485 0.993801177 4.667160456
2135467 0.987709821 1.772812507 0.500000000 0.500000000 0.000000000 0.000000000 0.998135388 -0.011166656 -0.060008775 -0.724008059 0.005381538 0.995394230 -0.095714763 0.128557988 0.060801204 0.095213354 0.993598342 4.535230422
2202200 0.987709821 1.772812507 0.500000000 0.500000000 0.000000000 0.000000000 0.998138487 -0.009880730 -0.060182407 -0.715699042 0.003855385 0.995037854 -0.099422693 0.114558970 0.060866140 0.099005595 0.993223667 4.401620563
2268933 0.987709821 1.772812507 0.500000000 0.500000000 0.000000000 0.000000000 0.998109400 -0.014346654 -0.059764765 -0.711857060 0.008150090 0.994682729 -0.102663912 0.102726005 0.060919866 0.101982720 0.992919087 4.257610101
2335667 0.987709821 1.772812507 0.500000000 0.500000000 0.000000000 0.000000000 0.997980058 -0.020526623 -0.060120150 -0.695845961 0.014340041 0.994723618 -0.101583861 0.113122946 0.061888106 0.100516535 0.993008673 4.109349997
2402400 0.987709821 1.772812507 0.500000000 0.500000000 0.000000000 0.000000000 0.997975826 -0.022098050 -0.059631318 -0.672705012 0.016074013 0.994890332 -0.099673510 0.104104967 0.061529212 0.098513246 0.993231773 3.979010548
2469133 0.987709821 1.772812507 0.500000000 0.500000000 0.000000000 0.000000000 0.997874975 -0.023172544 -0.060897693 -0.649753958 0.016824843 0.994564474 -0.102754198 0.082951920 0.062947758 0.101511247 0.992840886 3.842349826
2535867 0.987709821 1.772812507 0.500000000 0.500000000 0.000000000 0.000000000 0.997722387 -0.027105249 -0.061768837 -0.616285977 0.020350803 0.994000256 -0.107467942 0.064448499 0.064311184 0.105966128 0.992287874 3.694099979
2602600 0.987709821 1.772812507 0.500000000 0.500000000 0.000000000 0.000000000 0.997623324 -0.028492134 -0.062736526 -0.575129949 0.021439839 0.993662059 -0.110345006 0.043080430 0.065482870 0.108737692 0.991911352 3.537100063
2669333 0.987709821 1.772812507 0.500000000 0.500000000 0.000000000 0.000000000 0.997398198 -0.026116580 -0.067191929 -0.532774974 0.018474478 0.993543088 -0.111941010 0.031379826 0.069681600 0.110408425 0.991440594 3.371169882
2736067 0.987709821 1.772812507 0.500000000 0.500000000 0.000000000 0.000000000 0.996786237 -0.024958255 -0.076120041 -0.512838044 0.016571930 0.993917048 -0.108877473 0.044591059 0.078374393 0.107266106 0.991136432 3.199520089
2802800 0.987709821 1.772812507 0.500000000 0.500000000 0.000000000 0.000000000 0.995921314 -0.027406782 -0.085962787 -0.492459002 0.018101506 0.994070947 -0.107216269 0.032925609 0.088391557 0.105222911 0.990512550 3.031899964
2869533 0.987709821 1.772812507 0.500000000 0.500000000 0.000000000 0.000000000 0.995103359 -0.026554190 -0.095205717 -0.466706952 0.015755523 0.993534565 -0.112431601 0.007266899 0.097575702 0.110381052 0.989087999 2.865669990
2936267 0.987709821 1.772812507 0.500000000 0.500000000 0.000000000 0.000000000 0.993952572 -0.019875046 -0.107996739 -0.444275009 0.006626238 0.992547572 -0.121677272 -0.014849499 0.109610252 0.120225824 0.986676931 2.684400076
3003000 0.987709821 1.772812507 0.500000000 0.500000000 0.000000000 0.000000000 0.992738068 -0.013922568 -0.119487792 -0.423494004 -0.001800433 0.991449177 -0.130481020 -0.038565732 0.120282710 0.129748598 0.984224260 2.497500087
3069733 0.987709821 1.772812507 0.500000000 0.500000000 0.000000000 0.000000000 0.992102265 -0.019153763 -0.123960808 -0.386249987 0.001221667 0.989700854 -0.143146008 -0.079587071 0.125425905 0.141864032 0.981907845 2.312080153
3136467 0.987709821 1.772812507 0.500000000 0.500000000 0.000000000 0.000000000 0.991707087 -0.019134067 -0.127086312 -0.341410019 -0.000826628 0.987884879 -0.155186251 -0.101408026 0.128515989 0.154004350 0.979676664 2.117880212
3203200 0.987709821 1.772812507 0.500000000 0.500000000 0.000000000 0.000000000 0.991567612 -0.021420181 -0.127807617 -0.293170977 0.000693918 0.987108231 -0.160052747 -0.114353009 0.129588306 0.158614427 0.978799403 1.920939953
3269933 0.987709821 1.772812507 0.500000000 0.500000000 0.000000000 0.000000000 0.991961837 -0.023356149 -0.124363296 -0.238734018 0.003133301 0.987050116 -0.160381377 -0.115111044 0.126498699 0.158702523 0.979189217 1.723379994
3336667 0.987709821 1.772812507 0.500000000 0.500000000 0.000000000 0.000000000 0.992872298 -0.023952238 -0.116751231 -0.184400023 0.005262667 0.987452686 -0.157827377 -0.109709982 0.119066633 0.156088024 0.980540514 1.523850102
3403400 0.987709821 1.772812507 0.500000000 0.500000000 0.000000000 0.000000000 0.993760407 -0.022944611 -0.109150417 -0.145627020 0.005709847 0.987794220 -0.155659810 -0.101082007 0.111389704 0.154065326 0.981761813 1.321540134
3470133 0.987709821 1.772812507 0.500000000 0.500000000 0.000000000 0.000000000 0.993789792 -0.024662126 -0.108506382 -0.121487011 0.006998164 0.987051725 -0.160249561 -0.094803626 0.111053512 0.158495039 0.981094539 1.124590215
3536867 0.987709821 1.772812507 0.500000000 0.500000000 0.000000000 0.000000000 0.993610561 -0.035042483 -0.107285053 -0.081610700 0.017027751 0.986240983 -0.164434597 -0.079188000 0.111571118 0.161557123 0.980536163 0.926921004
3603600 0.987709821 1.772812507 0.500000000 0.500000000 0.000000000 0.000000000 0.993829250 -0.033582874 -0.105714671 -0.032268597 0.015608037 0.985922873 -0.166470721 -0.067494292 0.109817080 0.163793489 0.980363131 0.732720032
3670333 0.987709821 1.772812507 0.500000000 0.500000000 0.000000000 0.000000000 0.993517220 -0.033715699 -0.108566694 0.008388059 0.014994018 0.985528529 -0.168845236 -0.053560001 0.112688310 0.166122794 0.979645133 0.537428021
3737067 0.987709821 1.772812507 0.500000000 0.500000000 0.000000000 0.000000000 0.992970169 -0.037190214 -0.112370737 0.061225096 0.017909240 0.985632956 -0.167949140 -0.039315807 0.117002361 0.164756000 0.979370177 0.337494011
3803800 0.987709821 1.772812507 0.500000000 0.500000000 0.000000000 0.000000000 0.992231965 -0.035211436 -0.119314194 0.115220005 0.015202330 0.986238301 -0.164629564 -0.032791499 0.123469070 0.161536857 0.979112506 0.137976019
3870533 0.987709821 1.772812507 0.500000000 0.500000000 0.000000000 0.000000000 0.990732431 -0.032525018 -0.131876498 0.170167999 0.011272932 0.987246692 -0.158798084 -0.022107502 0.135359555 0.155839756 0.978463948 -0.058117298
3937267 0.987709821 1.772812507 0.500000000 0.500000000 0.000000000 0.000000000 0.988232315 -0.029764155 -0.150036603 0.236540020 0.007185521 0.988835752 -0.148836359 -0.019218003 0.152791530 0.146006808 0.977413297 -0.240975015
4004000 0.987709821 1.772812507 0.500000000 0.500000000 0.000000000 0.000000000 0.986320019 -0.022912245 -0.163241565 0.309132004 -0.001018067 0.989427447 -0.145025313 -0.012962106 0.164838523 0.143207580 0.975868762 -0.425482005
4070733 0.987709821 1.772812507 0.500000000 0.500000000 0.000000000 0.000000000 0.984407783 -0.015945449 -0.175177336 0.372547034 -0.009611852 0.989518702 -0.144084439 -0.003800510 0.175638735 0.143521622 0.973936677 -0.607627021
4137467 0.987709821 1.772812507 0.500000000 0.500000000 0.000000000 0.000000000 0.983447373 -0.015829295 -0.180501059 0.431942955 -0.012121561 0.988197505 -0.152704746 0.006131787 0.180787906 0.152365029 0.971648395 -0.785958952
4204200 0.987709821 1.772812507 0.500000000 0.500000000 0.000000000 0.000000000 0.982022226 -0.013909694 -0.188252166 0.487599993 -0.017683655 0.986116588 -0.165109992 0.033796615 0.187935218 0.165470660 0.968142450 -0.972235046
4270933 0.987709821 1.772812507 0.500000000 0.500000000 0.000000000 0.000000000 0.980191469 -0.016274173 -0.197382420 0.541814028 -0.016997673 0.986028433 -0.165707588 0.047813299 0.197321445 0.165780216 0.966220021 -1.150469964
4337667 0.987709821 1.772812507 0.500000000 0.500000000 0.000000000 0.000000000 0.979548991 -0.020661112 -0.200142190 0.590861010 -0.012441332 0.986590683 -0.162739083 0.049543688 0.200820789 0.161900952 0.966156840 -1.334689981
4404400 0.987709821 1.772812507 0.500000000 0.500000000 0.000000000 0.000000000 0.980262339 -0.025025757 -0.196110904 0.623475050 -0.006225115 0.987556934 -0.157138824 0.044986711 0.197603196 0.155258089 0.967909098 -1.525380162
4471133 0.987709821 1.772812507 0.500000000 0.500000000 0.000000000 0.000000000 0.981390834 -0.030851949 -0.189526170 0.639058991 0.001493008 0.988204360 -0.153133437 0.043238888 0.192015052 0.150000796 0.969860792 -1.710490055
4537867 0.987709821 1.772812507 0.500000000 0.500000000 0.000000000 0.000000000 0.981807590 -0.030396672 -0.187429711 0.657589047 0.001034254 0.987944722 -0.154803634 0.055346803 0.189875707 0.151793540 0.970003068 -1.889360022
4604600 0.987709821 1.772812507 0.500000000 0.500000000 0.000000000 0.000000000 0.981617153 -0.036878906 -0.187263697 0.681909980 0.006636426 0.987156391 -0.159618795 0.078521578 0.190745115 0.155441791 0.969254434 -2.064060018
4671333 0.987709821 1.772812507 0.500000000 0.500000000 0.000000000 0.000000000 0.981818557 -0.038284950 -0.185920849 0.708325926 0.007651990 0.986636043 -0.162759885 0.106674996 0.189667478 0.158378020 0.968990564 -2.231840013
4738067 0.987709821 1.772812507 0.500000000 0.500000000 0.000000000 0.000000000 0.981265426 -0.034975700 -0.189459383 0.743590991 0.003386330 0.986362696 -0.164551511 0.126437962 0.192630976 0.160827145 0.968002021 -2.390509999
4804800 0.987709821 1.772812507 0.500000000 0.500000000 0.000000000 0.000000000 0.980481744 -0.038752407 -0.192753211 0.781314000 0.006318687 0.986087263 -0.166108206 0.144601985 0.196508572 0.161648110 0.967085421 -2.546629505
4871533 0.987709821 1.772812507 0.500000000 0.500000000 0.000000000 0.000000000 0.979344070 -0.037282243 -0.198733971 0.830753890 0.003728174 0.986016929 -0.166603282 0.152709943 0.202166423 0.162421033 0.965788841 -2.700209815
4938267 0.987709821 1.772812507 0.500000000 0.500000000 0.000000000 0.000000000 0.977563202 -0.038140286 -0.207160681 0.891992986 0.003368981 0.986176014 -0.165666878 0.155764964 0.210615486 0.161251932 0.964177847 -2.852869769
5005000 0.987709821 1.772812507 0.500000000 0.500000000 0.000000000 0.000000000 0.974527121 -0.038855020 -0.220878303 0.975265062 0.002753176 0.986876130 -0.161455825 0.150176016 0.224252880 0.156734958 0.961844504 -2.998909851
5071733 0.987709821 1.772812507 0.500000000 0.500000000 0.000000000 0.000000000 0.970136464 -0.038129352 -0.239544109 1.079929868 0.001203053 0.988311708 -0.152441770 0.129483980 0.242556766 0.147601128 0.958843112 -3.128259821
5138467 0.987709821 1.772812507 0.500000000 0.500000000 0.000000000 0.000000000 0.965641320 -0.034797624 -0.257538259 1.182540093 -0.003840651 0.988975823 -0.148027286 0.125657921 0.259850085 0.143930390 0.954862237 -3.249889637
5205200 0.987709821 1.772812507 0.500000000 0.500000000 0.000000000 0.000000000 0.961090147 -0.029252946 -0.274681419 1.281829810 -0.011080544 0.989493966 -0.144148737 0.118971939 0.276012391 0.141583562 0.950668812 -3.374159998
5271933 0.987709821 1.772812507 0.500000000 0.500000000 0.000000000 0.000000000 0.958964169 -0.032154374 -0.281698048 1.345849936 -0.009925502 0.989132285 -0.146693021 0.133527921 0.283353448 0.143469363 0.948223293 -3.502510178
5338667 0.987709821 1.772812507 0.500000000 0.500000000 0.000000000 0.000000000 0.958474100 -0.033974007 -0.283148587 1.390879928 -0.010334415 0.988088429 -0.153539717 0.167548953 0.284992218 0.150090009 0.946706057 -3.653729606
5405400 0.987709821 1.772812507 0.500000000 0.500000000 0.000000000 0.000000000 0.957497060 -0.032172166 -0.286643356 1.432460093 -0.013624618 0.987606466 -0.156358093 0.182715029 0.288121194 0.153617829 0.945191979 -3.803580629
5472133 0.987709821 1.772812507 0.500000000 0.500000000 0.000000000 0.000000000 0.957206190 -0.032152787 -0.287615210 1.461839941 -0.014456860 0.987256348 -0.158479899 0.188967985 0.289045542 0.155855954 0.944543064 -3.958570085
5538867 0.987709821 1.772812507 0.500000000 0.500000000 0.000000000 0.000000000 0.958306611 -0.035797916 -0.283490658 1.468360053 -0.010918397 0.986809313 -0.161518261 0.197531112 0.285533249 0.157879278 0.945275068 -4.126530533
5605600 0.987709821 1.772812507 0.500000000 0.500000000 0.000000000 0.000000000 0.959891081 -0.037632134 -0.277836263 1.465029944 -0.008331358 0.986685276 -0.162427694 0.199519065 0.280249476 0.158227652 0.946796894 -4.305290703
5672333 0.987709821 1.772812507 0.500000000 0.500000000 0.000000000 0.000000000 0.962334335 -0.043482050 -0.268369138 1.432860134 -0.000226688 0.986998439 -0.160729691 0.194914103 0.271868765 0.154736534 0.949812651 -4.483170540
5739067 0.987709821 1.772812507 0.500000000 0.500000000 0.000000000 0.000000000 0.963300884 -0.044041313 -0.264786243 1.420200056 0.001554629 0.987346947 -0.158567339 0.192248894 0.268419385 0.152336419 0.951180637 -4.652419887
5805800 0.987709821 1.772812507 0.500000000 0.500000000 0.000000000 0.000000000 0.962888420 -0.046191052 -0.265917808 1.430020089 0.004163040 0.987671018 -0.156488329 0.186695103 0.269867688 0.149573773 0.951209307 -4.806160364
5872533 0.987709821 1.772812507 0.500000000 0.500000000 0.000000000 0.000000000 0.963672459 -0.048238792 -0.262694508 1.426350046 0.006313920 0.987394273 -0.158153743 0.199560965 0.267012209 0.150749773 0.951829255 -4.956149878
5939267 0.987709821 1.772812507 0.500000000 0.500000000 0.000000000 0.000000000 0.963729441 -0.039861329 -0.263887465 1.435439741 -0.003422908 0.986855447 -0.161569327 0.226042862 0.266859174 0.156612396 0.950925231 -5.095729743
6006000 0.987709821 1.772812507 0.500000000 0.500000000 0.000000000 0.000000000 0.962569058 -0.035810594 -0.268660367 1.472380036 -0.010150484 0.985774815 -0.167764723 0.266050094 0.270846367 0.164212167 0.948512852 -5.229900016
6072733 0.987709821 1.772812507 0.500000000 0.500000000 0.000000000 0.000000000 0.961950004 -0.034549069 -0.271032423 1.500880038 -0.013298713 0.984876931 -0.172744244 0.297439201 0.272901744 0.169775695 0.946942925 -5.366371121
6139467 0.987709821 1.772812507 0.500000000 0.500000000 0.000000000 0.000000000 0.959598780 -0.035613272 -0.279108971 1.564149991 -0.014503580 0.984378397 -0.175467387 0.313847060 0.280997783 0.172426358 0.944091797 -5.493959417
6206200 0.987709821 1.772812507 0.500000000 0.500000000 0.000000000 0.000000000 0.955944061 -0.038126629 -0.291062474 1.653720018 -0.014693856 0.984071612 -0.177164242 0.324012041 0.293181002 0.173635945 0.940157175 -5.616720297
6272933 0.987709821 1.772812507 0.500000000 0.500000000 0.000000000 0.000000000 0.951235712 -0.040721998 -0.305765182 1.758480084 -0.014539134 0.984227061 -0.176311255 0.321657921 0.308122128 0.172159135 0.935639918 -5.734490448
6339667 0.987709821 1.772812507 0.500000000 0.500000000 0.000000000 0.000000000 0.943817794 -0.048337758 -0.326911837 1.903489900 -0.006964503 0.986115336 -0.165915594 0.261823950 0.330392748 0.158870861 0.930376530 -5.845338762
