https://www.youtube.com/watch?v=UGGY1quKq1M
176720000 0.714312757 1.287942688 0.500000000 0.500000000 0.000000000 0.000000000 0.984405875 0.034382507 0.172519341 -1.045280017 -0.032149196 0.999359369 -0.015723582 0.232980975 -0.172949448 0.009932029 0.984880626 5.097080427
176800000 0.714312757 1.287942688 0.500000000 0.500000000 0.000000000 0.000000000 0.982098818 0.037590187 0.184577718 -0.930762067 -0.035027299 0.999239564 -0.017127387 0.219124018 -0.185081169 0.010355532 0.982668698 4.873740333
176880000 0.714312757 1.287942688 0.500000000 0.500000000 0.000000000 0.000000000 0.979674757 0.040674578 0.196425557 -0.822396074 -0.037779193 0.999115467 -0.018466437 0.205173020 -0.197002918 0.010670306 0.980344832 4.630640111
176960000 0.714312757 1.287942688 0.500000000 0.500000000 0.000000000 0.000000000 0.977085710 0.043769628 0.208297133 -0.722172931 -0.040413216 0.998975933 -0.020344162 0.189991016 -0.208974272 0.011460038 0.977854013 4.334980198
177040000 0.714312757 1.287942688 0.500000000 0.500000000 0.000000000 0.000000000 0.974236131 0.046904281 0.220599204 -0.632069963 -0.043216862 0.998834014 -0.021514878 0.184203017 -0.221351117 0.011426974 0.975127220 3.996580029
177120000 0.714312757 1.287942688 0.500000000 0.500000000 0.000000000 0.000000000 0.971055210 0.050426763 0.233471274 -0.539202021 -0.046495099 0.998669207 -0.022316849 0.183654975 -0.234285951 0.010815615 0.972107530 3.616599879
177200000 0.714312757 1.287942688 0.500000000 0.500000000 0.000000000 0.000000000 0.967481375 0.053921584 0.247128084 -0.456214034 -0.049874675 0.998499513 -0.022611171 0.178755013 -0.247976497 0.009550456 0.968719006 3.233270128
177280000 0.714312757 1.287942688 0.500000000 0.500000000 0.000000000 0.000000000 0.963470876 0.057465784 0.261575282 -0.386855025 -0.053054184 0.998305559 -0.023902299 0.171634065 -0.262505591 0.009151520 0.964887083 2.833839787
177360000 0.714312757 1.287942688 0.500000000 0.500000000 0.000000000 0.000000000 0.959076583 0.060979351 0.276502401 -0.321659927 -0.056579396 0.998112679 -0.023870628 0.163741983 -0.277436167 0.007249421 0.960716724 2.445620160
177440000 0.714312757 1.287942688 0.500000000 0.500000000 0.000000000 0.000000000 0.954232931 0.064579412 0.292008728 -0.267574025 -0.059911322 0.997892857 -0.024910152 0.151171035 -0.293002099 0.006275477 0.956091225 2.077390077
177520000 0.714312757 1.287942688 0.500000000 0.500000000 0.000000000 0.000000000 0.948900938 0.068134248 0.308131039 -0.220158051 -0.063201651 0.997662783 -0.025972396 0.130299011 -0.309180498 0.005170835 0.950989306 1.732579918
177600000 0.714312757 1.287942688 0.500000000 0.500000000 0.000000000 0.000000000 0.943384230 0.071374156 0.323932081 -0.186137969 -0.066101916 0.997440279 -0.027264843 0.103418989 -0.325048894 0.004308695 0.945687413 1.377470108
177680000 0.714312757 1.287942688 0.500000000 0.500000000 0.000000000 0.000000000 0.937636495 0.075294785 0.339365005 -0.151117992 -0.069577120 0.997154891 -0.029002737 0.071475299 -0.340583205 0.003581992 0.940207601 1.042210078
177760000 0.714312757 1.287942688 0.500000000 0.500000000 0.000000000 0.000000000 0.931614995 0.079032272 0.354749799 -0.135819002 -0.072669595 0.996866524 -0.031246074 0.036176913 -0.356107652 0.003329805 0.934439063 0.690242034
177840000 0.714312757 1.287942688 0.500000000 0.500000000 0.000000000 0.000000000 0.925350428 0.082866505 0.369945705 -0.127500013 -0.075735837 0.996555388 -0.033785716 -0.006320686 -0.371471107 0.003245490 0.928438902 0.317245064
177920000 0.714312757 1.287942688 0.500000000 0.500000000 0.000000000 0.000000000 0.918827593 0.087637700 0.384805679 -0.133457991 -0.079651333 0.996147752 -0.036678892 -0.041281800 -0.386537790 0.003051277 0.922268510 -0.090991791
178000000 0.714312757 1.287942688 0.500000000 0.500000000 0.000000000 0.000000000 0.912136555 0.091449812 0.399554610 -0.157810033 -0.082974240 0.995807767 -0.038499348 -0.075933713 -0.401400328 0.001963941 0.915900648 -0.531767047
178080000 0.714312757 1.287942688 0.500000000 0.500000000 0.000000000 0.000000000 0.905155420 0.095341794 0.414250612 -0.204587016 -0.086471297 0.995444477 -0.040162884 -0.098780488 -0.416192651 0.000532849 0.909276247 -0.987021928
178160000 0.714312757 1.287942688 0.500000000 0.500000000 0.000000000 0.000000000 0.897953689 0.099054500 0.428797722 -0.272139068 -0.090024352 0.995080948 -0.041347109 -0.111595031 -0.430784047 -0.001474423 0.902453899 -1.449440117
178240000 0.714312757 1.287942688 0.500000000 0.500000000 0.000000000 0.000000000 0.890057623 0.103830099 0.443865508 -0.347770946 -0.094478026 0.994588971 -0.043205373 -0.104474955 -0.445949763 -0.003480289 0.895051181 -1.894879900
178320000 0.714312757 1.287942688 0.500000000 0.500000000 0.000000000 0.000000000 0.881816506 0.107346386 0.459212542 -0.428735874 -0.097933680 0.994204342 -0.044347018 -0.105851871 -0.461311638 -0.005866498 0.887218654 -2.328349627
178400000 0.714312757 1.287942688 0.500000000 0.500000000 0.000000000 0.000000000 0.872936010 0.111702755 0.474873722 -0.529069945 -0.102076054 0.993707597 -0.046104912 -0.106227911 -0.477035701 -0.008226633 0.878845334 -2.763939798
178480000 0.714312757 1.287942688 0.500000000 0.500000000 0.000000000 0.000000000 0.863940358 0.115468889 0.490177810 -0.640620194 -0.105622470 0.993255973 -0.047816649 -0.113691152 -0.492393374 -0.010463009 0.870310009 -3.193940622
178560000 0.714312757 1.287942688 0.500000000 0.500000000 0.000000000 0.000000000 0.854712784 0.118968673 0.505284607 -0.782787979 -0.108695172 0.992822111 -0.049895793 -0.123919022 -0.507593811 -0.012275420 0.861509085 -3.637770046
178640000 0.714312757 1.287942688 0.500000000 0.500000000 0.000000000 0.000000000 0.845160127 0.122910008 0.520189703 -0.971041825 -0.112167701 0.992316067 -0.052223068 -0.134575811 -0.522611320 -0.014211673 0.852452457 -4.112188685
178720000 0.714312757 1.287942688 0.500000000 0.500000000 0.000000000 0.000000000 0.835000217 0.126986399 0.535396099 -1.187299921 -0.116006672 0.991762757 -0.054305181 -0.144857920 -0.537881970 -0.016764699 0.842853427 -4.598729973
178800000 0.714312757 1.287942688 0.500000000 0.500000000 0.000000000 0.000000000 0.824448228 0.131235391 0.550511181 -1.430000607 -0.120112054 0.991156995 -0.056399785 -0.152607152 -0.553044617 -0.019624280 0.832920611 -5.082641171
178880000 0.714312757 1.287942688 0.500000000 0.500000000 0.000000000 0.000000000 0.813373804 0.135422528 0.565759540 -1.706050368 -0.123781539 0.990545332 -0.059144363 -0.150424043 -0.568419933 -0.021924099 0.822446465 -5.573550792
