https://www.youtube.com/watch?v=QLW-qc_HOyU
61933333 0.745580111 1.336902220 0.500000000 0.500000000 0.000000000 0.000000000 0.989407301 -0.069074616 0.127679065 1.646730111 0.064346209 0.997093260 0.040799402 -4.101729651 -0.130126134 -0.032151565 0.990976036 4.247660536
62000000 0.745580111 1.336902220 0.500000000 0.500000000 0.000000000 0.000000000 0.986843050 -0.092088096 0.132892936 1.522829994 0.085509636 0.994851112 0.054399841 -3.774439954 -0.137218267 -0.042320482 0.989636362 4.029260064
62066667 0.745580111 1.336902220 0.500000000 0.500000000 0.000000000 0.000000000 0.986643851 -0.111096978 0.119127586 1.302570048 0.103685513 0.992369533 0.066723362 -3.467870010 -0.125631347 -0.053480398 0.990634441 3.868940198
62133333 0.745580111 1.336902220 0.500000000 0.500000000 0.000000000 0.000000000 0.988213599 -0.109654546 0.106816605 1.021580044 0.102835521 0.992412508 0.067396626 -3.248620201 -0.113396481 -0.055617709 0.991991878 3.691729966
62200000 0.745580111 1.336902220 0.500000000 0.500000000 0.000000000 0.000000000 0.990376413 -0.103126504 0.092301264 0.741971062 0.097205065 0.993039489 0.066511340 -3.041899930 -0.098517880 -0.056899104 0.993507266 3.519409790
62266667 0.745580111 1.336902220 0.500000000 0.500000000 0.000000000 0.000000000 0.992392123 -0.092438370 0.081320249 0.478137939 0.087313950 0.994092584 0.064468876 -2.832040186 -0.086799257 -0.056878015 0.994600832 3.355609924
62333333 0.745580111 1.336902220 0.500000000 0.500000000 0.000000000 0.000000000 0.993618488 -0.085954092 0.073035359 0.274340988 0.081206940 0.994532228 0.065658458 -2.604439830 -0.078279629 -0.059308473 0.995165706 3.215039855
62400000 0.745580111 1.336902220 0.500000000 0.500000000 0.000000000 0.000000000 0.993807197 -0.080140054 0.076972760 0.132236004 0.075152338 0.995008767 0.065648288 -2.374449981 -0.081849627 -0.059457064 0.994869590 3.053380100
62466667 0.745580111 1.336902220 0.500000000 0.500000000 0.000000000 0.000000000 0.994245112 -0.078206867 0.073214181 0.002503004 0.073258504 0.994992256 0.067996703 -2.138399919 -0.078165360 -0.062241830 0.994995534 2.871499984
62533333 0.745580111 1.336902220 0.500000000 0.500000000 0.000000000 0.000000000 0.994367063 -0.077181943 0.072643556 -0.109820987 0.071640618 0.994529068 0.076023422 -1.884009821 -0.078113757 -0.070390962 0.994456291 2.679639887
62600000 0.745580111 1.336902220 0.500000000 0.500000000 0.000000000 0.000000000 0.994400144 -0.077213861 0.072155081 -0.211364987 0.070846252 0.993686736 0.086991236 -1.621289920 -0.078416474 -0.081392184 0.993592560 2.464139965
62666667 0.745580111 1.336902220 0.500000000 0.500000000 0.000000000 0.000000000 0.994000554 -0.075861044 0.078791022 -0.294923032 0.067418434 0.992207348 0.104782507 -1.378129917 -0.086125940 -0.098841906 0.991369069 2.206900083
62733333 0.745580111 1.336902220 0.500000000 0.500000000 0.000000000 0.000000000 0.992584467 -0.084594935 0.087291308 -0.366124042 0.073897675 0.990111411 0.119241215 -1.153919959 -0.096515335 -0.111906342 0.989020586 1.892830021
62800000 0.745580111 1.336902220 0.500000000 0.500000000 0.000000000 0.000000000 0.990934789 -0.098745070 0.091091610 -0.449168076 0.085885383 0.987026334 0.135656521 -0.925248934 -0.103305243 -0.126603320 0.986559510 1.521499947
62866667 0.745580111 1.336902220 0.500000000 0.500000000 0.000000000 0.000000000 0.988449097 -0.114278980 0.099542283 -0.550318010 0.098194413 0.983223379 0.153719470 -0.696466036 -0.115439199 -0.142169371 0.983087838 1.116060076
62933333 0.745580111 1.336902220 0.500000000 0.500000000 0.000000000 0.000000000 0.985098600 -0.124561042 0.118596956 -0.654544985 0.104509205 0.981169939 0.162429631 -0.452059012 -0.136596188 -0.147614717 0.979566932 0.689841939
63000000 0.745580111 1.336902220 0.500000000 0.500000000 0.000000000 0.000000000 0.982011914 -0.142162889 0.124267310 -0.785609023 0.120189726 0.978209972 0.169291705 -0.229607022 -0.145626515 -0.151310802 0.977700353 0.283850038
63066667 0.745580111 1.336902220 0.500000000 0.500000000 0.000000000 0.000000000 0.978711665 -0.149870351 0.140222698 -0.884550004 0.125613734 0.977710843 0.168234184 -0.017573321 -0.162310570 -0.147038862 0.975722730 -0.082480993
63133333 0.745580111 1.336902220 0.500000000 0.500000000 0.000000000 0.000000000 0.977348149 -0.155563608 0.143494278 -0.966657048 0.129315659 0.975683570 0.176971734 0.182648999 -0.167535365 -0.154406935 0.973699331 -0.405724966
63200000 0.745580111 1.336902220 0.500000000 0.500000000 0.000000000 0.000000000 0.973204553 -0.161568344 0.163611099 -1.007439948 0.131339461 0.974632859 0.181220144 0.368559013 -0.188740209 -0.154875666 0.969737411 -0.675634967
63266667 0.745580111 1.336902220 0.500000000 0.500000000 0.000000000 0.000000000 0.972308457 -0.163462818 0.167021513 -1.009499996 0.131330550 0.973336816 0.188063070 0.530358002 -0.193309516 -0.160920277 0.967851281 -0.947964025
63333333 0.745580111 1.336902220 0.500000000 0.500000000 0.000000000 0.000000000 0.970665336 -0.161855608 0.177796662 -1.003660072 0.126406133 0.972569883 0.195267335 0.678433077 -0.204524755 -0.167064682 0.964499414 -1.204190187
63400000 0.745580111 1.336902220 0.500000000 0.500000000 0.000000000 0.000000000 0.967214763 -0.163021922 0.194729015 -0.995272924 0.124811471 0.972916722 0.194563806 0.798048953 -0.221173301 -0.163880557 0.961366475 -1.441589899
63466667 0.745580111 1.336902220 0.500000000 0.500000000 0.000000000 0.000000000 0.964292884 -0.162271470 0.209301487 -0.970710919 0.121954419 0.973597765 0.192962408 0.893258017 -0.235087767 -0.160547018 0.958623171 -1.697149926
63533333 0.745580111 1.336902220 0.500000000 0.500000000 0.000000000 0.000000000 0.961293042 -0.168266892 0.218178764 -0.938942092 0.128467649 0.974240661 0.185340807 0.976151054 -0.243745342 -0.150137946 0.958147645 -1.967070233
63600000 0.745580111 1.336902220 0.500000000 0.500000000 0.000000000 0.000000000 0.959764779 -0.171512663 0.222339883 -0.872004025 0.132086992 0.974473536 0.181533530 1.062670066 -0.247799620 -0.144861296 0.957919955 -2.266510302
63666667 0.745580111 1.336902220 0.500000000 0.500000000 0.000000000 0.000000000 0.957913876 -0.177163467 0.225863233 -0.790987167 0.138033375 0.974171579 0.178707927 1.156519968 -0.251690030 -0.140010148 0.957626939 -2.582150115
63733333 0.745580111 1.336902220 0.500000000 0.500000000 0.000000000 0.000000000 0.956337452 -0.179509014 0.230640799 -0.679990845 0.138481259 0.973256707 0.183287308 1.256189691 -0.257374465 -0.143345043 0.955620468 -2.937179714
63800000 0.745580111 1.336902220 0.500000000 0.500000000 0.000000000 0.000000000 0.956090391 -0.174352199 0.235568583 -0.537451085 0.131739527 0.973683417 0.185971156 1.377310067 -0.261793703 -0.146771565 0.953898430 -3.342070384
63866667 0.745580111 1.336902220 0.500000000 0.500000000 0.000000000 0.000000000 0.956736386 -0.171056077 0.235362023 -0.389029036 0.128718719 0.974298298 0.184862942 1.504269747 -0.260934770 -0.146569550 0.954164743 -3.732519797
63933333 0.745580111 1.336902220 0.500000000 0.500000000 0.000000000 0.000000000 0.956306219 -0.168656439 0.238816842 -0.234264023 0.127869576 0.975846410 0.177124694 1.685650182 -0.262921751 -0.138848081 0.954774022 -4.159020269
64000000 0.745580111 1.336902220 0.500000000 0.500000000 0.000000000 0.000000000 0.954879403 -0.162834674 0.248375058 -0.073002093 0.120867223 0.976972580 0.175828382 1.873409581 -0.271286607 -0.137874469 0.952572405 -4.595909928
64066667 0.745580111 1.336902220 0.500000000 0.500000000 0.000000000 0.000000000 0.955715775 -0.162146345 0.245592847 0.116365065 0.119881563 0.976647615 0.178291410 2.037019603 -0.268766999 -0.140953809 0.952835917 -5.032370067
64133333 0.745580111 1.336902220 0.500000000 0.500000000 0.000000000 0.000000000 0.958756745 -0.160798654 0.234370098 0.361441108 0.118996903 0.975925624 0.182781219 2.185960234 -0.258118749 -0.147353441 0.954809785 -5.457780160
64200000 0.745580111 1.336902220 0.500000000 0.500000000 0.000000000 0.000000000 0.958353281 -0.161357433 0.235632986 0.527206053 0.119710326 0.976073802 0.181519717 2.334640117 -0.259284705 -0.145752341 0.954739630 -5.840010711
64266667 0.745580111 1.336902220 0.500000000 0.500000000 0.000000000 0.000000000 0.956169546 -0.159343511 0.245661020 0.640868033 0.116937995 0.976959586 0.178536981 2.457719966 -0.268449605 -0.141984493 0.952772319 -6.193159014
