https://www.youtube.com/watch?v=kqVKy_yRp-w
17851167 1.019822787 1.814135552 0.500000000 0.500000000 0.000000000 0.000000000 0.895016491 -0.159794003 0.416427046 -3.997460065 0.087002039 0.978234410 0.188382998 -0.565757430 -0.437465698 -0.132375941 0.889438331 4.034680267
17917900 1.019822787 1.814135552 0.500000000 0.500000000 0.000000000 0.000000000 0.895186245 -0.158369705 0.416605800 -3.882069352 0.086466253 0.978690803 0.186246812 -0.555538489 -0.437224120 -0.130703181 0.889804184 3.980128977
17984633 1.019822787 1.814135552 0.500000000 0.500000000 0.000000000 0.000000000 0.895715058 -0.155550286 0.416531473 -3.756399307 0.084318042 0.979233801 0.184368029 -0.539936434 -0.436560243 -0.130020037 0.890230179 3.922219392
18051367 1.019822787 1.814135552 0.500000000 0.500000000 0.000000000 0.000000000 0.895954430 -0.151923865 0.417354763 -3.620260896 0.081569307 0.979979932 0.181620136 -0.521732527 -0.436591685 -0.128680065 0.890409648 3.865370657
18118100 1.019822787 1.814135552 0.500000000 0.500000000 0.000000000 0.000000000 0.895768881 -0.148274392 0.419061720 -3.478709582 0.079272605 0.980901599 0.177617341 -0.514348880 -0.437394440 -0.125883967 0.890415251 3.809539935
18184833 1.019822787 1.814135552 0.500000000 0.500000000 0.000000000 0.000000000 0.894463480 -0.145969614 0.422644138 -3.330700317 0.078630671 0.981833041 0.172687992 -0.520765315 -0.440173149 -0.121230349 0.889691472 3.759600327
18251567 1.019822787 1.814135552 0.500000000 0.500000000 0.000000000 0.000000000 0.892070711 -0.145653635 0.427778959 -3.174489633 0.080542035 0.982721686 0.166646361 -0.545583040 -0.444660306 -0.114206158 0.888388515 3.708729719
18318300 1.019822787 1.814135552 0.500000000 0.500000000 0.000000000 0.000000000 0.888341248 -0.148054495 0.434660375 -3.013329848 0.084980816 0.983250439 0.161235496 -0.579474994 -0.451251626 -0.106294349 0.886043727 3.640889933
18385033 1.019822787 1.814135552 0.500000000 0.500000000 0.000000000 0.000000000 0.883763134 -0.152301431 0.442455888 -2.841640570 0.090873435 0.983409405 0.156996742 -0.614208396 -0.459026098 -0.098540500 0.882941127 3.580900732
18451767 1.019822787 1.814135552 0.500000000 0.500000000 0.000000000 0.000000000 0.877394140 -0.157841623 0.453062654 -2.667290635 0.097342730 0.983257473 0.154042870 -0.635233430 -0.469791591 -0.091054007 0.878069043 3.514680566
18518500 1.019822787 1.814135552 0.500000000 0.500000000 0.000000000 0.000000000 0.870022655 -0.164196566 0.464865685 -2.491370259 0.103385553 0.982707739 0.153613091 -0.658091018 -0.482049823 -0.085586481 0.871953487 3.423589807
18585233 1.019822787 1.814135552 0.500000000 0.500000000 0.000000000 0.000000000 0.861470580 -0.170288146 0.478404164 -2.310840262 0.108989082 0.982145250 0.153336555 -0.674038174 -0.495973766 -0.079954132 0.864648759 3.326390260
18651967 1.019822787 1.814135552 0.500000000 0.500000000 0.000000000 0.000000000 0.851294637 -0.176165655 0.494229615 -2.123809725 0.113930658 0.981539488 0.153622836 -0.686638778 -0.512168944 -0.074470334 0.855650008 3.213909237
18718700 1.019822787 1.814135552 0.500000000 0.500000000 0.000000000 0.000000000 0.839353681 -0.182051718 0.512194037 -1.931980438 0.117799282 0.980777442 0.155560166 -0.691799209 -0.530668378 -0.070233941 0.844664693 3.067800509
18785433 1.019822787 1.814135552 0.500000000 0.500000000 0.000000000 0.000000000 0.827625930 -0.185648471 0.529688299 -1.735539424 0.118608356 0.980250835 0.158241481 -0.670678638 -0.548604667 -0.068139210 0.833300471 2.903879035
18852167 1.019822787 1.814135552 0.500000000 0.500000000 0.000000000 0.000000000 0.816471875 -0.187209487 0.546192825 -1.555830394 0.115723848 0.979839981 0.162854820 -0.619750438 -0.565669477 -0.069758937 0.821676373 2.709590913
18918900 1.019822787 1.814135552 0.500000000 0.500000000 0.000000000 0.000000000 0.807184219 -0.187567741 0.559707224 -1.399260335 0.110110857 0.979375422 0.169409141 -0.544996247 -0.579939187 -0.075114608 0.811189651 2.508060736
18985633 1.019822787 1.814135552 0.500000000 0.500000000 0.000000000 0.000000000 0.796831548 -0.187820613 0.574266970 -1.218249617 0.104542941 0.978979766 0.175126582 -0.462518724 -0.595088184 -0.079510748 0.799717307 2.324569181
19052367 1.019822787 1.814135552 0.500000000 0.500000000 0.000000000 0.000000000 0.780789673 -0.190593794 0.595013559 -1.064669511 0.102239534 0.978474379 0.179262295 -0.390008729 -0.616371810 -0.079132155 0.783468902 2.141939326
19119100 1.019822787 1.814135552 0.500000000 0.500000000 0.000000000 0.000000000 0.765225232 -0.196990252 0.612882495 -0.912887938 0.106117241 0.977607012 0.181723937 -0.340253893 -0.634956121 -0.074022278 0.768993616 1.954779542
19185833 1.019822787 1.814135552 0.500000000 0.500000000 0.000000000 0.000000000 0.750533164 -0.206090942 0.627874672 -0.761763051 0.115356967 0.976397216 0.182596028 -0.319828060 -0.650686443 -0.064614676 0.756592512 1.769490255
19252567 1.019822787 1.814135552 0.500000000 0.500000000 0.000000000 0.000000000 0.736238122 -0.214875251 0.641702414 -0.614681954 0.125412911 0.975148082 0.182641357 -0.296064949 -0.664999962 -0.053989738 0.744889259 1.553389792
19319300 1.019822787 1.814135552 0.500000000 0.500000000 0.000000000 0.000000000 0.723824501 -0.221213192 0.653561532 -0.479843827 0.132499665 0.974147141 0.182978481 -0.260723965 -0.677142322 -0.045847617 0.734422326 1.350089806
19386033 1.019822787 1.814135552 0.500000000 0.500000000 0.000000000 0.000000000 0.715248942 -0.225010142 0.661656857 -0.345628126 0.135693565 0.973447442 0.184356764 -0.220664118 -0.685570240 -0.042078480 0.726789594 1.144090425
19452767 1.019822787 1.814135552 0.500000000 0.500000000 0.000000000 0.000000000 0.710523486 -0.226330474 0.666280985 -0.225033859 0.136156395 0.973187149 0.185386509 -0.175820853 -0.690374732 -0.041002929 0.722288728 0.920912490
19519500 1.019822787 1.814135552 0.500000000 0.500000000 0.000000000 0.000000000 0.708744526 -0.226458430 0.668129802 -0.108473003 0.136667311 0.973210335 0.184888363 -0.146624957 -0.692100406 -0.039727055 0.720706999 0.707257862
19586233 1.019822787 1.814135552 0.500000000 0.500000000 0.000000000 0.000000000 0.709823251 -0.224764988 0.667556226 0.015120304 0.137337670 0.973696113 0.181808293 -0.116182960 -0.690861046 -0.037371054 0.722020864 0.480199858
19652967 1.019822787 1.814135552 0.500000000 0.500000000 0.000000000 0.000000000 0.714850247 -0.221106037 0.663401604 0.144184052 0.137624487 0.974625230 0.176536635 -0.066587422 -0.685601234 -0.034897059 0.727140665 0.215712108
19719700 1.019822787 1.814135552 0.500000000 0.500000000 0.000000000 0.000000000 0.719988585 -0.214026108 0.660158753 0.276316085 0.136418179 0.976344705 0.167753220 -0.018735985 -0.680446029 -0.030722827 0.732154071 -0.025223898
19786433 1.019822787 1.814135552 0.500000000 0.500000000 0.000000000 0.000000000 0.722646892 -0.205246016 0.660042107 0.396008015 0.135483786 0.978434205 0.155918539 0.026171007 -0.677809417 -0.023249067 0.734869957 -0.278207967
19853167 1.019822787 1.814135552 0.500000000 0.500000000 0.000000000 0.000000000 0.725650907 -0.198078543 0.658935130 0.510754925 0.136069208 0.980065346 0.144765630 0.068805570 -0.674474418 -0.015388489 0.738137722 -0.510242908
19919900 1.019822787 1.814135552 0.500000000 0.500000000 0.000000000 0.000000000 0.728510499 -0.193490282 0.657141089 0.620644196 0.137402847 0.981059253 0.136540040 0.112984097 -0.671113491 -0.009177893 0.741298079 -0.722898269
19986633 1.019822787 1.814135552 0.500000000 0.500000000 0.000000000 0.000000000 0.728993416 -0.190829664 0.657383084 0.705469988 0.138732702 0.981613398 0.131104246 0.162137947 -0.670314670 -0.004373565 0.742063999 -0.922017872
20053367 1.019822787 1.814135552 0.500000000 0.500000000 0.000000000 0.000000000 0.728304088 -0.189375594 0.658567011 0.779578348 0.139816716 0.981904268 0.127731353 0.206697134 -0.670839012 -0.000948690 0.741602778 -1.133380757
20120100 1.019822787 1.814135552 0.500000000 0.500000000 0.000000000 0.000000000 0.727731228 -0.187721446 0.659672618 0.837479002 0.140079752 0.982221246 0.124976523 0.244807036 -0.671405196 0.001457445 0.741089046 -1.341490049
20186833 1.019822787 1.814135552 0.500000000 0.500000000 0.000000000 0.000000000 0.727805674 -0.185514674 0.660214484 0.882691838 0.139781281 0.982635319 0.122020423 0.278265965 -0.671386659 0.003478482 0.741099060 -1.571219802
20253567 1.019822787 1.814135552 0.500000000 0.500000000 0.000000000 0.000000000 0.728151798 -0.182409853 0.660697341 0.914551384 0.138609141 0.983209074 0.118690483 0.321108711 -0.671253920 0.005154140 0.741209149 -1.806738933
20320300 1.019822787 1.814135552 0.500000000 0.500000000 0.000000000 0.000000000 0.728193164 -0.178285241 0.661777258 0.930119040 0.136365712 0.983957529 0.115030453 0.364445099 -0.671668887 0.006479312 0.740823150 -2.048540117
20387033 1.019822787 1.814135552 0.500000000 0.500000000 0.000000000 0.000000000 0.726688743 -0.175012335 0.664299846 0.920502070 0.134848550 0.984531343 0.111865461 0.430777060 -0.673601866 0.008288480 0.739048004 -2.336310163
20453767 1.019822787 1.814135552 0.500000000 0.500000000 0.000000000 0.000000000 0.723972559 -0.171976388 0.668047845 0.904939102 0.131925613 0.985068202 0.110617742 0.496690036 -0.677096307 0.008048397 0.735850453 -2.574700234
20520500 1.019822787 1.814135552 0.500000000 0.500000000 0.000000000 0.000000000 0.718380868 -0.171295404 0.674230278 0.878738635 0.130270243 0.985189319 0.111497119 0.565545696 -0.683343470 0.007734817 0.730055928 -2.826019215
20587233 1.019822787 1.814135552 0.500000000 0.500000000 0.000000000 0.000000000 0.712359190 -0.173647285 0.679993451 0.834965964 0.132146001 0.984763682 0.113039523 0.625845099 -0.689261854 0.009333659 0.724452257 -3.055060219
20653967 1.019822787 1.814135552 0.500000000 0.500000000 0.000000000 0.000000000 0.709456980 -0.178181261 0.681852043 0.810615084 0.138744593 0.983889163 0.112747766 0.698912007 -0.690956414 0.014613606 0.722748697 -3.265450230
20720700 1.019822787 1.814135552 0.500000000 0.500000000 0.000000000 0.000000000 0.710452676 -0.181387812 0.679967463 0.799580199 0.146713734 0.983157933 0.108975366 0.775998374 -0.688282192 0.022338640 0.725099266 -3.477811201
20787433 1.019822787 1.814135552 0.500000000 0.500000000 0.000000000 0.000000000 0.713021219 -0.181328952 0.677288949 0.798741417 0.153069854 0.982935846 0.102013566 0.859810740 -0.684229553 0.030934744 0.728610158 -3.678629342
20854167 1.019822787 1.814135552 0.500000000 0.500000000 0.000000000 0.000000000 0.716389537 -0.178985894 0.674351871 0.814944015 0.156346887 0.983137369 0.094850279 0.936070324 -0.679957330 0.037482984 0.732293248 -3.878231319
20920900 1.019822787 1.814135552 0.500000000 0.500000000 0.000000000 0.000000000 0.719423532 -0.176473737 0.671778500 0.828204993 0.158442408 0.983380437 0.088650681 1.002139646 -0.676258385 0.042660929 0.735427916 -4.087368195
20987633 1.019822787 1.814135552 0.500000000 0.500000000 0.000000000 0.000000000 0.720753551 -0.174832836 0.670781136 0.841480547 0.160254285 0.983482897 0.084142566 1.064149436 -0.674412608 0.046849612 0.736866474 -4.292717372
21054367 1.019822787 1.814135552 0.500000000 0.500000000 0.000000000 0.000000000 0.721319199 -0.174794227 0.670183361 0.856205896 0.162708014 0.983315706 0.081341177 1.130600095 -0.673219740 0.050371215 0.737724900 -4.523650680
21121100 1.019822787 1.814135552 0.500000000 0.500000000 0.000000000 0.000000000 0.722710013 -0.175777316 0.668425381 0.887927923 0.165721655 0.982977808 0.079315521 1.201500089 -0.670989215 0.053450428 0.739538074 -4.757629902
21187833 1.019822787 1.814135552 0.500000000 0.500000000 0.000000000 0.000000000 0.724363446 -0.175139159 0.666801155 0.923354687 0.166970313 0.982966423 0.076797590 1.281919879 -0.668893397 0.055706631 0.741268039 -4.995479688
21254567 1.019822787 1.814135552 0.500000000 0.500000000 0.000000000 0.000000000 0.727349639 -0.169895560 0.664904594 0.977840148 0.161590993 0.984028757 0.074670851 1.342069929 -0.666971445 0.053130776 0.743186533 -5.263110178
21321300 1.019822787 1.814135552 0.500000000 0.500000000 0.000000000 0.000000000 0.734606326 -0.162411794 0.658768535 1.070610372 0.153100297 0.985565603 0.072254576 1.418570030 -0.660994649 0.047778990 0.748867989 -5.531230204
21388033 1.019822787 1.814135552 0.500000000 0.500000000 0.000000000 0.000000000 0.747505188 -0.152446881 0.646526217 1.214490375 0.142159417 0.987472355 0.068477027 1.478460165 -0.648865819 0.040722821 0.759812415 -5.803790973
21454767 1.019822787 1.814135552 0.500000000 0.500000000 0.000000000 0.000000000 0.761814594 -0.140844598 0.632298231 1.365239359 0.130483225 0.989435017 0.063186243 1.539939805 -0.634517431 0.034368154 0.772143900 -6.047068173
21521500 1.019822787 1.814135552 0.500000000 0.500000000 0.000000000 0.000000000 0.773904204 -0.129453182 0.619930983 1.493010239 0.120494798 0.991102636 0.056538496 1.611250242 -0.621734262 0.030943047 0.782616854 -6.292030378
