https://www.youtube.com/watch?v=W7JyE6T46zk
45945900 0.964874510 1.720626791 0.500000000 0.500000000 0.000000000 0.000000000 0.995499015 0.029661279 -0.090010613 -1.409260074 -0.030511424 0.999501705 -0.008083432 -0.869859921 0.089726001 0.010793400 0.995908022 6.120290024
46012633 0.964874510 1.720626791 0.500000000 0.500000000 0.000000000 0.000000000 0.995342910 0.030580612 -0.091418721 -1.315070080 -0.032028019 0.999383152 -0.014407485 -0.878674095 0.090921737 0.017268345 0.995708287 5.817039593
46079367 0.964874510 1.720626791 0.500000000 0.500000000 0.000000000 0.000000000 0.994949043 0.028874472 -0.096138589 -1.272029859 -0.030912105 0.999326527 -0.019772980 -0.870291037 0.095502906 0.022644956 0.995171547 5.502179956
46146100 0.964874510 1.720626791 0.500000000 0.500000000 0.000000000 0.000000000 0.994645417 0.028221427 -0.099418573 -1.237709980 -0.030691778 0.999254823 -0.023406511 -0.851263998 0.098683916 0.026332511 0.994770348 5.201279914
46212833 0.964874510 1.720626791 0.500000000 0.500000000 0.000000000 0.000000000 0.994364023 0.028047044 -0.102242790 -1.222360052 -0.031244326 0.999067307 -0.029805055 -0.844927069 0.101311482 0.032831579 0.994312882 4.878430182
46279567 0.964874510 1.720626791 0.500000000 0.500000000 0.000000000 0.000000000 0.993939698 0.027187601 -0.106511801 -1.223430089 -0.031039555 0.998916507 -0.034675036 -0.832562013 0.105453670 0.037770975 0.993706644 4.539879693
46346300 0.964874510 1.720626791 0.500000000 0.500000000 0.000000000 0.000000000 0.993394375 0.029832913 -0.110804163 -1.232229889 -0.033710461 0.998877168 -0.033287268 -0.778560964 0.109686695 0.036802646 0.993284643 4.182179792
46413033 0.964874510 1.720626791 0.500000000 0.500000000 0.000000000 0.000000000 0.992972374 0.032419529 -0.113819391 -1.246610076 -0.036792394 0.998655021 -0.036530700 -0.748512998 0.112481996 0.040461663 0.992829621 3.851670065
46479767 0.964874510 1.720626791 0.500000000 0.500000000 0.000000000 0.000000000 0.992744267 0.033235632 -0.115560286 -1.270970008 -0.037911013 0.998539269 -0.038498208 -0.716980045 0.114111967 0.042599879 0.992554128 3.484989913
46546500 0.964874510 1.720626791 0.500000000 0.500000000 0.000000000 0.000000000 0.992228746 0.033818174 -0.119743288 -1.301110091 -0.039205145 0.998308957 -0.042920806 -0.681556968 0.118089288 0.047281817 0.991876662 3.123689650
46613233 0.964874510 1.720626791 0.500000000 0.500000000 0.000000000 0.000000000 0.991333783 0.034499258 -0.126756310 -1.342350073 -0.040350609 0.998221278 -0.043887582 -0.625414997 0.125016749 0.048621934 0.990962505 2.762779734
46679967 0.964874510 1.720626791 0.500000000 0.500000000 0.000000000 0.000000000 0.990458071 0.038227975 -0.132406279 -1.377890022 -0.045350730 0.997658074 -0.051202655 -0.569029989 0.130138829 0.056718804 0.989872158 2.432720062
46746700 0.964874510 1.720626791 0.500000000 0.500000000 0.000000000 0.000000000 0.990044653 0.033721022 -0.136654764 -1.399230014 -0.042389005 0.997235835 -0.061023876 -0.525018000 0.134219229 0.066209018 0.988737345 2.067310043
46813433 0.964874510 1.720626791 0.500000000 0.500000000 0.000000000 0.000000000 0.989615083 0.030740792 -0.140417352 -1.392819998 -0.039904747 0.997220516 -0.062919535 -0.449268048 0.138092861 0.067869432 0.988091171 1.728300034
46880167 0.964874510 1.720626791 0.500000000 0.500000000 0.000000000 0.000000000 0.988394082 0.027154092 -0.149464890 -1.373089945 -0.037089001 0.997254729 -0.064088635 -0.356515975 0.147314295 0.068888329 0.986687839 1.423440067
46946900 0.964874510 1.720626791 0.500000000 0.500000000 0.000000000 0.000000000 0.987508714 0.026108243 -0.155386120 -1.326529911 -0.037126504 0.996964574 -0.068434365 -0.281216985 0.153127760 0.073348485 0.985480547 1.087690034
47013633 0.964874510 1.720626791 0.500000000 0.500000000 0.000000000 0.000000000 0.986872971 0.023979124 -0.159708098 -1.256939925 -0.035561498 0.996908486 -0.070063367 -0.206933012 0.157534286 0.074823111 0.984674811 0.768586032
47080367 0.964874510 1.720626791 0.500000000 0.500000000 0.000000000 0.000000000 0.984799683 0.025719197 -0.171779349 -1.177330072 -0.037616134 0.997086108 -0.066364758 -0.117649995 0.169571951 0.071817674 0.982897520 0.462847006
47147100 0.964874510 1.720626791 0.500000000 0.500000000 0.000000000 0.000000000 0.982161403 0.030723760 -0.185512662 -1.086399998 -0.043210845 0.997036576 -0.063646905 -0.048051198 0.183007419 0.070527695 0.980578423 0.192876002
47213833 0.964874510 1.720626791 0.500000000 0.500000000 0.000000000 0.000000000 0.979649723 0.033739354 -0.197858781 -0.961222033 -0.047811609 0.996621430 -0.066781349 0.006023010 0.194937140 0.074882276 0.977953076 -0.052622085
47280567 0.964874510 1.720626791 0.500000000 0.500000000 0.000000000 0.000000000 0.975532234 0.032243766 -0.217479348 -0.769956036 -0.048741639 0.996290028 -0.070925824 0.050013601 0.214385599 0.079790719 0.973484635 -0.340363008
47347300 0.964874510 1.720626791 0.500000000 0.500000000 0.000000000 0.000000000 0.970405579 0.030816466 -0.239506438 -0.545218949 -0.048778564 0.996393323 -0.069433093 0.095435792 0.236502931 0.079061046 0.968408883 -0.609305081
47414033 0.964874510 1.720626791 0.500000000 0.500000000 0.000000000 0.000000000 0.964262426 0.029050238 -0.263351560 -0.261870963 -0.048097283 0.996648610 -0.066168293 0.143013006 0.260546744 0.076470092 0.962428033 -0.886429055
47480767 0.964874510 1.720626791 0.500000000 0.500000000 0.000000000 0.000000000 0.956892073 0.038406625 -0.287893325 0.056479378 -0.058146499 0.996483505 -0.060329150 0.209496010 0.284563929 0.074468464 0.955760360 -1.075650034
47547500 0.964874510 1.720626791 0.500000000 0.500000000 0.000000000 0.000000000 0.949749768 0.052322887 -0.308605939 0.407586930 -0.073738612 0.995581567 -0.058137327 0.267874951 0.304200500 0.077972099 0.949411631 -1.270239953
47614233 0.964874510 1.720626791 0.500000000 0.500000000 0.000000000 0.000000000 0.942584634 0.066793874 -0.327219933 0.784322099 -0.090094715 0.994325936 -0.056558356 0.355169024 0.321585506 0.082791805 0.943254113 -1.450470021
47680967 0.964874510 1.720626791 0.500000000 0.500000000 0.000000000 0.000000000 0.932199299 0.078841805 -0.353254050 1.174270101 -0.103905156 0.993199289 -0.052525036 0.425640947 0.346710473 0.085668735 0.934051752 -1.589189926
47747700 0.964874510 1.720626791 0.500000000 0.500000000 0.000000000 0.000000000 0.923661053 0.086640745 -0.373287588 1.523869965 -0.111378744 0.992750704 -0.045175746 0.471664995 0.366667479 0.083303377 0.926615119 -1.716330175
47814433 0.964874510 1.720626791 0.500000000 0.500000000 0.000000000 0.000000000 0.915294766 0.092502326 -0.392018765 1.856049774 -0.119940445 0.991713405 -0.046031095 0.498110916 0.384512275 0.089150943 0.918804824 -1.791859595
47881167 0.964874510 1.720626791 0.500000000 0.500000000 0.000000000 0.000000000 0.908170402 0.085704640 -0.409733266 2.162160264 -0.117233768 0.991720557 -0.052407771 0.539906120 0.401849300 0.095629722 0.910698771 -1.870130269
47947900 0.964874510 1.720626791 0.500000000 0.500000000 0.000000000 0.000000000 0.900719345 0.080383591 -0.426899403 2.457420098 -0.117046960 0.991293967 -0.060301527 0.571770936 0.418335527 0.104282036 0.902286291 -1.954549922
48014633 0.964874510 1.720626791 0.500000000 0.500000000 0.000000000 0.000000000 0.894401610 0.072993450 -0.441268176 2.743179641 -0.111130513 0.991921604 -0.061168052 0.596271869 0.433238536 0.103747182 0.895288110 -2.065119801
48081367 0.964874510 1.720626791 0.500000000 0.500000000 0.000000000 0.000000000 0.887535810 0.068308070 -0.455646783 3.018449352 -0.110497266 0.991644382 -0.066571131 0.615341790 0.447292238 0.109432027 0.887667775 -2.158649361
48148100 0.964874510 1.720626791 0.500000000 0.500000000 0.000000000 0.000000000 0.880860925 0.065215692 -0.468861163 3.299719470 -0.110439211 0.991444230 -0.069581024 0.627445823 0.460311890 0.113071896 0.880526841 -2.280159366
48214833 0.964874510 1.720626791 0.500000000 0.500000000 0.000000000 0.000000000 0.873325706 0.067461938 -0.482442796 3.581979525 -0.115595907 0.990776360 -0.070709243 0.625453939 0.473222733 0.117520630 0.873068750 -2.368439528
48281567 0.964874510 1.720626791 0.500000000 0.500000000 0.000000000 0.000000000 0.866040885 0.074755087 -0.494353205 3.863631009 -0.125142813 0.989696324 -0.069573760 0.602646294 0.484058589 0.122118413 0.866472542 -2.475490692
48348300 0.964874510 1.720626791 0.500000000 0.500000000 0.000000000 0.000000000 0.855172515 0.081933856 -0.511826932 4.168590085 -0.136852220 0.988080800 -0.070482753 0.586036913 0.499951422 0.130319580 0.856192350 -2.537229828
48415033 0.964874510 1.720626791 0.500000000 0.500000000 0.000000000 0.000000000 0.841661215 0.091633119 -0.532174468 4.481839814 -0.148508936 0.986774862 -0.064965427 0.549297914 0.519183397 0.133711562 0.844138503 -2.607879946
48481767 0.964874510 1.720626791 0.500000000 0.500000000 0.000000000 0.000000000 0.825050473 0.101979062 -0.555780470 4.792600141 -0.164328828 0.984370887 -0.063324198 0.540593908 0.540636361 0.143576413 0.828913808 -2.629879833
48548500 0.964874510 1.720626791 0.500000000 0.500000000 0.000000000 0.000000000 0.805693507 0.105386943 -0.582881987 5.099279114 -0.171469569 0.983408451 -0.059211791 0.545586794 0.566970885 0.147653118 0.810396433 -2.633149884
48615233 0.964874510 1.720626791 0.500000000 0.500000000 0.000000000 0.000000000 0.791234493 0.101141229 -0.603090465 5.391438512 -0.170003220 0.983731508 -0.058061868 0.607469572 0.587406695 0.148467928 0.795556664 -2.643369056
