https://www.youtube.com/watch?v=nNGj29rH0p4
50708333 0.952858689 1.694550367 0.500000000 0.500000000 0.000000000 0.000000000 0.996210992 -0.001004804 -0.086963654 2.949350042 0.000928030 0.999999166 -0.000923243 -0.660379065 0.086964503 0.000839040 0.996211052 5.863000052
50791667 0.952858689 1.694550367 0.500000000 0.500000000 0.000000000 0.000000000 0.998043895 -0.001222325 -0.062504813 2.942569886 0.001179644 0.999999046 -0.000719755 -0.593545043 0.062505633 0.000644614 0.998044431 5.615330760
50875000 0.952858689 1.694550367 0.500000000 0.500000000 0.000000000 0.000000000 0.999276102 -0.001488427 -0.038013984 2.928539861 0.001471413 0.999998808 -0.000475552 -0.530231013 0.038014647 0.000419274 0.999277115 5.373720478
50958333 0.952858689 1.694550367 0.500000000 0.500000000 0.000000000 0.000000000 0.999905527 -0.001591491 -0.013654283 2.915819965 0.001592013 0.999998748 0.000027383 -0.475085001 0.013654222 -0.000049118 0.999906778 5.126890403
51041667 0.952858689 1.694550367 0.500000000 0.500000000 0.000000000 0.000000000 0.999955416 -0.002435610 0.009126051 2.902009924 0.002433296 0.999997020 0.000264648 -0.419949013 -0.009126668 -0.000242430 0.999958336 4.878120356
51125000 0.952858689 1.694550367 0.500000000 0.500000000 0.000000000 0.000000000 0.999546826 -0.003102486 0.029942511 2.875580042 0.003092734 0.999995172 0.000372008 -0.379232015 -0.029943520 -0.000279235 0.999551535 4.631069590
51208333 0.952858689 1.694550367 0.500000000 0.500000000 0.000000000 0.000000000 0.998760343 -0.003784577 0.049633477 2.844950160 0.003770720 0.999992847 0.000372806 -0.351994030 -0.049634535 -0.000185189 0.998767436 4.374700299
51291667 0.952858689 1.694550367 0.500000000 0.500000000 0.000000000 0.000000000 0.997666299 -0.004894147 0.068102509 2.805809774 0.004784597 0.999987006 0.001771612 -0.316497003 -0.068110287 -0.001441634 0.997676730 4.104199271
51375000 0.952858689 1.694550367 0.500000000 0.500000000 0.000000000 0.000000000 0.996294320 -0.005692491 0.085820958 2.752290137 0.005520825 0.999982238 0.002237492 -0.283587964 -0.085832179 -0.001755399 0.996308088 3.839590575
51458333 0.952858689 1.694550367 0.500000000 0.500000000 0.000000000 0.000000000 0.994699359 -0.006754693 0.102604195 2.676050141 0.006639482 0.999976873 0.001464347 -0.248103975 -0.102611721 -0.000775347 0.994721174 3.589819906
51541667 0.952858689 1.694550367 0.500000000 0.500000000 0.000000000 0.000000000 0.993181765 -0.007582014 0.116329253 2.562310070 0.007546693 0.999971271 0.000744078 -0.207527013 -0.116331547 0.000138896 0.993210435 3.348579918
51625000 0.952858689 1.694550367 0.500000000 0.500000000 0.000000000 0.000000000 0.991902113 -0.008428086 0.126724556 2.418329686 0.008305926 0.999964416 0.001492375 -0.165453019 -0.126732633 -0.000427725 0.991936803 3.110519755
51708333 0.952858689 1.694550367 0.500000000 0.500000000 0.000000000 0.000000000 0.990924835 -0.008854052 0.134125009 2.251840033 0.008634644 0.999960244 0.002217467 -0.135602987 -0.134139314 -0.001039221 0.990961909 2.875159954
51791667 0.952858689 1.694550367 0.500000000 0.500000000 0.000000000 0.000000000 0.990195811 -0.009296703 0.139376491 2.068119919 0.009083842 0.999956429 0.002163323 -0.121100016 -0.139390528 -0.000876040 0.990237117 2.643019938
51875000 0.952858689 1.694550367 0.500000000 0.500000000 0.000000000 0.000000000 0.989677250 -0.009475187 0.143000394 1.873269939 0.009367756 0.999955118 0.001424517 -0.122941003 -0.143007457 -0.000070219 0.989721596 2.412429780
51958333 0.952858689 1.694550367 0.500000000 0.500000000 0.000000000 0.000000000 0.989198267 -0.009707470 0.146261737 1.667869944 0.009656667 0.999952793 0.001057372 -0.123909994 -0.146265104 0.000366450 0.989245355 2.180899885
52041667 0.952858689 1.694550367 0.500000000 0.500000000 0.000000000 0.000000000 0.988733351 -0.009966563 0.149355218 1.462489837 0.009844911 0.999950349 0.001553851 -0.110782010 -0.149363294 -0.000065955 0.988782406 1.947710083
52125000 0.952858689 1.694550367 0.500000000 0.500000000 0.000000000 0.000000000 0.988180339 -0.010105498 0.152962416 1.270699897 0.009684311 0.999947011 0.003498356 -0.085778498 -0.152989656 -0.001975672 0.988225818 1.726469999
52208333 0.952858689 1.694550367 0.500000000 0.500000000 0.000000000 0.000000000 0.987476349 -0.010318832 0.157429352 1.093240144 0.009805839 0.999943793 0.004034941 -0.063855199 -0.157462135 -0.002440682 0.987522006 1.512330071
52291667 0.952858689 1.694550367 0.500000000 0.500000000 0.000000000 0.000000000 0.986603916 -0.010835444 0.162773877 0.923228056 0.010414223 0.999939859 0.003440836 -0.051199903 -0.162801355 -0.001699580 0.986657441 1.307140096
52375000 0.952858689 1.694550367 0.500000000 0.500000000 0.000000000 0.000000000 0.985723972 -0.011571231 0.167971373 0.755552006 0.011170710 0.999932051 0.003329188 -0.046243801 -0.167998493 -0.001405301 0.985786259 1.098570157
52458333 0.952858689 1.694550367 0.500000000 0.500000000 0.000000000 0.000000000 0.984914064 -0.012258680 0.172609374 0.593788016 0.011592659 0.999920964 0.004866117 -0.046672803 -0.172655389 -0.002791707 0.984978378 0.877779114
52541667 0.952858689 1.694550367 0.500000000 0.500000000 0.000000000 0.000000000 0.984122813 -0.012663891 0.177036509 0.439794011 0.011754577 0.999911785 0.006184190 -0.053377899 -0.177099213 -0.004005015 0.984184861 0.660094045
52625000 0.952858689 1.694550367 0.500000000 0.500000000 0.000000000 0.000000000 0.983381927 -0.013357509 0.181056634 0.295954994 0.012407359 0.999902666 0.006379412 -0.058248698 -0.181124225 -0.004026962 0.983451962 0.444491960
52708333 0.952858689 1.694550367 0.500000000 0.500000000 0.000000000 0.000000000 0.982652187 -0.014264897 0.184908688 0.155053024 0.013246147 0.999889553 0.006743680 -0.049088405 -0.184984446 -0.004177365 0.982732594 0.229884003
52791667 0.952858689 1.694550367 0.500000000 0.500000000 0.000000000 0.000000000 0.981872141 -0.015036233 0.188947171 0.006621491 0.013909031 0.999876678 0.007290339 -0.031711999 -0.189033478 -0.004530108 0.981960177 0.019559100
52875000 0.952858689 1.694550367 0.500000000 0.500000000 0.000000000 0.000000000 0.981106937 -0.015578671 0.192838132 -0.141363003 0.014356152 0.999867022 0.007735405 -0.012253899 -0.192932993 -0.004820848 0.981200099 -0.181094006
52958333 0.952858689 1.694550367 0.500000000 0.500000000 0.000000000 0.000000000 0.980293989 -0.016240293 0.196875453 -0.291099988 0.015017792 0.999857545 0.007700959 0.002250731 -0.196972489 -0.004592572 0.980398297 -0.373201025
53041667 0.952858689 1.694550367 0.500000000 0.500000000 0.000000000 0.000000000 0.979403079 -0.017049005 0.201193824 -0.457830993 0.015704246 0.999842405 0.008278237 0.005156021 -0.201303259 -0.004948134 0.979516447 -0.561436984
53125000 0.952858689 1.694550367 0.500000000 0.500000000 0.000000000 0.000000000 0.978499949 -0.017406743 0.205511361 -0.641787018 0.015891802 0.999833047 0.009019987 0.003703891 -0.205634058 -0.005560112 0.978613198 -0.746837077
53208333 0.952858689 1.694550367 0.500000000 0.500000000 0.000000000 0.000000000 0.977370918 -0.017445387 0.210812077 -0.841748970 0.015591512 0.999823809 0.010453016 0.007650031 -0.210957304 -0.006929595 0.977470696 -0.932638971
53291667 0.952858689 1.694550367 0.500000000 0.500000000 0.000000000 0.000000000 0.975991726 -0.017415255 0.217110127 -1.055319980 0.015294723 0.999817550 0.011443754 0.018533501 -0.217269808 -0.007848370 0.976080060 -1.104400121
53375000 0.952858689 1.694550367 0.500000000 0.500000000 0.000000000 0.000000000 0.974160075 -0.017522544 0.225178018 -1.283620003 0.015111472 0.999808609 0.012426610 0.037509302 -0.225352660 -0.008702737 0.974238396 -1.264170168
53458333 0.952858689 1.694550367 0.500000000 0.500000000 0.000000000 0.000000000 0.971756339 -0.017680677 0.235323176 -1.506660101 0.015002941 0.999800801 0.013164670 0.064548094 -0.235509053 -0.009262313 0.971828043 -1.411330146
53541667 0.952858689 1.694550367 0.500000000 0.500000000 0.000000000 0.000000000 0.968648136 -0.017995426 0.247784019 -1.715749874 0.015189393 0.999797106 0.013231668 0.091303802 -0.247971863 -0.009053140 0.968724906 -1.544299968
53625000 0.952858689 1.694550367 0.500000000 0.500000000 0.000000000 0.000000000 0.964812458 -0.018838575 0.262263328 -1.900900147 0.015645059 0.999775946 0.014259748 0.102870008 -0.262473196 -0.009654861 0.964891016 -1.666680227
53708333 0.952858689 1.694550367 0.500000000 0.500000000 0.000000000 0.000000000 0.960348964 -0.019895021 0.278089911 -2.071089849 0.016611964 0.999761760 0.014157286 0.102572985 -0.278305322 -0.008976312 0.960450709 -1.773919966
53791667 0.952858689 1.694550367 0.500000000 0.500000000 0.000000000 0.000000000 0.955257356 -0.020942511 0.295033485 -2.238759885 0.017698398 0.999750018 0.013662011 0.093668286 -0.295245856 -0.007829116 0.955389202 -1.884169827
53875000 0.952858689 1.694550367 0.500000000 0.500000000 0.000000000 0.000000000 0.949565828 -0.022134077 0.312785536 -2.392570035 0.018142261 0.999712646 0.015667109 0.072373597 -0.313042432 -0.009202316 0.949694574 -1.991270042
53958333 0.952858689 1.694550367 0.500000000 0.500000000 0.000000000 0.000000000 0.943174541 -0.023503860 0.331465393 -2.541630068 0.019163823 0.999682546 0.016356358 0.057685798 -0.331744581 -0.009074755 0.943325579 -2.090280037
54041667 0.952858689 1.694550367 0.500000000 0.500000000 0.000000000 0.000000000 0.936008453 -0.024938332 0.351092994 -2.692859858 0.020231796 0.999649644 0.017068017 0.055797906 -0.351395607 -0.008872566 0.936185002 -2.183100041
54125000 0.952858689 1.694550367 0.500000000 0.500000000 0.000000000 0.000000000 0.928162873 -0.026289430 0.371244699 -2.844070063 0.021251548 0.999618232 0.017655469 0.065236390 -0.371567160 -0.008497627 0.928367198 -2.264969714
54208333 0.952858689 1.694550367 0.500000000 0.500000000 0.000000000 0.000000000 0.919685900 -0.027551785 0.391686946 -2.992009736 0.022116639 0.999586403 0.018382097 0.078891808 -0.392031401 -0.008242952 0.919914901 -2.331469874
54291667 0.952858689 1.694550367 0.500000000 0.500000000 0.000000000 0.000000000 0.910638094 -0.028869253 0.412194878 -3.132769417 0.023116805 0.999553442 0.018935977 0.089310106 -0.412557453 -0.007715183 0.910898805 -2.385279516
54375000 0.952858689 1.694550367 0.500000000 0.500000000 0.000000000 0.000000000 0.900782049 -0.030183759 0.433221430 -3.273210693 0.024303004 0.999522030 0.019107146 0.094013308 -0.433591098 -0.006682801 0.901085019 -2.438050273
54458333 0.952858689 1.694550367 0.500000000 0.500000000 0.000000000 0.000000000 0.890155792 -0.031469412 0.454568267 -3.414779914 0.025205648 0.999485493 0.019834794 0.097839478 -0.454958558 -0.006198366 0.890491009 -2.491009701
54541667 0.952858689 1.694550367 0.500000000 0.500000000 0.000000000 0.000000000 0.878384948 -0.032457624 0.476850331 -3.571359581 0.025571339 0.999453962 0.020925676 0.098725903 -0.477269173 -0.006187092 0.878735304 -2.553519662
54625000 0.952858689 1.694550367 0.500000000 0.500000000 0.000000000 0.000000000 0.865770519 -0.033692095 0.499305993 -3.733370794 0.026190709 0.999414325 0.022025015 0.090366028 -0.499755591 -0.005991443 0.866145849 -2.611730580
54708333 0.952858689 1.694550367 0.500000000 0.500000000 0.000000000 0.000000000 0.851855993 -0.034586426 0.522632718 -3.908909453 0.026736876 0.999387980 0.022557497 0.085193068 -0.523092985 -0.005242157 0.852259338 -2.661019436
54791667 0.952858689 1.694550367 0.500000000 0.500000000 0.000000000 0.000000000 0.836872101 -0.035709459 0.546232760 -4.086511524 0.027805705 0.999354839 0.022731353 0.083570598 -0.546692073 -0.003834861 0.837325096 -2.688650632
54875000 0.952858689 1.694550367 0.500000000 0.500000000 0.000000000 0.000000000 0.820487201 -0.036561213 0.570494354 -4.263789269 0.028716765 0.999328792 0.022743311 0.083567980 -0.570942938 -0.002277830 0.820986450 -2.706599461
54958333 0.952858689 1.694550367 0.500000000 0.500000000 0.000000000 0.000000000 0.802790582 -0.037169240 0.595101118 -4.421538317 0.029277541 0.999308527 0.022920132 0.078046381 -0.595541477 -0.000976949 0.803323686 -2.729259058
55041667 0.952858689 1.694550367 0.500000000 0.500000000 0.000000000 0.000000000 0.784038067 -0.038202148 0.619536221 -4.555291284 0.030360315 0.999269843 0.023195762 0.063353727 -0.619970024 0.000622940 0.784625411 -2.757860460
55125000 0.952858689 1.694550367 0.500000000 0.500000000 0.000000000 0.000000000 0.765017509 -0.039603285 0.642790735 -4.672510776 0.031719491 0.999213099 0.023812044 0.041294995 -0.643227994 0.002172354 0.765671730 -2.803650366
