https://www.youtube.com/watch?v=E6dVTtRVcgQ
42417000 0.632566911 1.128034228 0.500000000 0.500000000 0.000000000 0.000000000 0.909368396 -0.101131007 0.403511524 5.562949719 0.096768424 0.994816303 0.031247232 -0.752664018 -0.404579878 0.010631941 0.914440811 1.314640040
42500000 0.632566911 1.128034228 0.500000000 0.500000000 0.000000000 0.000000000 0.893837571 -0.116648301 0.432952195 4.997969969 0.111421406 0.993064523 0.037525285 -0.655827975 -0.434326738 0.014698620 0.900635481 1.115709797
42584000 0.632566911 1.128034228 0.500000000 0.500000000 0.000000000 0.000000000 0.877001047 -0.132027924 0.461993188 4.420559521 0.126067042 0.991049528 0.043908190 -0.559346961 -0.463655263 0.019734625 0.885795832 0.928990763
42667000 0.632566911 1.128034228 0.500000000 0.500000000 0.000000000 0.000000000 0.859153986 -0.147251144 0.490073085 3.834510326 0.140179560 0.988793671 0.051349849 -0.485398085 -0.492142498 0.024580762 0.870167613 0.766882144
42792000 0.632566911 1.128034228 0.500000000 0.500000000 0.000000000 0.000000000 0.830959439 -0.169321999 0.529939950 2.944149689 0.160642907 0.985010743 0.062830254 -0.393713905 -0.532635152 0.032921735 0.845704377 0.572906699
42876000 0.632566911 1.128034228 0.500000000 0.500000000 0.000000000 0.000000000 0.810407162 -0.184083670 0.556195855 2.352850889 0.174326271 0.982121348 0.071049169 -0.349590060 -0.559330821 0.039380692 0.828008771 0.476035234
42959000 0.632566911 1.128034228 0.500000000 0.500000000 0.000000000 0.000000000 0.788260221 -0.198239341 0.582534611 1.752689274 0.187341765 0.979058146 0.079675525 -0.317247996 -0.586130083 0.046328112 0.808891177 0.387942844
43043000 0.632566911 1.128034228 0.500000000 0.500000000 0.000000000 0.000000000 0.763412833 -0.213807285 0.609497428 1.158329760 0.201431304 0.975372493 0.089855164 -0.293286987 -0.613698721 0.054175332 0.787679374 0.315510930
43126000 0.632566911 1.128034228 0.500000000 0.500000000 0.000000000 0.000000000 0.737297356 -0.228780672 0.635650396 0.562298695 0.214849517 0.971468627 0.100440815 -0.276448899 -0.640493274 0.062514633 0.765414715 0.263589816
43210000 0.632566911 1.128034228 0.500000000 0.500000000 0.000000000 0.000000000 0.711256981 -0.242845282 0.659650981 -0.037847609 0.227196619 0.967479408 0.111199155 -0.266122962 -0.665202916 0.070779413 0.743300080 0.227153897
43293000 0.632566911 1.128034228 0.500000000 0.500000000 0.000000000 0.000000000 0.684418499 -0.256615371 0.682436526 -0.630724842 0.239391223 0.963213980 0.122109100 -0.269085967 -0.688667476 0.079795659 0.720672965 0.226864915
43376000 0.632566911 1.128034228 0.500000000 0.500000000 0.000000000 0.000000000 0.656956315 -0.269405305 0.704151690 -1.224010473 0.250751615 0.958882749 0.132919148 -0.281440003 -0.711008012 0.089244962 0.697497904 0.248915068
43460000 0.632566911 1.128034228 0.500000000 0.500000000 0.000000000 0.000000000 0.628654361 -0.282155335 0.724694371 -1.822099873 0.261718631 0.954265296 0.144502982 -0.315396980 -0.732322931 0.098823614 0.673748374 0.299529821
43543000 0.632566911 1.128034228 0.500000000 0.500000000 0.000000000 0.000000000 0.599272311 -0.294730633 0.744315684 -2.409688299 0.272196382 0.949383736 0.156778544 -0.361222962 -0.752848685 0.108647235 0.649164081 0.358062815
43627000 0.632566911 1.128034228 0.500000000 0.500000000 0.000000000 0.000000000 0.568907619 -0.306615323 0.763106287 -2.999660038 0.282525450 0.944293201 0.168788910 -0.407850950 -0.772349298 0.119571634 0.623842239 0.449572943
43710000 0.632566911 1.128034228 0.500000000 0.500000000 0.000000000 0.000000000 0.538474023 -0.317986071 0.780340433 -3.582632295 0.291901886 0.939115703 0.181259513 -0.469226193 -0.790467978 0.130179107 0.598510027 0.529901603
43793000 0.632566911 1.128034228 0.500000000 0.500000000 0.000000000 0.000000000 0.507365346 -0.328814417 0.796531498 -4.175254011 0.300884038 0.933759451 0.193809628 -0.527577460 -0.807496250 0.141330987 0.572692096 0.635700591
43877000 0.632566911 1.128034228 0.500000000 0.500000000 0.000000000 0.000000000 0.475881457 -0.338971943 0.811563134 -4.754609148 0.309061319 0.928347468 0.206523895 -0.594628851 -0.823418379 0.152541906 0.546546459 0.743213879
43960000 0.632566911 1.128034228 0.500000000 0.500000000 0.000000000 0.000000000 0.443415105 -0.349148631 0.825517535 -5.335135096 0.317126453 0.922549665 0.219847918 -0.665947584 -0.838340521 0.164309204 0.519796610 0.858117888
44044000 0.632566911 1.128034228 0.500000000 0.500000000 0.000000000 0.000000000 0.410517395 -0.358345181 0.838489354 -5.910471465 0.324338764 0.916792214 0.233015954 -0.742064452 -0.852220595 0.176297456 0.492584348 1.002979979
