https://www.youtube.com/watch?v=cor2zqcfCBw
85351933 0.961486680 1.712236721 0.500000000 0.500000000 0.000000000 0.000000000 0.992140532 -0.022182191 0.123146974 -6.296340598 0.020251697 0.999651968 0.016906163 -0.576110002 -0.123479135 -0.014279355 0.992244422 -0.093630075
85418667 0.961486680 1.712236721 0.500000000 0.500000000 0.000000000 0.000000000 0.991021395 -0.023152513 0.131683439 -6.038459742 0.020739188 0.999591410 0.019668933 -0.562865983 -0.132085025 -0.016761325 0.991096675 0.100992051
85485400 0.961486680 1.712236721 0.500000000 0.500000000 0.000000000 0.000000000 0.989971817 -0.023858365 0.139235541 -5.803899230 0.020936839 0.999529600 0.022409949 -0.512520999 -0.139704719 -0.019270066 0.990005672 0.293136017
85552133 0.961486680 1.712236721 0.500000000 0.500000000 0.000000000 0.000000000 0.989084423 -0.024527820 0.145294234 -5.531030411 0.021058841 0.999456406 0.025365893 -0.479052037 -0.145837411 -0.022029284 0.989063263 0.424162999
85618867 0.961486680 1.712236721 0.500000000 0.500000000 0.000000000 0.000000000 0.988284647 -0.024901835 0.150576800 -5.266689737 0.020906957 0.999387681 0.028055850 -0.443003976 -0.151183248 -0.024579059 0.988200128 0.535919016
85685600 0.961486680 1.712236721 0.500000000 0.500000000 0.000000000 0.000000000 0.987512708 -0.024947019 0.155551419 -5.006709876 0.020502193 0.999336183 0.030114044 -0.404265986 -0.156199411 -0.026548855 0.987368703 0.589007027
85752333 0.961486680 1.712236721 0.500000000 0.500000000 0.000000000 0.000000000 0.986714959 -0.024552282 0.160595149 -4.750920036 0.019787639 0.999317229 0.031201169 -0.344724985 -0.161251575 -0.027608860 0.986527085 0.643831110
85819067 0.961486680 1.712236721 0.500000000 0.500000000 0.000000000 0.000000000 0.985826969 -0.023925474 0.166050583 -4.473700200 0.018990519 0.999331355 0.031244164 -0.285928992 -0.166687071 -0.027647955 0.985622168 0.667807949
85885800 0.961486680 1.712236721 0.500000000 0.500000000 0.000000000 0.000000000 0.984789431 -0.023449384 0.172162458 -4.189660531 0.018430810 0.999358952 0.030691285 -0.268319992 -0.172771797 -0.027051363 0.984590352 0.702148157
85952533 0.961486680 1.712236721 0.500000000 0.500000000 0.000000000 0.000000000 0.983568549 -0.022946823 0.179070801 -3.888269948 0.017915055 0.999399304 0.029666238 -0.227457009 -0.179643989 -0.025970716 0.983388841 0.655289070
86019267 0.961486680 1.712236721 0.500000000 0.500000000 0.000000000 0.000000000 0.982326269 -0.022674931 0.185798272 -3.564440159 0.017586222 0.999424934 0.028991053 -0.182396001 -0.186348811 -0.025211183 0.982160151 0.641331128
86086000 0.961486680 1.712236721 0.500000000 0.500000000 0.000000000 0.000000000 0.981104791 -0.022413021 0.192174643 -3.270000179 0.017117800 0.999427855 0.029170565 -0.149296011 -0.192718506 -0.025329776 0.980927110 0.710295108
86152733 0.961486680 1.712236721 0.500000000 0.500000000 0.000000000 0.000000000 0.979958653 -0.022694960 0.197903857 -2.970789898 0.017082967 0.999403358 0.030018676 -0.111968997 -0.198467061 -0.026036274 0.979761660 0.718499032
86219467 0.961486680 1.712236721 0.500000000 0.500000000 0.000000000 0.000000000 0.978901446 -0.023377893 0.202991039 -2.681389878 0.017435523 0.999366879 0.031013345 -0.064414291 -0.203587562 -0.026819753 0.978689313 0.724669978
86286200 0.961486680 1.712236721 0.500000000 0.500000000 0.000000000 0.000000000 0.977962375 -0.024641063 0.207321957 -2.394740033 0.018330842 0.999310017 0.032303337 -0.032220316 -0.207974896 -0.027791068 0.977739275 0.725328978
86352933 0.961486680 1.712236721 0.500000000 0.500000000 0.000000000 0.000000000 0.977106690 -0.026114367 0.211141035 -2.098680115 0.019512240 0.999255180 0.033292316 0.023039200 -0.211853191 -0.028410310 0.976888478 0.692823081
86419667 0.961486680 1.712236721 0.500000000 0.500000000 0.000000000 0.000000000 0.976259470 -0.027966347 0.214791298 -1.808289941 0.021116652 0.999194682 0.034119107 0.073453623 -0.215572506 -0.028773425 0.976063788 0.621140002
86486400 0.961486680 1.712236721 0.500000000 0.500000000 0.000000000 0.000000000 0.975312948 -0.029957185 0.218785793 -1.508610053 0.022889102 0.999133170 0.034770001 0.102147998 -0.219637752 -0.028903823 0.975153208 0.508959988
86553133 0.961486680 1.712236721 0.500000000 0.500000000 0.000000000 0.000000000 0.974131465 -0.031856947 0.223725438 -1.198880065 0.024661440 0.999087036 0.034883745 0.130135997 -0.224632472 -0.028463962 0.974027753 0.445154016
86619867 0.961486680 1.712236721 0.500000000 0.500000000 0.000000000 0.000000000 0.972624063 -0.033596087 0.229943052 -0.889087042 0.026324062 0.999053776 0.034621112 0.131287995 -0.230888590 -0.027620295 0.972588062 0.345660986
86686600 0.961486680 1.712236721 0.500000000 0.500000000 0.000000000 0.000000000 0.970846772 -0.035359543 0.237078577 -0.546362976 0.028069125 0.999025643 0.034057356 0.129683005 -0.238051832 -0.026409887 0.970893323 0.289208011
86753333 0.961486680 1.712236721 0.500000000 0.500000000 0.000000000 0.000000000 0.968834400 -0.037125789 0.244911447 -0.164748019 0.029874643 0.999000251 0.033257306 0.117010000 -0.245901302 -0.024904186 0.968974888 0.204219999
86820067 0.961486680 1.712236721 0.500000000 0.500000000 0.000000000 0.000000000 0.966516316 -0.038422942 0.253712356 0.147840006 0.031313010 0.998997092 0.032004252 0.114911996 -0.254687607 -0.022988137 0.966750145 0.104954005
86886800 0.961486680 1.712236721 0.500000000 0.500000000 0.000000000 0.000000000 0.964129686 -0.039907370 0.262414336 0.498875969 0.032912578 0.998977363 0.030998927 0.113402992 -0.263383090 -0.021250248 0.964457214 -0.060154799
86953533 0.961486680 1.712236721 0.500000000 0.500000000 0.000000000 0.000000000 0.961722672 -0.041245908 0.270902872 0.849371079 0.034406736 0.998959064 0.029948886 0.132293005 -0.271856129 -0.019481644 0.962140679 -0.174566991
87020267 0.961486680 1.712236721 0.500000000 0.500000000 0.000000000 0.000000000 0.959306359 -0.042540986 0.279144287 1.174200075 0.035825279 0.998933792 0.029118311 0.139347008 -0.280085385 -0.017932959 0.959807575 -0.285145028
87087000 0.961486680 1.712236721 0.500000000 0.500000000 0.000000000 0.000000000 0.956993520 -0.043628432 0.286809862 1.488509898 0.037052520 0.998911977 0.028318219 0.164971993 -0.287733316 -0.016473319 0.957568884 -0.410946997
87153733 0.961486680 1.712236721 0.500000000 0.500000000 0.000000000 0.000000000 0.954857588 -0.044695042 0.293682128 1.798189774 0.038240142 0.998884916 0.027687430 0.169717979 -0.294592172 -0.015207093 0.955502033 -0.541750006
87220467 0.961486680 1.712236721 0.500000000 0.500000000 0.000000000 0.000000000 0.952956736 -0.046007127 0.299594551 2.118540237 0.039698415 0.998843789 0.027113540 0.187579028 -0.300495595 -0.013944613 0.953681290 -0.651081150
87287200 0.961486680 1.712236721 0.500000000 0.500000000 0.000000000 0.000000000 0.951238871 -0.047369231 0.304796278 2.436489860 0.041146923 0.998793364 0.026809772 0.184157993 -0.305698454 -0.012961062 0.952040136 -0.758262931
87353933 0.961486680 1.712236721 0.500000000 0.500000000 0.000000000 0.000000000 0.949799120 -0.048636831 0.309056908 2.741680234 0.042514704 0.998743892 0.026517166 0.191553037 -0.309958428 -0.012046525 0.950673819 -0.836996180
87420667 0.961486680 1.712236721 0.500000000 0.500000000 0.000000000 0.000000000 0.948532701 -0.049774013 0.312743098 3.024300083 0.043707013 0.998695910 0.026384506 0.190214986 -0.313648492 -0.011357501 0.949471235 -0.961580938
87487400 0.961486680 1.712236721 0.500000000 0.500000000 0.000000000 0.000000000 0.947480023 -0.050724354 0.315766573 3.293709669 0.044664700 0.998653054 0.026402771 0.194761966 -0.316680551 -0.010912468 0.948469460 -1.090750100
87554133 0.961486680 1.712236721 0.500000000 0.500000000 0.000000000 0.000000000 0.946586609 -0.051421575 0.318323106 3.531779791 0.045332663 0.998620093 0.026511814 0.198266976 -0.319247097 -0.010665286 0.947611451 -1.183209761
87620867 0.961486680 1.712236721 0.500000000 0.500000000 0.000000000 0.000000000 0.945857942 -0.051933229 0.320399165 3.764259772 0.045780115 0.998594344 0.026712727 0.208283975 -0.321336091 -0.010598524 0.946905851 -1.291839970
87687600 0.961486680 1.712236721 0.500000000 0.500000000 0.000000000 0.000000000 0.945289373 -0.052481990 0.321983933 3.998880057 0.046265993 0.998566031 0.026932960 0.236852015 -0.322935700 -0.010562545 0.946362019 -1.393720026
87754333 0.961486680 1.712236721 0.500000000 0.500000000 0.000000000 0.000000000 0.944865227 -0.052889943 0.323160082 4.226050342 0.046551973 0.998542309 0.027316207 0.250841025 -0.324133784 -0.010766404 0.945950031 -1.491920323
87821067 0.961486680 1.712236721 0.500000000 0.500000000 0.000000000 0.000000000 0.944547534 -0.053476196 0.323991060 4.447609661 0.046987902 0.998507917 0.027822046 0.255392942 -0.324995458 -0.011055579 0.945650935 -1.582629931
87887800 0.961486680 1.712236721 0.500000000 0.500000000 0.000000000 0.000000000 0.944293082 -0.053941507 0.324655026 4.637879893 0.047333393 0.998480320 0.028223611 0.267539016 -0.325684100 -0.011284336 0.945411325 -1.675310155
87954533 0.961486680 1.712236721 0.500000000 0.500000000 0.000000000 0.000000000 0.944121063 -0.054465476 0.325067520 4.821399909 0.047702637 0.998447895 0.028744414 0.266167002 -0.326128542 -0.011631626 0.945253849 -1.779479637
88021267 0.961486680 1.712236721 0.500000000 0.500000000 0.000000000 0.000000000 0.944022655 -0.054929949 0.325275153 5.004479892 0.048009060 0.998417914 0.029271862 0.261871070 -0.326368421 -0.012017155 0.945166290 -1.901220039
88088000 0.961486680 1.712236721 0.500000000 0.500000000 0.000000000 0.000000000 0.943952620 -0.055475991 0.325385809 5.190820520 0.048355568 0.998381495 0.029936273 0.239181023 -0.326519907 -0.012524215 0.945107341 -2.026599893
88154733 0.961486680 1.712236721 0.500000000 0.500000000 0.000000000 0.000000000 0.943872869 -0.056046192 0.325519174 5.357949921 0.048733551 0.998343527 0.030582134 0.206656968 -0.326693982 -0.013001926 0.945040703 -2.126280022
