https://www.youtube.com/watch?v=d_PX3unvVHs
11945267 0.983675911 1.751751678 0.500000000 0.500000000 0.000000000 0.000000000 0.948942482 0.090275481 -0.302255869 2.515490244 -0.122238517 0.988545299 -0.088520832 0.215588057 0.290802360 0.120948456 0.949107766 0.369138020
12145467 0.983675911 1.751751678 0.500000000 0.500000000 0.000000000 0.000000000 0.940594554 0.098606557 -0.324897885 1.796160002 -0.148015112 0.980270863 -0.130998388 0.198495034 0.305570662 0.171306148 0.936632693 0.168562040
12212200 0.983675911 1.751751678 0.500000000 0.500000000 0.000000000 0.000000000 0.938763797 0.099269986 -0.329951644 1.594220188 -0.154976696 0.976917982 -0.147015259 0.177749060 0.307741523 0.189147398 0.932479799 0.099605146
12278933 0.983675911 1.751751678 0.500000000 0.500000000 0.000000000 0.000000000 0.937477350 0.099557564 -0.333503574 1.402520067 -0.161673382 0.973127544 -0.163965225 0.155546084 0.308217555 0.207632273 0.928380787 0.027154791
12345667 0.983675911 1.751751678 0.500000000 0.500000000 0.000000000 0.000000000 0.936780691 0.100351572 -0.335218668 1.200810061 -0.168517262 0.968964756 -0.180856913 0.124042029 0.306665838 0.225913376 0.924618483 -0.047424073
12412400 0.983675911 1.751751678 0.500000000 0.500000000 0.000000000 0.000000000 0.936777115 0.101019293 -0.335028201 0.991602156 -0.174575746 0.964682639 -0.197258264 0.080084086 0.303268999 0.243274778 0.921328068 -0.119658986
12479133 0.983675911 1.751751678 0.500000000 0.500000000 0.000000000 0.000000000 0.937556565 0.100692540 -0.332939684 0.763012085 -0.179261178 0.960151792 -0.214415580 0.045492569 0.298082650 0.260709852 0.918246865 -0.200946967
12545867 0.983675911 1.751751678 0.500000000 0.500000000 0.000000000 0.000000000 0.938781679 0.101124182 -0.329337180 0.494975053 -0.184054777 0.955308676 -0.231320664 0.015859136 0.291226566 0.277775645 0.915438652 -0.272184057
12612600 0.983675911 1.751751678 0.500000000 0.500000000 0.000000000 0.000000000 0.940390766 0.100742444 -0.324832559 0.202603010 -0.187533244 0.950394332 -0.248157099 -0.027214991 0.283719063 0.294281542 0.912634611 -0.351144017
12679333 0.983675911 1.751751678 0.500000000 0.500000000 0.000000000 0.000000000 0.942456663 0.101406753 -0.318578124 -0.120162983 -0.191308379 0.945042074 -0.265134752 -0.051886774 0.274183273 0.310824692 0.910061181 -0.372569946
12746067 0.983675911 1.751751678 0.500000000 0.500000000 0.000000000 0.000000000 0.944693923 0.103437677 -0.311214000 -0.471098080 -0.195340380 0.939730644 -0.280621618 -0.078104106 0.263430506 0.325894147 0.907963395 -0.437369040
12812800 0.983675911 1.751751678 0.500000000 0.500000000 0.000000000 0.000000000 0.947152436 0.107535943 -0.302222073 -0.860925881 -0.200538531 0.933834434 -0.296205163 -0.070455453 0.250372648 0.341158628 0.906048656 -0.440659882
12879533 0.983675911 1.751751678 0.500000000 0.500000000 0.000000000 0.000000000 0.950103223 0.108252369 -0.292549461 -1.224599838 -0.201951325 0.928238034 -0.312393636 -0.092787930 0.237738147 0.355886966 0.903783679 -0.422023885
12946267 0.983675911 1.751751678 0.500000000 0.500000000 0.000000000 0.000000000 0.952717721 0.108526841 -0.283815086 -1.596900298 -0.202772871 0.922715664 -0.327840209 -0.134561162 0.226301238 0.369889140 0.901093781 -0.411246266
13013000 0.983675911 1.751751678 0.500000000 0.500000000 0.000000000 0.000000000 0.954342544 0.109196417 -0.278040320 -1.959339884 -0.204730153 0.916897178 -0.342615157 -0.163602012 0.217522055 0.383895487 0.897389770 -0.437225049
13079733 0.983675911 1.751751678 0.500000000 0.500000000 0.000000000 0.000000000 0.955097139 0.109158233 -0.275452137 -2.273489629 -0.206378505 0.912143528 -0.354121596 -0.179299050 0.212596595 0.395067960 0.893713593 -0.447510929
13146467 0.983675911 1.751751678 0.500000000 0.500000000 0.000000000 0.000000000 0.955056906 0.108578011 -0.275820851 -2.560839977 -0.207724437 0.908957303 -0.361451477 -0.177668881 0.211463660 0.402501434 0.890660226 -0.492231889
13213200 0.983675911 1.751751678 0.500000000 0.500000000 0.000000000 0.000000000 0.954689801 0.107866816 -0.277366519 -2.850330280 -0.208516568 0.907431781 -0.364812970 -0.179317150 0.212340012 0.406118691 0.888807833 -0.511159171
13279933 0.983675911 1.751751678 0.500000000 0.500000000 0.000000000 0.000000000 0.953922987 0.106985971 -0.280330181 -3.144500258 -0.208876029 0.907501519 -0.364433587 -0.166302101 0.215410799 0.406195819 0.888033330 -0.532771079
13346667 0.983675911 1.751751678 0.500000000 0.500000000 0.000000000 0.000000000 0.952963233 0.104114927 -0.284641981 -3.431989479 -0.207258075 0.909099817 -0.361360580 -0.141210743 0.221144915 0.403357714 0.887917399 -0.559926743
13413400 0.983675911 1.751751678 0.500000000 0.500000000 0.000000000 0.000000000 0.951048672 0.101651907 -0.291844636 -3.714469755 -0.206239641 0.912065506 -0.354403347 -0.107122937 0.230155617 0.397244781 0.888383329 -0.563947766
13480133 0.983675911 1.751751678 0.500000000 0.500000000 0.000000000 0.000000000 0.948486209 0.096533641 -0.301753461 -3.972170011 -0.203079090 0.916295826 -0.345196813 -0.061078680 0.243172348 0.388694257 0.888697922 -0.601265087
