https://www.youtube.com/watch?v=QLW-qc_HOyU
103966667 0.731416173 1.313316456 0.500000000 0.500000000 0.000000000 0.000000000 0.427308798 -0.540072024 0.725071490 4.449136330 0.575121939 0.781169176 0.242918134 -4.192777086 -0.697596729 0.313203812 0.644407988 4.665456524
104033333 0.731416173 1.313316456 0.500000000 0.500000000 0.000000000 0.000000000 0.414450109 -0.550273538 0.724865913 4.083621727 0.587566018 0.770036399 0.248616815 -3.506501740 -0.694980383 0.322867095 0.642463505 4.489101736
104100000 0.731416173 1.313316456 0.500000000 0.500000000 0.000000000 0.000000000 0.405360997 -0.555147469 0.726287484 3.817789225 0.601484120 0.760257602 0.245408133 -2.952969377 -0.688403249 0.337371647 0.642091274 4.150449201
104166667 0.731416173 1.313316456 0.500000000 0.500000000 0.000000000 0.000000000 0.394435346 -0.552175760 0.734522283 3.570351173 0.609515309 0.755395412 0.240559921 -2.476741321 -0.687686145 0.352817059 0.634514093 3.701321293
104233333 0.731416173 1.313316456 0.500000000 0.500000000 0.000000000 0.000000000 0.386981130 -0.547319770 0.742082298 3.352328173 0.613848329 0.753449202 0.235593736 -2.028639030 -0.688066423 0.364355862 0.627542138 3.248588991
104300000 0.731416173 1.313316456 0.500000000 0.500000000 0.000000000 0.000000000 0.378616154 -0.545963705 0.747378290 3.120292538 0.623373568 0.747298777 0.230109215 -1.707391910 -0.684146225 0.378772438 0.623278379 2.781531772
104366667 0.731416173 1.313316456 0.500000000 0.500000000 0.000000000 0.000000000 0.365490913 -0.537321687 0.760066450 2.949637660 0.624749064 0.746916652 0.227604359 -1.391028498 -0.690002978 0.391663879 0.608682752 2.255278344
104433333 0.731416173 1.313316456 0.500000000 0.500000000 0.000000000 0.000000000 0.353541970 -0.535037220 0.767296016 2.748449999 0.633426845 0.740518570 0.224505246 -1.133200158 -0.688315690 0.406653881 0.600711346 1.749259876
104500000 0.731416173 1.313316456 0.500000000 0.500000000 0.000000000 0.000000000 0.352389336 -0.536679864 0.766678095 2.480096992 0.636785269 0.737843871 0.223809287 -0.905360882 -0.685802579 0.409341812 0.601758599 1.251588974
104566667 0.731416173 1.313316456 0.500000000 0.500000000 0.000000000 0.000000000 0.353844047 -0.542811215 0.761675239 2.173257210 0.644239247 0.731820583 0.222247362 -0.714622853 -0.678047895 0.412060738 0.608651161 0.745791215
104633333 0.731416173 1.313316456 0.500000000 0.500000000 0.000000000 0.000000000 0.355101585 -0.544690371 0.759747446 1.900881757 0.643123388 0.732168436 0.224325776 -0.480683344 -0.678451240 0.408952415 0.610296965 0.334752433
104700000 0.731416173 1.313316456 0.500000000 0.500000000 0.000000000 0.000000000 0.349011362 -0.541367710 0.764926136 1.592849806 0.642943561 0.732171118 0.224831134 -0.285905968 -0.681773126 0.413335711 0.603604913 0.029603245
104766667 0.731416173 1.313316456 0.500000000 0.500000000 0.000000000 0.000000000 0.343539834 -0.537047923 0.770428836 1.244690833 0.638887942 0.734919727 0.227410436 -0.125591092 -0.688333690 0.414092779 0.595587373 -0.189898025
104833333 0.731416173 1.313316456 0.500000000 0.500000000 0.000000000 0.000000000 0.342610598 -0.536472619 0.771243513 0.866754256 0.634817183 0.737356782 0.230895400 0.043759727 -0.692550838 0.410490751 0.593187690 -0.361399508
104900000 0.731416173 1.313316456 0.500000000 0.500000000 0.000000000 0.000000000 0.338831186 -0.533506751 0.774960041 0.512488569 0.629755497 0.740558565 0.234479576 0.187039784 -0.698999643 0.408586830 0.586903453 -0.450280611
104966667 0.731416173 1.313316456 0.500000000 0.500000000 0.000000000 0.000000000 0.335998654 -0.528345823 0.779714406 0.166295809 0.624428391 0.744718075 0.235549912 0.301255665 -0.705119193 0.407731831 0.580138803 -0.505659524
105033333 0.731416173 1.313316456 0.500000000 0.500000000 0.000000000 0.000000000 0.333732307 -0.524764419 0.783099949 -0.120160024 0.621919036 0.746852398 0.235432342 0.381306187 -0.708406627 0.408453166 0.575609565 -0.545550239
105100000 0.731416173 1.313316456 0.500000000 0.500000000 0.000000000 0.000000000 0.334555447 -0.517860055 0.787332535 -0.368477600 0.617997766 0.751303911 0.231561422 0.467352413 -0.711442351 0.409100175 0.571389556 -0.592209298
105166667 0.731416173 1.313316456 0.500000000 0.500000000 0.000000000 0.000000000 0.337421656 -0.514379501 0.788391471 -0.608739399 0.617461205 0.753107429 0.227092996 0.517339506 -0.710555553 0.410174668 0.571723819 -0.623770536
105233333 0.731416173 1.313316456 0.500000000 0.500000000 0.000000000 0.000000000 0.339598417 -0.511531591 0.789308488 -0.839139629 0.614589095 0.755936265 0.225478157 0.560794723 -0.712006152 0.408528566 0.571096659 -0.677788774
105300000 0.731416173 1.313316456 0.500000000 0.500000000 0.000000000 0.000000000 0.344288349 -0.508110642 0.789486051 -1.041579057 0.612304211 0.758974314 0.221452639 0.601799497 -0.711722016 0.407162488 0.572424591 -0.754839397
105366667 0.731416173 1.313316456 0.500000000 0.500000000 0.000000000 0.000000000 0.350698888 -0.502803802 0.790062845 -1.248430866 0.609489799 0.763062775 0.215075806 0.622455449 -0.711008489 0.406108081 0.574058831 -0.860145416
105433333 0.731416173 1.313316456 0.500000000 0.500000000 0.000000000 0.000000000 0.358521998 -0.497299075 0.790035844 -1.461221501 0.607235909 0.767017126 0.207242996 0.643068881 -0.709032893 0.405436426 0.576969981 -0.982752903
105500000 0.731416173 1.313316456 0.500000000 0.500000000 0.000000000 0.000000000 0.367933869 -0.490446717 0.789992094 -1.667871408 0.603845477 0.772093534 0.198097467 0.652898927 -0.707104087 0.404145956 0.580233097 -1.104300909
105566667 0.731416173 1.313316456 0.500000000 0.500000000 0.000000000 0.000000000 0.379599690 -0.485170096 0.787726581 -1.900758326 0.599319816 0.777603328 0.190127343 0.708407973 -0.704782903 0.399928302 0.585950375 -1.241959134
105633333 0.731416173 1.313316456 0.500000000 0.500000000 0.000000000 0.000000000 0.392172217 -0.479013681 0.785331309 -2.164796433 0.593608737 0.783961773 0.181747168 0.785651214 -0.702729046 0.394904107 0.591795266 -1.382398175
105700000 0.731416173 1.313316456 0.500000000 0.500000000 0.000000000 0.000000000 0.405702472 -0.472844839 0.782191098 -2.505879292 0.586268306 0.791168332 0.174189448 0.799060450 -0.701209366 0.387904942 0.598193049 -1.533549636
105766667 0.731416173 1.313316456 0.500000000 0.500000000 0.000000000 0.000000000 0.423992276 -0.465715587 0.776749432 -2.888820336 0.582110584 0.797169805 0.160211191 0.864443454 -0.693814099 0.384225667 0.609091759 -1.753950232
105833333 0.731416173 1.313316456 0.500000000 0.500000000 0.000000000 0.000000000 0.447202921 -0.455125421 0.769981325 -3.370532790 0.573738575 0.806384444 0.143416971 0.931426341 -0.686173737 0.377631098 0.621740222 -2.012251285
105900000 0.731416173 1.313316456 0.500000000 0.500000000 0.000000000 0.000000000 0.471130610 -0.443172336 0.762649179 -3.941928276 0.565202713 0.815471113 0.124710023 1.083188964 -0.677186370 0.372296870 0.634675801 -2.290099401
105966667 0.731416173 1.313316456 0.500000000 0.500000000 0.000000000 0.000000000 0.494688869 -0.430219322 0.755112290 -4.578161439 0.557909012 0.823406339 0.103632122 1.092230653 -0.666348815 0.370018154 0.647353113 -2.620620795
106033333 0.731416173 1.313316456 0.500000000 0.500000000 0.000000000 0.000000000 0.519055724 -0.413159996 0.748251796 -5.294773668 0.548203230 0.832564831 0.079430953 1.195361946 -0.655785918 0.368964553 0.658642948 -2.964331770
106100000 0.731416173 1.313316456 0.500000000 0.500000000 0.000000000 0.000000000 0.543971419 -0.400422007 0.737398744 -6.067807636 0.537677646 0.841009617 0.060045525 1.263929060 -0.644202948 0.363819957 0.672783256 -3.335699157
106166667 0.731416173 1.313316456 0.500000000 0.500000000 0.000000000 0.000000000 0.566713333 -0.390179545 0.725668848 -6.849005575 0.528816700 0.847656608 0.042789400 1.351987627 -0.631813467 0.359496772 0.686711967 -3.747978165
