https://www.youtube.com/watch?v=vaT0byPxja8
156556400 0.953820355 1.698584157 0.500000000 0.500000000 0.000000000 0.000000000 0.998043716 -0.005042295 0.062316187 0.819558962 0.004844139 0.999982715 0.003330515 0.108736997 -0.062331900 -0.003022131 0.998050928 6.487319889
156623133 0.953820355 1.698584157 0.500000000 0.500000000 0.000000000 0.000000000 0.997944951 -0.003736621 0.063968420 0.804148073 0.003582129 0.999990404 0.002529648 0.130292997 -0.063977256 -0.002295306 0.997948706 6.095179815
156689867 0.953820355 1.698584157 0.500000000 0.500000000 0.000000000 0.000000000 0.997918785 -0.002430466 0.064437315 0.784636002 0.002316500 0.999995589 0.001843278 0.142014980 -0.064441517 -0.001690172 0.997920036 5.709919735
156756600 0.953820355 1.698584157 0.500000000 0.500000000 0.000000000 0.000000000 0.997872055 -0.001169472 0.065191709 0.755426046 0.001147467 0.999999285 0.000374982 0.132848999 -0.065192096 -0.000299379 0.997872710 5.329980321
156823333 0.953820355 1.698584157 0.500000000 0.500000000 0.000000000 0.000000000 0.997873485 0.000644022 0.065177128 0.703980017 -0.000512994 0.999997795 -0.002027044 0.105393989 -0.065178290 0.001989298 0.997871637 4.928059900
156890067 0.953820355 1.698584157 0.500000000 0.500000000 0.000000000 0.000000000 0.997856498 0.002395661 0.065396093 0.649605980 -0.002065573 0.999984801 -0.005114663 0.058777896 -0.065407358 0.004968619 0.997846305 4.495970274
156956800 0.953820355 1.698584157 0.500000000 0.500000000 0.000000000 0.000000000 0.997894466 0.003698028 0.064752974 0.597968965 -0.003179810 0.999962091 -0.008104225 0.013504899 -0.064780496 0.007881259 0.997868419 4.068999643
157023533 0.953820355 1.698584157 0.500000000 0.500000000 0.000000000 0.000000000 0.997922242 0.005518299 0.064192906 0.562482971 -0.004698901 0.999905646 -0.012908602 -0.006099998 -0.064258084 0.012580145 0.997853994 3.715329463
157090267 0.953820355 1.698584157 0.500000000 0.500000000 0.000000000 0.000000000 0.998002827 0.006979598 0.062782802 0.526947997 -0.005877562 0.999825716 -0.017720731 -0.043813197 -0.062895544 0.017316328 0.997869849 3.306509594
157157000 0.953820355 1.698584157 0.500000000 0.500000000 0.000000000 0.000000000 0.998070657 0.007786931 0.061598085 0.495213002 -0.006405329 0.999724150 -0.022595072 -0.076052200 -0.061757043 0.022156922 0.997845232 2.961469973
157223733 0.953820355 1.698584157 0.500000000 0.500000000 0.000000000 0.000000000 0.998150468 0.009217171 0.060089368 0.448341029 -0.007510966 0.999563873 -0.028558729 -0.095783795 -0.060326394 0.028054578 0.997784376 2.635440099
157290467 0.953820355 1.698584157 0.500000000 0.500000000 0.000000000 0.000000000 0.998306394 0.010338082 0.057248808 0.417574986 -0.008316849 0.999337435 -0.035432532 -0.124979997 -0.057577185 0.034896396 0.997730970 2.277270091
157357200 0.953820355 1.698584157 0.500000000 0.500000000 0.000000000 0.000000000 0.998432159 0.010629277 0.054956306 0.367311015 -0.008328770 0.999086201 -0.041921537 -0.150427992 -0.055351678 0.041398097 0.997608364 1.945080185
157423933 0.953820355 1.698584157 0.500000000 0.500000000 0.000000000 0.000000000 0.998582423 0.011796967 0.051903799 0.322970998 -0.009177753 0.998686194 -0.050414946 -0.171162992 -0.052430354 0.049867120 0.997378707 1.623249949
157490667 0.953820355 1.698584157 0.500000000 0.500000000 0.000000000 0.000000000 0.998803139 0.011080198 0.047639210 0.266999974 -0.008220512 0.998175919 -0.059810244 -0.181443001 -0.048215020 0.059347041 0.997072339 1.226649958
157557400 0.953820355 1.698584157 0.500000000 0.500000000 0.000000000 0.000000000 0.999057412 0.010634142 0.042086281 0.187661006 -0.007718767 0.997598052 -0.068837330 -0.178445992 -0.042717218 0.068447590 0.996739745 0.838048947
157624133 0.953820355 1.698584157 0.500000000 0.500000000 0.000000000 0.000000000 0.999447286 0.009575199 0.031833913 0.128673991 -0.007017727 0.996810138 -0.079500429 -0.120126010 -0.032493602 0.079233088 0.996326387 0.514856019
157690867 0.953820355 1.698584157 0.500000000 0.500000000 0.000000000 0.000000000 0.999805152 0.007066105 0.018430943 0.078709197 -0.005454835 0.996275723 -0.086051926 -0.031117601 -0.018970354 0.085934624 0.996120155 0.122446005
157757600 0.953820355 1.698584157 0.500000000 0.500000000 0.000000000 0.000000000 0.999988735 0.004524382 0.001433405 0.032015201 -0.004382313 0.996188521 -0.087116443 0.080676898 -0.001822090 0.087109186 0.996197104 -0.185875990
157824333 0.953820355 1.698584157 0.500000000 0.500000000 0.000000000 0.000000000 0.999933243 0.002429025 -0.011297032 -0.010033602 -0.003391201 0.996293902 -0.085947372 0.180361992 0.011046397 0.085979946 0.996235609 -0.573496923
157891067 0.953820355 1.698584157 0.500000000 0.500000000 0.000000000 0.000000000 0.999861419 0.000899697 -0.016622651 -0.033783998 -0.002292794 0.996464849 -0.083979301 0.280819983 0.016488332 0.084005781 0.996328831 -0.899816910
157957800 0.953820355 1.698584157 0.500000000 0.500000000 0.000000000 0.000000000 0.999882877 -0.004862227 -0.014511206 -0.063742498 0.003691328 0.996815860 -0.079652272 0.339701024 0.014852288 0.079589374 0.996717095 -1.173190172
158024533 0.953820355 1.698584157 0.500000000 0.500000000 0.000000000 0.000000000 0.999888837 -0.011291767 -0.009734501 -0.103533987 0.010498968 0.996900678 -0.077966996 0.392587032 0.010584715 0.077856131 0.996908426 -1.493840042
158091267 0.953820355 1.698584157 0.500000000 0.500000000 0.000000000 0.000000000 0.999831200 -0.018128680 -0.002980457 -0.158880992 0.017843531 0.996837020 -0.077443890 0.415709989 0.004374986 0.077377640 0.996992230 -1.792379920
158158000 0.953820355 1.698584157 0.500000000 0.500000000 0.000000000 0.000000000 0.999631464 -0.025799926 0.008446443 -0.232342018 0.026368164 0.996756673 -0.076031730 0.400976966 -0.006457436 0.076226428 0.997069597 -2.083349989
158224733 0.953820355 1.698584157 0.500000000 0.500000000 0.000000000 0.000000000 0.999110460 -0.032140270 0.027299993 -0.339931028 0.034158289 0.996446550 -0.076990500 0.381424034 -0.024728484 0.077854529 0.996658027 -2.332530139
158291467 0.953820355 1.698584157 0.500000000 0.500000000 0.000000000 0.000000000 0.997805119 -0.038997650 0.053517424 -0.475112988 0.043137096 0.995979786 -0.078508049 0.336633987 -0.050240643 0.080644324 0.995475948 -2.643330062
158358200 0.953820355 1.698584157 0.500000000 0.500000000 0.000000000 0.000000000 0.995179474 -0.044676438 0.087303184 -0.655055950 0.051752128 0.995406926 -0.080540210 0.279032970 -0.083303951 0.084670097 0.992920637 -2.950519877
158424933 0.953820355 1.698584157 0.500000000 0.500000000 0.000000000 0.000000000 0.991064370 -0.048976496 0.124067239 -0.864112054 0.059806854 0.994573355 -0.085128978 0.235991951 -0.119224645 0.091788381 0.988615394 -3.220070069
158491667 0.953820355 1.698584157 0.500000000 0.500000000 0.000000000 0.000000000 0.985219121 -0.052754119 0.162973136 -1.104970015 0.068097629 0.993607283 -0.090040743 0.194738005 -0.157181263 0.099807948 0.982513309 -3.484339807
158558400 0.953820355 1.698584157 0.500000000 0.500000000 0.000000000 0.000000000 0.977988839 -0.057191152 0.200666443 -1.326050114 0.077670261 0.992374480 -0.095709197 0.145961101 -0.193662539 0.109188326 0.974973202 -3.729840225
158625133 0.953820355 1.698584157 0.500000000 0.500000000 0.000000000 0.000000000 0.969095469 -0.059969194 0.239285693 -1.553040120 0.086733885 0.990899801 -0.102931067 0.116244911 -0.230935439 0.120504215 0.965477884 -3.905929978
158691867 0.953820355 1.698584157 0.500000000 0.500000000 0.000000000 0.000000000 0.958804429 -0.062891699 0.277017415 -1.754330108 0.096961595 0.989073515 -0.111049563 0.100112851 -0.267006457 0.133334890 0.954426169 -4.068439932
158758600 0.953820355 1.698584157 0.500000000 0.500000000 0.000000000 0.000000000 0.947838187 -0.064735562 0.312108964 -1.922649938 0.106581405 0.987166405 -0.118923619 0.107383797 -0.300404876 0.145985380 0.942573667 -4.196669596
158825333 0.953820355 1.698584157 0.500000000 0.500000000 0.000000000 0.000000000 0.936099708 -0.066119954 0.345464289 -2.090990152 0.116720960 0.984911621 -0.127770618 0.130548239 -0.331803620 0.159928933 0.929693043 -4.338090326
158892067 0.953820355 1.698584157 0.500000000 0.500000000 0.000000000 0.000000000 0.924769759 -0.066831633 0.374612510 -2.215250029 0.126225814 0.982592463 -0.136305109 0.158438260 -0.358981967 0.173336580 0.917107701 -4.484720686
158958800 0.953820355 1.698584157 0.500000000 0.500000000 0.000000000 0.000000000 0.912846446 -0.066346705 0.402876586 -2.343089937 0.134685263 0.980410874 -0.143716335 0.190721084 -0.385449499 0.185452461 0.903900504 -4.629579697
159025533 0.953820355 1.698584157 0.500000000 0.500000000 0.000000000 0.000000000 0.900593042 -0.065311536 0.429728627 -2.463550354 0.142726406 0.978262901 -0.150435880 0.233917300 -0.410562396 0.196815088 0.890338421 -4.753301001
