https://www.youtube.com/watch?v=jot2pxcAPC0
163000000 0.760201418 1.351931287 0.500000000 0.500000000 0.000000000 0.000000000 0.999857485 0.006493936 0.015581742 1.070099900 -0.006625873 0.999942482 0.008430737 0.309638974 -0.015526097 -0.008532778 0.999843061 -4.384600046
163080000 0.760201418 1.351931287 0.500000000 0.500000000 0.000000000 0.000000000 0.999847293 0.006442925 0.016245659 1.117600030 -0.006586890 0.999939382 0.008823845 0.227997010 -0.016187824 -0.008929505 0.999829113 -4.190880068
163160000 0.760201418 1.351931287 0.500000000 0.500000000 0.000000000 0.000000000 0.999834120 0.006509167 0.017010959 1.165810084 -0.006657162 0.999940336 0.008657911 0.159572994 -0.016953589 -0.008769720 0.999817789 -3.982299752
163240000 0.760201418 1.351931287 0.500000000 0.500000000 0.000000000 0.000000000 0.999817312 0.006593596 0.017941695 1.214510018 -0.006755457 0.999936879 0.008975890 0.082874394 -0.017881379 -0.009095456 0.999798715 -3.767060010
163320000 0.760201418 1.351931287 0.500000000 0.500000000 0.000000000 0.000000000 0.999807537 0.006713837 0.018435333 1.265730058 -0.006881800 0.999935269 0.009062660 0.001692976 -0.018373296 -0.009187783 0.999789000 -3.539799969
163400000 0.760201418 1.351931287 0.500000000 0.500000000 0.000000000 0.000000000 0.999801040 0.006371390 0.018901825 1.311170064 -0.006547822 0.999935448 0.009286991 -0.094311999 -0.018841434 -0.009408909 0.999778211 -3.309940084
163480000 0.760201418 1.351931287 0.500000000 0.500000000 0.000000000 0.000000000 0.999786139 0.006383081 0.019671420 1.351430135 -0.006569277 0.999934077 0.009415237 -0.195801000 -0.019610023 -0.009542450 0.999762177 -3.086289712
163560000 0.760201418 1.351931287 0.500000000 0.500000000 0.000000000 0.000000000 0.999766529 0.007032788 0.020430323 1.396639940 -0.007225894 0.999929786 0.009393540 -0.295537002 -0.020362824 -0.009538976 0.999747157 -2.872340148
163640000 0.760201418 1.351931287 0.500000000 0.500000000 0.000000000 0.000000000 0.999676585 0.008082459 0.024111684 1.431139843 -0.008319175 0.999918044 0.009733344 -0.396886022 -0.024031039 -0.009930787 0.999661863 -2.668019849
163720000 0.760201418 1.351931287 0.500000000 0.500000000 0.000000000 0.000000000 0.999469399 0.009188019 0.031249911 1.454190041 -0.009498192 0.999906957 0.009791668 -0.492103036 -0.031157035 -0.010083289 0.999463618 -2.481969860
163800000 0.760201418 1.351931287 0.500000000 0.500000000 0.000000000 0.000000000 0.999093771 0.009665526 0.041451681 1.461240129 -0.010073116 0.999902844 0.009635299 -0.576894012 -0.041354526 -0.010044115 0.999094069 -2.302089959
163880000 0.760201418 1.351931287 0.500000000 0.500000000 0.000000000 0.000000000 0.998484194 0.010867151 0.053955879 1.468469981 -0.011403137 0.999888539 0.009635883 -0.656515000 -0.053845149 -0.010236544 0.998496830 -2.135779994
163960000 0.760201418 1.351931287 0.500000000 0.500000000 0.000000000 0.000000000 0.997521758 0.012082377 0.069313660 1.467339931 -0.012807178 0.999867737 0.010022002 -0.724340048 -0.069183409 -0.010884876 0.997544587 -1.969950013
164040000 0.760201418 1.351931287 0.500000000 0.500000000 0.000000000 0.000000000 0.996138692 0.013676481 0.086721517 1.470739833 -0.014594866 0.999843836 0.009964837 -0.780433000 -0.086571686 -0.011192050 0.996182740 -1.809599949
164120000 0.760201418 1.351931287 0.500000000 0.500000000 0.000000000 0.000000000 0.994344532 0.014731153 0.105175838 1.484860001 -0.015809292 0.999830604 0.009424464 -0.823034979 -0.105019182 -0.011033920 0.994408965 -1.638210077
164200000 0.760201418 1.351931287 0.500000000 0.500000000 0.000000000 0.000000000 0.992369473 0.015444746 0.122328646 1.510709987 -0.016712574 0.999816656 0.009344772 -0.874680932 -0.122161888 -0.011317895 0.992445648 -1.459609972
164280000 0.760201418 1.351931287 0.500000000 0.500000000 0.000000000 0.000000000 0.990279138 0.015984276 0.138172865 1.534919965 -0.017363513 0.999810696 0.008782271 -0.924116061 -0.138006330 -0.011096068 0.990369201 -1.288980131
164360000 0.760201418 1.351931287 0.500000000 0.500000000 0.000000000 0.000000000 0.988511443 0.016088035 0.150287479 1.582270050 -0.017554961 0.999810278 0.008439148 -0.978333036 -0.150123209 -0.010980485 0.988606334 -1.131860081
164440000 0.760201418 1.351931287 0.500000000 0.500000000 0.000000000 0.000000000 0.986788571 0.016240196 0.161197484 1.632070065 -0.017863849 0.999803185 0.008628194 -1.033480036 -0.161025643 -0.011393811 0.986884475 -0.985064169
164520000 0.760201418 1.351931287 0.500000000 0.500000000 0.000000000 0.000000000 0.985112786 0.016004715 0.171162695 1.702770039 -0.017737705 0.999805689 0.008600195 -1.078100035 -0.170991778 -0.011508198 0.985205233 -0.848164907
164600000 0.760201418 1.351931287 0.500000000 0.500000000 0.000000000 0.000000000 0.984076858 0.015037786 0.177106276 1.774970140 -0.016944591 0.999813557 0.009258833 -1.130409850 -0.176934019 -0.012112396 0.984148204 -0.703714057
164680000 0.760201418 1.351931287 0.500000000 0.500000000 0.000000000 0.000000000 0.983929098 0.014649313 0.177957565 1.893900051 -0.016607944 0.999816716 0.009521437 -1.168190033 -0.177785456 -0.012323928 0.983992100 -0.565650943
164760000 0.760201418 1.351931287 0.500000000 0.500000000 0.000000000 0.000000000 0.983695269 0.014523339 0.179255947 2.023120062 -0.016487503 0.999819219 0.009472311 -1.199630112 -0.179085955 -0.012273347 0.983756900 -0.417442007
164840000 0.760201418 1.351931287 0.500000000 0.500000000 0.000000000 0.000000000 0.983553112 0.014361296 0.180047303 2.176700067 -0.016360231 0.999819875 0.009622168 -1.236070068 -0.179876685 -0.012409531 0.983610868 -0.267019968
164920000 0.760201418 1.351931287 0.500000000 0.500000000 0.000000000 0.000000000 0.983429849 0.014447273 0.180712551 2.339400124 -0.016517607 0.999813974 0.009956808 -1.279539783 -0.180535078 -0.012776763 0.983485520 -0.126355013
165000000 0.760201418 1.351931287 0.500000000 0.500000000 0.000000000 0.000000000 0.983278215 0.013970128 0.181573004 2.507040140 -0.016035842 0.999822259 0.009913649 -1.319859879 -0.181402236 -0.012659550 0.983327508 0.000841373
165080000 0.760201418 1.351931287 0.500000000 0.500000000 0.000000000 0.000000000 0.983195782 0.013758356 0.182035133 2.673899990 -0.015782425 0.999828637 0.009675154 -1.352279996 -0.181870833 -0.012385525 0.983244419 0.122197930
165160000 0.760201418 1.351931287 0.500000000 0.500000000 0.000000000 0.000000000 0.983089864 0.014003107 0.182587594 2.823409881 -0.016046695 0.999823987 0.009719728 -1.381880084 -0.182419360 -0.012485292 0.983141541 0.238393999
165240000 0.760201418 1.351931287 0.500000000 0.500000000 0.000000000 0.000000000 0.983072877 0.013726482 0.182699814 2.962829705 -0.015719898 0.999831617 0.009467073 -1.390869911 -0.182539091 -0.012178848 0.983123124 0.352782098
165320000 0.760201418 1.351931287 0.500000000 0.500000000 0.000000000 0.000000000 0.983067513 0.013531555 0.182743326 3.081559755 -0.015515183 0.999835193 0.009429331 -1.380770001 -0.182585612 -0.012104967 0.983115435 0.473538031
165400000 0.760201418 1.351931287 0.500000000 0.500000000 0.000000000 0.000000000 0.983029127 0.013602758 0.182944685 3.174619942 -0.015562490 0.999835849 0.009280710 -1.361549979 -0.182788402 -0.011970283 0.983079433 0.602301193
165480000 0.760201418 1.351931287 0.500000000 0.500000000 0.000000000 0.000000000 0.982973874 0.013832844 0.183224007 3.247830122 -0.015750863 0.999835312 0.009016954 -1.339910096 -0.183069095 -0.011749365 0.983029842 0.733889044
165560000 0.760201418 1.351931287 0.500000000 0.500000000 0.000000000 0.000000000 0.982875407 0.014137678 0.183728188 3.299840088 -0.016028207 0.999832749 0.008808750 -1.320640007 -0.183572918 -0.011602740 0.982937574 0.860999886
165640000 0.760201418 1.351931287 0.500000000 0.500000000 0.000000000 0.000000000 0.982789457 0.014190744 0.184183359 3.331490103 -0.016043644 0.999834538 0.008573672 -1.307189905 -0.184031218 -0.011381090 0.982854486 0.991482979
165720000 0.760201418 1.351931287 0.500000000 0.500000000 0.000000000 0.000000000 0.982698739 0.014504109 0.184642300 3.343709893 -0.016335884 0.999831259 0.008403230 -1.299010011 -0.184489265 -0.011274139 0.982769847 1.128519915
165800000 0.760201418 1.351931287 0.500000000 0.500000000 0.000000000 0.000000000 0.982582688 0.014626831 0.185249314 3.331989908 -0.016420987 0.999831915 0.008154431 -1.296780101 -0.185098901 -0.011054382 0.982657731 1.271870081
165880000 0.760201418 1.351931287 0.500000000 0.500000000 0.000000000 0.000000000 0.982463062 0.014705169 0.185876653 3.290669946 -0.016467825 0.999832869 0.007942467 -1.296950039 -0.185728773 -0.010864164 0.982540965 1.413709916
165960000 0.760201418 1.351931287 0.500000000 0.500000000 0.000000000 0.000000000 0.982376516 0.015106817 0.186301246 3.228209941 -0.016879708 0.999826074 0.007933594 -1.300230106 -0.186148986 -0.010938488 0.982460618 1.549349878
166040000 0.760201418 1.351931287 0.500000000 0.500000000 0.000000000 0.000000000 0.982258618 0.015377464 0.186899930 3.144470011 -0.017149707 0.999821961 0.007869044 -1.301019920 -0.186745644 -0.010934712 0.982347429 1.676270041
166120000 0.760201418 1.351931287 0.500000000 0.500000000 0.000000000 0.000000000 0.982130766 0.015633715 0.187549323 3.046260117 -0.017384434 0.999819279 0.007693436 -1.303519957 -0.187395155 -0.010816397 0.982225060 1.789949939
166200000 0.760201418 1.351931287 0.500000000 0.500000000 0.000000000 0.000000000 0.982010067 0.015880827 0.188159600 2.936280008 -0.017598029 0.999817312 0.007459173 -1.308649951 -0.188006774 -0.010636222 0.982110143 1.887150239
166280000 0.760201418 1.351931287 0.500000000 0.500000000 0.000000000 0.000000000 0.981920063 0.016220799 0.188599750 2.816009901 -0.017911972 0.999813139 0.007265966 -1.313289915 -0.188446656 -0.010512790 0.982027173 1.959149963
166360000 0.760201418 1.351931287 0.500000000 0.500000000 0.000000000 0.000000000 0.982017517 0.016490245 0.188068330 2.690399816 -0.018115005 0.999811947 0.006923597 -1.310309964 -0.187918782 -0.010205952 0.982131541 2.009409909
166440000 0.760201418 1.351931287 0.500000000 0.500000000 0.000000000 0.000000000 0.982615173 0.015946716 0.184967875 2.553739956 -0.017370563 0.999830663 0.006079779 -1.297600035 -0.184839606 -0.009187079 0.982725739 2.044090159
166520000 0.760201418 1.351931287 0.500000000 0.500000000 0.000000000 0.000000000 0.984028816 0.015180154 0.177360803 2.405549912 -0.016336283 0.999853730 0.005059962 -1.283979998 -0.177258044 -0.007876565 0.984132886 2.055799869
166600000 0.760201418 1.351931287 0.500000000 0.500000000 0.000000000 0.000000000 0.985876620 0.014640945 0.166832045 2.256330006 -0.015524459 0.999871492 0.003992856 -1.250470011 -0.166752145 -0.006526443 0.985977232 2.043769968
166680000 0.760201418 1.351931287 0.500000000 0.500000000 0.000000000 0.000000000 0.987972558 0.013676886 0.154023111 2.104989942 -0.014316207 0.999892890 0.003042386 -1.180099977 -0.153964996 -0.005210823 0.988062561 2.012759975
166760000 0.760201418 1.351931287 0.500000000 0.500000000 0.000000000 0.000000000 0.989979684 0.013162721 0.140595257 1.940510174 -0.013588471 0.999905527 0.002068588 -1.085029898 -0.140554756 -0.003958333 0.990064979 1.953999868
166840000 0.760201418 1.351931287 0.500000000 0.500000000 0.000000000 0.000000000 0.991817296 0.012464808 0.127055570 1.777250115 -0.012644941 0.999919891 0.000611240 -0.954944102 -0.127037778 -0.002212849 0.991895437 1.874400204
166920000 0.760201418 1.351931287 0.500000000 0.500000000 0.000000000 0.000000000 0.993477643 0.011268634 0.113468908 1.632189959 -0.011143051 0.999936402 -0.001740961 -0.788242983 -0.113481306 0.000465216 0.993540049 1.768070113
167000000 0.760201418 1.351931287 0.500000000 0.500000000 0.000000000 0.000000000 0.994877279 0.010438253 0.100549571 1.494699902 -0.010006621 0.999938428 -0.004796142 -0.593291985 -0.100593440 0.003765411 0.994920492 1.646680035
167080000 0.760201418 1.351931287 0.500000000 0.500000000 0.000000000 0.000000000 0.996044874 0.009605625 0.088330701 1.377769833 -0.008942443 0.999928832 -0.007900602 -0.389378032 -0.088400304 0.007079463 0.996059895 1.501289940
167160000 0.760201418 1.351931287 0.500000000 0.500000000 0.000000000 0.000000000 0.997011423 0.009247699 0.076698653 1.276769966 -0.008420148 0.999902844 -0.011106012 -0.166947980 -0.076793902 0.010427007 0.996992469 1.355940022
167240000 0.760201418 1.351931287 0.500000000 0.500000000 0.000000000 0.000000000 0.997823715 0.008561071 0.065379657 1.196849859 -0.007696842 0.999879777 -0.013459083 0.073636700 -0.065487020 0.012926575 0.997769713 1.197540114
167320000 0.760201418 1.351931287 0.500000000 0.500000000 0.000000000 0.000000000 0.998384476 0.008973437 0.056105830 1.101269892 -0.008160352 0.999858558 -0.014704357 0.320913996 -0.056229845 0.014222759 0.998316526 1.088819980
167400000 0.760201418 1.351931287 0.500000000 0.500000000 0.000000000 0.000000000 0.998910069 0.008268422 0.045938388 1.019950075 -0.007506934 0.999831975 -0.016724141 0.580811099 -0.046068951 0.016361056 0.998804271 0.999725940
167480000 0.760201418 1.351931287 0.500000000 0.500000000 0.000000000 0.000000000 0.999265194 0.008712073 0.037325099 0.917060940 -0.008052110 0.999809206 -0.017795477 0.810953014 -0.037473015 0.017481856 0.999144733 0.934060009
167560000 0.760201418 1.351931287 0.500000000 0.500000000 0.000000000 0.000000000 0.999538302 0.008712197 0.029107980 0.817237014 -0.008171417 0.999792755 -0.018646022 1.017789970 -0.029264394 0.018399561 0.999402344 0.885415921
167640000 0.760201418 1.351931287 0.500000000 0.500000000 0.000000000 0.000000000 0.999739468 0.008524445 0.021173954 0.710305968 -0.008119467 0.999783874 -0.019139139 1.198340128 -0.021332528 0.018962232 0.999592602 0.843397946
167720000 0.760201418 1.351931287 0.500000000 0.500000000 0.000000000 0.000000000 0.999867439 0.008713906 0.013755672 0.601686056 -0.008437990 0.999764562 -0.019990485 1.335630097 -0.013926629 0.019871764 0.999705553 0.803746971
167800000 0.760201418 1.351931287 0.500000000 0.500000000 0.000000000 0.000000000 0.999910593 0.008715859 0.010140181 0.476781987 -0.008477874 0.999693036 -0.023280332 1.460510016 -0.010339975 0.023192285 0.999677539 0.774524966
167880000 0.760201418 1.351931287 0.500000000 0.500000000 0.000000000 0.000000000 0.999910712 0.009134014 0.009751720 0.318200996 -0.008845667 0.999534070 -0.029213270 1.531919899 -0.010014011 0.029124403 0.999525607 0.720059937
167960000 0.760201418 1.351931287 0.500000000 0.500000000 0.000000000 0.000000000 0.999899328 0.009645437 0.010406457 0.126511998 -0.009261909 0.999298215 -0.036293969 1.593129824 -0.010749225 0.036193930 0.999286950 0.639059970
168040000 0.760201418 1.351931287 0.500000000 0.500000000 0.000000000 0.000000000 0.999895990 0.010183756 0.010212616 -0.084704406 -0.009755515 0.999105752 -0.041140214 1.637379942 -0.010622445 0.041036308 0.999101162 0.535111028
168120000 0.760201418 1.351931287 0.500000000 0.500000000 0.000000000 0.000000000 0.999884844 0.010493528 0.010962561 -0.323696982 -0.009994276 0.998952925 -0.044644397 1.669429935 -0.011419559 0.044529695 0.998942792 0.440698000
168200000 0.760201418 1.351931287 0.500000000 0.500000000 0.000000000 0.000000000 0.999869645 0.011443419 0.011388000 -0.580846005 -0.010895075 0.998830736 -0.047100767 1.674410111 -0.011913678 0.046970554 0.998825252 0.351184007
168280000 0.760201418 1.351931287 0.500000000 0.500000000 0.000000000 0.000000000 0.999864995 0.011412635 0.011821779 -0.832629040 -0.010804106 0.998674750 -0.050319064 1.683189961 -0.012380387 0.050184544 0.998663247 0.273624012
168360000 0.760201418 1.351931287 0.500000000 0.500000000 0.000000000 0.000000000 0.999851167 0.011821319 0.012568039 -1.073280021 -0.011154226 0.998590767 -0.051885221 1.676310028 -0.013163679 0.051737312 0.998573959 0.177319021
168440000 0.760201418 1.351931287 0.500000000 0.500000000 0.000000000 0.000000000 0.999845982 0.011704240 0.013076633 -1.302639905 -0.011000559 0.998552620 -0.052646182 1.660969866 -0.013673890 0.052494228 0.998527586 0.074756498
168520000 0.760201418 1.351931287 0.500000000 0.500000000 0.000000000 0.000000000 0.999841213 0.011648818 0.013484693 -1.517809962 -0.010920701 0.998541951 -0.052864939 1.630710124 -0.014080846 0.052709281 0.998510599 -0.031288587
168600000 0.760201418 1.351931287 0.500000000 0.500000000 0.000000000 0.000000000 0.999837518 0.011745503 0.013674758 -1.710910009 -0.011009406 0.998548985 -0.052713379 1.593000041 -0.014274061 0.052554265 0.998516023 -0.132199010
168680000 0.760201418 1.351931287 0.500000000 0.500000000 0.000000000 0.000000000 0.999839008 0.011429091 0.013830302 -1.899979867 -0.010682243 0.998541594 -0.052919909 1.559450024 -0.014414959 0.052763656 0.998502970 -0.225768986
168760000 0.760201418 1.351931287 0.500000000 0.500000000 0.000000000 0.000000000 0.999858201 0.011403398 0.012390995 -2.090180040 -0.010732397 0.998540461 -0.052931886 1.514060098 -0.012976514 0.052791398 0.998521268 -0.318767989
168840000 0.760201418 1.351931287 0.500000000 0.500000000 0.000000000 0.000000000 0.999892890 0.010910050 0.009757962 -2.287010245 -0.010377579 0.998538077 -0.053047236 1.459060023 -0.010322444 0.052940290 0.998544335 -0.424928997
168920000 0.760201418 1.351931287 0.500000000 0.500000000 0.000000000 0.000000000 0.999951780 0.009786477 0.000820877 -2.492590002 -0.009728638 0.998523951 -0.053434961 1.404070029 -0.001342605 0.053424396 0.998570979 -0.560770013
169000000 0.760201418 1.351931287 0.500000000 0.500000000 0.000000000 0.000000000 0.999891877 0.008237752 -0.012179461 -2.705069789 -0.008884356 0.998500049 -0.054025359 1.354640081 0.011716145 0.054127723 0.998465300 -0.703046049
169080000 0.760201418 1.351931287 0.500000000 0.500000000 0.000000000 0.000000000 0.999586642 0.006974264 -0.027891861 -2.924260090 -0.008481487 0.998489201 -0.054290146 1.302849992 0.027471086 0.054504268 0.998135567 -0.866850026
169160000 0.760201418 1.351931287 0.500000000 0.500000000 0.000000000 0.000000000 0.998887599 0.004572660 -0.046932347 -3.126890090 -0.007134531 0.998484731 -0.054564983 1.256919963 0.046611726 0.054839127 0.997406662 -1.041320071
169240000 0.760201418 1.351931287 0.500000000 0.500000000 0.000000000 0.000000000 0.997618079 0.002693038 -0.068927005 -3.326670044 -0.006462632 0.998491466 -0.054525319 1.207370021 0.068676189 0.054840896 0.996130526 -1.205440026
169320000 0.760201418 1.351931287 0.500000000 0.500000000 0.000000000 0.000000000 0.995655835 0.000477911 -0.093108833 -3.512860014 -0.005604519 0.998481274 -0.054806657 1.168490090 0.092941225 0.055090398 0.994146347 -1.347769850
169400000 0.760201418 1.351931287 0.500000000 0.500000000 0.000000000 0.000000000 0.992864728 -0.000902580 -0.119242653 -3.670819994 -0.005660741 0.998487234 -0.054691501 1.128579830 0.119111627 0.054976262 0.991357684 -1.492530029
169480000 0.760201418 1.351931287 0.500000000 0.500000000 0.000000000 0.000000000 0.989370406 -0.002680980 -0.145392790 -3.838010051 -0.005328948 0.998490036 -0.054674231 1.087120128 0.145319834 0.054867856 0.987862170 -1.624530061
169560000 0.760201418 1.351931287 0.500000000 0.500000000 0.000000000 0.000000000 0.985182583 -0.004813524 -0.171441138 -4.003899947 -0.004641063 0.998491824 -0.054704227 1.041370016 0.171445906 0.054689318 0.983674407 -1.770079944
