https://www.youtube.com/watch?v=3ZNzTa6JnWc
11745067 0.785162526 1.400289787 0.500000000 0.500000000 0.000000000 0.000000000 0.999031186 -0.000891199 0.043998323 -2.273940155 0.000065808 0.999824047 0.018757490 -0.986027953 -0.044007301 -0.018736424 0.998855472 6.127279846
11811800 0.785162526 1.400289787 0.500000000 0.500000000 0.000000000 0.000000000 0.998853564 -0.003555247 0.047738183 -2.173530180 0.002844303 0.999884188 0.014952249 -0.992335127 -0.047785815 -0.014799326 0.998747945 6.012759978
11878533 0.785162526 1.400289787 0.500000000 0.500000000 0.000000000 0.000000000 0.998596966 -0.008854934 0.052208375 -2.082150076 0.008395075 0.999924064 0.009020858 -1.011600081 -0.052284289 -0.008569908 0.998595476 5.879640360
11945267 0.785162526 1.400289787 0.500000000 0.500000000 0.000000000 0.000000000 0.998289227 -0.015267519 0.056440685 -2.024270217 0.014865637 0.999861121 0.007533471 -1.002730070 -0.056547862 -0.006681557 0.998377562 5.734710761
12012000 0.785162526 1.400289787 0.500000000 0.500000000 0.000000000 0.000000000 0.998090148 -0.019450966 0.058631770 -1.964470024 0.019011728 0.999786913 0.008040057 -0.995101887 -0.058775663 -0.006910009 0.998247325 5.602009681
12078733 0.785162526 1.400289787 0.500000000 0.500000000 0.000000000 0.000000000 0.998019338 -0.022257663 0.058838874 -1.913530128 0.021885853 0.999736249 0.006956124 -0.995363968 -0.058978185 -0.005654608 0.998243272 5.450350192
12145467 0.785162526 1.400289787 0.500000000 0.500000000 0.000000000 0.000000000 0.997803867 -0.024078572 0.061705962 -1.813880011 0.023707336 0.999696195 0.006741418 -0.994156937 -0.061849542 -0.005263727 0.998071611 5.309510719
12212200 0.785162526 1.400289787 0.500000000 0.500000000 0.000000000 0.000000000 0.997215629 -0.024437424 0.070454538 -1.746810100 0.024039019 0.999689937 0.006497262 -0.955853077 -0.070591465 -0.004785514 0.997493863 5.097560085
12278933 0.785162526 1.400289787 0.500000000 0.500000000 0.000000000 0.000000000 0.997348130 -0.022731749 0.069137499 -1.684200058 0.022283761 0.999725461 0.007244125 -0.933399032 -0.069283187 -0.005684273 0.997580826 4.896839981
12345667 0.785162526 1.400289787 0.500000000 0.500000000 0.000000000 0.000000000 0.997332394 -0.016627520 0.071075045 -1.636899880 0.016001653 0.999828100 0.009366081 -0.836054068 -0.071218558 -0.008203777 0.997426987 4.675770035
12412400 0.785162526 1.400289787 0.500000000 0.500000000 0.000000000 0.000000000 0.997229159 -0.014162533 0.073030025 -1.553979938 0.012971753 0.999775469 0.016753964 -0.760288940 -0.073250905 -0.015760213 0.997188985 4.461359948
12479133 0.785162526 1.400289787 0.500000000 0.500000000 0.000000000 0.000000000 0.996742427 -0.010559386 0.079956584 -1.460879963 0.008544680 0.999638379 0.025497859 -0.678371038 -0.080196910 -0.024731593 0.996472180 4.260510105
12545867 0.785162526 1.400289787 0.500000000 0.500000000 0.000000000 0.000000000 0.996129632 -0.008279298 0.087505437 -1.388530027 0.005837650 0.999587476 0.028121984 -0.635784019 -0.087702163 -0.027502315 0.995766997 4.017889842
12612600 0.785162526 1.400289787 0.500000000 0.500000000 0.000000000 0.000000000 0.995874047 -0.007018473 0.090474784 -1.319020060 0.004635683 0.999637544 0.026519829 -0.605086060 -0.090628117 -0.025990998 0.995545566 3.799319785
12679333 0.785162526 1.400289787 0.500000000 0.500000000 0.000000000 0.000000000 0.995644510 -0.005994659 0.093037985 -1.264219988 0.003856470 0.999724686 0.023144703 -0.586414970 -0.093151115 -0.022685099 0.995393515 3.582519910
12746067 0.785162526 1.400289787 0.500000000 0.500000000 0.000000000 0.000000000 0.995646477 -0.005101139 0.093070000 -1.202519895 0.003043763 0.999748170 0.022234259 -0.590829075 -0.093159989 -0.021854179 0.995411277 3.388070329
12812800 0.785162526 1.400289787 0.500000000 0.500000000 0.000000000 0.000000000 0.995468497 -0.007292192 0.094811678 -1.150409954 0.006135841 0.999903262 0.012482109 -0.581249010 -0.094893530 -0.011843797 0.995416999 3.180470067
12879533 0.785162526 1.400289787 0.500000000 0.500000000 0.000000000 0.000000000 0.995838702 -0.010999770 0.090467140 -1.059409994 0.010665969 0.999934435 0.004172378 -0.558869018 -0.090507105 -0.003190095 0.995890677 2.942630009
12946267 0.785162526 1.400289787 0.500000000 0.500000000 0.000000000 0.000000000 0.995965898 -0.014991582 0.088471621 -0.949046094 0.014749830 0.999885499 0.003385703 -0.539863041 -0.088512242 -0.002067104 0.996072948 2.735960059
13013000 0.785162526 1.400289787 0.500000000 0.500000000 0.000000000 0.000000000 0.996082187 -0.017566293 0.086670212 -0.824696044 0.017377112 0.999844670 0.002936794 -0.513832943 -0.086708345 -0.001419209 0.996232748 2.551969982
13079733 0.785162526 1.400289787 0.500000000 0.500000000 0.000000000 0.000000000 0.996309280 -0.019198313 0.083661176 -0.707776007 0.019095786 0.999815583 0.002025581 -0.476421985 -0.083684631 -0.000420531 0.996492207 2.345279732
13146467 0.785162526 1.400289787 0.500000000 0.500000000 0.000000000 0.000000000 0.997357726 -0.012922837 0.071488395 -0.648246013 0.012355600 0.999888599 0.008371220 -0.418014966 -0.071588621 -0.007465818 0.997406304 2.120050041
13213200 0.785162526 1.400289787 0.500000000 0.500000000 0.000000000 0.000000000 0.998244643 -0.001917065 0.059194244 -0.533220023 0.001286827 0.999942124 0.010683242 -0.373469018 -0.059211299 -0.010588316 0.998189330 1.929330079
13279933 0.785162526 1.400289787 0.500000000 0.500000000 0.000000000 0.000000000 0.998458803 0.005043284 0.055268839 -0.453819019 -0.005554598 0.999943137 0.009101693 -0.319538992 -0.055219792 -0.009394661 0.998430014 1.707970033
13346667 0.785162526 1.400289787 0.500000000 0.500000000 0.000000000 0.000000000 0.999149144 0.014697052 0.038535208 -0.361606977 -0.015282012 0.999771774 0.014929480 -0.267495019 -0.038306996 -0.015505672 0.999145687 1.540489992
13413400 0.785162526 1.400289787 0.500000000 0.500000000 0.000000000 0.000000000 0.999066293 0.023480399 0.036265071 -0.262082003 -0.023981752 0.999621868 0.013452107 -0.238952973 -0.035935495 -0.014309248 0.999251664 1.397519868
13480133 0.785162526 1.400289787 0.500000000 0.500000000 0.000000000 0.000000000 0.999002278 0.030093461 0.032996777 -0.200699980 -0.030378874 0.999504983 0.008182632 -0.228439000 -0.032734197 -0.009176873 0.999421954 1.259050058
13546867 0.785162526 1.400289787 0.500000000 0.500000000 0.000000000 0.000000000 0.999094009 0.030746629 0.029423965 -0.145358990 -0.030693425 0.999526322 -0.002258282 -0.224196013 -0.029479461 0.001353114 0.999564469 1.122600037
13613600 0.785162526 1.400289787 0.500000000 0.500000000 0.000000000 0.000000000 0.999305665 0.026955785 0.025720978 -0.109090006 -0.026664877 0.999577284 -0.011586900 -0.184337008 -0.026022440 0.010893009 0.999602020 0.964949023
13680333 0.785162526 1.400289787 0.500000000 0.500000000 0.000000000 0.000000000 0.999610424 0.021027997 0.018351210 -0.082641898 -0.020782631 0.999693394 -0.013460336 -0.152909995 -0.018628629 0.013073707 0.999741018 0.832158995
13747067 0.785162526 1.400289787 0.500000000 0.500000000 0.000000000 0.000000000 0.999745488 0.016202813 0.015698137 -0.046752405 -0.015991980 0.999781489 -0.013464088 -0.133478016 -0.015912862 0.013209617 0.999786139 0.727572969
13813800 0.785162526 1.400289787 0.500000000 0.500000000 0.000000000 0.000000000 0.999812543 0.012369334 0.014895188 -0.031061101 -0.012144228 0.999812067 -0.015109515 -0.114845987 -0.015079284 0.014925793 0.999774873 0.609365963
13880533 0.785162526 1.400289787 0.500000000 0.500000000 0.000000000 0.000000000 0.999871612 0.009017474 0.013246774 -0.015059201 -0.008799152 0.999826014 -0.016447974 -0.101123000 -0.013392788 0.016329302 0.999776959 0.484369973
13947267 0.785162526 1.400289787 0.500000000 0.500000000 0.000000000 0.000000000 0.999920547 0.005572155 0.011307917 -0.002906330 -0.005378431 0.999839485 -0.017090373 -0.093802303 -0.011401332 0.017028198 0.999790013 0.362419991
14014000 0.785162526 1.400289787 0.500000000 0.500000000 0.000000000 0.000000000 0.999935865 0.005596634 0.009846768 -0.003075020 -0.005411705 0.999810338 -0.018708002 -0.076026499 -0.009949603 0.018653516 0.999776483 0.225792991
14080733 0.785162526 1.400289787 0.500000000 0.500000000 0.000000000 0.000000000 0.999945462 0.004832432 0.009257769 -0.013927700 -0.004648580 0.999793589 -0.019778753 -0.049578204 -0.009351438 0.019734638 0.999761522 0.074679599
14147467 0.785162526 1.400289787 0.500000000 0.500000000 0.000000000 0.000000000 0.999965072 0.001755848 0.008169902 -0.013346799 -0.001593325 0.999801576 -0.019857064 -0.022161600 -0.008203147 0.019843355 0.999769449 -0.075054001
14214200 0.785162526 1.400289787 0.500000000 0.500000000 0.000000000 0.000000000 0.999962568 0.003085922 0.008080094 -0.021347901 -0.002923437 0.999794841 -0.020044383 0.009950130 -0.008140291 0.020020012 0.999766469 -0.246286012
14280933 0.785162526 1.400289787 0.500000000 0.500000000 0.000000000 0.000000000 0.999920607 0.006030608 0.011064037 -0.035529502 -0.005808643 0.999783397 -0.019985549 0.045097700 -0.011182166 0.019919697 0.999739051 -0.430950002
14347667 0.785162526 1.400289787 0.500000000 0.500000000 0.000000000 0.000000000 0.999847054 0.005353211 0.016650716 -0.041067001 -0.005019077 0.999786496 -0.020044759 0.076439608 -0.016754465 0.019958120 0.999660432 -0.614986975
14414400 0.785162526 1.400289787 0.500000000 0.500000000 0.000000000 0.000000000 0.999643564 -0.000027559 0.026696665 -0.056033301 0.000531882 0.999821544 -0.018883914 0.112899996 -0.026691379 0.018891383 0.999465227 -0.819296031
14481133 0.785162526 1.400289787 0.500000000 0.500000000 0.000000000 0.000000000 0.999441922 -0.009594625 0.031996116 -0.058658998 0.010027396 0.999860048 -0.013392823 0.139448002 -0.031863138 0.013706187 0.999398232 -1.007369984
14547867 0.785162526 1.400289787 0.500000000 0.500000000 0.000000000 0.000000000 0.999201596 -0.013912141 0.037451025 -0.052395293 0.014293768 0.999848425 -0.009941596 0.189604004 -0.037307043 0.010468976 0.999248981 -1.182399951
14614600 0.785162526 1.400289787 0.500000000 0.500000000 0.000000000 0.000000000 0.998899579 -0.016426729 0.043929726 -0.037823996 0.016801512 0.999825418 -0.008175830 0.231047994 -0.043787755 0.008904918 0.999001145 -1.339919927
14681333 0.785162526 1.400289787 0.500000000 0.500000000 0.000000000 0.000000000 0.998181701 -0.019913565 0.056892350 -0.046116005 0.020634368 0.999713719 -0.012110333 0.260828965 -0.056634903 0.013262250 0.998306870 -1.500730025
14748067 0.785162526 1.400289787 0.500000000 0.500000000 0.000000000 0.000000000 0.997635126 -0.022793919 0.064842708 -0.039221596 0.023954116 0.999565601 -0.017171560 0.299667011 -0.064423136 0.018684203 0.997747719 -1.657599962
14814800 0.785162526 1.400289787 0.500000000 0.500000000 0.000000000 0.000000000 0.997009933 -0.022969443 0.073780388 -0.026490002 0.024633072 0.999460638 -0.021717988 0.336630003 -0.073241740 0.023470487 0.997038007 -1.791849923
14881533 0.785162526 1.400289787 0.500000000 0.500000000 0.000000000 0.000000000 0.996164203 -0.021659879 0.084780209 -0.018007606 0.023890426 0.999392271 -0.025384178 0.367567035 -0.084178872 0.027312243 0.996076286 -1.908080088
14948267 0.785162526 1.400289787 0.500000000 0.500000000 0.000000000 0.000000000 0.995866716 -0.022900693 0.087891936 0.012638388 0.025384888 0.999306262 -0.027251216 0.393214002 -0.087206885 0.029369706 0.995757222 -2.026470038
15015000 0.785162526 1.400289787 0.500000000 0.500000000 0.000000000 0.000000000 0.995676816 -0.025321905 0.089367040 0.043565407 0.027994361 0.999193728 -0.028778497 0.426141990 -0.088566266 0.031155854 0.995582938 -2.152910076
15081733 0.785162526 1.400289787 0.500000000 0.500000000 0.000000000 0.000000000 0.995499730 -0.027834792 0.090584256 0.088202693 0.030522134 0.999130011 -0.028417703 0.439801947 -0.089714445 0.031054642 0.995483279 -2.264879888
15148467 0.785162526 1.400289787 0.500000000 0.500000000 0.000000000 0.000000000 0.995455384 -0.028993860 0.090707958 0.149222044 0.031702634 0.999089062 -0.028565429 0.453952039 -0.089797109 0.031311288 0.995467782 -2.374030101
15215200 0.785162526 1.400289787 0.500000000 0.500000000 0.000000000 0.000000000 0.995468974 -0.031250533 0.089805000 0.230389993 0.033921029 0.999021888 -0.028365545 0.467629968 -0.088830717 0.031283297 0.995555341 -2.481709869
15281933 0.785162526 1.400289787 0.500000000 0.500000000 0.000000000 0.000000000 0.995595515 -0.032670211 0.087875918 0.334288981 0.035322938 0.998960793 -0.028803103 0.486542968 -0.086843595 0.031780276 0.995714903 -2.588939796
15348667 0.785162526 1.400289787 0.500000000 0.500000000 0.000000000 0.000000000 0.995747387 -0.031071648 0.086727723 0.443391024 0.033722468 0.999002576 -0.029268602 0.509054976 -0.085731789 0.032068808 0.995801985 -2.694729843
15415400 0.785162526 1.400289787 0.500000000 0.500000000 0.000000000 0.000000000 0.995928645 -0.030280998 0.084906869 0.563268993 0.033022124 0.998971641 -0.031067232 0.543090995 -0.083878808 0.033744551 0.995904446 -2.813730245
15482133 0.785162526 1.400289787 0.500000000 0.500000000 0.000000000 0.000000000 0.996283650 -0.029496742 0.080925144 0.710341973 0.032338433 0.998897433 -0.034031790 0.588476016 -0.079832084 0.036522310 0.996139050 -2.925230127
15548867 0.785162526 1.400289787 0.500000000 0.500000000 0.000000000 0.000000000 0.996338665 -0.028600805 0.080568604 0.852524053 0.031562127 0.998863161 -0.035724554 0.641022051 -0.079455264 0.038136672 0.996108651 -3.044749982
15615600 0.785162526 1.400289787 0.500000000 0.500000000 0.000000000 0.000000000 0.996425033 -0.027802009 0.079775915 1.011859982 0.030810572 0.998850048 -0.036732744 0.692511031 -0.078662932 0.039059367 0.996135771 -3.160699900
15682333 0.785162526 1.400289787 0.500000000 0.500000000 0.000000000 0.000000000 0.996433854 -0.024502160 0.080741674 1.164659919 0.027613496 0.998909533 -0.037645712 0.740182991 -0.079731226 0.039741024 0.996023893 -3.276870129
15749067 0.785162526 1.400289787 0.500000000 0.500000000 0.000000000 0.000000000 0.996376991 -0.018022615 0.083114661 1.327819916 0.021293648 0.999026358 -0.038638599 0.785618001 -0.082337372 0.040268429 0.995790660 -3.397559927
15815800 0.785162526 1.400289787 0.500000000 0.500000000 0.000000000 0.000000000 0.995133221 -0.014061596 0.097530015 1.441169957 0.017705768 0.999173105 -0.036600303 0.812123933 -0.096934713 0.038149025 0.994559348 -3.544769827
15882533 0.785162526 1.400289787 0.500000000 0.500000000 0.000000000 0.000000000 0.993935466 -0.013290878 0.109158762 1.557830054 0.017313214 0.999202371 -0.035983711 0.842015963 -0.108593442 0.037655376 0.993372798 -3.673119946
15982633 0.785162526 1.400289787 0.500000000 0.500000000 0.000000000 0.000000000 0.990202069 -0.022725550 0.137780562 1.659390040 0.027940346 0.998959959 -0.036033206 0.889729045 -0.136818394 0.039529786 0.989807129 -3.864990200
16049367 0.785162526 1.400289787 0.500000000 0.500000000 0.000000000 0.000000000 0.988006473 -0.027948881 0.151861802 1.725639897 0.034487218 0.998580456 -0.040592082 0.949614015 -0.150511727 0.045342535 0.987567842 -3.978859748
16116100 0.785162526 1.400289787 0.500000000 0.500000000 0.000000000 0.000000000 0.985042095 -0.030801544 0.169538558 1.763190069 0.038497392 0.998363256 -0.042293798 0.980368028 -0.167958349 0.048187960 0.984615624 -4.084689948
16182833 0.785162526 1.400289787 0.500000000 0.500000000 0.000000000 0.000000000 0.982704103 -0.031909540 0.182412878 1.794080123 0.040582217 0.998206496 -0.044010099 1.013929929 -0.180681363 0.050651621 0.982236564 -4.203690495
16249567 0.785162526 1.400289787 0.500000000 0.500000000 0.000000000 0.000000000 0.980110705 -0.031738382 0.195897192 1.806840025 0.041312370 0.998133302 -0.044980571 1.050760064 -0.194103897 0.052178912 0.979592323 -4.323430414
16583233 0.785162526 1.400289787 0.500000000 0.500000000 0.000000000 0.000000000 0.977126539 -0.039837494 0.208893791 2.069429850 0.049361639 0.997956336 -0.040577933 1.162819902 -0.206850365 0.049961127 0.977096081 -4.981959904
