https://www.youtube.com/watch?v=XxJMMI4mY5c
47300000 0.835803863 1.494412911 0.500000000 0.500000000 0.000000000 0.000000000 0.998873949 -0.016917871 0.044323403 -2.523879863 0.017068746 0.999849737 -0.003027708 -3.656590017 -0.044265520 0.003780844 0.999012649 3.989800047
47340000 0.835803863 1.494412911 0.500000000 0.500000000 0.000000000 0.000000000 0.998716176 -0.017463846 0.047550414 -2.514679904 0.017634774 0.999839425 -0.003177488 -3.390599664 -0.047487285 0.004011950 0.998863757 3.762079831
47380000 0.835803863 1.494412911 0.500000000 0.500000000 0.000000000 0.000000000 0.998611331 -0.016875178 0.049906194 -2.496540097 0.017060976 0.999849021 -0.003299267 -3.132950184 -0.049842983 0.004146134 0.998748481 3.524640159
47420000 0.835803863 1.494412911 0.500000000 0.500000000 0.000000000 0.000000000 0.998506844 -0.018079136 0.051548176 -2.457959835 0.018271308 0.999827743 -0.003259189 -2.872869816 -0.051480375 0.004196174 0.998665214 3.296720141
47460000 0.835803863 1.494412911 0.500000000 0.500000000 0.000000000 0.000000000 0.998460352 -0.018698705 0.052223582 -2.407639964 0.018883063 0.999817073 -0.003038922 -2.607349974 -0.052157205 0.004020385 0.998630822 3.054050177
47500000 0.835803863 1.494412911 0.500000000 0.500000000 0.000000000 0.000000000 0.998435736 -0.018358845 0.052810956 -2.341199828 0.018547084 0.999823272 -0.003076460 -2.340100253 -0.052745145 0.004051138 0.998599768 2.815049778
47540000 0.835803863 1.494412911 0.500000000 0.500000000 0.000000000 0.000000000 0.998402238 -0.019298889 0.053108238 -2.252619880 0.019471560 0.999806643 -0.002735791 -2.083259919 -0.053045176 0.003765521 0.998584986 2.580840029
47580000 0.835803863 1.494412911 0.500000000 0.500000000 0.000000000 0.000000000 0.998416603 -0.018859534 0.052995749 -2.151649599 0.019031657 0.999815106 -0.002745025 -1.833920059 -0.052934177 0.003749276 0.998590946 2.340960071
47620000 0.835803863 1.494412911 0.500000000 0.500000000 0.000000000 0.000000000 0.998421550 -0.018966714 0.052864615 -2.030859967 0.019130630 0.999813616 -0.002596374 -1.599249969 -0.052805517 0.003603610 0.998598337 2.112000268
47660000 0.835803863 1.494412911 0.500000000 0.500000000 0.000000000 0.000000000 0.998443425 -0.018669538 0.052556749 -1.888030071 0.018836711 0.999818981 -0.002687213 -1.379850165 -0.052497063 0.003673025 0.998614311 1.881899964
47700000 0.835803863 1.494412911 0.500000000 0.500000000 0.000000000 0.000000000 0.998452544 -0.018552268 0.052424442 -1.725299976 0.018708548 0.999821901 -0.002491818 -1.173070007 -0.052368876 0.003468748 0.998621762 1.656399988
47740000 0.835803863 1.494412911 0.500000000 0.500000000 0.000000000 0.000000000 0.998453438 -0.018706940 0.052352335 -1.540199885 0.018859841 0.999819160 -0.002428106 -0.983063922 -0.052297447 0.003411707 0.998625696 1.434369938
47780000 0.835803863 1.494412911 0.500000000 0.500000000 0.000000000 0.000000000 0.998429716 -0.019616725 0.052472096 -1.339710051 0.019750560 0.999802887 -0.002033238 -0.800860040 -0.052421864 0.003066397 0.998620331 1.225869962
47820000 0.835803863 1.494412911 0.500000000 0.500000000 0.000000000 0.000000000 0.998413265 -0.019634582 0.052777138 -1.130049881 0.019766010 0.999802709 -0.001969394 -0.615751994 -0.052728053 0.003009463 0.998604357 1.016390007
47860000 0.835803863 1.494412911 0.500000000 0.500000000 0.000000000 0.000000000 0.998386741 -0.020095453 0.053104214 -0.912738949 0.020210657 0.999794424 -0.001633205 -0.427726037 -0.053060479 0.002703842 0.998587668 0.814092051
47900000 0.835803863 1.494412911 0.500000000 0.500000000 0.000000000 0.000000000 0.998360038 -0.021006031 0.053253561 -0.691312976 0.021101100 0.999776602 -0.001223556 -0.248089997 -0.053215966 0.002345257 0.998580277 0.604138047
47940000 0.835803863 1.494412911 0.500000000 0.500000000 0.000000000 0.000000000 0.998354793 -0.021134067 0.053301170 -0.472494972 0.021217275 0.999774396 -0.000995673 -0.061932600 -0.053268105 0.002124941 0.998578012 0.384610016
47980000 0.835803863 1.494412911 0.500000000 0.500000000 0.000000000 0.000000000 0.998386264 -0.020067118 0.053123828 -0.263924969 0.020142633 0.999796748 -0.000886418 0.109892009 -0.053095240 0.001955042 0.998587549 0.159622000
48020000 0.835803863 1.494412911 0.500000000 0.500000000 0.000000000 0.000000000 0.998414338 -0.019906295 0.052654635 -0.061936901 0.019987261 0.999799728 -0.001011518 0.285158990 -0.052623954 0.002062337 0.998612285 -0.076025103
48060000 0.835803863 1.494412911 0.500000000 0.500000000 0.000000000 0.000000000 0.998528063 -0.017766735 0.051245186 0.228583994 0.017860150 0.999839544 -0.001365515 0.523873982 -0.051212702 0.002278751 0.998685181 -0.427047977
48100000 0.835803863 1.494412911 0.500000000 0.500000000 0.000000000 0.000000000 0.998610139 -0.016781112 0.049961735 0.412750985 0.016879173 0.999856353 -0.001541386 0.659799005 -0.049928691 0.002382556 0.998749971 -0.670762061
48140000 0.835803863 1.494412911 0.500000000 0.500000000 0.000000000 0.000000000 0.998724878 -0.015586990 0.048017785 0.605463058 0.015680956 0.999875784 -0.001580794 0.787293968 -0.047987178 0.002331742 0.998845220 -0.908870993
48180000 0.835803863 1.494412911 0.500000000 0.500000000 0.000000000 0.000000000 0.998960376 -0.014248720 0.043303106 0.893277007 0.014345654 0.999895215 -0.001928552 0.959227957 -0.043271091 0.002547759 0.999060094 -1.267669978
48220000 0.835803863 1.494412911 0.500000000 0.500000000 0.000000000 0.000000000 0.999180794 -0.013062578 0.038302250 1.086069889 0.013136810 0.999912262 -0.001687019 1.053320085 -0.038276851 0.002188806 0.999264777 -1.501839916
48260000 0.835803863 1.494412911 0.500000000 0.500000000 0.000000000 0.000000000 0.999537647 -0.009788853 0.028786937 1.373960045 0.009843229 0.999950051 -0.001747819 1.183940065 -0.028768389 0.002030367 0.999584019 -1.851579999
48300000 0.835803863 1.494412911 0.500000000 0.500000000 0.000000000 0.000000000 0.999823034 -0.007305711 0.017337414 1.662130131 0.007326166 0.999972522 -0.001116556 1.300539936 -0.017328782 0.001243376 0.999849081 -2.191340218
48340000 0.835803863 1.494412911 0.500000000 0.500000000 0.000000000 0.000000000 0.999981105 -0.003692264 0.004912528 1.962049951 0.003691020 0.999993145 0.000262233 1.396610101 -0.004913463 -0.000244096 0.999987900 -2.497000023
48380000 0.835803863 1.494412911 0.500000000 0.500000000 0.000000000 0.000000000 0.999959350 -0.001954628 -0.008799368 2.269059818 0.001983257 0.999992788 0.003246045 1.454350037 0.008792958 -0.003263364 0.999956012 -2.788669954
48420000 0.835803863 1.494412911 0.500000000 0.500000000 0.000000000 0.000000000 0.999714017 0.000861797 -0.023899594 2.583590215 -0.000577627 0.999929070 0.011894546 1.467329920 0.023908151 -0.011877338 0.999643624 -3.061480326
48460000 0.835803863 1.494412911 0.500000000 0.500000000 0.000000000 0.000000000 0.999224067 0.002295382 -0.039319117 2.913749910 -0.001361964 0.999716997 0.023749927 1.439949939 0.039362501 -0.023677947 0.998944402 -3.319109869
48500000 0.835803863 1.494412911 0.500000000 0.500000000 0.000000000 0.000000000 0.998461068 0.004526674 -0.055271987 3.257089885 -0.002350548 0.999221802 0.039372940 1.384039903 0.055407207 -0.039182428 0.997694731 -3.550630120
48540000 0.835803863 1.494412911 0.500000000 0.500000000 0.000000000 0.000000000 0.997079790 0.008404586 -0.075903304 3.733770159 -0.003476736 0.997890711 0.064822890 1.270740056 0.076288007 -0.064369701 0.995005846 -3.820129972
48580000 0.835803863 1.494412911 0.500000000 0.500000000 0.000000000 0.000000000 0.995365202 0.011255110 -0.095505930 4.230989610 -0.002705382 0.996011674 0.089181647 1.161460032 0.096128769 -0.088509932 0.991425872 -4.077240028
48620000 0.835803863 1.494412911 0.500000000 0.500000000 0.000000000 0.000000000 0.993942380 0.013808202 -0.109031327 4.606259633 -0.002323370 0.994494081 0.104766928 1.057939969 0.109877653 -0.103878967 0.988501906 -4.258160317
48660000 0.835803863 1.494412911 0.500000000 0.500000000 0.000000000 0.000000000 0.991991758 0.017884512 -0.125030056 5.088180517 -0.002682039 0.992683470 0.120715819 0.857714887 0.126274213 -0.119413756 0.984781802 -4.499660117
