https://www.youtube.com/watch?v=wx_wairlhXc
4304300 1.001056715 1.780265300 0.500000000 0.500000000 0.000000000 0.000000000 0.997978926 0.004204887 -0.063406341 -7.047199935 -0.005810721 0.999666452 -0.025162963 1.809369927 0.063279383 0.025480544 0.997670531 0.716694994
4337667 1.001056715 1.780265300 0.500000000 0.500000000 0.000000000 0.000000000 0.997795165 0.004444036 -0.066219524 -6.810499649 -0.006155469 0.999651670 -0.025663266 1.779549895 0.066082403 0.026014296 0.997474968 0.697692999
4371033 1.001056715 1.780265300 0.500000000 0.500000000 0.000000000 0.000000000 0.997615397 0.005158707 -0.068824977 -6.575819647 -0.006999027 0.999623656 -0.026524818 1.760509943 0.068662241 0.026943276 0.997276068 0.697562965
4404400 1.001056715 1.780265300 0.500000000 0.500000000 0.000000000 0.000000000 0.997426152 0.005956242 -0.071453281 -6.333260153 -0.007938987 0.999590337 -0.027497005 1.741479876 0.071260236 0.027993500 0.997064888 0.698875982
4437767 1.001056715 1.780265300 0.500000000 0.500000000 0.000000000 0.000000000 0.997231781 0.006732976 -0.074050255 -6.092429934 -0.008885952 0.999546170 -0.028783618 1.727069968 0.073822848 0.029361947 0.996839046 0.712476991
4471133 1.001056715 1.780265300 0.500000000 0.500000000 0.000000000 0.000000000 0.997016430 0.007581556 -0.076816767 -5.845980499 -0.009900637 0.999505222 -0.029854083 1.699120049 0.076552421 0.030525545 0.996598184 0.704736019
4504500 1.001056715 1.780265300 0.500000000 0.500000000 0.000000000 0.000000000 0.996784687 0.008327232 -0.079692632 -5.587750119 -0.010836088 0.999457479 -0.031101178 1.664569948 0.079390407 0.031864736 0.996334195 0.667644966
4537867 1.001056715 1.780265300 0.500000000 0.500000000 0.000000000 0.000000000 0.996536434 0.009148287 -0.082652286 -5.315499326 -0.011870392 0.999401152 -0.032503296 1.624610027 0.082305446 0.033371832 0.996048272 0.605629002
4571233 1.001056715 1.780265300 0.500000000 0.500000000 0.000000000 0.000000000 0.996291578 0.010113367 -0.085445024 -5.031239882 -0.013057315 0.999337673 -0.033966020 1.579329843 0.085044928 0.034955740 0.995763779 0.511291065
4604600 1.001056715 1.780265300 0.500000000 0.500000000 0.000000000 0.000000000 0.996047616 0.011044677 -0.088131540 -4.747200306 -0.014260756 0.999251962 -0.035945982 1.529239913 0.087668605 0.037060730 0.995460033 0.451123980
4637967 1.001056715 1.780265300 0.500000000 0.500000000 0.000000000 0.000000000 0.995846331 0.012085943 -0.090243995 -4.474249638 -0.015534943 0.999171555 -0.037614569 1.477290102 0.089714631 0.038860269 0.995209098 0.429131981
4671333 1.001056715 1.780265300 0.500000000 0.500000000 0.000000000 0.000000000 0.995616257 0.013141882 -0.092603996 -4.196479385 -0.016859096 0.999078393 -0.039473664 1.424950040 0.091999888 0.040861841 0.994920254 0.386039005
4704700 1.001056715 1.780265300 0.500000000 0.500000000 0.000000000 0.000000000 0.995400310 0.014348595 -0.094722189 -3.934159713 -0.018362613 0.998963833 -0.041642055 1.377490044 0.094026543 0.043189861 0.994632423 0.415080937
4738067 1.001056715 1.780265300 0.500000000 0.500000000 0.000000000 0.000000000 0.995200217 0.015450112 -0.096632265 -3.682079964 -0.019734906 0.998856604 -0.043543816 1.322980161 0.095849015 0.045241840 0.994367182 0.460740983
4771433 1.001056715 1.780265300 0.500000000 0.500000000 0.000000000 0.000000000 0.994991183 0.016636165 -0.098568581 -3.425350085 -0.021219580 0.998732746 -0.045635376 1.265759819 0.097684480 0.047498379 0.994083345 0.496166963
4804800 1.001056715 1.780265300 0.500000000 0.500000000 0.000000000 0.000000000 0.994804561 0.017838245 -0.100228213 -3.175309865 -0.022731537 0.998593748 -0.047893461 1.211580042 0.099232934 0.049922977 0.993811131 0.557314009
4838167 1.001056715 1.780265300 0.500000000 0.500000000 0.000000000 0.000000000 0.994595230 0.019000694 -0.102075070 -2.918210058 -0.024204995 0.998456359 -0.049990751 1.153620104 0.100967646 0.052191287 0.993519783 0.599600862
4871533 1.001056715 1.780265300 0.500000000 0.500000000 0.000000000 0.000000000 0.994402528 0.020248558 -0.103699677 -2.665400136 -0.025777139 0.998301089 -0.052253731 1.094570123 0.102465443 0.054634325 0.993235111 0.654067057
4904900 1.001056715 1.780265300 0.500000000 0.500000000 0.000000000 0.000000000 0.994221866 0.021407351 -0.105188452 -2.417139951 -0.027254742 0.998143375 -0.054470390 1.030660010 0.103827082 0.057022534 0.992959380 0.701585910
4938267 1.001056715 1.780265300 0.500000000 0.500000000 0.000000000 0.000000000 0.994057238 0.022578668 -0.106491119 -2.169650036 -0.028735138 0.997981250 -0.056636482 0.960763946 0.104997367 0.059359945 0.992699325 0.736922995
4971633 1.001056715 1.780265300 0.500000000 0.500000000 0.000000000 0.000000000 0.993910968 0.023589553 -0.107631303 -1.934960000 -0.030079754 0.997799933 -0.059080802 0.896975059 0.106000818 0.061958581 0.992433846 0.749482930
5005000 1.001056715 1.780265300 0.500000000 0.500000000 0.000000000 0.000000000 0.993771195 0.024660911 -0.108676590 -1.708729838 -0.031436596 0.997637630 -0.061081562 0.824406054 0.106913529 0.064117521 0.992198765 0.774474873
5038367 1.001056715 1.780265300 0.500000000 0.500000000 0.000000000 0.000000000 0.993648708 0.025637589 -0.109567299 -1.499210036 -0.032741409 0.997442305 -0.063535713 0.766981965 0.107658163 0.066719569 0.991946697 0.765079073
5071733 1.001056715 1.780265300 0.500000000 0.500000000 0.000000000 0.000000000 0.993541420 0.026606092 -0.110306665 -1.301350045 -0.034034293 0.997238040 -0.066014804 0.723069946 0.108245611 0.069342650 0.991702795 0.782832023
5105100 1.001056715 1.780265300 0.500000000 0.500000000 0.000000000 0.000000000 0.993453860 0.027379008 -0.110904269 -1.127969964 -0.035127070 0.997030973 -0.068522155 0.698397945 0.108698927 0.071969345 0.991466045 0.804456961
5138467 1.001056715 1.780265300 0.500000000 0.500000000 0.000000000 0.000000000 0.993351996 0.028292771 -0.111585490 -0.965570996 -0.036393832 0.996794760 -0.071243957 0.696205092 0.109212138 0.074831352 0.991197765 0.860089010
5171833 1.001056715 1.780265300 0.500000000 0.500000000 0.000000000 0.000000000 0.993285239 0.029303359 -0.111918606 -0.819105083 -0.037684225 0.996581674 -0.073517680 0.716608917 0.109381713 0.077241585 0.990994155 0.910481021
5205200 1.001056715 1.780265300 0.500000000 0.500000000 0.000000000 0.000000000 0.993193388 0.030039378 -0.112536840 -0.682215985 -0.038717322 0.996375799 -0.075737730 0.719275975 0.109853871 0.079579338 0.990756929 0.940763026
5238567 1.001056715 1.780265300 0.500000000 0.500000000 0.000000000 0.000000000 0.993087053 0.031024151 -0.113206170 -0.556993010 -0.039995179 0.996162176 -0.077854566 0.708342048 0.110356338 0.081844054 0.990516543 0.995144024
5271933 1.001056715 1.780265300 0.500000000 0.500000000 0.000000000 0.000000000 0.993000567 0.031980794 -0.113697603 -0.441944980 -0.041248966 0.995931268 -0.080121040 0.688504932 0.110672668 0.084250152 0.990279496 1.019389882
5305300 1.001056715 1.780265300 0.500000000 0.500000000 0.000000000 0.000000000 0.992890894 0.032720584 -0.114442341 -0.335290019 -0.042310666 0.995700836 -0.082399167 0.666163008 0.111254193 0.086655520 0.990006745 1.007609986
5338667 1.001056715 1.780265300 0.500000000 0.500000000 0.000000000 0.000000000 0.992757738 0.033211943 -0.115451418 -0.243283002 -0.043159906 0.995465994 -0.084762618 0.636494025 0.112112828 0.089131624 0.989690006 1.028929943
5372033 1.001056715 1.780265300 0.500000000 0.500000000 0.000000000 0.000000000 0.992658079 0.033856545 -0.116119295 -0.176391000 -0.044116180 0.995235026 -0.086954199 0.588574049 0.112622023 0.091438524 0.989421666 1.046219845
5405400 1.001056715 1.780265300 0.500000000 0.500000000 0.000000000 0.000000000 0.992495835 0.034463715 -0.117321305 -0.103014020 -0.045077745 0.995006263 -0.089053363 0.528500012 0.113666318 0.093673676 0.989093125 1.077290166
5438767 1.001056715 1.780265300 0.500000000 0.500000000 0.000000000 0.000000000 0.992351413 0.035319310 -0.118284464 -0.031552799 -0.046285894 0.994748175 -0.091288902 0.470818041 0.114438996 0.096065573 0.988774538 1.101019926
5472133 1.001056715 1.780265300 0.500000000 0.500000000 0.000000000 0.000000000 0.992207050 0.035823364 -0.119339027 0.035697716 -0.047146592 0.994506776 -0.093453132 0.393931029 0.115335666 0.098351292 0.988445580 1.070219844
5505500 1.001056715 1.780265300 0.500000000 0.500000000 0.000000000 0.000000000 0.991996109 0.036450271 -0.120893113 0.103592995 -0.048184495 0.994252384 -0.095605597 0.310725966 0.116713412 0.100665554 0.988050818 1.060979988
5538867 1.001056715 1.780265300 0.500000000 0.500000000 0.000000000 0.000000000 0.991796970 0.037121747 -0.122313946 0.166986996 -0.049271550 0.993980169 -0.097855590 0.227802999 0.117945075 0.103079475 0.987655580 1.044289903
5572233 1.001056715 1.780265300 0.500000000 0.500000000 0.000000000 0.000000000 0.991598368 0.037586674 -0.123773806 0.221809982 -0.050196350 0.993681312 -0.100388199 0.149483020 0.119218446 0.105757773 0.987219453 0.987181056
5605600 1.001056715 1.780265300 0.500000000 0.500000000 0.000000000 0.000000000 0.991340160 0.038252316 -0.125624001 0.272618970 -0.051353879 0.993378818 -0.102767944 0.069587310 0.120861106 0.108329281 0.986740768 0.944497959
5638967 1.001056715 1.780265300 0.500000000 0.500000000 0.000000000 0.000000000 0.991106749 0.038697407 -0.127318308 0.304784021 -0.052315950 0.993050396 -0.105422482 -0.004157192 0.122353919 0.111145705 0.986243427 0.881911930
5672333 1.001056715 1.780265300 0.500000000 0.500000000 0.000000000 0.000000000 0.990841746 0.039093081 -0.129245490 0.334333995 -0.053246807 0.992730856 -0.107935995 -0.078785693 0.124086440 0.113829404 0.985720754 0.807537917
5705700 1.001056715 1.780265300 0.500000000 0.500000000 0.000000000 0.000000000 0.990525365 0.039616778 -0.131491661 0.363052030 -0.054397903 0.992353380 -0.110795267 -0.139735994 0.126096845 0.116898395 0.985106289 0.752982968
5739067 1.001056715 1.780265300 0.500000000 0.500000000 0.000000000 0.000000000 0.990171492 0.039958403 -0.134029001 0.392740017 -0.055420570 0.991968811 -0.113694638 -0.200876005 0.128409535 0.120005146 0.984433711 0.689403000
5772433 1.001056715 1.780265300 0.500000000 0.500000000 0.000000000 0.000000000 0.989781618 0.040485922 -0.136722952 0.423284941 -0.056631114 0.991593182 -0.116343714 -0.269880015 0.130863249 0.122897647 0.983753502 0.593339962
5805800 1.001056715 1.780265300 0.500000000 0.500000000 0.000000000 0.000000000 0.989335775 0.040901721 -0.139792100 0.467917047 -0.057813376 0.991192400 -0.119143814 -0.345280017 0.133687690 0.125955090 0.982986748 0.513486069
5839167 1.001056715 1.780265300 0.500000000 0.500000000 0.000000000 0.000000000 0.988911211 0.041424781 -0.142613664 0.505779037 -0.059128664 0.990738750 -0.122231364 -0.419289990 0.136229470 0.129308522 0.982202053 0.435208012
5872533 1.001056715 1.780265300 0.500000000 0.500000000 0.000000000 0.000000000 0.988449395 0.041800257 -0.145672783 0.543037008 -0.060324166 0.990300834 -0.125160977 -0.493997985 0.139028117 0.132502869 0.981383801 0.310983022
5905900 1.001056715 1.780265300 0.500000000 0.500000000 0.000000000 0.000000000 0.987890720 0.042249724 -0.149288058 0.589684041 -0.061693937 0.989838183 -0.128117979 -0.578756962 0.142358065 0.135776728 0.980458498 0.155268999
5939267 1.001056715 1.780265300 0.500000000 0.500000000 0.000000000 0.000000000 0.987257421 0.042958740 -0.153222993 0.636487947 -0.063401565 0.989334881 -0.131136179 -0.670291964 0.145955399 0.139179736 0.979451895 0.045409604
5972633 1.001056715 1.780265300 0.500000000 0.500000000 0.000000000 0.000000000 0.986595690 0.043515299 -0.157274902 0.690348967 -0.064945392 0.988877833 -0.133801028 -0.786997001 0.149703294 0.142221794 0.978448749 -0.106146991
6006000 1.001056715 1.780265300 0.500000000 0.500000000 0.000000000 0.000000000 0.985842884 0.044222150 -0.161734939 0.761618951 -0.066770881 0.988351583 -0.136758164 -0.909317983 0.153803259 0.145621255 0.977312148 -0.237993995
6039367 1.001056715 1.780265300 0.500000000 0.500000000 0.000000000 0.000000000 0.984968901 0.044807300 -0.166819155 0.847454009 -0.068614110 0.987798870 -0.139805138 -1.038849941 0.158519506 0.149149865 0.976025581 -0.370050994
6072733 1.001056715 1.780265300 0.500000000 0.500000000 0.000000000 0.000000000 0.984035015 0.045688391 -0.172010481 0.943335016 -0.070804164 0.987210155 -0.142838538 -1.149359952 0.163284421 0.152737200 0.974684298 -0.487693011
6106100 1.001056715 1.780265300 0.500000000 0.500000000 0.000000000 0.000000000 0.982982516 0.046528339 -0.177708954 1.061539984 -0.073038697 0.986631334 -0.145684496 -1.246919980 0.168554753 0.156184956 0.973239720 -0.598512037
6139467 1.001056715 1.780265300 0.500000000 0.500000000 0.000000000 0.000000000 0.981872320 0.047820199 -0.183411941 1.182329948 -0.075782657 0.985986233 -0.148620963 -1.316210071 0.173734561 0.159826249 0.971736550 -0.699451964
6172833 1.001056715 1.780265300 0.500000000 0.500000000 0.000000000 0.000000000 0.980711818 0.049066462 -0.189200327 1.323670026 -0.078444235 0.985407114 -0.151060715 -1.373180117 0.179027334 0.162988707 0.970249414 -0.793672044
6206200 1.001056715 1.780265300 0.500000000 0.500000000 0.000000000 0.000000000 0.979499161 0.050526794 -0.195008993 1.464910014 -0.081359573 0.984794140 -0.153496251 -1.422210028 0.184288055 0.166215286 0.968715847 -0.873628944
6239567 1.001056715 1.780265300 0.500000000 0.500000000 0.000000000 0.000000000 0.978227019 0.052044429 -0.200906053 1.617490051 -0.084355943 0.984182537 -0.155784443 -1.457820140 0.189620510 0.169340178 0.967144251 -0.953811055
6272933 1.001056715 1.780265300 0.500000000 0.500000000 0.000000000 0.000000000 0.976890922 0.053733371 -0.206874058 1.773370022 -0.087499790 0.983601689 -0.157707155 -1.485530056 0.195007518 0.172164112 0.965573192 -1.072260054
6306300 1.001056715 1.780265300 0.500000000 0.500000000 0.000000000 0.000000000 0.975472510 0.055333152 -0.213053092 1.937709935 -0.090606824 0.983024478 -0.159540772 -1.492289798 0.200608537 0.174931675 0.963926971 -1.178120046
6339667 1.001056715 1.780265300 0.500000000 0.500000000 0.000000000 0.000000000 0.974042892 0.056896962 -0.219096214 2.101729949 -0.093652911 0.982464910 -0.161220014 -1.486350048 0.206081420 0.177554190 0.962291539 -1.299999904
6373033 1.001056715 1.780265300 0.500000000 0.500000000 0.000000000 0.000000000 0.972526252 0.058384016 -0.225353152 2.270829908 -0.096682087 0.981902719 -0.162848637 -1.460080148 0.211767107 0.180162176 0.960570812 -1.402739901
6406400 1.001056715 1.780265300 0.500000000 0.500000000 0.000000000 0.000000000 0.970948100 0.059916619 -0.231667385 2.445630121 -0.099657342 0.981439352 -0.163844958 -1.426660055 0.217550442 0.182172313 0.958897769 -1.508339805
6439767 1.001056715 1.780265300 0.500000000 0.500000000 0.000000000 0.000000000 0.969308376 0.061226431 -0.238102153 2.628210402 -0.102474287 0.980969012 -0.164920628 -1.381950028 0.223473325 0.184258282 0.957135618 -1.571270068
6473133 1.001056715 1.780265300 0.500000000 0.500000000 0.000000000 0.000000000 0.967728972 0.062904656 -0.244015649 2.802319896 -0.105525747 0.980508268 -0.165734261 -1.331250060 0.228833899 0.186135799 0.955504298 -1.629249953
6506500 1.001056715 1.780265300 0.500000000 0.500000000 0.000000000 0.000000000 0.966049492 0.064402148 -0.250201434 2.987699963 -0.108450159 0.980065167 -0.166465566 -1.275269827 0.234492972 0.187948361 0.953775883 -1.653390103
6539867 1.001056715 1.780265300 0.500000000 0.500000000 0.000000000 0.000000000 0.964305162 0.066416383 -0.256328881 3.190680127 -0.111814901 0.979626954 -0.166818678 -1.207219678 0.240027204 0.189525485 0.952085674 -1.667790249
6573233 1.001056715 1.780265300 0.500000000 0.500000000 0.000000000 0.000000000 0.962669015 0.068341434 -0.261911929 3.404740211 -0.114838779 0.979321480 -0.166557968 -1.159979956 0.245113179 0.190417826 0.950610638 -1.712280026
6606600 1.001056715 1.780265300 0.500000000 0.500000000 0.000000000 0.000000000 0.961049497 0.070241086 -0.267301321 3.627829974 -0.117754780 0.979053140 -0.166098624 -1.123630268 0.250035226 0.191105038 0.949189723 -1.743649762
6639967 1.001056715 1.780265300 0.500000000 0.500000000 0.000000000 0.000000000 0.959417462 0.072187938 -0.272593170 3.853519946 -0.120617993 0.978837788 -0.165311366 -1.105009930 0.254891008 0.191482246 0.947821259 -1.800169961
6673333 1.001056715 1.780265300 0.500000000 0.500000000 0.000000000 0.000000000 0.957913458 0.074006140 -0.277353257 4.071959657 -0.123405471 0.978523552 -0.165114328 -1.076400113 0.259177238 0.192392156 0.946473658 -1.851319910
6706700 1.001056715 1.780265300 0.500000000 0.500000000 0.000000000 0.000000000 0.956485689 0.075814627 -0.281757534 4.292130215 -0.126028135 0.978276432 -0.164597020 -1.047420097 0.263157904 0.192944065 0.945262134 -1.916679756
6740067 1.001056715 1.780265300 0.500000000 0.500000000 0.000000000 0.000000000 0.955054998 0.077539906 -0.286107332 4.495539726 -0.128438488 0.978121281 -0.163653091 -1.029910275 0.267158002 0.193044916 0.944118738 -1.954690061
6773433 1.001056715 1.780265300 0.500000000 0.500000000 0.000000000 0.000000000 0.953654289 0.079338327 -0.290256768 4.684920326 -0.130945921 0.977909565 -0.162929833 -1.009329832 0.270918280 0.193386644 0.942976654 -1.980360165
6806800 1.001056715 1.780265300 0.500000000 0.500000000 0.000000000 0.000000000 0.952350557 0.081008539 -0.294051111 4.854310255 -0.133192539 0.977758944 -0.162009969 -1.002099783 0.274386942 0.193455681 0.941959023 -2.020040065
6840167 1.001056715 1.780265300 0.500000000 0.500000000 0.000000000 0.000000000 0.950975597 0.082678095 -0.298009843 4.994710748 -0.135397568 0.977650523 -0.160832092 -0.996839785 0.278052181 0.193297163 0.940916181 -2.047919847
6873533 1.001056715 1.780265300 0.500000000 0.500000000 0.000000000 0.000000000 0.950027049 0.083576523 -0.300771743 5.107610317 -0.136550471 0.977685630 -0.159639701 -1.000769697 0.280718118 0.192732528 0.940240204 -2.046840050
6906900 1.001056715 1.780265300 0.500000000 0.500000000 0.000000000 0.000000000 0.949185312 0.084389672 -0.303192496 5.192700054 -0.137703121 0.977630138 -0.158987850 -1.002369771 0.282993197 0.192659467 0.939572930 -2.057970306
6940267 1.001056715 1.780265300 0.500000000 0.500000000 0.000000000 0.000000000 0.948368311 0.085238643 -0.305502743 5.276060080 -0.138823703 0.977601588 -0.158186972 -1.019530080 0.285176307 0.192430526 0.938959479 -2.070149997
6973633 1.001056715 1.780265300 0.500000000 0.500000000 0.000000000 0.000000000 0.947677851 0.085871056 -0.307461917 5.359770027 -0.139681071 0.977590024 -0.157502294 -1.039490171 0.287046790 0.192208052 0.938434958 -2.092010051
