https://www.youtube.com/watch?v=QnXILU9IzpM
102480000 1.022559554 1.820996334 0.500000000 0.500000000 0.000000000 0.000000000 0.999572277 -0.023929592 0.016813386 7.367300588 0.023975633 0.999709308 -0.002542111 -3.630539771 -0.016747668 0.002944136 0.999855399 -1.707389942
102560000 1.022559554 1.820996334 0.500000000 0.500000000 0.000000000 0.000000000 0.999521255 -0.028784918 0.011342740 6.598720012 0.028813371 0.999582052 -0.002353090 -3.376919943 -0.011270266 0.002678786 0.999932885 -1.391199868
102640000 1.022559554 1.820996334 0.500000000 0.500000000 0.000000000 0.000000000 0.999970853 -0.007632710 0.000061677 5.772309479 0.007632948 0.999950528 -0.006376641 -3.235770021 -0.000013003 0.006376926 0.999979675 -1.009500061
102720000 1.022559554 1.820996334 0.500000000 0.500000000 0.000000000 0.000000000 0.999883413 -0.000847281 -0.015244739 5.131469617 0.000622985 0.999891579 -0.014711781 -2.998519802 0.015255552 0.014700570 0.999775529 -0.772882949
102800000 1.022559554 1.820996334 0.500000000 0.500000000 0.000000000 0.000000000 0.999509752 -0.006455770 -0.030635701 4.471989980 0.005824560 0.999769807 -0.020648485 -2.671909780 0.030761952 0.020459922 0.999317288 -0.620777985
102880000 1.022559554 1.820996334 0.500000000 0.500000000 0.000000000 0.000000000 0.999253333 -0.009607366 -0.037423342 3.889470068 0.008809238 0.999731481 -0.021433869 -2.377210162 0.037619218 0.021088196 0.999069631 -0.554128073
102960000 1.022559554 1.820996334 0.500000000 0.500000000 0.000000000 0.000000000 0.999132872 -0.002881462 -0.041536238 3.384480354 0.002050141 0.999796987 -0.020043068 -2.185059801 0.041585561 0.019940533 0.998935938 -0.513208974
103040000 1.022559554 1.820996334 0.500000000 0.500000000 0.000000000 0.000000000 0.998876095 0.001408362 -0.047376629 2.886060031 -0.002236891 0.999845386 -0.017439675 -1.987919984 0.047344740 0.017526049 0.998724818 -0.489713945
103120000 1.022559554 1.820996334 0.500000000 0.500000000 0.000000000 0.000000000 0.998571098 -0.004287757 -0.053267535 2.418090400 0.003423234 0.999861121 -0.016310483 -1.752970057 0.053330075 0.016104829 0.998447061 -0.450424943
103200000 1.022559554 1.820996334 0.500000000 0.500000000 0.000000000 0.000000000 0.998264551 -0.014393337 -0.057102811 1.985069949 0.013522053 0.999786615 -0.015615335 -1.483769905 0.057315383 0.014816089 0.998246193 -0.432782010
103280000 1.022559554 1.820996334 0.500000000 0.500000000 0.000000000 0.000000000 0.998164892 -0.019533137 -0.057317808 1.587409953 0.018754797 0.999724865 -0.014086090 -1.303089815 0.057577185 0.012985256 0.998256624 -0.382822060
103360000 1.022559554 1.820996334 0.500000000 0.500000000 0.000000000 0.000000000 0.998065770 -0.024392024 -0.057182126 1.156290129 0.023547068 0.999604046 -0.015404170 -1.167729818 0.057535224 0.014027903 0.998244941 -0.370662040
103440000 1.022559554 1.820996334 0.500000000 0.500000000 0.000000000 0.000000000 0.997803807 -0.029003875 -0.059550658 0.803582943 0.027923716 0.999431551 -0.018891392 -0.967485079 0.060064726 0.017187027 0.998046517 -0.351210003
103520000 1.022559554 1.820996334 0.500000000 0.500000000 0.000000000 0.000000000 0.997795582 -0.025934616 -0.061084881 0.495698002 0.024723371 0.999484062 -0.020502029 -0.727582961 0.061585076 0.018946609 0.997922003 -0.339806020
103600000 1.022559554 1.820996334 0.500000000 0.500000000 0.000000000 0.000000000 0.997989476 -0.015817452 -0.061374407 0.210156004 0.014629344 0.999697745 -0.019759720 -0.493660027 0.061668400 0.018822128 0.997919202 -0.347182036
103680000 1.022559554 1.820996334 0.500000000 0.500000000 0.000000000 0.000000000 0.997999489 -0.007306008 -0.062798820 -0.060611304 0.006247483 0.999835372 -0.017035665 -0.231044980 0.062912948 0.016609250 0.997880816 -0.341263000
103760000 1.022559554 1.820996334 0.500000000 0.500000000 0.000000000 0.000000000 0.997975230 -0.000651095 -0.063600071 -0.256045005 -0.000180940 0.999914467 -0.013075660 0.021851700 0.063603140 0.013060694 0.997889817 -0.299908002
103840000 1.022559554 1.820996334 0.500000000 0.500000000 0.000000000 0.000000000 0.998115838 0.002618148 -0.061302043 -0.478677024 -0.003166508 0.999955833 -0.008849778 0.290811990 0.061276168 0.009027218 0.998080015 -0.273160001
103920000 1.022559554 1.820996334 0.500000000 0.500000000 0.000000000 0.000000000 0.998202622 -0.000778376 -0.059924621 -0.760127003 0.000679660 0.999998391 -0.001667692 0.501682927 0.059925821 0.001623966 0.998201489 -0.228790984
104000000 1.022559554 1.820996334 0.500000000 0.500000000 0.000000000 0.000000000 0.998132765 -0.005388028 -0.060843959 -1.008890041 0.005694601 0.999971926 0.004866395 0.661414006 0.060816035 -0.005203790 0.998135448 -0.111995004
104080000 1.022559554 1.820996334 0.500000000 0.500000000 0.000000000 0.000000000 0.998062015 -0.014812143 -0.060438704 -1.305349935 0.015281045 0.999856591 0.007303475 0.791068083 0.060321856 -0.008212887 0.998145163 0.016213299
104160000 1.022559554 1.820996334 0.500000000 0.500000000 0.000000000 0.000000000 0.998001516 -0.017737741 -0.060649522 -1.663030018 0.018145213 0.999816298 0.006174287 0.929244001 0.060528859 -0.007262445 0.998140037 0.101796995
104240000 1.022559554 1.820996334 0.500000000 0.500000000 0.000000000 0.000000000 0.997840881 -0.014157552 -0.064134113 -2.009880300 0.014491683 0.999883711 0.004747672 1.082359991 0.064059444 -0.005666831 0.997929990 0.168388970
104320000 1.022559554 1.820996334 0.500000000 0.500000000 0.000000000 0.000000000 0.997520030 -0.009980427 -0.069672361 -2.289630163 0.010290697 0.999938667 0.004095756 1.236680109 0.069627210 -0.004802576 0.997561514 0.243811967
104400000 1.022559554 1.820996334 0.500000000 0.500000000 0.000000000 0.000000000 0.997161388 -0.012376932 -0.074269585 -2.528850303 0.012600696 0.999917388 0.002545027 1.380239954 0.074231945 -0.003473651 0.997234941 0.329092008
104480000 1.022559554 1.820996334 0.500000000 0.500000000 0.000000000 0.000000000 0.996797740 -0.020262936 -0.077353969 -2.745860106 0.020384477 0.999791920 0.000781890 1.500360000 0.077322036 -0.002356206 0.997003376 0.412544998
104560000 1.022559554 1.820996334 0.500000000 0.500000000 0.000000000 0.000000000 0.996619046 -0.023227068 -0.078809410 -3.004689765 0.023311926 0.999728203 0.000156765 1.611649846 0.078784347 -0.001993435 0.996889710 0.464774027
104640000 1.022559554 1.820996334 0.500000000 0.500000000 0.000000000 0.000000000 0.996366143 -0.022156537 -0.082241416 -3.259610186 0.022323795 0.999750197 0.001114668 1.718450010 0.082196176 -0.002946557 0.996611834 0.506726056
104720000 1.022559554 1.820996334 0.500000000 0.500000000 0.000000000 0.000000000 0.995994747 -0.018373610 -0.087503321 -3.473899949 0.018628476 0.999824286 0.002096873 1.764969911 0.087449424 -0.003718528 0.996161997 0.592295911
104800000 1.022559554 1.820996334 0.500000000 0.500000000 0.000000000 0.000000000 0.995514810 -0.015487659 -0.093329377 -3.667579864 0.015485310 0.999879837 -0.000749416 1.800640133 0.093329765 -0.000699179 0.995635033 0.690370981
104880000 1.022559554 1.820996334 0.500000000 0.500000000 0.000000000 0.000000000 0.994784772 -0.014007568 -0.101029895 -3.874460020 0.013587877 0.999895990 -0.004841114 1.861820159 0.101087190 0.003443084 0.994871616 0.729618040
104960000 1.022559554 1.820996334 0.500000000 0.500000000 0.000000000 0.000000000 0.994108856 -0.012469893 -0.107666537 -3.999170091 0.011703199 0.999901474 -0.007749970 2.001700101 0.107752576 0.006444272 0.994156837 0.783433894
105040000 1.022559554 1.820996334 0.500000000 0.500000000 0.000000000 0.000000000 0.993630946 -0.014802676 -0.111706667 -4.160280039 0.014208000 0.999880373 -0.006117761 2.129800089 0.111783855 0.004491669 0.993722379 0.783258030
105120000 1.022559554 1.820996334 0.500000000 0.500000000 0.000000000 0.000000000 0.993199468 -0.016762871 -0.115212254 -4.299070221 0.016393729 0.999857008 -0.004150867 2.205469999 0.115265362 0.002233880 0.993332207 0.832033924
