https://www.youtube.com/watch?v=vzqs7bvLoQ8
105316667 0.947104200 1.684810388 0.500000000 0.500000000 0.000000000 0.000000000 0.998531520 -0.008619765 0.053483639 2.117170150 0.008152870 0.999926805 0.008941701 -1.558140062 -0.053556796 -0.008492524 0.998528719 5.920190348
105350000 0.947104200 1.684810388 0.500000000 0.500000000 0.000000000 0.000000000 0.999281943 -0.006406575 0.037344269 1.857750148 0.006135090 0.999953926 0.007379854 -1.472000014 -0.037389830 -0.007145443 0.999275208 5.302199976
105383333 0.947104200 1.684810388 0.500000000 0.500000000 0.000000000 0.000000000 0.999782443 -0.004565184 0.020353343 1.628670128 0.004407220 0.999959886 0.007799158 -1.415820064 -0.020388130 -0.007707760 0.999762416 4.681869710
105416667 0.947104200 1.684810388 0.500000000 0.500000000 0.000000000 0.000000000 0.999982238 -0.003016986 0.005141879 1.383640063 0.002986600 0.999978065 0.005906978 -1.301030066 -0.005159588 -0.005891516 0.999969363 4.027689936
105450000 0.947104200 1.684810388 0.500000000 0.500000000 0.000000000 0.000000000 0.999964297 -0.001553912 -0.008305561 1.171740036 0.001600523 0.999983013 0.005608280 -1.170740053 0.008296704 -0.005621374 0.999949753 3.471769756
105483333 0.947104200 1.684810388 0.500000000 0.500000000 0.000000000 0.000000000 0.999754786 -0.001058831 -0.022120088 0.980117124 0.001197928 0.999979615 0.006275925 -1.032410110 0.022112992 -0.006300885 0.999735594 2.860219777
105516667 0.947104200 1.684810388 0.500000000 0.500000000 0.000000000 0.000000000 0.999380410 -0.000042160 -0.035197042 0.798898986 0.000252713 0.999982119 0.005977693 -0.893942030 0.035196163 -0.005982884 0.999362528 2.318510217
105550000 0.947104200 1.684810388 0.500000000 0.500000000 0.000000000 0.000000000 0.998886645 0.001244342 -0.047158334 0.608913003 -0.000994974 0.999985397 0.005310986 -0.728036015 0.047164258 -0.005258152 0.998873293 1.803570023
105583333 0.947104200 1.684810388 0.500000000 0.500000000 0.000000000 0.000000000 0.998219848 0.001057455 -0.059632849 0.444744016 -0.000687687 0.999980390 0.006220913 -0.570764979 0.059638258 -0.006168830 0.998201013 1.277610098
105616667 0.947104200 1.684810388 0.500000000 0.500000000 0.000000000 0.000000000 0.997345984 0.001649275 -0.072788991 0.312561976 -0.001166304 0.999977052 0.006677232 -0.400024026 0.072798334 -0.006574617 0.997325003 0.708665999
105650000 0.947104200 1.684810388 0.500000000 0.500000000 0.000000000 0.000000000 0.996352315 0.001294013 -0.085325383 0.159505989 -0.000684067 0.999974012 0.007177311 -0.258195002 0.085332446 -0.007092762 0.996327281 0.214859989
105683333 0.947104200 1.684810388 0.500000000 0.500000000 0.000000000 0.000000000 0.995232642 0.001935916 -0.097510025 -0.000807791 -0.001133405 0.999965012 0.008284756 -0.082843899 0.097522661 -0.008134742 0.995200038 -0.272723995
105716667 0.947104200 1.684810388 0.500000000 0.500000000 0.000000000 0.000000000 0.994030595 0.002435311 -0.109074533 -0.163575995 -0.001465006 0.999958634 0.008975055 0.107328995 0.109091878 -0.008761685 0.993993044 -0.922152942
105750000 0.947104200 1.684810388 0.500000000 0.500000000 0.000000000 0.000000000 0.992523670 0.002296390 -0.122030661 -0.261209031 -0.001103636 0.999950945 0.009840897 0.253086990 0.122047275 -0.009632646 0.992477536 -1.407150039
105783333 0.947104200 1.684810388 0.500000000 0.500000000 0.000000000 0.000000000 0.990952969 0.002974642 -0.134176701 -0.385021030 -0.001564075 0.999942422 0.010616945 0.398992983 0.134200543 -0.010311032 0.990900576 -1.928480045
105816667 0.947104200 1.684810388 0.500000000 0.500000000 0.000000000 0.000000000 0.989207387 0.003378705 -0.146483079 -0.496138846 -0.001671407 0.999929249 0.011776767 0.558661999 0.146512493 -0.011404832 0.989143074 -2.435510100
105850000 0.947104200 1.684810388 0.500000000 0.500000000 0.000000000 0.000000000 0.987460852 0.003859615 -0.157816857 -0.594931996 -0.001956201 0.999923468 0.012214457 0.701466906 0.157851934 -0.011752577 0.987392843 -2.967480027
105883333 0.947104200 1.684810388 0.500000000 0.500000000 0.000000000 0.000000000 0.985466123 0.003660004 -0.169832408 -0.676893001 -0.001480189 0.999914944 0.012959919 0.847689001 0.169865400 -0.012520176 0.985387743 -3.559200106
105916667 0.947104200 1.684810388 0.500000000 0.500000000 0.000000000 0.000000000 0.983185053 0.004005706 -0.182568133 -0.758640963 -0.001377582 0.999893606 0.014519864 0.973828008 0.182606876 -0.014024210 0.983085990 -4.112559987
105950000 0.947104200 1.684810388 0.500000000 0.500000000 0.000000000 0.000000000 0.980836213 0.004981515 -0.194770232 -0.830182961 -0.002146894 0.999888718 0.014762052 1.129059949 0.194822088 -0.014061005 0.980737805 -4.645939748
105983333 0.947104200 1.684810388 0.500000000 0.500000000 0.000000000 0.000000000 0.978263617 0.005123608 -0.207301691 -0.873144907 -0.001817776 0.999868155 0.016134290 1.236979820 0.207357034 -0.015406759 0.978143990 -5.287299820
106016667 0.947104200 1.684810388 0.500000000 0.500000000 0.000000000 0.000000000 0.975400209 0.005879357 -0.220362946 -0.926609869 -0.002038551 0.999842107 0.017652800 1.367810016 0.220431939 -0.016769325 0.975258172 -5.914389712
106050000 0.947104200 1.684810388 0.500000000 0.500000000 0.000000000 0.000000000 0.972229362 0.006178657 -0.233948320 -0.910864094 -0.002217451 0.999849737 0.017191203 1.521090028 0.234019399 -0.016195023 0.972096980 -6.484129282
