https://www.youtube.com/watch?v=Rc2XtbYfYoc
27827889 0.833090038 1.483584950 0.500000000 0.500000000 0.000000000 0.000000000 0.732859790 0.230351567 -0.640198767 1.563479684 -0.191729426 0.972730279 0.130520597 0.356697030 0.652806342 0.027091712 0.757040083 -0.405760858
27894711 0.833090038 1.483584950 0.500000000 0.500000000 0.000000000 0.000000000 0.722503304 0.236627802 -0.649612546 1.315640194 -0.196675971 0.971130133 0.134999484 0.365078069 0.662802935 0.030225530 0.748183727 -0.471616131
27961522 0.833090038 1.483584950 0.500000000 0.500000000 0.000000000 0.000000000 0.714358330 0.239563435 -0.657496452 1.033650092 -0.199073493 0.970325112 0.137254909 0.377476046 0.670866609 0.032840904 0.740850568 -0.525798989
28028333 0.833090038 1.483584950 0.500000000 0.500000000 0.000000000 0.000000000 0.707629383 0.237877429 -0.665338576 0.734787288 -0.197867930 0.970664740 0.136595279 0.394624099 0.678313673 0.034990203 0.733939171 -0.602836286
28095144 0.833090038 1.483584950 0.500000000 0.500000000 0.000000000 0.000000000 0.701339602 0.234776974 -0.673054874 0.421810174 -0.195771754 0.971336961 0.134825677 0.404929088 0.685416996 0.037206456 0.727199793 -0.677239246
28161956 0.833090038 1.483584950 0.500000000 0.500000000 0.000000000 0.000000000 0.696656823 0.230944678 -0.679215133 0.094727596 -0.193328604 0.972178102 0.132263899 0.418759859 0.690863788 0.039169334 0.721922755 -0.777101495
28228778 0.833090038 1.483584950 0.500000000 0.500000000 0.000000000 0.000000000 0.693673253 0.227460802 -0.683432102 -0.237825072 -0.190849394 0.972958088 0.130112007 0.430103123 0.694546103 0.040177267 0.718325734 -0.889009352
28295589 0.833090038 1.483584950 0.500000000 0.500000000 0.000000000 0.000000000 0.690404296 0.223624572 -0.687993109 -0.567722392 -0.188664392 0.973770499 0.127187818 0.438161169 0.698389709 0.041988660 0.714485288 -0.979767583
28362400 0.833090038 1.483584950 0.500000000 0.500000000 0.000000000 0.000000000 0.691007197 0.221291557 -0.688142180 -0.837005467 -0.187305614 0.974287212 0.125224173 0.438067182 0.698159218 0.042361937 0.714688599 -1.086200691
28429211 0.833090038 1.483584950 0.500000000 0.500000000 0.000000000 0.000000000 0.691149652 0.216745019 -0.689445019 -1.168730911 -0.184827536 0.975254893 0.121312335 0.430617258 0.698678493 0.043583285 0.714107513 -1.185580905
28496033 0.833090038 1.483584950 0.500000000 0.500000000 0.000000000 0.000000000 0.688737750 0.213306427 -0.692921996 -1.463120268 -0.182811975 0.975952864 0.118725508 0.415061035 0.701584101 0.044903640 0.711170554 -1.274800088
28562844 0.833090038 1.483584950 0.500000000 0.500000000 0.000000000 0.000000000 0.685585916 0.212374255 -0.696325064 -1.744408994 -0.182608351 0.976090014 0.117908508 0.389850716 0.704716682 0.046318505 0.707974911 -1.329979209
28696467 0.833090038 1.483584950 0.500000000 0.500000000 0.000000000 0.000000000 0.676399231 0.220752656 -0.702675641 -2.227631628 -0.190461695 0.974002361 0.122653313 0.366201380 0.711483777 0.050870024 0.700859308 -1.460291027
28763278 0.833090038 1.483584950 0.500000000 0.500000000 0.000000000 0.000000000 0.670754611 0.226741150 -0.706170738 -2.458241070 -0.196328476 0.972440720 0.125754446 0.388167207 0.715222895 0.054290932 0.696784854 -1.537500811
28830100 0.833090038 1.483584950 0.500000000 0.500000000 0.000000000 0.000000000 0.663986325 0.233137816 -0.710470438 -2.674708319 -0.201773643 0.970768869 0.129981413 0.430459657 0.720006227 0.057048485 0.691618383 -1.616839256
28896911 0.833090038 1.483584950 0.500000000 0.500000000 0.000000000 0.000000000 0.656893373 0.239002004 -0.715101063 -2.878741324 -0.206990525 0.969154537 0.133770183 0.481350334 0.725014746 0.060146287 0.686102271 -1.687860493
28963722 0.833090038 1.483584950 0.500000000 0.500000000 0.000000000 0.000000000 0.649836183 0.243427426 -0.720039129 -3.049160915 -0.211707801 0.967806697 0.136124998 0.513860175 0.729995251 0.063978866 0.680451274 -1.752490756
29030533 0.833090038 1.483584950 0.500000000 0.500000000 0.000000000 0.000000000 0.641605198 0.248817593 -0.725556672 -3.212019735 -0.216062486 0.966247439 0.140295804 0.553902951 0.735975325 0.066751100 0.673709512 -1.843469848
29097356 0.833090038 1.483584950 0.500000000 0.500000000 0.000000000 0.000000000 0.633034348 0.253269553 -0.731521010 -3.339563197 -0.220078871 0.964853764 0.143605769 0.602767717 0.742181778 0.070084676 0.666524768 -1.956551929
29164167 0.833090038 1.483584950 0.500000000 0.500000000 0.000000000 0.000000000 0.623788536 0.257784635 -0.737858593 -3.485341236 -0.223171130 0.963487267 0.147942498 0.667487261 0.749054611 0.072383806 0.658542395 -2.063890415
29230978 0.833090038 1.483584950 0.500000000 0.500000000 0.000000000 0.000000000 0.614441752 0.262311459 -0.744079411 -3.598200598 -0.225264326 0.962180555 0.153181463 0.733518142 0.756120026 0.073493406 0.650293350 -2.180790330
29297789 0.833090038 1.483584950 0.500000000 0.500000000 0.000000000 0.000000000 0.604756415 0.265293211 -0.750925243 -3.712248279 -0.226801187 0.961214602 0.156932041 0.777578649 0.763433278 0.075405225 0.641469538 -2.263278768
29364611 0.833090038 1.483584950 0.500000000 0.500000000 0.000000000 0.000000000 0.595837295 0.269927919 -0.756384313 -3.821761543 -0.229902431 0.959737957 0.161393672 0.874478222 0.769495428 0.077730119 0.633904696 -2.397451122
29431422 0.833090038 1.483584950 0.500000000 0.500000000 0.000000000 0.000000000 0.589694977 0.272016168 -0.760438502 -3.935418769 -0.230573177 0.959088266 0.164273173 0.916197689 0.774012625 0.078465737 0.628289223 -2.513549238
29498233 0.833090038 1.483584950 0.500000000 0.500000000 0.000000000 0.000000000 0.583080590 0.274543732 -0.764618874 -4.040596827 -0.232186526 0.958227575 0.167000696 0.972185172 0.778527856 0.080159575 0.622469306 -2.634847836
29565044 0.833090038 1.483584950 0.500000000 0.500000000 0.000000000 0.000000000 0.579090595 0.275370985 -0.767349303 -4.142990101 -0.231780320 0.957998157 0.168871075 1.022420162 0.781621397 0.080064788 0.618593335 -2.772739942
29631856 0.833090038 1.483584950 0.500000000 0.500000000 0.000000000 0.000000000 0.577818632 0.274359375 -0.768669069 -4.271118079 -0.229830772 0.958390355 0.169309333 1.057109365 0.783136666 0.078833833 0.616832137 -2.913818819
29698678 0.833090038 1.483584950 0.500000000 0.500000000 0.000000000 0.000000000 0.578178287 0.273229569 -0.768801272 -4.394369589 -0.227576762 0.958871365 0.169630378 1.102419884 0.783529580 0.076884694 0.616579354 -3.047959884
29765489 0.833090038 1.483584950 0.500000000 0.500000000 0.000000000 0.000000000 0.579640746 0.273454487 -0.767619073 -4.518259090 -0.226099223 0.958995640 0.170899004 1.163159606 0.782876432 0.074498132 0.617700815 -3.173379168
29832300 0.833090038 1.483584950 0.500000000 0.500000000 0.000000000 0.000000000 0.582232535 0.272074252 -0.766147316 -4.660533937 -0.223157853 0.959631503 0.171195924 1.208551025 0.781797111 0.071295708 0.619444132 -3.305312717
29899111 0.833090038 1.483584950 0.500000000 0.500000000 0.000000000 0.000000000 0.583819866 0.271065295 -0.765295863 -4.787739307 -0.220828891 0.960097909 0.171600193 1.252580025 0.781273842 0.068815872 0.620383322 -3.422569969
29965933 0.833090038 1.483584950 0.500000000 0.500000000 0.000000000 0.000000000 0.586262107 0.270851463 -0.763502777 -4.911571190 -0.219148248 0.960338950 0.172403976 1.307780382 0.779917300 0.066246286 0.622366965 -3.540560728
30032744 0.833090038 1.483584950 0.500000000 0.500000000 0.000000000 0.000000000 0.589393497 0.270565331 -0.761189461 -5.060248264 -0.217643499 0.960588515 0.172919184 1.340199711 0.777975798 0.063750565 0.625051439 -3.678419423
30099556 0.833090038 1.483584950 0.500000000 0.500000000 0.000000000 0.000000000 0.592314005 0.271998495 -0.758406758 -5.198289359 -0.219251782 0.960184693 0.173129916 1.398789865 0.775301695 0.063734785 0.628367007 -3.803199754
30166367 0.833090038 1.483584950 0.500000000 0.500000000 0.000000000 0.000000000 0.594618142 0.274042726 -0.755863905 -5.327652277 -0.222926199 0.959454358 0.172485486 1.463190719 0.772485375 0.065938756 0.631600261 -3.925492184
30233189 0.833090038 1.483584950 0.500000000 0.500000000 0.000000000 0.000000000 0.597391546 0.275313228 -0.753210783 -5.422812651 -0.225847870 0.958966374 0.171394974 1.519700787 0.769491076 0.067720987 0.635057271 -4.051701880
30300000 0.833090038 1.483584950 0.500000000 0.500000000 0.000000000 0.000000000 0.602480173 0.274336278 -0.749504209 -5.554216170 -0.228165269 0.959081769 0.167638600 1.536608855 0.764825225 0.070012078 0.640421867 -4.166957415
