https://www.youtube.com/watch?v=krtcJy4G72Y
56533333 0.965375501 1.719161791 0.500000000 0.500000000 0.000000000 0.000000000 0.986823499 0.105277546 -0.122865699 -5.074339790 -0.105097912 0.994430006 0.007960375 1.368479926 0.123019390 0.005057447 0.992391348 -3.795699805
56600000 0.965375501 1.719161791 0.500000000 0.500000000 0.000000000 0.000000000 0.985091329 0.103094459 -0.137719244 -4.863900627 -0.101480499 0.994661629 0.018708583 1.220029928 0.138912797 -0.004453848 0.990294576 -3.739869869
56666667 0.965375501 1.719161791 0.500000000 0.500000000 0.000000000 0.000000000 0.983061969 0.101956569 -0.152295798 -4.662610315 -0.098143242 0.994645715 0.032369707 1.060009990 0.154780656 -0.016874634 0.987804711 -3.650949756
56733333 0.965375501 1.719161791 0.500000000 0.500000000 0.000000000 0.000000000 0.980477631 0.105317049 -0.166048035 -4.465959834 -0.098976709 0.994024515 0.046030562 0.909553918 0.169903621 -0.028697040 0.985042751 -3.551349830
56800000 0.965375501 1.719161791 0.500000000 0.500000000 0.000000000 0.000000000 0.976585507 0.113357753 -0.182840616 -4.255199539 -0.104044676 0.992774427 0.059779622 0.761056905 0.188295990 -0.039356306 0.981323421 -3.463219891
56866667 0.965375501 1.719161791 0.500000000 0.500000000 0.000000000 0.000000000 0.971281171 0.126440555 -0.201558203 -4.033010210 -0.113498069 0.990735710 0.074572168 0.610715037 0.209119856 -0.049554095 0.976633668 -3.358350283
56933333 0.965375501 1.719161791 0.500000000 0.500000000 0.000000000 0.000000000 0.966844559 0.136849105 -0.215601444 -3.868310275 -0.120051987 0.988749564 0.089228921 0.469927966 0.225386739 -0.060387112 0.972396135 -3.177720273
57000000 0.965375501 1.719161791 0.500000000 0.500000000 0.000000000 0.000000000 0.962395549 0.146545917 -0.228733972 -3.663270562 -0.124566413 0.986336052 0.107816830 0.311498149 0.241408661 -0.075269893 0.967500031 -2.965790032
57066667 0.965375501 1.719161791 0.500000000 0.500000000 0.000000000 0.000000000 0.960079014 0.151263297 -0.235303581 -3.488060142 -0.124538630 0.984354317 0.124646530 0.178100167 0.250476539 -0.090366155 0.963895977 -2.697530048
57133333 0.965375501 1.719161791 0.500000000 0.500000000 0.000000000 0.000000000 0.959497452 0.153654367 -0.236124754 -3.316969810 -0.122490108 0.982331514 0.141495362 0.067094180 0.253694177 -0.106841475 0.961365759 -2.381839913
57200000 0.965375501 1.719161791 0.500000000 0.500000000 0.000000000 0.000000000 0.959632099 0.154233739 -0.235198244 -3.112760176 -0.117664240 0.979690790 0.162360936 -0.050319970 0.255463094 -0.128132373 0.958290517 -2.069560036
57333333 0.965375501 1.719161791 0.500000000 0.500000000 0.000000000 0.000000000 0.962393045 0.157268122 -0.221509188 -2.767289915 -0.110041097 0.971179664 0.211426020 -0.208450024 0.248375803 -0.179099828 0.951962531 -1.442909886
57400000 0.965375501 1.719161791 0.500000000 0.500000000 0.000000000 0.000000000 0.963481069 0.161974967 -0.213233083 -2.602260150 -0.110701174 0.966010690 0.233599246 -0.231579949 0.243822664 -0.201463312 0.948663831 -1.160300101
57466667 0.965375501 1.719161791 0.500000000 0.500000000 0.000000000 0.000000000 0.964164495 0.164933145 -0.207807302 -2.434710066 -0.109255932 0.960613847 0.255507648 -0.259741072 0.241764277 -0.223647207 0.944209695 -0.915416089
57533333 0.965375501 1.719161791 0.500000000 0.500000000 0.000000000 0.000000000 0.964810371 0.167448685 -0.202736065 -2.278300130 -0.107547499 0.954873085 0.276858896 -0.263253060 0.239946887 -0.245312542 0.939280152 -0.680779053
57600000 0.965375501 1.719161791 0.500000000 0.500000000 0.000000000 0.000000000 0.966040552 0.166772306 -0.197364420 -2.104250246 -0.103238247 0.949325204 0.296856225 -0.253269909 0.236870378 -0.266399622 0.934303880 -0.476807999
57666667 0.965375501 1.719161791 0.500000000 0.500000000 0.000000000 0.000000000 0.967879653 0.164087117 -0.190484688 -1.916990123 -0.097895116 0.943825543 0.315610349 -0.233854972 0.231571898 -0.286825299 0.929572880 -0.318408041
57733333 0.965375501 1.719161791 0.500000000 0.500000000 0.000000000 0.000000000 0.969997764 0.160798252 -0.182341009 -1.724469974 -0.092851013 0.938196898 0.333414793 -0.201156951 0.224684238 -0.306481063 0.924979150 -0.168716932
57800000 0.965375501 1.719161791 0.500000000 0.500000000 0.000000000 0.000000000 0.972087860 0.158935770 -0.172582224 -1.529570007 -0.089959636 0.931865633 0.351473600 -0.160580014 0.216685191 -0.326137751 0.920153022 -0.048660828
57866667 0.965375501 1.719161791 0.500000000 0.500000000 0.000000000 0.000000000 0.974034667 0.157541096 -0.162595242 -1.315499898 -0.088081442 0.925295353 0.368876904 -0.115953051 0.208561897 -0.344977289 0.915146172 0.075199094
57933333 0.965375501 1.719161791 0.500000000 0.500000000 0.000000000 0.000000000 0.975853801 0.156450063 -0.152423009 -1.097680074 -0.087199420 0.918850005 0.384851992 -0.077002746 0.200263962 -0.362268090 0.910305619 0.146708033
58000000 0.965375501 1.719161791 0.500000000 0.500000000 0.000000000 0.000000000 0.977568567 0.155217707 -0.142362520 -0.872044870 -0.086810134 0.912786245 0.399105519 -0.047786852 0.191894814 -0.377794474 0.905785620 0.199266932
58066667 0.965375501 1.719161791 0.500000000 0.500000000 0.000000000 0.000000000 0.979067266 0.155246437 -0.131627634 -0.648434961 -0.088344850 0.906743824 0.412323654 -0.026011408 0.183364317 -0.392063975 0.901478410 0.246793022
58133333 0.965375501 1.719161791 0.500000000 0.500000000 0.000000000 0.000000000 0.980305433 0.156690359 -0.120205842 -0.425080037 -0.091909856 0.900722086 0.424561381 -0.002116423 0.174796715 -0.405151725 0.897384107 0.282115056
58200000 0.965375501 1.719161791 0.500000000 0.500000000 0.000000000 0.000000000 0.981245756 0.159026682 -0.108936936 -0.212177990 -0.096698493 0.894983470 0.435492605 0.021725386 0.166751742 -0.416791230 0.893576384 0.290012927
58266667 0.965375501 1.719161791 0.500000000 0.500000000 0.000000000 0.000000000 0.982028484 0.160837069 -0.098750040 0.001137682 -0.101029113 0.889931321 0.444764525 0.047412510 0.159415349 -0.426794797 0.890187085 0.307290032
58333333 0.965375501 1.719161791 0.500000000 0.500000000 0.000000000 0.000000000 0.982803166 0.161274344 -0.089936197 0.214787992 -0.103747688 0.885167539 0.453558147 0.071740798 0.152755857 -0.436427712 0.886677325 0.309284046
58400000 0.965375501 1.719161791 0.500000000 0.500000000 0.000000000 0.000000000 0.983564556 0.160615548 -0.082482740 0.443506978 -0.104973577 0.880362153 0.462539732 0.111690021 0.146905765 -0.446279168 0.882753372 0.317229990
58466667 0.965375501 1.719161791 0.500000000 0.500000000 0.000000000 0.000000000 0.984315276 0.159423217 -0.075548910 0.656400947 -0.105338611 0.874631524 0.473205358 0.152216999 0.141517401 -0.457825035 0.877706647 0.322405006
58533333 0.965375501 1.719161791 0.500000000 0.500000000 0.000000000 0.000000000 0.984965563 0.158595666 -0.068485022 0.860391934 -0.105915502 0.867596865 0.485857517 0.192579997 0.136472315 -0.471299320 0.871350765 0.355186995
58600000 0.965375501 1.719161791 0.500000000 0.500000000 0.000000000 0.000000000 0.985842466 0.155849397 -0.061851501 1.064519963 -0.104799211 0.860665619 0.498268574 0.233682013 0.130888388 -0.484732300 0.864813566 0.379515951
58666667 0.965375501 1.719161791 0.500000000 0.500000000 0.000000000 0.000000000 0.987026572 0.150227919 -0.056657467 1.251909888 -0.100811712 0.854521692 0.509538710 0.266577023 0.124961972 -0.497216523 0.858580351 0.374586993
58733333 0.965375501 1.719161791 0.500000000 0.500000000 0.000000000 0.000000000 0.988470435 0.140758589 -0.055796143 1.461080047 -0.091945022 0.850780904 0.517414451 0.295792009 0.120300874 -0.506318688 0.853913784 0.391656956
58800000 0.965375501 1.719161791 0.500000000 0.500000000 0.000000000 0.000000000 0.990036786 0.127865970 -0.058970176 1.667090083 -0.078523368 0.848983169 0.522553265 0.334944036 0.116881423 -0.512716472 0.850564957 0.401823971
58866667 0.965375501 1.719161791 0.500000000 0.500000000 0.000000000 0.000000000 0.991513610 0.115189895 -0.060266212 1.883359915 -0.066215202 0.846410036 0.528399229 0.373982033 0.111876160 -0.519924521 0.846854389 0.450910026
58933333 0.965375501 1.719161791 0.500000000 0.500000000 0.000000000 0.000000000 0.992797017 0.104133919 -0.059246533 2.106039843 -0.056411203 0.842563272 0.535634935 0.415993008 0.105696745 -0.528434575 0.842368603 0.477898922
59000000 0.965375501 1.719161791 0.500000000 0.500000000 0.000000000 0.000000000 0.993755221 0.096537560 -0.055956006 2.335150052 -0.050718531 0.837478280 0.544112206 0.438060020 0.099389166 -0.537876368 0.837144613 0.525850049
59066667 0.965375501 1.719161791 0.500000000 0.500000000 0.000000000 0.000000000 0.994378984 0.092659697 -0.051230781 2.577159757 -0.049110960 0.832306385 0.552136123 0.442305013 0.093800463 -0.546516597 0.832178593 0.577826074
