https://www.youtube.com/watch?v=cG_RniNiBBk
96162733 1.023055148 1.821879113 0.500000000 0.500000000 0.000000000 0.000000000 0.999512792 -0.010070938 -0.029542280 -2.514569901 0.012458964 0.996571064 0.081797607 -3.814740010 0.028617201 -0.082125820 0.996210992 4.162700270
96229467 1.023055148 1.821879113 0.500000000 0.500000000 0.000000000 0.000000000 0.999365926 -0.006119153 -0.035074871 -2.316439799 0.009352102 0.995644212 0.092763565 -3.589809610 0.034354459 -0.093032770 0.995070159 4.111099994
96296200 1.023055148 1.821879113 0.500000000 0.500000000 0.000000000 0.000000000 0.999181688 -0.002486710 -0.040369760 -2.156330083 0.006667087 0.994580984 0.103750832 -3.365919949 0.039892998 -0.103935085 0.993783712 4.078839727
96362933 1.023055148 1.821879113 0.500000000 0.500000000 0.000000000 0.000000000 0.998944104 0.000959327 -0.045931581 -1.995990070 0.004313846 0.993406057 0.114568040 -3.170850290 0.045738619 -0.114645213 0.992352962 4.015299587
96429667 1.023055148 1.821879113 0.500000000 0.500000000 0.000000000 0.000000000 0.998705685 0.004203106 -0.050688043 -1.837739962 0.002143796 0.992215455 0.124514766 -2.985770165 0.050816812 -0.124462269 0.990922213 3.861219822
96496400 1.023055148 1.821879113 0.500000000 0.500000000 0.000000000 0.000000000 0.998374820 0.006661471 -0.056597829 -1.695399950 0.000961975 0.991033256 0.133612156 -2.823500069 0.056980386 -0.133449465 0.989416242 3.772959925
96563133 1.023055148 1.821879113 0.500000000 0.500000000 0.000000000 0.000000000 0.998003066 0.009332523 -0.062472515 -1.575549932 -0.000315585 0.989749610 0.142813206 -2.662499752 0.063164957 -0.142508298 0.987776041 3.640059432
96629867 1.023055148 1.821879113 0.500000000 0.500000000 0.000000000 0.000000000 0.997583807 0.011957048 -0.068437003 -1.462700114 -0.001392741 0.988321900 0.152374297 -2.515860219 0.069459729 -0.151910812 0.985950530 3.477860314
96696600 1.023055148 1.821879113 0.500000000 0.500000000 0.000000000 0.000000000 0.997092426 0.014547491 -0.074799940 -1.362049990 -0.002294100 0.986893654 0.161355555 -2.374140114 0.076166913 -0.160714805 0.984057605 3.213689982
96763333 1.023055148 1.821879113 0.500000000 0.500000000 0.000000000 0.000000000 0.996508062 0.017705716 -0.081597842 -1.245610021 -0.003542607 0.985343754 0.170543522 -2.255099947 0.083421521 -0.169658929 0.981965721 2.986289722
96830067 1.023055148 1.821879113 0.500000000 0.500000000 0.000000000 0.000000000 0.995799959 0.019957554 -0.089353897 -1.138489954 -0.003608375 0.983749330 0.179511100 -2.117030020 0.091484435 -0.178434730 0.979689598 2.624670213
96896800 1.023055148 1.821879113 0.500000000 0.500000000 0.000000000 0.000000000 0.995042682 0.022890307 -0.096778810 -1.049300021 -0.004205213 0.981964290 0.189019471 -1.961609794 0.099360049 -0.187675446 0.977192640 2.352249814
96963533 1.023055148 1.821879113 0.500000000 0.500000000 0.000000000 0.000000000 0.994037986 0.027010774 -0.105635524 -0.937042986 -0.005462227 0.979949534 0.199170932 -1.790959934 0.108897239 -0.197406456 0.974254608 2.032439969
97030267 1.023055148 1.821879113 0.500000000 0.500000000 0.000000000 0.000000000 0.992903948 0.030131966 -0.115038425 -0.814038003 -0.005570967 0.978090107 0.208107457 -1.609640098 0.118788630 -0.205989853 0.971317410 1.686490277
97097000 1.023055148 1.821879113 0.500000000 0.500000000 0.000000000 0.000000000 0.991550505 0.033522848 -0.125314936 -0.723946985 -0.005551456 0.976112843 0.217193142 -1.433069832 0.129602447 -0.214662299 0.968051314 1.424850050
97163733 1.023055148 1.821879113 0.500000000 0.500000000 0.000000000 0.000000000 0.989945889 0.037631147 -0.136348769 -0.643038966 -0.005797299 0.973945022 0.226710096 -1.280469962 0.141327575 -0.223640278 0.964371026 1.111869981
97230467 1.023055148 1.821879113 0.500000000 0.500000000 0.000000000 0.000000000 0.988002777 0.041954227 -0.148628369 -0.566528009 -0.005921459 0.971976638 0.235002950 -1.139279879 0.154322669 -0.231303468 0.960564017 0.866197953
97297200 1.023055148 1.821879113 0.500000000 0.500000000 0.000000000 0.000000000 0.985824585 0.046780787 -0.161125645 -0.511738014 -0.006218335 0.969870090 0.243543297 -0.978849013 0.167664096 -0.239089012 0.956412613 0.665788913
97363933 1.023055148 1.821879113 0.500000000 0.500000000 0.000000000 0.000000000 0.983186781 0.052470576 -0.174901590 -0.459524017 -0.006734870 0.967594445 0.252419502 -0.806937020 0.182478413 -0.246997565 0.951679468 0.533112996
97430667 1.023055148 1.821879113 0.500000000 0.500000000 0.000000000 0.000000000 0.980279982 0.058977038 -0.188607752 -0.390837989 -0.007760316 0.965179145 0.261474758 -0.640986064 0.197461277 -0.254854828 0.946603477 0.370736049
97497400 1.023055148 1.821879113 0.500000000 0.500000000 0.000000000 0.000000000 0.977042377 0.065771036 -0.202638537 -0.295145003 -0.008964622 0.963003099 0.269341171 -0.494567973 0.212856382 -0.261341155 0.941484451 0.127115995
97564133 1.023055148 1.821879113 0.500000000 0.500000000 0.000000000 0.000000000 0.973481894 0.073604807 -0.216599479 -0.162676007 -0.011010792 0.960803032 0.277013153 -0.366055979 0.228498951 -0.267282337 0.936134815 -0.136232028
97630867 1.023055148 1.821879113 0.500000000 0.500000000 0.000000000 0.000000000 0.969653785 0.081891030 -0.230359226 0.003114583 -0.013513651 0.958745658 0.283943951 -0.224285996 0.244108379 -0.272214353 0.930757999 -0.372874974
97697600 1.023055148 1.821879113 0.500000000 0.500000000 0.000000000 0.000000000 0.965430617 0.091307983 -0.244144499 0.200819009 -0.016822070 0.956512094 0.291207284 -0.068759618 0.260116696 -0.277033418 0.924982071 -0.598740040
97764333 1.023055148 1.821879113 0.500000000 0.500000000 0.000000000 0.000000000 0.961068392 0.101373926 -0.257042676 0.425928023 -0.020809781 0.954180121 0.298508286 0.102159976 0.275525957 -0.281537890 0.919141948 -0.806891096
97831067 1.023055148 1.821879113 0.500000000 0.500000000 0.000000000 0.000000000 0.956595242 0.111290872 -0.269332290 0.693144956 -0.024923652 0.952064335 0.304880738 0.280816973 0.290352106 -0.284934700 0.913514018 -0.993625974
97897800 1.023055148 1.821879113 0.500000000 0.500000000 0.000000000 0.000000000 0.951756895 0.121432275 -0.281803310 0.949847097 -0.029122818 0.949966073 0.310992628 0.451678925 0.305468082 -0.287782460 0.907673180 -1.240570135
97964533 1.023055148 1.821879113 0.500000000 0.500000000 0.000000000 0.000000000 0.947084069 0.131433472 -0.292842984 1.191040059 -0.033708755 0.948005021 0.316465169 0.631061993 0.319210708 -0.289847761 0.902270913 -1.473039988
98031267 1.023055148 1.821879113 0.500000000 0.500000000 0.000000000 0.000000000 0.942456543 0.141582474 -0.302869618 1.440409879 -0.038636062 0.945957541 0.321980596 0.785710953 0.332088649 -0.291751027 0.896994114 -1.746329896
98098000 1.023055148 1.821879113 0.500000000 0.500000000 0.000000000 0.000000000 0.937751114 0.150853246 -0.312835634 1.663249985 -0.042986326 0.944231331 0.326464891 0.962867042 0.344637513 -0.292695165 0.891938627 -1.916249968
98164733 1.023055148 1.821879113 0.500000000 0.500000000 0.000000000 0.000000000 0.933344901 0.160004914 -0.321350098 1.864880152 -0.047372349 0.942242026 0.331565797 1.136009894 0.355841696 -0.294242144 0.887016594 -2.075160554
98231467 1.023055148 1.821879113 0.500000000 0.500000000 0.000000000 0.000000000 0.928947985 0.168358877 -0.329713434 2.065929901 -0.051202815 0.940480292 0.335968852 1.305150061 0.366652340 -0.295215309 0.882277727 -2.306590006
98298200 1.023055148 1.821879113 0.500000000 0.500000000 0.000000000 0.000000000 0.925039828 0.175232664 -0.337038517 2.261810417 -0.054161910 0.939022839 0.339562446 1.459430007 0.375989258 -0.295854181 0.878124475 -2.467310745
98364933 1.023055148 1.821879113 0.500000000 0.500000000 0.000000000 0.000000000 0.921448946 0.180934384 -0.343794346 2.427190044 -0.056274083 0.937757373 0.342701435 1.600260011 0.384402156 -0.296435118 0.874277472 -2.667199881
98431667 1.023055148 1.821879113 0.500000000 0.500000000 0.000000000 0.000000000 0.918186247 0.185982943 -0.349777520 2.571239853 -0.057919286 0.936481178 0.345902145 1.747400145 0.391891956 -0.297343671 0.870636106 -2.782029310
98498400 1.023055148 1.821879113 0.500000000 0.500000000 0.000000000 0.000000000 0.915245950 0.190072626 -0.355242550 2.689690132 -0.058527820 0.935094655 0.349531829 1.890210062 0.398621857 -0.299116015 0.866966128 -2.914399999
98565133 1.023055148 1.821879113 0.500000000 0.500000000 0.000000000 0.000000000 0.912804127 0.192787990 -0.360029638 2.787279874 -0.057844922 0.933710933 0.353324085 2.039260171 0.404280245 -0.301689774 0.863447011 -2.989749745
98631867 1.023055148 1.821879113 0.500000000 0.500000000 0.000000000 0.000000000 0.911231518 0.194181383 -0.363249898 2.838779614 -0.056259483 0.932311773 0.357252747 2.173510441 0.408034027 -0.305103689 0.860476434 -3.222048957
98698600 1.023055148 1.821879113 0.500000000 0.500000000 0.000000000 0.000000000 0.910447657 0.194882244 -0.364836812 2.855449686 -0.054582149 0.930941939 0.361064941 2.325710399 0.410007060 -0.308817118 0.858210981 -3.357469498
98765333 1.023055148 1.821879113 0.500000000 0.500000000 0.000000000 0.000000000 0.909852445 0.194985747 -0.366263688 2.874200149 -0.051948383 0.929291964 0.365674466 2.454200060 0.411667228 -0.313683003 0.855647683 -3.502489648
98832067 1.023055148 1.821879113 0.500000000 0.500000000 0.000000000 0.000000000 0.910180211 0.193872392 -0.366040379 2.845580337 -0.048719525 0.927674830 0.370197117 2.563110442 0.411337405 -0.319112837 0.853796661 -3.736761176
98898800 1.023055148 1.821879113 0.500000000 0.500000000 0.000000000 0.000000000 0.911278009 0.192096531 -0.364240706 2.785929706 -0.045505412 0.926085591 0.374559283 2.678879247 0.409269631 -0.324752688 0.852662921 -3.922969854
98965533 1.023055148 1.821879113 0.500000000 0.500000000 0.000000000 0.000000000 0.912804484 0.190127924 -0.361440629 2.724960055 -0.042490140 0.924432814 0.378970414 2.779710238 0.406180412 -0.330568224 0.851904988 -4.080450262
