https://www.youtube.com/watch?v=NzbRnOdu7gE
19533333 0.824720688 1.466671393 0.500000000 0.500000000 0.000000000 0.000000000 0.998777151 0.000473690 0.049437013 -0.383798976 0.000412324 0.999839485 -0.017910318 1.848019841 -0.049437564 0.017908802 0.998616636 -6.759069782
19600000 0.824720688 1.466671393 0.500000000 0.500000000 0.000000000 0.000000000 0.998455644 0.007758703 0.055009957 -0.375900005 -0.006026224 0.999482751 -0.031590119 1.862750140 -0.055226598 0.031209832 0.997985959 -6.452139864
19666667 0.824720688 1.466671393 0.500000000 0.500000000 0.000000000 0.000000000 0.998604298 0.009298973 0.051989928 -0.287113974 -0.006847610 0.998865247 -0.047131550 1.906570047 -0.052369207 0.046709765 0.997534811 -6.194779968
19733333 0.824720688 1.466671393 0.500000000 0.500000000 0.000000000 0.000000000 0.998590946 0.009830210 0.052148998 -0.241288032 -0.007034000 0.998541236 -0.053534754 1.896810232 -0.052599184 0.053092502 0.997203350 -5.952510080
19800000 0.824720688 1.466671393 0.500000000 0.500000000 0.000000000 0.000000000 0.998486757 0.006764858 0.054574501 -0.223791999 -0.003940125 0.998654783 -0.051701747 1.839689893 -0.054850843 0.051408485 0.997170269 -5.737130150
19866667 0.824720688 1.466671393 0.500000000 0.500000000 0.000000000 0.000000000 0.998198688 0.001149278 0.059983980 -0.221461013 0.001614021 0.998940229 -0.045998462 1.787070105 -0.059973273 0.046012416 0.997138917 -5.544789814
19933333 0.824720688 1.466671393 0.500000000 0.500000000 0.000000000 0.000000000 0.997799873 -0.006427824 0.065985844 -0.219358959 0.008309402 0.999565482 -0.028280148 1.661820099 -0.065775394 0.028766232 0.997419715 -5.344559831
20000000 0.824720688 1.466671393 0.500000000 0.500000000 0.000000000 0.000000000 0.997304559 -0.007922905 0.072944328 -0.217452007 0.008260572 0.999956489 -0.004328600 1.478439900 -0.072906867 0.004919495 0.997326612 -5.136220153
20066667 0.824720688 1.466671393 0.500000000 0.500000000 0.000000000 0.000000000 0.996516109 -0.012830547 0.082407750 -0.244528014 0.011942244 0.999865234 0.011263252 1.328299947 -0.082541160 -0.010239878 0.996535063 -4.919770020
20133333 0.824720688 1.466671393 0.500000000 0.500000000 0.000000000 0.000000000 0.995440364 -0.020668063 0.093120195 -0.304150969 0.018683858 0.999580503 0.022129755 1.194910084 -0.093538515 -0.020289008 0.995408893 -4.659389842
20200000 0.824720688 1.466671393 0.500000000 0.500000000 0.000000000 0.000000000 0.994714618 -0.027175371 0.099017091 -0.326452949 0.024188418 0.999219120 0.031242842 1.061050077 -0.099788807 -0.028682644 0.994595170 -4.366619989
20266667 0.824720688 1.466671393 0.500000000 0.500000000 0.000000000 0.000000000 0.993646622 -0.032287177 0.107814066 -0.365903935 0.028120665 0.998806119 0.039944924 0.911412002 -0.108975060 -0.036659338 0.993368268 -4.090929616
20333333 0.824720688 1.466671393 0.500000000 0.500000000 0.000000000 0.000000000 0.992180526 -0.041421555 0.117737085 -0.436274980 0.036433302 0.998357713 0.044209585 0.802781972 -0.119374961 -0.039574333 0.992060244 -3.760449929
20400000 0.824720688 1.466671393 0.500000000 0.500000000 0.000000000 0.000000000 0.991557956 -0.040287096 0.123246714 -0.459373007 0.035248529 0.998461962 0.042793568 0.700266047 -0.124781176 -0.038088035 0.991452932 -3.450999951
20466667 0.824720688 1.466671393 0.500000000 0.500000000 0.000000000 0.000000000 0.990493834 -0.031143520 0.133985251 -0.498394978 0.026854374 0.999071121 0.033701483 0.654392057 -0.134910375 -0.029783022 0.990410089 -3.194189863
20533333 0.824720688 1.466671393 0.500000000 0.500000000 0.000000000 0.000000000 0.989165366 -0.018364867 0.145652324 -0.514325990 0.015109693 0.999611437 0.023423931 0.655562985 -0.146025896 -0.020969382 0.989058495 -2.938190090
20600000 0.824720688 1.466671393 0.500000000 0.500000000 0.000000000 0.000000000 0.988071263 -0.006507204 0.153859928 -0.495047986 0.004347214 0.999887288 0.014370952 0.649995035 -0.153936103 -0.013530662 0.987988174 -2.701700130
20666667 0.824720688 1.466671393 0.500000000 0.500000000 0.000000000 0.000000000 0.987290621 -0.000479621 0.158924520 -0.432488045 -0.001323198 0.999935985 0.011237866 0.620048014 -0.158919722 -0.011305329 0.987226784 -2.470310090
20733333 0.824720688 1.466671393 0.500000000 0.500000000 0.000000000 0.000000000 0.986878872 -0.003158666 0.161431640 -0.372353020 0.000793043 0.999891400 0.014716370 0.580785986 -0.161460578 -0.014395252 0.986774206 -2.238400159
20800000 0.824720688 1.466671393 0.500000000 0.500000000 0.000000000 0.000000000 0.986764610 -0.011638371 0.161740854 -0.312183989 0.007714000 0.999660909 0.024870154 0.496990971 -0.161975458 -0.023293316 0.986519814 -2.004650040
20866667 0.824720688 1.466671393 0.500000000 0.500000000 0.000000000 0.000000000 0.986767054 -0.012006996 0.161699295 -0.255172995 0.006398365 0.999361157 0.035161771 0.422646989 -0.162018180 -0.033661865 0.986213446 -1.763450027
20933333 0.824720688 1.466671393 0.500000000 0.500000000 0.000000000 0.000000000 0.986929357 -0.008902840 0.160907403 -0.178512039 0.001198052 0.998850584 0.047917105 0.354532967 -0.161149040 -0.047098026 0.985805631 -1.528600025
21000000 0.824720688 1.466671393 0.500000000 0.500000000 0.000000000 0.000000000 0.986145616 -0.012407601 0.165417284 -0.143653008 0.001129553 0.997677863 0.068099745 0.232909985 -0.165878117 -0.066969417 0.983869672 -1.289909908
21066667 0.824720688 1.466671393 0.500000000 0.500000000 0.000000000 0.000000000 0.985010982 -0.017605010 0.171590984 -0.093955503 0.004633635 0.997119546 0.075703934 0.137014983 -0.172429502 -0.073774114 0.982255280 -1.004719971
21133333 0.824720688 1.466671393 0.500000000 0.500000000 0.000000000 0.000000000 0.984526038 -0.021251930 0.173944950 -0.015427582 0.008887241 0.997396946 0.071556441 0.060920500 -0.175012887 -0.068903290 0.982152104 -0.729391959
21200000 0.824720688 1.466671393 0.500000000 0.500000000 0.000000000 0.000000000 0.984841943 -0.028894469 0.171030551 0.095343999 0.018918250 0.998038530 0.059675328 0.014296097 -0.172419369 -0.055535167 0.983456850 -0.440131976
21266667 0.824720688 1.466671393 0.500000000 0.500000000 0.000000000 0.000000000 0.985506237 -0.040072206 0.164838240 0.191098006 0.032423522 0.998280525 0.048834089 0.003671044 -0.166511700 -0.042781670 0.985110939 -0.213244990
21333333 0.824720688 1.466671393 0.500000000 0.500000000 0.000000000 0.000000000 0.985676289 -0.038160175 0.164274484 0.246887014 0.031534024 0.998587728 0.042757373 -0.041292601 -0.165674120 -0.036964696 0.985487580 -0.062940704
21400000 0.824720688 1.466671393 0.500000000 0.500000000 0.000000000 0.000000000 0.985428691 -0.025554383 0.168158367 0.296222992 0.019152177 0.999032617 0.039585046 -0.069444997 -0.169007257 -0.035787642 0.984964848 0.138007999
21466667 0.824720688 1.466671393 0.500000000 0.500000000 0.000000000 0.000000000 0.985083818 -0.018559884 0.171071261 0.339233015 0.011430074 0.999028146 0.042568639 -0.089010098 -0.171695083 -0.039978325 0.984338641 0.344298024
21533333 0.824720688 1.466671393 0.500000000 0.500000000 0.000000000 0.000000000 0.984945357 -0.016231002 0.172102183 0.386058977 0.008034196 0.998804569 0.048217617 -0.113856997 -0.172679067 -0.046109021 0.983898342 0.525045043
21600000 0.824720688 1.466671393 0.500000000 0.500000000 0.000000000 0.000000000 0.984241009 -0.018641856 0.175847083 0.402386037 0.008931451 0.998399138 0.055851486 -0.137682991 -0.176606745 -0.053400751 0.982831836 0.688322039
21666667 0.824720688 1.466671393 0.500000000 0.500000000 0.000000000 0.000000000 0.983319998 -0.023427572 0.180369020 0.398629007 0.012489252 0.998026311 0.061542783 -0.165767000 -0.181454837 -0.058263574 0.981671810 0.885563052
21733333 0.824720688 1.466671393 0.500000000 0.500000000 0.000000000 0.000000000 0.982897639 -0.027083620 0.182150379 0.403880014 0.015336667 0.997728586 0.065592691 -0.210152982 -0.183513120 -0.061677322 0.981080472 1.083179989
21800000 0.824720688 1.466671393 0.500000000 0.500000000 0.000000000 0.000000000 0.982389510 -0.030936213 0.184265569 0.396712976 0.018500658 0.997456968 0.068828255 -0.256909023 -0.185926273 -0.064207122 0.980463564 1.273079946
21866667 0.824720688 1.466671393 0.500000000 0.500000000 0.000000000 0.000000000 0.981934726 -0.038655620 0.185229525 0.394682019 0.025427246 0.996988118 0.073267460 -0.321455976 -0.187503830 -0.067233980 0.979960144 1.495939934
21933333 0.824720688 1.466671393 0.500000000 0.500000000 0.000000000 0.000000000 0.981387436 -0.047909211 0.185965985 0.390779945 0.034325209 0.996547878 0.075591698 -0.405346959 -0.188945562 -0.067801416 0.979644060 1.717089895
22000000 0.824720688 1.466671393 0.500000000 0.500000000 0.000000000 0.000000000 0.979995072 -0.052519351 0.191967279 0.370965996 0.039122537 0.996569753 0.072925508 -0.521323018 -0.195138782 -0.063956395 0.978688121 1.893000029
22066667 0.824720688 1.466671393 0.500000000 0.500000000 0.000000000 0.000000000 0.976922572 -0.054289624 0.206579104 0.396470047 0.041906103 0.997078657 0.063859373 -0.596795949 -0.209442511 -0.053728741 0.976343751 2.061820265
22133333 0.824720688 1.466671393 0.500000000 0.500000000 0.000000000 0.000000000 0.974444151 -0.056054290 0.217523783 0.412162027 0.044876736 0.997422099 0.055993531 -0.681431032 -0.220101714 -0.044800822 0.974447608 2.241460266
22200000 0.824720688 1.466671393 0.500000000 0.500000000 0.000000000 0.000000000 0.973244190 -0.050984927 0.224045306 0.444079973 0.041350685 0.998015523 0.047487888 -0.738500955 -0.226021856 -0.036952887 0.973421097 2.425399849
22266667 0.824720688 1.466671393 0.500000000 0.500000000 0.000000000 0.000000000 0.972103775 -0.049044073 0.229366347 0.483181043 0.040618852 0.998320222 0.041313574 -0.762275953 -0.231007263 -0.030844478 0.972462952 2.603910035
22333333 0.824720688 1.466671393 0.500000000 0.500000000 0.000000000 0.000000000 0.971978545 -0.048846573 0.229938477 0.540807030 0.040665142 0.998364270 0.040189143 -0.774084994 -0.231525451 -0.029712509 0.972374976 2.777910052
22400000 0.824720688 1.466671393 0.500000000 0.500000000 0.000000000 0.000000000 0.971536756 -0.052266501 0.231051072 0.563723031 0.043190137 0.998089910 0.044171471 -0.784077983 -0.232918426 -0.032935087 0.971938431 2.938329953
22466667 0.824720688 1.466671393 0.500000000 0.500000000 0.000000000 0.000000000 0.970947981 -0.057201955 0.232353002 0.597096060 0.046838250 0.997656226 0.049882639 -0.806606073 -0.234661788 -0.037550438 0.971351504 3.077229922
22533333 0.824720688 1.466671393 0.500000000 0.500000000 0.000000000 0.000000000 0.970489383 -0.060092207 0.233536497 0.628713052 0.048695166 0.997338235 0.054270379 -0.828275132 -0.236176088 -0.041296735 0.970832348 3.223190139
22600000 0.824720688 1.466671393 0.500000000 0.500000000 0.000000000 0.000000000 0.970843852 -0.056435660 0.232974842 0.658956085 0.044532619 0.997434735 0.056043260 -0.848694987 -0.235540017 -0.044034272 0.970866561 3.363550025
22666667 0.824720688 1.466671393 0.500000000 0.500000000 0.000000000 0.000000000 0.971429348 -0.051448099 0.231685579 0.675444977 0.038952477 0.997545183 0.058191951 -0.861596964 -0.234110713 -0.047504652 0.971048653 3.484239982
22733333 0.824720688 1.466671393 0.500000000 0.500000000 0.000000000 0.000000000 0.972189367 -0.046042155 0.229625717 0.694677976 0.032634016 0.997551620 0.061852742 -0.872032023 -0.231911346 -0.052638967 0.971311629 3.623059772
22800000 0.824720688 1.466671393 0.500000000 0.500000000 0.000000000 0.000000000 0.973156512 -0.039554063 0.226719677 0.706157930 0.025253227 0.997524083 0.065635152 -0.893752950 -0.228754491 -0.058147866 0.971745968 3.777660021
22866667 0.824720688 1.466671393 0.500000000 0.500000000 0.000000000 0.000000000 0.974269569 -0.039159171 0.221958071 0.715440028 0.024021447 0.997222841 0.070495553 -0.918803085 -0.224102199 -0.063349925 0.972504497 3.966360411
22933333 0.824720688 1.466671393 0.500000000 0.500000000 0.000000000 0.000000000 0.975322902 -0.042654537 0.216623634 0.731266973 0.026986144 0.996834755 0.074780986 -0.967917082 -0.219127715 -0.067089781 0.973386884 4.107570298
23000000 0.824720688 1.466671393 0.500000000 0.500000000 0.000000000 0.000000000 0.975530326 -0.043494400 0.215519994 0.748866046 0.027893161 0.996800125 0.074909963 -1.036340074 -0.218088508 -0.067065410 0.973621905 4.224790047
23066667 0.824720688 1.466671393 0.500000000 0.500000000 0.000000000 0.000000000 0.975270450 -0.040537160 0.217265308 0.772593902 0.025594408 0.997136831 0.071155466 -1.120680035 -0.219527692 -0.063835047 0.973515630 4.379229926
23133333 0.824720688 1.466671393 0.500000000 0.500000000 0.000000000 0.000000000 0.975207627 -0.039283738 0.217777088 0.803580001 0.025627159 0.997544169 0.065183468 -1.196539902 -0.219802901 -0.057986408 0.973819435 4.552319996
23200000 0.824720688 1.466671393 0.500000000 0.500000000 0.000000000 0.000000000 0.975319922 -0.042002838 0.216764361 0.825891895 0.029562125 0.997741163 0.060320981 -1.259459899 -0.218808383 -0.052424245 0.974358559 4.717249697
23266667 0.824720688 1.466671393 0.500000000 0.500000000 0.000000000 0.000000000 0.975259185 -0.045945689 0.216237381 0.843427082 0.034576304 0.997827828 0.056072820 -1.318470025 -0.218343988 -0.047208849 0.974729359 4.852540780
23333333 0.824720688 1.466671393 0.500000000 0.500000000 0.000000000 0.000000000 0.974961281 -0.043742064 0.218030110 0.853209962 0.033174921 0.998101354 0.051895320 -1.371359914 -0.219886169 -0.043362789 0.974561274 4.972109991
