https://www.youtube.com/watch?v=advXpuSknOo
128928800 0.980785795 1.744215513 0.500000000 0.500000000 0.000000000 0.000000000 0.989315093 -0.027094506 0.143253192 6.223059618 0.024829406 0.999537170 0.017576275 -0.984632966 -0.143663123 -0.013831583 0.989529967 0.689019882
128995533 0.980785795 1.744215513 0.500000000 0.500000000 0.000000000 0.000000000 0.987433732 -0.030494735 0.155063480 5.947680205 0.027743526 0.999417424 0.019876216 -0.959669983 -0.155579269 -0.015324435 0.987704515 0.617902869
129062267 0.980785795 1.744215513 0.500000000 0.500000000 0.000000000 0.000000000 0.985432506 -0.033324622 0.166770071 5.665710116 0.030059040 0.999304473 0.022068039 -0.939404940 -0.167389482 -0.016733617 0.985748827 0.541516992
129129000 0.980785795 1.744215513 0.500000000 0.500000000 0.000000000 0.000000000 0.983328700 -0.036268860 0.178183272 5.382420236 0.032462567 0.999179184 0.024231875 -0.913238056 -0.178915873 -0.018043613 0.983698905 0.471328918
129195733 0.980785795 1.744215513 0.500000000 0.500000000 0.000000000 0.000000000 0.981053233 -0.039425839 0.189684317 5.093529721 0.034972925 0.999029756 0.026767027 -0.891344068 -0.190555587 -0.019626066 0.981480241 0.395495069
129262467 0.980785795 1.744215513 0.500000000 0.500000000 0.000000000 0.000000000 0.978896260 -0.042834084 0.199818298 4.826480087 0.037662666 0.998851657 0.029612157 -0.870858961 -0.200857237 -0.021461539 0.979385376 0.337843047
129329200 0.980785795 1.744215513 0.500000000 0.500000000 0.000000000 0.000000000 0.976633668 -0.046023525 0.209925041 4.553380227 0.040105127 0.998671114 0.032365605 -0.848384881 -0.211135671 -0.023190267 0.977181613 0.289697868
129395933 0.980785795 1.744215513 0.500000000 0.500000000 0.000000000 0.000000000 0.974640548 -0.049805798 0.218163282 4.328260095 0.043153964 0.998449802 0.035152517 -0.817970944 -0.219575882 -0.024846455 0.975278974 0.238358058
129462667 0.980785795 1.744215513 0.500000000 0.500000000 0.000000000 0.000000000 0.972800851 -0.053806402 0.225307450 4.138800538 0.046506934 0.998210669 0.037584852 -0.778105000 -0.226926610 -0.026084226 0.973562539 0.184695950
129529400 0.980785795 1.744215513 0.500000000 0.500000000 0.000000000 0.000000000 0.970944524 -0.057702828 0.232243448 3.947689584 0.049700830 0.997956216 0.040165335 -0.742203078 -0.234086454 -0.027455607 0.971827984 0.147506909
129596133 0.980785795 1.744215513 0.500000000 0.500000000 0.000000000 0.000000000 0.968973398 -0.061724033 0.239333719 3.747719637 0.053092208 0.997691035 0.042353299 -0.693590008 -0.241395324 -0.028332461 0.970013142 0.113327056
129662867 0.980785795 1.744215513 0.500000000 0.500000000 0.000000000 0.000000000 0.967169225 -0.065998949 0.245413572 3.565079748 0.056616928 0.997376919 0.045098078 -0.655699029 -0.247746259 -0.029722910 0.968368888 0.080844023
129729600 0.980785795 1.744215513 0.500000000 0.500000000 0.000000000 0.000000000 0.965283692 -0.069637842 0.251749903 3.369610360 0.059746705 0.997119069 0.046731722 -0.597922946 -0.254278928 -0.030068155 0.966663420 0.055392209
129796333 0.980785795 1.744215513 0.500000000 0.500000000 0.000000000 0.000000000 0.963400483 -0.073579155 0.257770598 3.176300412 0.063129358 0.996821523 0.048595324 -0.546199885 -0.260526896 -0.030543881 0.964983344 0.034612027
129863067 0.980785795 1.744215513 0.500000000 0.500000000 0.000000000 0.000000000 0.961577773 -0.077196188 0.263455629 2.984689727 0.066298969 0.996545315 0.050019309 -0.486300070 -0.266406775 -0.030630596 0.963373840 0.016340086
129929800 0.980785795 1.744215513 0.500000000 0.500000000 0.000000000 0.000000000 0.959716976 -0.080426097 0.269211709 2.785819899 0.069172308 0.996297836 0.051047221 -0.423022036 -0.272320569 -0.030368874 0.961727202 -0.006325072
129996533 0.980785795 1.744215513 0.500000000 0.500000000 0.000000000 0.000000000 0.957836270 -0.083488554 0.274917036 2.582240187 0.071971208 0.996064007 0.051736753 -0.358023015 -0.278154403 -0.029769253 0.960075021 -0.025286495
130063267 0.980785795 1.744215513 0.500000000 0.500000000 0.000000000 0.000000000 0.956028581 -0.085917138 0.280405939 2.376679636 0.074082784 0.995866299 0.052554928 -0.306097025 -0.283762217 -0.029470734 0.958441675 -0.056327519
130130000 0.980785795 1.744215513 0.500000000 0.500000000 0.000000000 0.000000000 0.954033434 -0.088063218 0.286470026 2.152409911 0.076102175 0.995709240 0.052645437 -0.241942009 -0.289876968 -0.028424524 0.956641734 -0.067244542
130196733 0.980785795 1.744215513 0.500000000 0.500000000 0.000000000 0.000000000 0.952122867 -0.090082519 0.292142183 1.929279797 0.078143843 0.995568991 0.052306056 -0.167428024 -0.295559555 -0.026972659 0.954943419 -0.073631593
130263467 0.980785795 1.744215513 0.500000000 0.500000000 0.000000000 0.000000000 0.950178683 -0.092390291 0.297698766 1.702480051 0.080564313 0.995403528 0.051780980 -0.085029888 -0.301114470 -0.025217306 0.953254580 -0.088909426
130330200 0.980785795 1.744215513 0.500000000 0.500000000 0.000000000 0.000000000 0.948219597 -0.094491914 0.303233832 1.472149828 0.082853988 0.995253384 0.051048413 -0.003202781 -0.306618184 -0.023280956 0.951547801 -0.097825133
130396933 0.980785795 1.744215513 0.500000000 0.500000000 0.000000000 0.000000000 0.946315467 -0.096476339 0.308511227 1.245749735 0.084990390 0.995101810 0.050487772 0.069559473 -0.311870962 -0.021556839 0.949879825 -0.118058985
130463667 0.980785795 1.744215513 0.500000000 0.500000000 0.000000000 0.000000000 0.944506943 -0.098182932 0.313475221 1.020319984 0.086901337 0.994971514 0.049797557 0.142175987 -0.316788167 -0.019792713 0.948289752 -0.124722958
130530400 0.980785795 1.744215513 0.500000000 0.500000000 0.000000000 0.000000000 0.942509890 -0.099717744 0.318953544 0.778024842 0.088590778 0.994850099 0.049243882 0.205399986 -0.322221428 -0.018156484 0.946490169 -0.130097943
130597133 0.980785795 1.744215513 0.500000000 0.500000000 0.000000000 0.000000000 0.940316439 -0.101368256 0.324852973 0.524162968 0.090436451 0.994714797 0.048617773 0.270136990 -0.328064352 -0.016337536 0.944514096 -0.130093988
130663867 0.980785795 1.744215513 0.500000000 0.500000000 0.000000000 0.000000000 0.938409567 -0.102119982 0.330089241 0.254954981 0.091690257 0.994675040 0.047057532 0.331810998 -0.333137065 -0.013893250 0.942776024 -0.082744196
130730600 0.980785795 1.744215513 0.500000000 0.500000000 0.000000000 0.000000000 0.936513960 -0.103397734 0.335038245 -0.009293950 0.092417188 0.994533658 0.048599068 0.327517026 -0.338231862 -0.014550436 0.940950334 -0.054770211
130797333 0.980785795 1.744215513 0.500000000 0.500000000 0.000000000 0.000000000 0.934799135 -0.104631335 0.339415610 -0.262524028 0.092962340 0.994387746 0.050507437 0.310178977 -0.342795372 -0.015661452 0.939279556 -0.015480106
130864067 0.980785795 1.744215513 0.500000000 0.500000000 0.000000000 0.000000000 0.932991028 -0.105584919 0.344063312 -0.533535001 0.093384221 0.994276941 0.051891640 0.300360008 -0.347573191 -0.016284341 0.937511444 0.056227598
130930800 0.980785795 1.744215513 0.500000000 0.500000000 0.000000000 0.000000000 0.931307435 -0.106485814 0.348320484 -0.801263924 0.093714580 0.994167924 0.053363748 0.283122972 -0.351971567 -0.017055318 0.935855269 0.135520024
130997533 0.980785795 1.744215513 0.500000000 0.500000000 0.000000000 0.000000000 0.929469526 -0.107157387 0.352992564 -1.088629962 0.093782283 0.994081616 0.054832384 0.262485005 -0.356779128 -0.017860593 0.934018016 0.232044991
131064267 0.980785795 1.744215513 0.500000000 0.500000000 0.000000000 0.000000000 0.927645743 -0.108081385 0.357479662 -1.381529939 0.094288051 0.993977249 0.055847988 0.254153013 -0.361362785 -0.018101079 0.932249546 0.344035985
131131000 0.980785795 1.744215513 0.500000000 0.500000000 0.000000000 0.000000000 0.925762415 -0.108815759 0.362109333 -1.683370051 0.094508320 0.993888021 0.057050262 0.235006998 -0.366104096 -0.018592659 0.930388153 0.459322934
131197733 0.980785795 1.744215513 0.500000000 0.500000000 0.000000000 0.000000000 0.924132586 -0.109502420 0.366043866 -1.978769860 0.094767988 0.993805885 0.058042116 0.218662024 -0.370132327 -0.018949343 0.928785682 0.589923065
131264467 0.980785795 1.744215513 0.500000000 0.500000000 0.000000000 0.000000000 0.922477543 -0.110550627 0.369883627 -2.278090462 0.095435634 0.993686795 0.058979318 0.207792940 -0.374068707 -0.019107051 0.927204192 0.725190136
131331200 0.980785795 1.744215513 0.500000000 0.500000000 0.000000000 0.000000000 0.920782328 -0.111561097 0.373783529 -2.582220403 0.095966779 0.993566155 0.060138620 0.191623963 -0.378087819 -0.019503795 0.925564289 0.858894204
131397933 0.980785795 1.744215513 0.500000000 0.500000000 0.000000000 0.000000000 0.918807745 -0.112360135 0.378374845 -2.865040000 0.096494213 0.993480861 0.060701743 0.187215986 -0.382728606 -0.019262260 0.923660040 0.920780954
131464667 0.980785795 1.744215513 0.500000000 0.500000000 0.000000000 0.000000000 0.916825294 -0.113142624 0.382923037 -3.088069633 0.096685931 0.993380666 0.062021814 0.160158016 -0.387405664 -0.019839875 0.921695828 0.843520004
131531400 0.980785795 1.744215513 0.500000000 0.500000000 0.000000000 0.000000000 0.914601386 -0.113815948 0.388008118 -3.331870335 0.096711710 0.993291140 0.063399985 0.133943958 -0.392620981 -0.020460811 0.919472814 0.770157095
131598133 0.980785795 1.744215513 0.500000000 0.500000000 0.000000000 0.000000000 0.912168026 -0.114043936 0.393628657 -3.594590129 0.096218035 0.993248761 0.064799629 0.100594991 -0.398361206 -0.021233983 0.916982830 0.678914244
131664867 0.980785795 1.744215513 0.500000000 0.500000000 0.000000000 0.000000000 0.909616351 -0.113923028 0.399524331 -3.862400353 0.095484197 0.993251860 0.065828986 0.072810649 -0.404327750 -0.021730868 0.914355993 0.573857156
131731600 0.980785795 1.744215513 0.500000000 0.500000000 0.000000000 0.000000000 0.907314599 -0.114169165 0.404655039 -4.105830440 0.095375538 0.993225813 0.066377908 0.065640367 -0.409492135 -0.021631477 0.912057221 0.458579025
131798333 0.980785795 1.744215513 0.500000000 0.500000000 0.000000000 0.000000000 0.905380130 -0.114914946 0.408755809 -4.332869809 0.095514290 0.993127286 0.067640454 0.046322388 -0.413719445 -0.022198303 0.910133779 0.369308011
131865067 0.980785795 1.744215513 0.500000000 0.500000000 0.000000000 0.000000000 0.903526068 -0.115513198 0.412671149 -4.559720450 0.095585681 0.993048429 0.068689227 0.033457006 -0.417736948 -0.022617083 0.908286572 0.291353938
131931800 0.980785795 1.744215513 0.500000000 0.500000000 0.000000000 0.000000000 0.901989996 -0.116381645 0.415775418 -4.759159077 0.095747262 0.992925882 0.070218816 0.008668887 -0.421006382 -0.023527276 0.906752408 0.196251054
131998533 0.980785795 1.744215513 0.500000000 0.500000000 0.000000000 0.000000000 0.900741935 -0.115371250 0.418752402 -4.944910628 0.094950996 0.993062735 0.069359727 0.029117635 -0.423849493 -0.022714296 0.905447841 0.085639453
132065267 0.980785795 1.744215513 0.500000000 0.500000000 0.000000000 0.000000000 0.899331808 -0.115289323 0.421794742 -5.131070611 0.095002510 0.993091047 0.068881921 0.048687326 -0.426821917 -0.021876171 0.904071093 -0.035728323
132132000 0.980785795 1.744215513 0.500000000 0.500000000 0.000000000 0.000000000 0.897714972 -0.115605995 0.425139040 -5.314380789 0.095218375 0.993063688 0.068977855 0.058466897 -0.430164427 -0.021441447 0.902495980 -0.172245042
132198733 0.980785795 1.744215513 0.500000000 0.500000000 0.000000000 0.000000000 0.895849049 -0.114816636 0.429268509 -5.509619392 0.094485804 0.993169546 0.068459153 0.070130431 -0.434196681 -0.020769250 0.900578558 -0.326215799
132265467 0.980785795 1.744215513 0.500000000 0.500000000 0.000000000 0.000000000 0.893584907 -0.114108533 0.434148937 -5.723090521 0.093812093 0.993266702 0.067974687 0.081294598 -0.438982159 -0.020012746 0.898272932 -0.497983192
132332200 0.980785795 1.744215513 0.500000000 0.500000000 0.000000000 0.000000000 0.891137958 -0.112279654 0.439620733 -5.939049908 0.092088059 0.993489504 0.067070268 0.088065174 -0.444289207 -0.019285036 0.895675778 -0.695846767
132398933 0.980785795 1.744215513 0.500000000 0.500000000 0.000000000 0.000000000 0.887968421 -0.111968860 0.446066320 -6.220290845 0.092001781 0.993552446 0.066250846 0.120082917 -0.450608313 -0.017789794 0.892544568 -0.837240275
132465667 0.980785795 1.744215513 0.500000000 0.500000000 0.000000000 0.000000000 0.884985447 -0.110669367 0.452275276 -6.496068942 0.092021264 0.993755400 0.063104905 0.210611030 -0.456434786 -0.014227949 0.889643013 -0.929008081
