https://www.youtube.com/watch?v=dZ7rE8yHs7I
62228833 1.013289919 1.802020414 0.500000000 0.500000000 0.000000000 0.000000000 0.999511182 0.024706179 0.019156240 -6.574189849 -0.024726188 0.999693930 0.000808218 -1.050019929 -0.019130409 -0.001281483 0.999816179 2.898020264
62295567 1.013289919 1.802020414 0.500000000 0.500000000 0.000000000 0.000000000 0.999533236 0.028814958 0.010148202 -6.254590154 -0.028824696 0.999584138 0.000814694 -0.935810007 -0.010120506 -0.001106833 0.999948204 2.580230076
62362300 1.013289919 1.802020414 0.500000000 0.500000000 0.000000000 0.000000000 0.999473274 0.031917587 0.005870009 -5.983110091 -0.031918384 0.999490499 0.000041875 -0.810923991 -0.005865681 -0.000229215 0.999982774 2.294110062
62429033 1.013289919 1.802020414 0.500000000 0.500000000 0.000000000 0.000000000 0.999364138 0.035631653 0.001327252 -5.724800668 -0.035629015 0.999363184 -0.001961960 -0.694825986 -0.001396315 0.001913424 0.999997199 2.004429993
62495767 1.013289919 1.802020414 0.500000000 0.500000000 0.000000000 0.000000000 0.999216259 0.039330430 -0.004469499 -5.473179489 -0.039347589 0.999218285 -0.003818031 -0.566241078 0.004315841 0.003990903 0.999982715 1.695680003
62562500 1.013289919 1.802020414 0.500000000 0.500000000 0.000000000 0.000000000 0.999022245 0.042832032 -0.010955079 -5.198989839 -0.042868480 0.999075890 -0.003114225 -0.473796033 0.010811565 0.003580808 0.999935150 1.421830085
62629233 1.013289919 1.802020414 0.500000000 0.500000000 0.000000000 0.000000000 0.998793244 0.045918092 -0.017422406 -4.943689801 -0.045951352 0.998942554 -0.001513336 -0.389453029 0.017334493 0.002312092 0.999847054 1.132689940
62695967 1.013289919 1.802020414 0.500000000 0.500000000 0.000000000 0.000000000 0.998612761 0.047249515 -0.023239762 -4.713020202 -0.047264870 0.998882413 -0.000111654 -0.303410982 0.023208514 0.001209924 0.999729931 0.851136036
62762700 1.013289919 1.802020414 0.500000000 0.500000000 0.000000000 0.000000000 0.998420238 0.047729127 -0.029647568 -4.461920007 -0.047717556 0.998860240 0.001098138 -0.242335972 0.029666191 0.000318306 0.999559820 0.557990991
62829433 1.013289919 1.802020414 0.500000000 0.500000000 0.000000000 0.000000000 0.998244762 0.047430415 -0.035464846 -4.204259925 -0.047395136 0.998874545 0.001835283 -0.169162000 0.035511978 -0.000151201 0.999369264 0.315014042
62896167 1.013289919 1.802020414 0.500000000 0.500000000 0.000000000 0.000000000 0.998005092 0.047551386 -0.041530062 -3.929860414 -0.047447488 0.998867631 0.003484437 -0.118693976 0.041648727 -0.001506987 0.999131203 0.083544697
62962900 1.013289919 1.802020414 0.500000000 0.500000000 0.000000000 0.000000000 0.997676194 0.047371376 -0.048971482 -3.631830107 -0.047269914 0.998876929 0.003228607 -0.061784495 0.049069427 -0.000906225 0.998794973 -0.176886030
63029633 1.013289919 1.802020414 0.500000000 0.500000000 0.000000000 0.000000000 0.997366369 0.047455337 -0.054847583 -3.383419705 -0.047373328 0.998873353 0.002795169 -0.011970004 0.054918431 -0.000189495 0.998490810 -0.378019959
63096367 1.013289919 1.802020414 0.500000000 0.500000000 0.000000000 0.000000000 0.996859610 0.047351021 -0.063473187 -3.071350305 -0.047319006 0.998877823 0.002008341 0.009589392 0.063497059 0.001001452 0.997981548 -0.601348042
63163100 1.013289919 1.802020414 0.500000000 0.500000000 0.000000000 0.000000000 0.996406496 0.047016732 -0.070451893 -2.807449775 -0.047084592 0.998890638 0.000698086 0.010984998 0.070406564 0.002621623 0.997514904 -0.813624904
63229833 1.013289919 1.802020414 0.500000000 0.500000000 0.000000000 0.000000000 0.995866895 0.046386965 -0.078085758 -2.553390195 -0.046696104 0.998906851 -0.002136682 0.003174983 0.077901281 0.005774153 0.996944368 -1.027340144
63296567 1.013289919 1.802020414 0.500000000 0.500000000 0.000000000 0.000000000 0.995329499 0.045225032 -0.085286736 -2.282249731 -0.045851827 0.998933613 -0.005403801 0.001537628 0.084951401 0.009289115 0.996341825 -1.216750167
63363300 1.013289919 1.802020414 0.500000000 0.500000000 0.000000000 0.000000000 0.994858801 0.044244230 -0.091095693 -2.022819805 -0.045188554 0.998943746 -0.008328955 -0.009193204 0.090630971 0.012402619 0.995807290 -1.356230038
63430033 1.013289919 1.802020414 0.500000000 0.500000000 0.000000000 0.000000000 0.994555295 0.043836273 -0.094541550 -1.779590007 -0.044927150 0.998945653 -0.009440104 -0.020516408 0.094028056 0.013636190 0.995476127 -1.475969869
63496767 1.013289919 1.802020414 0.500000000 0.500000000 0.000000000 0.000000000 0.994360328 0.043543372 -0.096703164 -1.550629878 -0.044699948 0.998952150 -0.009824977 -0.025373998 0.096174024 0.014092195 0.995264769 -1.567199964
63563500 1.013289919 1.802020414 0.500000000 0.500000000 0.000000000 0.000000000 0.994343400 0.043605212 -0.096849523 -1.334210072 -0.044657197 0.998964310 -0.008720120 -0.029025302 0.096368976 0.012995822 0.995260835 -1.585900009
63630233 1.013289919 1.802020414 0.500000000 0.500000000 0.000000000 0.000000000 0.994445205 0.043241061 -0.095963396 -1.104500077 -0.044272698 0.998982072 -0.008646326 -0.007086570 0.095491834 0.012846855 0.995347321 -1.600590024
63696967 1.013289919 1.802020414 0.500000000 0.500000000 0.000000000 0.000000000 0.994526446 0.042997453 -0.095228061 -0.846378003 -0.043995272 0.998996377 -0.008402558 0.019678001 0.094771206 0.012546150 0.995420039 -1.596640054
63763700 1.013289919 1.802020414 0.500000000 0.500000000 0.000000000 0.000000000 0.994834721 0.042030737 -0.092397586 -0.616445018 -0.042924739 0.999048591 -0.007708809 0.041141799 0.091985673 0.011635134 0.995692372 -1.546549943
63830433 1.013289919 1.802020414 0.500000000 0.500000000 0.000000000 0.000000000 0.995051861 0.040770456 -0.090606429 -0.354302966 -0.041644081 0.999102294 -0.007771724 0.060585400 0.090208240 0.011506488 0.995856464 -1.509760100
63897167 1.013289919 1.802020414 0.500000000 0.500000000 0.000000000 0.000000000 0.995373607 0.039209813 -0.087715559 -0.119537990 -0.040063009 0.999165237 -0.007986899 0.061386004 0.087329172 0.011464096 0.996113539 -1.448860080
63963900 1.013289919 1.802020414 0.500000000 0.500000000 0.000000000 0.000000000 0.995737374 0.037270479 -0.084368095 0.112384000 -0.038128875 0.999235928 -0.008585557 0.040057403 0.083983645 0.011765819 0.996397674 -1.433230116
64030633 1.013289919 1.802020414 0.500000000 0.500000000 0.000000000 0.000000000 0.996145487 0.035018068 -0.080423117 0.343291013 -0.035845038 0.999318063 -0.008861676 0.007836383 0.080057949 0.011710286 0.996721447 -1.407440068
64097367 1.013289919 1.802020414 0.500000000 0.500000000 0.000000000 0.000000000 0.996750116 0.032371692 -0.073765278 0.554557015 -0.033123761 0.999410808 -0.008994650 -0.020404602 0.073430642 0.011408802 0.997235060 -1.375779869
64164100 1.013289919 1.802020414 0.500000000 0.500000000 0.000000000 0.000000000 0.997398973 0.029303107 -0.065853290 0.773512037 -0.029913723 0.999517977 -0.008305325 -0.035940502 0.065578170 0.010253639 0.997794747 -1.354230081
64230833 1.013289919 1.802020414 0.500000000 0.500000000 0.000000000 0.000000000 0.998112440 0.026174542 -0.055556048 0.979176007 -0.026560638 0.999627829 -0.006222605 -0.034862097 0.055372495 0.007686463 0.998436153 -1.280109905
64297567 1.013289919 1.802020414 0.500000000 0.500000000 0.000000000 0.000000000 0.998770952 0.022619734 -0.044101421 1.186799962 -0.022790631 0.999734581 -0.003376087 -0.033017702 0.044013347 0.004377036 0.999021351 -1.207039968
64364300 1.013289919 1.802020414 0.500000000 0.500000000 0.000000000 0.000000000 0.999369204 0.018744422 -0.030163269 1.381279917 -0.018730374 0.999824286 0.000748239 -0.020598101 0.030171994 -0.000182798 0.999544680 -1.090399832
64431033 1.013289919 1.802020414 0.500000000 0.500000000 0.000000000 0.000000000 0.999777138 0.014796215 -0.015058198 1.584450023 -0.014716883 0.999877334 0.005365573 -0.004238091 0.015135740 -0.005142767 0.999872208 -0.998349041
64497767 1.013289919 1.802020414 0.500000000 0.500000000 0.000000000 0.000000000 0.999947131 0.010242718 0.000916708 1.788310070 -0.010251849 0.999891460 0.010581575 0.029347901 -0.000808225 -0.010590414 0.999943614 -0.908881034
64564500 1.013289919 1.802020414 0.500000000 0.500000000 0.000000000 0.000000000 0.999813497 0.005699088 0.018450994 1.997819747 -0.006003684 0.999845922 0.016495310 0.060652901 -0.018354144 -0.016603008 0.999693692 -0.765733029
64631233 1.013289919 1.802020414 0.500000000 0.500000000 0.000000000 0.000000000 0.999333739 0.001066781 0.036482114 2.223810108 -0.001910046 0.999731600 0.023087462 0.088659394 -0.036447693 -0.023141762 0.999067605 -0.646335986
64697967 1.013289919 1.802020414 0.500000000 0.500000000 0.000000000 0.000000000 0.998441100 -0.003825644 0.055684749 2.459320254 0.002168038 0.999553621 0.029797724 0.124946001 -0.055773888 -0.029630544 0.998003662 -0.541322057
64764700 1.013289919 1.802020414 0.500000000 0.500000000 0.000000000 0.000000000 0.997155607 -0.008632706 0.074874721 2.691220262 0.005864990 0.999294102 0.037106059 0.171450011 -0.075142197 -0.036561377 0.996502340 -0.437143008
64831433 1.013289919 1.802020414 0.500000000 0.500000000 0.000000000 0.000000000 0.995494187 -0.013409843 0.093869314 2.917669930 0.009219038 0.998947263 0.044937190 0.232444978 -0.094373092 -0.043869328 0.994569838 -0.310615985
64898167 1.013289919 1.802020414 0.500000000 0.500000000 0.000000000 0.000000000 0.993562460 -0.018362660 0.111787625 3.142220147 0.012505839 0.998523116 0.052869927 0.303931991 -0.112593360 -0.051131573 0.992324710 -0.177839015
64964900 1.013289919 1.802020414 0.500000000 0.500000000 0.000000000 0.000000000 0.991361737 -0.023629857 0.129009858 3.364959762 0.015879752 0.998025119 0.060775265 0.379145988 -0.130191192 -0.058201626 0.989779174 -0.087040781
65031633 1.013289919 1.802020414 0.500000000 0.500000000 0.000000000 0.000000000 0.988888860 -0.029072631 0.145786270 3.575850193 0.019339569 0.997515500 0.067741029 0.460588047 -0.147393480 -0.064168908 0.986994147 -0.004417226
65098367 1.013289919 1.802020414 0.500000000 0.500000000 0.000000000 0.000000000 0.986281276 -0.034676030 0.161390394 3.796760409 0.022779256 0.996924102 0.074989699 0.523623978 -0.163494319 -0.070284583 0.984037459 0.039237472
65165100 1.013289919 1.802020414 0.500000000 0.500000000 0.000000000 0.000000000 0.983517349 -0.040766835 0.176158234 4.006570004 0.026729524 0.996328175 0.081337057 0.584120939 -0.178827271 -0.075287782 0.980995715 0.114630979
65231833 1.013289919 1.802020414 0.500000000 0.500000000 0.000000000 0.000000000 0.980497122 -0.047149256 0.190794021 4.198329987 0.030950449 0.995726585 0.087009728 0.644312973 -0.194081128 -0.079407617 0.977766275 0.177940951
65298567 1.013289919 1.802020414 0.500000000 0.500000000 0.000000000 0.000000000 0.976995230 -0.053964354 0.206320450 4.384999924 0.035473801 0.995099664 0.092294112 0.701245917 -0.210290000 -0.082851931 0.974121988 0.248838076
65365300 1.013289919 1.802020414 0.500000000 0.500000000 0.000000000 0.000000000 0.973247528 -0.061276667 0.221437216 4.597780252 0.040393904 0.994402051 0.097636580 0.752279981 -0.226180464 -0.086079836 0.970274508 0.312126026
65432033 1.013289919 1.802020414 0.500000000 0.500000000 0.000000000 0.000000000 0.969021499 -0.068769470 0.237208992 4.794719995 0.045377973 0.993676364 0.102704212 0.801705038 -0.242771894 -0.088758528 0.966014385 0.335833174
65498767 1.013289919 1.802020414 0.500000000 0.500000000 0.000000000 0.000000000 0.964355826 -0.076446794 0.253325313 4.987730052 0.050379820 0.992890656 0.107842423 0.851906907 -0.259768575 -0.091235973 0.961351275 0.358068760
65565500 1.013289919 1.802020414 0.500000000 0.500000000 0.000000000 0.000000000 0.959104836 -0.083989896 0.270302862 5.189220087 0.055089522 0.992089868 0.112795405 0.911512067 -0.277638406 -0.093291782 0.956145167 0.384352002
65632233 1.013289919 1.802020414 0.500000000 0.500000000 0.000000000 0.000000000 0.953514397 -0.093547508 0.286459744 5.417430207 0.061587062 0.991026223 0.118634157 0.953329234 -0.294987023 -0.095477186 0.950719118 0.432269209
65698967 1.013289919 1.802020414 0.500000000 0.500000000 0.000000000 0.000000000 0.947477698 -0.100928560 0.303478748 5.616579462 0.065894395 0.990145802 0.123568796 1.018419921 -0.312959820 -0.097081117 0.944791675 0.464208132
