https://www.youtube.com/watch?v=oLf6UKSOSjI
57290567 0.975835928 1.736333891 0.500000000 0.500000000 0.000000000 0.000000000 0.993811786 0.045315530 -0.101413094 -2.178910021 -0.033198621 0.992443085 0.118129633 0.601094017 0.105999835 -0.114031844 0.987806022 4.876959826
57357300 0.975835928 1.736333891 0.500000000 0.500000000 0.000000000 0.000000000 0.993478715 0.045830417 -0.104400940 -2.184699940 -0.031353567 0.990170062 0.136309102 0.748453957 0.109621786 -0.132146850 0.985149860 4.712709711
57490767 0.975835928 1.736333891 0.500000000 0.500000000 0.000000000 0.000000000 0.993209779 0.041690215 -0.108610421 -2.177329955 -0.024571761 0.987698495 0.154427677 0.915226952 0.113712475 -0.150710344 0.982016206 4.342440016
57557500 0.975835928 1.736333891 0.500000000 0.500000000 0.000000000 0.000000000 0.993009388 0.039537370 -0.111216657 -2.171960192 -0.021867713 0.987543046 0.155822173 0.957505998 0.115992032 -0.152300820 0.981504083 4.165189504
57624233 0.975835928 1.736333891 0.500000000 0.500000000 0.000000000 0.000000000 0.992796540 0.037272710 -0.113867156 -2.169500079 -0.019503519 0.987979293 0.153351128 0.982387079 0.118214197 -0.150025666 0.981589377 3.972049982
57690967 0.975835928 1.736333891 0.500000000 0.500000000 0.000000000 0.000000000 0.992927074 0.033624753 -0.113865025 -2.158060119 -0.016635437 0.988998055 0.146990195 0.991422005 0.117554791 -0.144056335 0.982562304 3.805569931
57757700 0.975835928 1.736333891 0.500000000 0.500000000 0.000000000 0.000000000 0.993394613 0.029489245 -0.110894039 -2.133110018 -0.013913892 0.990238726 0.138685748 0.987050146 0.113901302 -0.136226699 0.984108150 3.661740283
57824433 0.975835928 1.736333891 0.500000000 0.500000000 0.000000000 0.000000000 0.993879974 0.025209695 -0.107550152 -2.101249713 -0.011204649 0.991596043 0.128886372 0.959984895 0.109895490 -0.126892537 0.985809922 3.532380071
57891167 0.975835928 1.736333891 0.500000000 0.500000000 0.000000000 0.000000000 0.994476676 0.020949665 -0.102845818 -2.059469915 -0.008906225 0.993186772 0.116192304 0.916080986 0.104579300 -0.114634566 0.987887681 3.424370123
57957900 0.975835928 1.736333891 0.500000000 0.500000000 0.000000000 0.000000000 0.994864583 0.016580952 -0.099847421 -2.021269996 -0.006261344 0.994683087 0.102792881 0.857360101 0.101020947 -0.101639815 0.989678800 3.297590239
58024633 0.975835928 1.736333891 0.500000000 0.500000000 0.000000000 0.000000000 0.995073915 0.012773817 -0.098309360 -1.984959858 -0.003761289 0.995814502 0.091319792 0.800709968 0.099064387 -0.090500169 0.990957081 3.167669782
58091367 0.975835928 1.736333891 0.500000000 0.500000000 0.000000000 0.000000000 0.995133936 0.011810217 -0.097821273 -1.955150125 -0.003800347 0.996652365 0.081667565 0.774900942 0.098458312 -0.080898412 0.991847456 3.042920288
58158100 0.975835928 1.736333891 0.500000000 0.500000000 0.000000000 0.000000000 0.995037436 0.010665388 -0.098927952 -1.921059923 -0.003177898 0.997137904 0.075537160 0.759077984 0.099450447 -0.074847922 0.992223442 2.909029875
58224833 0.975835928 1.736333891 0.500000000 0.500000000 0.000000000 0.000000000 0.994855165 0.010438045 -0.100768559 -1.874800080 -0.003381143 0.997544825 0.069949083 0.742853936 0.101251282 -0.069248490 0.992447913 2.789860127
58291567 0.975835928 1.736333891 0.500000000 0.500000000 0.000000000 0.000000000 0.994385719 0.009779382 -0.105363227 -1.820480073 -0.003222252 0.998056948 0.062224898 0.710463002 0.105767019 -0.061536040 0.992485106 2.614880215
58358300 0.975835928 1.736333891 0.500000000 0.500000000 0.000000000 0.000000000 0.993648767 0.010448420 -0.112040065 -1.761410033 -0.004343679 0.998499215 0.054593414 0.685863960 0.112442337 -0.053760014 0.992202878 2.449070010
58425033 0.975835928 1.736333891 0.500000000 0.500000000 0.000000000 0.000000000 0.992471159 0.012900693 -0.121797420 -1.698670071 -0.007025672 0.998796403 0.048542809 0.673309990 0.122277059 -0.047321629 0.991367221 2.243259907
58491767 0.975835928 1.736333891 0.500000000 0.500000000 0.000000000 0.000000000 0.990962207 0.018058950 -0.132920325 -1.629400027 -0.012321164 0.998961568 0.043863799 0.688505032 0.133574426 -0.041829634 0.990155637 2.070260060
58558500 0.975835928 1.736333891 0.500000000 0.500000000 0.000000000 0.000000000 0.988718569 0.023377743 -0.147949561 -1.546220051 -0.017771553 0.999077201 0.039101891 0.707629027 0.148727134 -0.036031477 0.988221645 1.872460151
58625233 0.975835928 1.736333891 0.500000000 0.500000000 0.000000000 0.000000000 0.986486316 0.028309967 -0.161379591 -1.441939928 -0.023137964 0.999159455 0.033838794 0.726321988 0.162201926 -0.029647514 0.986312091 1.690039851
58691967 0.975835928 1.736333891 0.500000000 0.500000000 0.000000000 0.000000000 0.984416366 0.032082178 -0.172902256 -1.314900112 -0.027445173 0.999198377 0.029143536 0.742227064 0.173698634 -0.023944037 0.984507740 1.504550011
58758700 0.975835928 1.736333891 0.500000000 0.500000000 0.000000000 0.000000000 0.982348561 0.034212667 -0.183904201 -1.175699898 -0.030237233 0.999245405 0.024378689 0.758500969 0.184599489 -0.018387610 0.982641816 1.333950106
58825433 0.975835928 1.736333891 0.500000000 0.500000000 0.000000000 0.000000000 0.980351985 0.034769990 -0.194167480 -1.015789968 -0.032019429 0.999337733 0.017287403 0.767886977 0.194639966 -0.010730608 0.980816066 1.157920112
58892167 0.975835928 1.736333891 0.500000000 0.500000000 0.000000000 0.000000000 0.978742301 0.034222707 -0.202218577 -0.837701069 -0.033560067 0.999414206 0.006705620 0.774658997 0.202329591 0.000223396 0.979317427 0.987173867
58958900 0.975835928 1.736333891 0.500000000 0.500000000 0.000000000 0.000000000 0.977610111 0.032760739 -0.207858518 -0.651989960 -0.034673467 0.999383211 -0.005564344 0.775849047 0.207548007 0.012646938 0.978143036 0.816208989
59025633 0.975835928 1.736333891 0.500000000 0.500000000 0.000000000 0.000000000 0.976422250 0.031606123 -0.213542879 -0.463536950 -0.036472529 0.999156177 -0.018886784 0.773639107 0.212765753 0.026229931 0.976751089 0.648850940
59092367 0.975835928 1.736333891 0.500000000 0.500000000 0.000000000 0.000000000 0.974957824 0.030589856 -0.220275953 -0.258426986 -0.038196251 0.998809099 -0.030354239 0.736940013 0.219085112 0.038007818 0.974965215 0.495209017
59159100 0.975835928 1.736333891 0.500000000 0.500000000 0.000000000 0.000000000 0.973066568 0.028299248 -0.228780568 -0.058548407 -0.039066017 0.998325169 -0.042669643 0.675859990 0.227189869 0.050457951 0.972542405 0.340797030
59225833 0.975835928 1.736333891 0.500000000 0.500000000 0.000000000 0.000000000 0.970379531 0.024837475 -0.240305349 0.133532012 -0.039868627 0.997526467 -0.057891581 0.603079026 0.238273069 0.065757453 0.968969524 0.161438007
59292567 0.975835928 1.736333891 0.500000000 0.500000000 0.000000000 0.000000000 0.966791034 0.021595471 -0.254654258 0.324665037 -0.041670226 0.996409357 -0.073701784 0.530150988 0.252148241 0.081865728 0.964219511 -0.023063398
59359300 0.975835928 1.736333891 0.500000000 0.500000000 0.000000000 0.000000000 0.961098313 0.021739528 -0.275349736 0.523298022 -0.046718910 0.995328724 -0.084487036 0.453806041 0.272226810 0.094064385 0.957624376 -0.218748992
59426033 0.975835928 1.736333891 0.500000000 0.500000000 0.000000000 0.000000000 0.953446627 0.025029551 -0.300521195 0.720382943 -0.053447779 0.994798243 -0.086716771 0.367230980 0.296787441 0.098742008 0.949824810 -0.415658971
59492767 0.975835928 1.736333891 0.500000000 0.500000000 0.000000000 0.000000000 0.942175210 0.033277277 -0.333464265 0.923517913 -0.065192774 0.994247794 -0.084978074 0.276415019 0.328718245 0.101803705 0.938925087 -0.601597068
59559500 0.975835928 1.736333891 0.500000000 0.500000000 0.000000000 0.000000000 0.929886937 0.039448068 -0.365724295 1.116450107 -0.075319588 0.993586659 -0.084335782 0.172038022 0.360051900 0.105968930 0.926894426 -0.772687980
59626233 0.975835928 1.736333891 0.500000000 0.500000000 0.000000000 0.000000000 0.917656839 0.046699751 -0.394620121 1.299409983 -0.085544616 0.993002474 -0.081414051 0.066103978 0.388056755 0.108467795 0.915230393 -0.917818952
59692967 0.975835928 1.736333891 0.500000000 0.500000000 0.000000000 0.000000000 0.907100558 0.051783331 -0.417716444 1.466119955 -0.091989644 0.992802620 -0.076686531 -0.050743811 0.410738885 0.107987985 0.905335367 -1.062839908
59759700 0.975835928 1.736333891 0.500000000 0.500000000 0.000000000 0.000000000 0.897318602 0.055753268 -0.437847942 1.620159904 -0.095412485 0.993037343 -0.069088608 -0.183775027 0.430947453 0.103770673 0.896390438 -1.177859897
59826433 0.975835928 1.736333891 0.500000000 0.500000000 0.000000000 0.000000000 0.888165653 0.059330054 -0.455677360 1.771890265 -0.095632635 0.993782997 -0.057006214 -0.326876950 0.449462265 0.094208568 0.888317823 -1.302600185
59893167 0.975835928 1.736333891 0.500000000 0.500000000 0.000000000 0.000000000 0.879228175 0.059326097 -0.472692490 1.920760062 -0.090546951 0.994939566 -0.043549530 -0.465801070 0.467716813 0.081090853 0.880150676 -1.407310077
59959900 0.975835928 1.736333891 0.500000000 0.500000000 0.000000000 0.000000000 0.869790196 0.055419579 -0.490299612 2.070830201 -0.079841107 0.996385276 -0.029014423 -0.602223024 0.486919314 0.064382523 0.871070862 -1.469770011
60026633 0.975835928 1.736333891 0.500000000 0.500000000 0.000000000 0.000000000 0.860222936 0.050844792 -0.507376909 2.228750105 -0.067661434 0.997599363 -0.014744839 -0.748257938 0.505409241 0.047013693 0.861598134 -1.557440242
60093367 0.975835928 1.736333891 0.500000000 0.500000000 0.000000000 0.000000000 0.855206609 0.048813872 -0.515983284 2.370499851 -0.057921641 0.998319924 -0.001556466 -0.874357994 0.515040457 0.031217705 0.856597185 -1.665309703
60160100 0.975835928 1.736333891 0.500000000 0.500000000 0.000000000 0.000000000 0.852083445 0.047840368 -0.521215260 2.518240367 -0.049433779 0.998718441 0.010854156 -0.964452928 0.521066606 0.016516965 0.853356361 -1.780480289
60226833 0.975835928 1.736333891 0.500000000 0.500000000 0.000000000 0.000000000 0.847144365 0.046459638 -0.529327750 2.695649971 -0.041047610 0.998915315 0.021982580 -1.054870085 0.529774904 0.003105228 0.848132551 -1.886919720
60293567 0.975835928 1.736333891 0.500000000 0.500000000 0.000000000 0.000000000 0.840712428 0.046954721 -0.539442480 2.892611234 -0.037047245 0.998886585 0.029208621 -1.139480020 0.540213287 -0.004571212 0.841515899 -2.016580841
60360300 0.975835928 1.736333891 0.500000000 0.500000000 0.000000000 0.000000000 0.833123565 0.048342142 -0.550970435 3.104730735 -0.033751901 0.998760045 0.036594898 -1.227839962 0.552056313 -0.011891792 0.833722174 -2.170330640
60427033 0.975835928 1.736333891 0.500000000 0.500000000 0.000000000 0.000000000 0.825933695 0.055312376 -0.561047316 3.330690064 -0.031633098 0.998154402 0.051837791 -1.327389936 0.562879086 -0.025066916 0.826159060 -2.308399896
60493767 0.975835928 1.736333891 0.500000000 0.500000000 0.000000000 0.000000000 0.818932295 0.067947790 -0.569853663 3.535720993 -0.028771657 0.996578515 0.077481806 -1.455939998 0.573168635 -0.047056735 0.818085313 -2.448840428
60560500 0.975835928 1.736333891 0.500000000 0.500000000 0.000000000 0.000000000 0.810703158 0.082936406 -0.579553366 3.736730658 -0.029545886 0.994449675 0.100979775 -1.565360105 0.584711552 -0.064741224 0.808653951 -2.558870516
60627233 0.975835928 1.736333891 0.500000000 0.500000000 0.000000000 0.000000000 0.800411642 0.092907950 -0.592207015 3.934818990 -0.028703880 0.992723227 0.116947189 -1.675459931 0.598763049 -0.076607242 0.797254086 -2.656929515
60693967 0.975835928 1.736333891 0.500000000 0.500000000 0.000000000 0.000000000 0.791351974 0.097003095 -0.603615999 4.095899302 -0.028201111 0.992073059 0.122457206 -1.737999996 0.610709906 -0.079884097 0.787814558 -2.742229363
60760700 0.975835928 1.736333891 0.500000000 0.500000000 0.000000000 0.000000000 0.786606133 0.097847193 -0.609653115 4.197491381 -0.028658509 0.992085516 0.122249626 -1.765580074 0.616789818 -0.078690581 0.783184767 -2.805630931
60827433 0.975835928 1.736333891 0.500000000 0.500000000 0.000000000 0.000000000 0.784488320 0.096450076 -0.612597167 4.276999259 -0.031410594 0.992743313 0.116077751 -1.760609992 0.619347513 -0.071819589 0.781825125 -2.884139803
60894167 0.975835928 1.736333891 0.500000000 0.500000000 0.000000000 0.000000000 0.787239611 0.093213618 -0.609561086 4.312228863 -0.036923975 0.993860900 0.104293585 -1.692379902 0.615540504 -0.059596583 0.785848498 -3.003149213
60960900 0.975835928 1.736333891 0.500000000 0.500000000 0.000000000 0.000000000 0.792438328 0.084802464 -0.604028344 4.339661095 -0.036697358 0.995122612 0.091566026 -1.585950096 0.608847260 -0.050394207 0.791685283 -3.096880428
61027633 0.975835928 1.736333891 0.500000000 0.500000000 0.000000000 0.000000000 0.796182930 0.077144146 -0.600117624 4.381618047 -0.036648028 0.996166229 0.079434134 -1.433719933 0.603944838 -0.041250944 0.795957744 -3.159748928
61094367 0.975835928 1.736333891 0.500000000 0.500000000 0.000000000 0.000000000 0.802268386 0.070691913 -0.592763305 4.392661421 -0.036604881 0.996920705 0.069348611 -1.262870076 0.595840335 -0.033938177 0.802385569 -3.225360353
61161100 0.975835928 1.736333891 0.500000000 0.500000000 0.000000000 0.000000000 0.810504615 0.067523979 -0.581827223 4.369740632 -0.040372923 0.997410715 0.059513733 -1.055629937 0.584339321 -0.024746105 0.811132133 -3.257930533
