https://www.youtube.com/watch?v=VADR5l4DCjk
2627622 0.979163963 1.741331235 0.500000000 0.500000000 0.000000000 0.000000000 0.868918777 -0.005563952 -0.494923562 -4.678850652 -0.005147874 0.999781132 -0.020277521 0.522256007 0.494928092 0.020167323 0.868699908 2.726619711
2711044 0.979163963 1.741331235 0.500000000 0.500000000 0.000000000 0.000000000 0.851924539 -0.008032236 -0.523603201 -4.315270872 -0.005527931 0.999688685 -0.024329729 0.458488976 0.523635626 0.023621537 0.851614892 2.443030455
2794456 0.979163963 1.741331235 0.500000000 0.500000000 0.000000000 0.000000000 0.835922718 -0.011026302 -0.548736274 -3.911489532 -0.006122410 0.999548614 -0.029411549 0.392493008 0.548812926 0.027945371 0.835477948 2.204939703
2877878 0.979163963 1.741331235 0.500000000 0.500000000 0.000000000 0.000000000 0.820259213 -0.014645472 -0.571804225 -3.496159226 -0.006866885 0.999347985 -0.035446625 0.329232096 0.571950495 0.033001933 0.819623768 1.961469215
2961289 0.979163963 1.741331235 0.500000000 0.500000000 0.000000000 0.000000000 0.806761086 -0.018197376 -0.590597689 -3.089480657 -0.007944497 0.999101222 -0.041636378 0.270213931 0.590824544 0.038282610 0.805891454 1.783030442
3044711 0.979163963 1.741331235 0.500000000 0.500000000 0.000000000 0.000000000 0.794682145 -0.021623565 -0.606640339 -2.686489410 -0.009006586 0.998835325 -0.047401622 0.196040049 0.606958747 0.043132976 0.793561816 1.607789606
3128122 0.979163963 1.741331235 0.500000000 0.500000000 0.000000000 0.000000000 0.783361673 -0.024614166 -0.621078253 -2.294319122 -0.010324087 0.998562515 -0.052596025 0.133339054 0.621480107 0.047613770 0.781981468 1.417809366
3211544 0.979163963 1.741331235 0.500000000 0.500000000 0.000000000 0.000000000 0.773986816 -0.027140528 -0.632619560 -1.921059349 -0.010937207 0.998358905 -0.056212638 0.069078547 0.633107007 0.050426926 0.772419810 1.179199645
3294956 0.979163963 1.741331235 0.500000000 0.500000000 0.000000000 0.000000000 0.765808225 -0.030507263 -0.642344773 -1.525599559 -0.010914057 0.998113632 -0.060415789 0.036276736 0.642976224 0.053277493 0.764030695 0.945475795
3378378 0.979163963 1.741331235 0.500000000 0.500000000 0.000000000 0.000000000 0.758790135 -0.033700056 -0.650462747 -1.120919963 -0.010270420 0.997917354 -0.063682288 0.031132399 0.651254177 0.055002011 0.756863713 0.749350974
3461789 0.979163963 1.741331235 0.500000000 0.500000000 0.000000000 0.000000000 0.750967383 -0.036619421 -0.659323037 -0.696860946 -0.009653737 0.997745633 -0.066411301 0.018113306 0.660268605 0.056237649 0.748920918 0.455343967
3545211 0.979163963 1.741331235 0.500000000 0.500000000 0.000000000 0.000000000 0.744127989 -0.039097123 -0.666892290 -0.290027098 -0.008578650 0.997644365 -0.068059973 -0.001283528 0.667982221 0.056366377 0.742039680 0.145633056
3795456 0.979163963 1.741331235 0.500000000 0.500000000 0.000000000 0.000000000 0.715580463 -0.044525750 -0.697109997 0.826889279 -0.008426504 0.997343540 -0.072352059 -0.086157472 0.698479712 0.057647932 0.713304400 -0.447404195
3878878 0.979163963 1.741331235 0.500000000 0.500000000 0.000000000 0.000000000 0.703892529 -0.044297174 -0.708923995 1.175430236 -0.009663967 0.997363865 -0.071915761 -0.117905985 0.710240901 0.057471991 0.701608896 -0.614123101
3962289 0.979163963 1.741331235 0.500000000 0.500000000 0.000000000 0.000000000 0.691009045 -0.042585298 -0.721590340 1.534619557 -0.011994125 0.997450173 -0.070351176 -0.146864047 0.722746313 0.057268135 0.688736320 -0.756241684
4045711 0.979163963 1.741331235 0.500000000 0.500000000 0.000000000 0.000000000 0.676871300 -0.040656276 -0.734977543 1.908599396 -0.015093261 0.997497082 -0.069077864 -0.156345042 0.735946357 0.057850018 0.674563527 -0.865006761
4129122 0.979163963 1.741331235 0.500000000 0.500000000 0.000000000 0.000000000 0.662461877 -0.038684994 -0.748095870 2.297769399 -0.018024443 0.997553349 -0.067545921 -0.158238053 0.748878598 0.058230609 0.660143793 -0.929412772
4212544 0.979163963 1.741331235 0.500000000 0.500000000 0.000000000 0.000000000 0.647021413 -0.037450317 -0.761551380 2.686269382 -0.020727541 0.997559965 -0.066666648 -0.159459041 0.762189865 0.058919832 0.644666433 -0.977403848
4295956 0.979163963 1.741331235 0.500000000 0.500000000 0.000000000 0.000000000 0.632313490 -0.035329580 -0.773906767 3.035250521 -0.023530696 0.997622907 -0.064767994 -0.160340965 0.774355352 0.059164245 0.629979134 -1.032190244
4379378 0.979163963 1.741331235 0.500000000 0.500000000 0.000000000 0.000000000 0.618574381 -0.032415517 -0.785057127 3.340898921 -0.026837878 0.997693956 -0.062341921 -0.165903088 0.785267532 0.059632383 0.616277933 -1.058059594
4462789 0.979163963 1.741331235 0.500000000 0.500000000 0.000000000 0.000000000 0.605541408 -0.029316347 -0.795273900 3.595561608 -0.030121956 0.997760832 -0.059716310 -0.177525898 0.795243740 0.060115900 0.603302419 -1.059500561
4546211 0.979163963 1.741331235 0.500000000 0.500000000 0.000000000 0.000000000 0.593892694 -0.027630754 -0.804069400 3.794318552 -0.032099441 0.997800589 -0.057996962 -0.199113084 0.803903461 0.060254153 0.591699600 -1.062679917
4629622 0.979163963 1.741331235 0.500000000 0.500000000 0.000000000 0.000000000 0.584504604 -0.029013382 -0.810871065 3.953877224 -0.031401616 0.997802913 -0.058337230 -0.209182198 0.810782135 0.059561040 0.582309365 -1.057949242
4713044 0.979163963 1.741331235 0.500000000 0.500000000 0.000000000 0.000000000 0.576733708 -0.030531563 -0.816361487 4.070160048 -0.030286673 0.997815251 -0.058714446 -0.222887956 0.816370666 0.058587473 0.574549019 -1.044969958
4796456 0.979163963 1.741331235 0.500000000 0.500000000 0.000000000 0.000000000 0.570721507 -0.031697631 -0.820531905 4.154951458 -0.028729787 0.997872055 -0.058531441 -0.246833898 0.820641220 0.056978859 0.568596363 -1.071440342
4879878 0.979163963 1.741331235 0.500000000 0.500000000 0.000000000 0.000000000 0.568857789 -0.030884134 -0.821855545 4.188968421 -0.028922765 0.997925341 -0.057519805 -0.272305146 0.821926951 0.056490924 0.566784382 -1.120999762
4963289 0.979163963 1.741331235 0.500000000 0.500000000 0.000000000 0.000000000 0.571086824 -0.028790886 -0.820384502 4.193939380 -0.031395592 0.997887552 -0.056875356 -0.294042102 0.820288897 0.058237225 0.568976521 -1.191329738
5046711 0.979163963 1.741331235 0.500000000 0.500000000 0.000000000 0.000000000 0.578243852 -0.027722862 -0.815392613 4.138858687 -0.032093856 0.997876048 -0.056686834 -0.303070144 0.815232277 0.058947906 0.576125920 -1.284319443
5130122 0.979163963 1.741331235 0.500000000 0.500000000 0.000000000 0.000000000 0.589959383 -0.026786728 -0.806988299 4.019078776 -0.032353487 0.997862637 -0.056774918 -0.314103130 0.806784332 0.059603784 0.587831736 -1.422469285
