https://www.youtube.com/watch?v=vaT0byPxja8
248381467 0.987529109 1.756207678 0.500000000 0.500000000 0.000000000 0.000000000 0.998233616 0.020208824 -0.055867825 1.347939962 -0.019531403 0.999729276 0.012645013 -0.599285009 0.056108240 -0.011531499 0.998358071 6.042519700
248448200 0.987529109 1.756207678 0.500000000 0.500000000 0.000000000 0.000000000 0.998625338 0.013955818 -0.050524492 1.316889972 -0.013246648 0.999809384 0.014343945 -0.554110029 0.050715040 -0.013654947 0.998619795 5.884090395
248514933 0.987529109 1.756207678 0.500000000 0.500000000 0.000000000 0.000000000 0.999021530 0.006439519 -0.043755814 1.293780115 -0.005797112 0.999873757 0.014792678 -0.512573993 0.043845549 -0.014524546 0.998932719 5.676529934
248581667 0.987529109 1.756207678 0.500000000 0.500000000 0.000000000 0.000000000 0.999215126 -0.001081754 -0.039598010 1.266270143 0.001708286 0.999873817 0.015791887 -0.471186922 0.039575934 -0.015847137 0.999090910 5.421610053
248648400 0.987529109 1.756207678 0.500000000 0.500000000 0.000000000 0.000000000 0.999351621 -0.007806128 -0.035148885 1.232210037 0.008400343 0.999823749 0.016789859 -0.426319033 0.035011623 -0.017074237 0.999241054 5.254260314
248781867 0.987529109 1.756207678 0.500000000 0.500000000 0.000000000 0.000000000 0.999440849 -0.014971456 -0.029897531 1.152680018 0.015461047 0.999749005 0.016212149 -0.383854959 0.029647307 -0.016665330 0.999421477 4.768509729
248848600 0.987529109 1.756207678 0.500000000 0.500000000 0.000000000 0.000000000 0.999485791 -0.016701931 -0.027372245 1.113839957 0.017131535 0.999732554 0.015536209 -0.376386992 0.027105439 -0.015997149 0.999504566 4.585239861
248915333 0.987529109 1.756207678 0.500000000 0.500000000 0.000000000 0.000000000 0.999546707 -0.015383294 -0.025879771 1.087630046 0.015767071 0.999767780 0.014691105 -0.381943002 0.025647763 -0.015092494 0.999557078 4.368469972
248982067 0.987529109 1.756207678 0.500000000 0.500000000 0.000000000 0.000000000 0.999596298 -0.012528718 -0.025499679 1.055909892 0.012869757 0.999829352 0.013254377 -0.390173015 0.025329266 -0.013577201 0.999586940 4.155959975
249048800 0.987529109 1.756207678 0.500000000 0.500000000 0.000000000 0.000000000 0.999622762 -0.008395751 -0.026150726 1.015940008 0.008703775 0.999893844 0.011687298 -0.385601987 0.026049826 -0.011910499 0.999589682 3.939760156
249115533 0.987529109 1.756207678 0.500000000 0.500000000 0.000000000 0.000000000 0.999618709 -0.003165134 -0.027430132 0.971641989 0.003432160 0.999947131 0.009693154 -0.375975024 0.027398001 -0.009783602 0.999576747 3.756540023
249182267 0.987529109 1.756207678 0.500000000 0.500000000 0.000000000 0.000000000 0.999567032 0.002088303 -0.029348556 0.914550010 -0.001861215 0.999968112 0.007762795 -0.357687972 0.029363833 -0.007704810 0.999539077 3.560970078
249249000 0.987529109 1.756207678 0.500000000 0.500000000 0.000000000 0.000000000 0.999488235 0.006576709 -0.031304844 0.847289016 -0.006383448 0.999959946 0.006269440 -0.332872000 0.031344824 -0.006066399 0.999490201 3.388799791
249315733 0.987529109 1.756207678 0.500000000 0.500000000 0.000000000 0.000000000 0.999368668 0.010770709 -0.033855915 0.784596996 -0.010628466 0.999933958 0.004378589 -0.316411009 0.033900842 -0.004015988 0.999417126 3.193150179
249449200 0.987529109 1.756207678 0.500000000 0.500000000 0.000000000 0.000000000 0.999211192 0.016961832 -0.035906490 0.656741063 -0.016864989 0.999853253 0.002998270 -0.288062991 0.035952080 -0.002390343 0.999350667 2.833240073
249515933 0.987529109 1.756207678 0.500000000 0.500000000 0.000000000 0.000000000 0.999193251 0.019988908 -0.034831543 0.598262034 -0.019918991 0.999798834 0.002353209 -0.278112020 0.034871574 -0.001657501 0.999390423 2.637449919
249582667 0.987529109 1.756207678 0.500000000 0.500000000 0.000000000 0.000000000 0.999224842 0.022225210 -0.032491598 0.543832948 -0.022155778 0.999751389 0.002495451 -0.262726969 0.032538984 -0.001773641 0.999468923 2.439460215
249716133 0.987529109 1.756207678 0.500000000 0.500000000 0.000000000 0.000000000 0.999406636 0.023776598 -0.024921041 0.446581004 -0.023697078 0.999713123 0.003481413 -0.201499993 0.024996668 -0.002888791 0.999683380 2.097049967
249782867 0.987529109 1.756207678 0.500000000 0.500000000 0.000000000 0.000000000 0.999545634 0.022082919 -0.020513847 0.393621997 -0.022029253 0.999753296 0.002838459 -0.166034999 0.020571467 -0.002385265 0.999785542 1.866939978
249849600 0.987529109 1.756207678 0.500000000 0.500000000 0.000000000 0.000000000 0.999655783 0.020376636 -0.016527720 0.339206993 -0.020335423 0.999789655 0.002657930 -0.134041987 0.016578402 -0.002320917 0.999859869 1.686419972
249916333 0.987529109 1.756207678 0.500000000 0.500000000 0.000000000 0.000000000 0.999769807 0.018101752 -0.011516009 0.283196986 -0.018079512 0.999834478 0.002032518 -0.109861993 0.011550894 -0.001823846 0.999931633 1.468840068
249983067 0.987529109 1.756207678 0.500000000 0.500000000 0.000000000 0.000000000 0.999842703 0.015666014 -0.008318413 0.233755013 -0.015652293 0.999876022 0.001711804 -0.099998696 0.008344200 -0.001581332 0.999963939 1.281039945
250049800 0.987529109 1.756207678 0.500000000 0.500000000 0.000000000 0.000000000 0.999912500 0.012756450 -0.003508454 0.187161009 -0.012754628 0.999918520 0.000541203 -0.094392207 0.003515072 -0.000496406 0.999993682 1.076659993
250116533 0.987529109 1.756207678 0.500000000 0.500000000 0.000000000 0.000000000 0.999946177 0.010363167 0.000446484 0.137270000 -0.010362543 0.999945343 -0.001378377 -0.091914993 -0.000460744 0.001373676 0.999998927 0.842134993
250183267 0.987529109 1.756207678 0.500000000 0.500000000 0.000000000 0.000000000 0.999962926 0.007724500 0.003802143 0.089054798 -0.007714466 0.999966741 -0.002646689 -0.083310696 -0.003822461 0.002617259 0.999989271 0.648268977
250250000 0.987529109 1.756207678 0.500000000 0.500000000 0.000000000 0.000000000 0.999971330 0.004936877 0.005745909 0.034019300 -0.004918884 0.999982953 -0.003141172 -0.065051895 -0.005761319 0.003112818 0.999978542 0.442118985
250316733 0.987529109 1.756207678 0.500000000 0.500000000 0.000000000 0.000000000 0.999952197 0.003795220 0.009009347 -0.026424799 -0.003753946 0.999982417 -0.004593751 -0.040201299 -0.009026623 0.004559711 0.999948859 0.242511995
250383467 0.987529109 1.756207678 0.500000000 0.500000000 0.000000000 0.000000000 0.999936640 0.002396442 0.011001311 -0.094854202 -0.002333623 0.999980927 -0.005719383 -0.007104160 -0.011014808 0.005693348 0.999923110 0.008757511
250450200 0.987529109 1.756207678 0.500000000 0.500000000 0.000000000 0.000000000 0.999895513 0.002865485 0.014167232 -0.164130000 -0.002771175 0.999973893 -0.006672026 0.026650899 -0.014185981 0.006632069 0.999877393 -0.172628010
250516933 0.987529109 1.756207678 0.500000000 0.500000000 0.000000000 0.000000000 0.999838889 0.003972852 0.017503547 -0.228153997 -0.003842381 0.999964654 -0.007481340 0.052229697 -0.017532649 0.007412880 0.999818802 -0.386492984
250583667 0.987529109 1.756207678 0.500000000 0.500000000 0.000000000 0.000000000 0.999738514 0.005365895 0.022229822 -0.291562022 -0.005187495 0.999953926 -0.008075189 0.070975202 -0.022272130 0.007957760 0.999720275 -0.567399012
250650400 0.987529109 1.756207678 0.500000000 0.500000000 0.000000000 0.000000000 0.999551654 0.007211288 0.029060178 -0.360258990 -0.006992062 0.999946356 -0.007638431 0.082277704 -0.029113702 0.007431816 0.999548495 -0.744795999
250717133 0.987529109 1.756207678 0.500000000 0.500000000 0.000000000 0.000000000 0.999270260 0.009182264 0.037075944 -0.429991006 -0.008924211 0.999934852 -0.007119607 0.094493205 -0.037138902 0.006783538 0.999287069 -0.933340986
250783867 0.987529109 1.756207678 0.500000000 0.500000000 0.000000000 0.000000000 0.998853624 0.010448254 0.046715233 -0.501156982 -0.010161947 0.999928117 -0.006362064 0.111590987 -0.046778347 0.005880053 0.998888016 -1.107740017
250850600 0.987529109 1.756207678 0.500000000 0.500000000 0.000000000 0.000000000 0.998304427 0.011956005 0.056968067 -0.579519984 -0.011678339 0.999918282 -0.005204500 0.139643007 -0.057025637 0.004530382 0.998362422 -1.307640019
250917333 0.987529109 1.756207678 0.500000000 0.500000000 0.000000000 0.000000000 0.997497797 0.012986545 0.069494247 -0.662077971 -0.012671532 0.999907374 -0.004971875 0.164559021 -0.069552377 0.004078837 0.997569978 -1.495990055
250984067 0.987529109 1.756207678 0.500000000 0.500000000 0.000000000 0.000000000 0.996801436 0.012857468 0.078876719 -0.734772953 -0.012355379 0.999900222 -0.006850254 0.195112023 -0.078956917 0.005853791 0.996860862 -1.706680119
251050800 0.987529109 1.756207678 0.500000000 0.500000000 0.000000000 0.000000000 0.996078551 0.012430967 0.087595731 -0.812191010 -0.011630726 0.999885917 -0.009640103 0.224191998 -0.087705567 0.008583499 0.996109486 -1.919530138
251117533 0.987529109 1.756207678 0.500000000 0.500000000 0.000000000 0.000000000 0.995483518 0.010619396 0.094338953 -0.882269028 -0.009486016 0.999877453 -0.012454269 0.241404995 -0.094459653 0.011503118 0.995462239 -2.122790021
251184267 0.987529109 1.756207678 0.500000000 0.500000000 0.000000000 0.000000000 0.994957268 0.009220183 0.099875078 -0.942085984 -0.007666492 0.999843717 -0.015928989 0.254999992 -0.100006342 0.015082972 0.994872451 -2.319580059
251251000 0.987529109 1.756207678 0.500000000 0.500000000 0.000000000 0.000000000 0.994569421 0.007500819 0.103804529 -0.997798942 -0.005528981 0.999799013 -0.019270394 0.268265977 -0.103928208 0.018591810 0.994410992 -2.532159820
251317733 0.987529109 1.756207678 0.500000000 0.500000000 0.000000000 0.000000000 0.994298279 0.006713808 0.106422871 -1.040470038 -0.004357534 0.999740541 -0.022357732 0.278609004 -0.106545359 0.021766514 0.994069576 -2.718320046
251384467 0.987529109 1.756207678 0.500000000 0.500000000 0.000000000 0.000000000 0.994089782 0.005256862 0.108433463 -1.089849939 -0.002511009 0.999673069 -0.025443930 0.296868980 -0.108531766 0.025021274 0.993778050 -2.934180068
251451200 0.987529109 1.756207678 0.500000000 0.500000000 0.000000000 0.000000000 0.993926644 0.006050871 0.109878309 -1.131369942 -0.002933032 0.999589086 -0.028514862 0.320058010 -0.110005699 0.028019402 0.993535936 -3.124610099
