https://www.youtube.com/watch?v=adfCtOsqUtY
1234567 0.872974779 1.574018498 0.500000000 0.500000000 0.000000000 0.000000000 0.996466339 0.075363405 -0.037083950 1.168980127 -0.073505558 0.996083260 0.049142949 -2.013200046 0.040642280 -0.046243414 0.998103082 4.732019857
1301300 0.872974779 1.574018498 0.500000000 0.500000000 0.000000000 0.000000000 0.997344136 0.064096734 -0.034587402 0.981651065 -0.062427234 0.996924996 0.047364179 -1.879060168 0.037516933 -0.045079190 0.998278677 4.425360040
1368033 0.872974779 1.574018498 0.500000000 0.500000000 0.000000000 0.000000000 0.998260915 0.052328728 -0.027145799 0.812704125 -0.051122740 0.997750461 0.043365147 -1.767510059 0.029353973 -0.041901965 0.998690426 4.119550390
1434767 0.872974779 1.574018498 0.500000000 0.500000000 0.000000000 0.000000000 0.999079108 0.039072789 -0.017727315 0.598721066 -0.038351879 0.998489976 0.039330877 -1.647600068 0.019237313 -0.038614780 0.999068975 3.806420214
1501500 0.872974779 1.574018498 0.500000000 0.500000000 0.000000000 0.000000000 0.999593437 0.026261177 -0.011104788 0.388469978 -0.025843866 0.999010861 0.036186337 -1.538780056 0.012044099 -0.035884634 0.999283373 3.504499769
1568233 0.872974779 1.574018498 0.500000000 0.500000000 0.000000000 0.000000000 0.999883890 0.015131139 -0.001789954 0.192112978 -0.015068361 0.999405146 0.031021666 -1.446859962 0.002258282 -0.030991092 0.999517083 3.197819936
1634967 0.872974779 1.574018498 0.500000000 0.500000000 0.000000000 0.000000000 0.999966681 0.005348182 0.006164586 0.002086453 -0.005501823 0.999667764 0.025181646 -1.374230038 -0.006027861 -0.025214722 0.999663889 2.911730152
1701700 0.872974779 1.574018498 0.500000000 0.500000000 0.000000000 0.000000000 0.999962211 -0.000220720 0.008692143 -0.176513005 0.000078675 0.999866486 0.016338708 -1.275969881 -0.008694589 -0.016337408 0.999828756 2.582540093
1768433 0.872974779 1.574018498 0.500000000 0.500000000 0.000000000 0.000000000 0.999954998 -0.000103517 0.009488811 -0.320205000 0.000053589 0.999986172 0.005261853 -1.186070001 -0.009489224 -0.005261108 0.999941111 2.257060095
1835167 0.872974779 1.574018498 0.500000000 0.500000000 0.000000000 0.000000000 0.999933064 0.002030263 0.011388299 -0.418649994 -0.001957453 0.999977589 -0.006400940 -1.063889909 -0.011401040 0.006378219 0.999914646 1.887670033
1901900 0.872974779 1.574018498 0.500000000 0.500000000 0.000000000 0.000000000 0.999944389 0.006162422 0.008557175 -0.506421042 -0.006023086 0.999850392 -0.016214360 -0.900201007 -0.008655815 0.016161919 0.999831915 1.477870024
1968633 0.872974779 1.574018498 0.500000000 0.500000000 0.000000000 0.000000000 0.999928713 0.011928190 0.000575698 -0.576881029 -0.011912239 0.999676347 -0.022478411 -0.735071973 -0.000843639 0.022469951 0.999747157 1.061329942
2035367 0.872974779 1.574018498 0.500000000 0.500000000 0.000000000 0.000000000 0.999699473 0.021015296 -0.012623264 -0.625538012 -0.021359773 0.999385178 -0.027804131 -0.530839999 0.012031190 0.028065404 0.999533653 0.593230982
2102100 0.872974779 1.574018498 0.500000000 0.500000000 0.000000000 0.000000000 0.999010921 0.034477457 -0.028081039 -0.623231024 -0.035327390 0.998914659 -0.030355308 -0.305494008 0.027003990 0.031317312 0.999144614 0.144133982
2168833 0.872974779 1.574018498 0.500000000 0.500000000 0.000000000 0.000000000 0.997786880 0.051484019 -0.042079531 -0.573760951 -0.053069353 0.997887671 -0.037467949 -0.087975400 0.040061645 0.039618164 0.998411477 -0.315773012
2235567 0.872974779 1.574018498 0.500000000 0.500000000 0.000000000 0.000000000 0.995860875 0.069068789 -0.059081178 -0.467297969 -0.071962401 0.996235430 -0.048336141 0.161736991 0.055520240 0.052387699 0.997082233 -0.820845985
2302300 0.872974779 1.574018498 0.500000000 0.500000000 0.000000000 0.000000000 0.992970943 0.089589119 -0.077346765 -0.273121015 -0.094043046 0.993992090 -0.055996414 0.496882986 0.071865402 0.062876731 0.995430529 -1.384439957
2369033 0.872974779 1.574018498 0.500000000 0.500000000 0.000000000 0.000000000 0.989597142 0.108020633 -0.095021173 -0.086971312 -0.114121571 0.991574347 -0.061290544 0.800363938 0.087599918 0.071496911 0.993586659 -1.915810010
2435767 0.872974779 1.574018498 0.500000000 0.500000000 0.000000000 0.000000000 0.985357821 0.125293151 -0.115635820 0.201413972 -0.133332327 0.988964021 -0.064596266 1.111879964 0.106266208 0.079068407 0.991189003 -2.429689744
2502500 0.872974779 1.574018498 0.500000000 0.500000000 0.000000000 0.000000000 0.979262948 0.146419242 -0.140019864 0.483350069 -0.157350317 0.985028923 -0.070419788 1.440150185 0.127612799 0.090991631 0.987641394 -2.917330327
2569233 0.872974779 1.574018498 0.500000000 0.500000000 0.000000000 0.000000000 0.971828699 0.169866845 -0.163383752 0.887739981 -0.183646277 0.980263710 -0.073192284 1.697110150 0.147726238 0.101135164 0.983843803 -3.376240020
2635967 0.872974779 1.574018498 0.500000000 0.500000000 0.000000000 0.000000000 0.964101195 0.190857857 -0.184613734 1.148460256 -0.208136678 0.974898338 -0.079072282 1.942100289 0.164888054 0.114658549 0.979625106 -3.805380300
2702700 0.872974779 1.574018498 0.500000000 0.500000000 0.000000000 0.000000000 0.956123471 0.208328277 -0.205978647 1.492389903 -0.228975207 0.969987750 -0.081817769 2.195899963 0.182751819 0.125391901 0.975130081 -4.203140151
2769433 0.872974779 1.574018498 0.500000000 0.500000000 0.000000000 0.000000000 0.948162138 0.222616717 -0.226782665 1.767720156 -0.246782348 0.965414882 -0.084099069 2.318790240 0.200217500 0.135705486 0.970307708 -4.560630644
2836167 0.872974779 1.574018498 0.500000000 0.500000000 0.000000000 0.000000000 0.940552235 0.234275982 -0.245919064 2.035710024 -0.261846721 0.961298287 -0.085684270 2.538279296 0.216327772 0.144983694 0.965495706 -4.895589174
2902900 0.872974779 1.574018498 0.500000000 0.500000000 0.000000000 0.000000000 0.932990432 0.244039059 -0.264525682 2.393589885 -0.274875581 0.957622647 -0.086036906 2.588440245 0.232319430 0.152983248 0.960533082 -5.149189812
2969633 0.872974779 1.574018498 0.500000000 0.500000000 0.000000000 0.000000000 0.927455962 0.252093673 -0.276177734 2.506330073 -0.285686195 0.954240918 -0.088360637 2.649469544 0.241264910 0.160850793 0.957036138 -5.466769435
