https://www.youtube.com/watch?v=O8-Gxzh9K40
94227467 0.890477840 1.598924323 0.500000000 0.500000000 0.000000000 0.000000000 0.997962773 -0.022206290 -0.059809949 -3.809290190 0.022358971 0.999748230 0.001884654 0.312388012 0.059753042 -0.003218103 0.998207986 -4.021439726
94294200 0.890477840 1.598924323 0.500000000 0.500000000 0.000000000 0.000000000 0.997349679 -0.025809702 -0.068025351 -3.638569952 0.026256297 0.999639094 0.005679071 0.283836987 0.067854226 -0.007450113 0.997667432 -3.929060009
94360933 0.890477840 1.598924323 0.500000000 0.500000000 0.000000000 0.000000000 0.996614218 -0.028207488 -0.077229515 -3.489829771 0.029062305 0.999527931 0.009966867 0.251933029 0.076911911 -0.012177588 0.996963501 -3.827829892
94427667 0.890477840 1.598924323 0.500000000 0.500000000 0.000000000 0.000000000 0.995674431 -0.029469026 -0.088113487 -3.318769781 0.030831447 0.999424577 0.014141031 0.225971025 0.087646067 -0.016796529 0.996010065 -3.752979890
94494400 0.890477840 1.598924323 0.500000000 0.500000000 0.000000000 0.000000000 0.994496882 -0.030659892 -0.100179575 -3.129070250 0.032573603 0.999315739 0.017522842 0.213050006 0.099573769 -0.020689625 0.994815052 -3.682120076
94561133 0.890477840 1.598924323 0.500000000 0.500000000 0.000000000 0.000000000 0.993013322 -0.030839721 -0.113901176 -2.940940058 0.033421960 0.999224246 0.020830810 0.214814021 0.113170393 -0.024492074 0.993273675 -3.613980106
94627867 0.890477840 1.598924323 0.500000000 0.500000000 0.000000000 0.000000000 0.991310060 -0.029250408 -0.128252849 -2.758639982 0.032646004 0.999167800 0.024453606 0.211946004 0.127430841 -0.028428052 0.991439998 -3.552380381
94694600 0.890477840 1.598924323 0.500000000 0.500000000 0.000000000 0.000000000 0.989241958 -0.026475787 -0.143872991 -2.575630033 0.030837227 0.999127388 0.028169261 0.207703968 0.143001631 -0.032302856 0.989195168 -3.484460404
94761333 0.890477840 1.598924323 0.500000000 0.500000000 0.000000000 0.000000000 0.986782014 -0.021211816 -0.160659149 -2.410530280 0.026791466 0.999107897 0.032643300 0.179260976 0.159823403 -0.036516111 0.986469984 -3.415679818
