https://www.youtube.com/watch?v=D3VTPgDlljA
106639867 0.967755786 1.721043066 0.500000000 0.500000000 0.000000000 0.000000000 0.409429014 -0.149391294 0.900027215 -6.721442036 0.131303370 0.985881269 0.103910901 0.041181340 -0.902843416 0.075632624 0.423264027 0.025403061
106706600 0.967755786 1.721043066 0.500000000 0.500000000 0.000000000 0.000000000 0.388214111 -0.152883157 0.908799708 -6.443582287 0.135952547 0.984854639 0.107602373 -0.035831817 -0.911486208 0.081780821 0.403119266 0.121377499
106773333 0.967755786 1.721043066 0.500000000 0.500000000 0.000000000 0.000000000 0.373916328 -0.153230116 0.914717019 -6.149500291 0.139166340 0.984361172 0.108008489 -0.060806603 -0.916962087 0.086911663 0.389393151 0.235331296
106840067 0.967755786 1.721043066 0.500000000 0.500000000 0.000000000 0.000000000 0.365768731 -0.150759757 0.918413699 -5.821213963 0.139066011 0.984568357 0.106234558 -0.065824367 -0.920256913 0.088863008 0.381089866 0.317805817
106906800 0.967755786 1.721043066 0.500000000 0.500000000 0.000000000 0.000000000 0.355429173 -0.145883814 0.923248947 -5.450953460 0.137972429 0.985113502 0.102542974 -0.046752955 -0.924464285 0.090936027 0.370266020 0.429754033
106973533 0.967755786 1.721043066 0.500000000 0.500000000 0.000000000 0.000000000 0.338218927 -0.141396731 0.930384278 -5.094369812 0.138315618 0.985380054 0.099473476 -0.051608975 -0.930847287 0.095042855 0.352831542 0.604632921
107040267 0.967755786 1.721043066 0.500000000 0.500000000 0.000000000 0.000000000 0.318647742 -0.138927236 0.937636554 -4.751797592 0.142333344 0.984997749 0.097573861 -0.081564965 -0.937125504 0.102365330 0.333641291 0.768993464
107107000 0.967755786 1.721043066 0.500000000 0.500000000 0.000000000 0.000000000 0.301013768 -0.137406141 0.943668723 -4.444551757 0.149730891 0.984100759 0.095531866 -0.127961044 -0.941791773 0.112539887 0.316801786 0.856767457
107173733 0.967755786 1.721043066 0.500000000 0.500000000 0.000000000 0.000000000 0.291866124 -0.134557173 0.946946561 -4.174036702 0.157711551 0.983273149 0.091109477 -0.142935946 -0.943366587 0.122752763 0.308205366 0.864077480
107240467 0.967755786 1.721043066 0.500000000 0.500000000 0.000000000 0.000000000 0.291911602 -0.130591959 0.947487533 -3.905677028 0.162629694 0.982986152 0.085380137 -0.149397943 -0.942517102 0.129166260 0.308183253 0.887305050
107307200 0.967755786 1.721043066 0.500000000 0.500000000 0.000000000 0.000000000 0.294358253 -0.126147673 0.947333217 -3.671470698 0.164124027 0.983196378 0.079926118 -0.139009017 -0.941497087 0.131953195 0.310115814 0.865754284
107373933 0.967755786 1.721043066 0.500000000 0.500000000 0.000000000 0.000000000 0.293064713 -0.122661069 0.948191524 -3.450629287 0.164960101 0.983350456 0.076223888 -0.138541992 -0.941754222 0.134075269 0.308419526 0.879217630
107440667 0.967755786 1.721043066 0.500000000 0.500000000 0.000000000 0.000000000 0.286706448 -0.123706348 0.949998498 -3.240253427 0.169090092 0.982594490 0.076920047 -0.146984031 -0.942978740 0.138581708 0.302633643 0.893571821
107507400 0.967755786 1.721043066 0.500000000 0.500000000 0.000000000 0.000000000 0.283787727 -0.129290015 0.950130284 -3.037336620 0.173994720 0.981362343 0.081570737 -0.181822991 -0.942968309 0.142169043 0.300994396 0.846638057
107574133 0.967755786 1.721043066 0.500000000 0.500000000 0.000000000 0.000000000 0.291221440 -0.134068638 0.947214603 -2.851269509 0.175333738 0.980839670 0.084921531 -0.197625065 -0.940450907 0.141347736 0.309148312 0.733757748
107640867 0.967755786 1.721043066 0.500000000 0.500000000 0.000000000 0.000000000 0.304607451 -0.135873318 0.942736506 -2.670198452 0.171487153 0.981422067 0.086039774 -0.200460002 -0.936912894 0.135458946 0.322248995 0.609368573
107707600 0.967755786 1.721043066 0.500000000 0.500000000 0.000000000 0.000000000 0.316877365 -0.134728327 0.938848436 -2.474628499 0.165442154 0.982536018 0.085158125 -0.208545971 -0.933925569 0.128340513 0.333633184 0.491951635
107774333 0.967755786 1.721043066 0.500000000 0.500000000 0.000000000 0.000000000 0.323667884 -0.130838320 0.937080979 -2.255870739 0.158485129 0.983897388 0.082634203 -0.230469041 -0.932803273 0.121767320 0.339191854 0.370607333
107841067 0.967755786 1.721043066 0.500000000 0.500000000 0.000000000 0.000000000 0.323666096 -0.121802695 0.938298941 -2.018901018 0.148948237 0.985873759 0.076598808 -0.230624017 -0.934374213 0.114965469 0.337236226 0.321080153
107907800 0.967755786 1.721043066 0.500000000 0.500000000 0.000000000 0.000000000 0.316827297 -0.108452611 0.942262471 -1.773240036 0.138843238 0.988042831 0.067037046 -0.200234995 -0.938265979 0.109587595 0.328096867 0.273450974
107974533 0.967755786 1.721043066 0.500000000 0.500000000 0.000000000 0.000000000 0.308508933 -0.093991235 0.946565986 -1.524918795 0.132222161 0.989683092 0.055178232 -0.161333982 -0.941986680 0.108134098 0.317753792 0.252346909
108041267 0.967755786 1.721043066 0.500000000 0.500000000 0.000000000 0.000000000 0.312626541 -0.084011458 0.946153581 -1.215349964 0.128943846 0.990614235 0.045353830 -0.135771024 -0.941083372 0.107821897 0.320525050 0.106077932
108108000 0.967755786 1.721043066 0.500000000 0.500000000 0.000000000 0.000000000 0.327053010 -0.078822903 0.941713631 -0.940772208 0.125459954 0.991315901 0.039402954 -0.107527960 -0.936641514 0.105260350 0.334101915 -0.042516712
108174733 0.967755786 1.721043066 0.500000000 0.500000000 0.000000000 0.000000000 0.334336936 -0.076190077 0.939368904 -0.674544017 0.121804647 0.991860688 0.037095271 -0.059542401 -0.934549391 0.102017172 0.340895951 -0.096963103
108241467 0.967755786 1.721043066 0.500000000 0.500000000 0.000000000 0.000000000 0.332441807 -0.075632162 0.940086544 -0.394037213 0.121762134 0.991879106 0.036740355 -0.023870587 -0.935230911 0.102252863 0.338951230 -0.133729058
108308200 0.967755786 1.721043066 0.500000000 0.500000000 0.000000000 0.000000000 0.333808720 -0.078594767 0.939357877 -0.125547834 0.124550350 0.991458535 0.038693994 -0.002124849 -0.934375525 0.104081109 0.340746522 -0.269671636
108374933 0.967755786 1.721043066 0.500000000 0.500000000 0.000000000 0.000000000 0.342058241 -0.083326548 0.935977399 0.114113093 0.126119658 0.991119385 0.042144470 0.021327829 -0.931177080 0.103629194 0.349529684 -0.353906291
108441667 0.967755786 1.721043066 0.500000000 0.500000000 0.000000000 0.000000000 0.351969957 -0.088732854 0.931796610 0.364941496 0.125273451 0.991005957 0.047051311 0.033220751 -0.927591026 0.100168586 0.359920144 -0.386865577
108508400 0.967755786 1.721043066 0.500000000 0.500000000 0.000000000 0.000000000 0.359127998 -0.092802696 0.928663135 0.625032272 0.123076491 0.991062999 0.051442865 0.033417211 -0.925137639 0.095821977 0.367340267 -0.409831155
108575133 0.967755786 1.721043066 0.500000000 0.500000000 0.000000000 0.000000000 0.358874440 -0.094791949 0.928559601 0.904396351 0.123008236 0.990956008 0.053620845 0.019822368 -0.925244510 0.094977409 0.367289007 -0.420583654
108641867 0.967755786 1.721043066 0.500000000 0.500000000 0.000000000 0.000000000 0.351175606 -0.094167814 0.931562364 1.210480397 0.126427203 0.990586996 0.052474469 -0.011255900 -0.927735031 0.099347025 0.359775364 -0.429720198
108708600 0.967755786 1.721043066 0.500000000 0.500000000 0.000000000 0.000000000 0.344359577 -0.090252787 0.934489965 1.531350888 0.129650459 0.990403235 0.047876656 -0.040977811 -0.929842949 0.104670197 0.352756143 -0.442943348
108775333 0.967755786 1.721043066 0.500000000 0.500000000 0.000000000 0.000000000 0.341827273 -0.082495809 0.936135054 1.860330532 0.130115241 0.990700006 0.039793026 -0.070316226 -0.930711746 0.108203068 0.349382281 -0.455233963
108842067 0.967755786 1.721043066 0.500000000 0.500000000 0.000000000 0.000000000 0.341657102 -0.073399708 0.936954319 2.185360985 0.130044773 0.991047561 0.030216914 -0.088763417 -0.930784166 0.111522138 0.348143697 -0.468182058
108908800 0.967755786 1.721043066 0.500000000 0.500000000 0.000000000 0.000000000 0.341257989 -0.064736947 0.937738240 2.510942208 0.130573809 0.991218030 0.020910971 -0.100419112 -0.930856764 0.115307920 0.346714020 -0.501766486
108975533 0.967755786 1.721043066 0.500000000 0.500000000 0.000000000 0.000000000 0.336274981 -0.059285436 0.939896405 2.813482404 0.133306667 0.990964174 0.014812283 -0.077060571 -0.932281792 0.120313369 0.341139555 -0.517169501
109042267 0.967755786 1.721043066 0.500000000 0.500000000 0.000000000 0.000000000 0.325584888 -0.056507617 0.943823099 3.093992201 0.135986313 0.990633130 0.012399778 -0.074036793 -0.935683131 0.124309778 0.330219388 -0.569375403
109109000 0.967755786 1.721043066 0.500000000 0.500000000 0.000000000 0.000000000 0.311478138 -0.056389391 0.948578179 3.351626498 0.138953045 0.990210474 0.013237275 -0.056669769 -0.940038502 0.127684802 0.316264451 -0.611974231
109175733 0.967755786 1.721043066 0.500000000 0.500000000 0.000000000 0.000000000 0.294161916 -0.059033465 0.953930736 3.592340164 0.142904937 0.989587426 0.017172713 -0.037394920 -0.945011616 0.131269857 0.299535155 -0.641177774
109242467 0.967755786 1.721043066 0.500000000 0.500000000 0.000000000 0.000000000 0.272794664 -0.063870870 0.959949613 3.808678947 0.147223890 0.988813102 0.023953848 -0.008954660 -0.950740695 0.134793073 0.279146254 -0.729424713
109309200 0.967755786 1.721043066 0.500000000 0.500000000 0.000000000 0.000000000 0.247929394 -0.069037393 0.966314912 4.008708437 0.150995433 0.988021314 0.031846985 0.033270085 -0.956938386 0.138013378 0.255383849 -0.801784875
109375933 0.967755786 1.721043066 0.500000000 0.500000000 0.000000000 0.000000000 0.219588041 -0.075595036 0.972660184 4.190025708 0.153576970 0.987241268 0.042056624 0.075789849 -0.963429570 0.140142918 0.228395998 -0.922715258
109442667 0.967755786 1.721043066 0.500000000 0.500000000 0.000000000 0.000000000 0.191698253 -0.081633434 0.978053272 4.345091890 0.154560670 0.986611068 0.052053839 0.134376982 -0.969207466 0.141189888 0.201748967 -1.031030170
109509400 0.967755786 1.721043066 0.500000000 0.500000000 0.000000000 0.000000000 0.164083838 -0.086359277 0.982658803 4.462018887 0.153434172 0.986270785 0.061056357 0.171560018 -0.974440515 0.140755102 0.175081611 -1.188139857
109576133 0.967755786 1.721043066 0.500000000 0.500000000 0.000000000 0.000000000 0.136752248 -0.090091527 0.986500382 4.572593233 0.151481941 0.986045241 0.069050968 0.219414022 -0.978954911 0.139994040 0.148491144 -1.302510788
109642867 0.967755786 1.721043066 0.500000000 0.500000000 0.000000000 0.000000000 0.108925581 -0.093153417 0.989676714 4.651630878 0.149939284 0.985748172 0.076280981 0.271683066 -0.982677817 0.140082181 0.121340513 -1.441633262
