https://www.youtube.com/watch?v=O8-Gxzh9K40
214147267 0.869954043 1.557768834 0.500000000 0.500000000 0.000000000 0.000000000 0.971410513 0.002366380 -0.237394407 0.419842987 -0.018858746 0.997559547 -0.067225650 -0.147607990 0.236655965 0.069780663 0.969084442 1.502810168
214214000 0.869954043 1.557768834 0.500000000 0.500000000 0.000000000 0.000000000 0.978058994 0.006183193 -0.208236352 0.466604009 -0.019741558 0.997812212 -0.063095354 -0.150489997 0.207390651 0.065821894 0.976041317 1.332980190
214280733 0.869954043 1.557768834 0.500000000 0.500000000 0.000000000 0.000000000 0.984308183 0.008469093 -0.176254570 0.494911017 -0.018977780 0.998134911 -0.058022264 -0.146865995 0.175434440 0.060456712 0.982633054 1.198650005
214347467 0.869954043 1.557768834 0.500000000 0.500000000 0.000000000 0.000000000 0.989285946 0.009784589 -0.145662516 0.514866045 -0.017465793 0.998517811 -0.051547796 -0.145843988 0.144942254 0.053539619 0.987990499 1.043779862
214414200 0.869954043 1.557768834 0.500000000 0.500000000 0.000000000 0.000000000 0.993124843 0.009666771 -0.116660342 0.520406028 -0.014915049 0.998911381 -0.044198897 -0.139964000 0.116106078 0.045635018 0.992187917 0.909414054
214480933 0.869954043 1.557768834 0.500000000 0.500000000 0.000000000 0.000000000 0.995878637 0.008108020 -0.090332657 0.518010009 -0.011466864 0.999259591 -0.036726363 -0.134633010 0.089967996 0.037610829 0.995234251 0.770781977
214547667 0.869954043 1.557768834 0.500000000 0.500000000 0.000000000 0.000000000 0.997762918 0.005335059 -0.066638097 0.510231907 -0.007399435 0.999499083 -0.030770591 -0.127889008 0.066440552 0.031194841 0.997302651 0.635371069
214614400 0.869954043 1.557768834 0.500000000 0.500000000 0.000000000 0.000000000 0.999000013 0.000940010 -0.044699963 0.500608984 -0.002016099 0.999709070 -0.024034580 -0.118874989 0.044664364 0.024100667 0.998711288 0.502473989
214681133 0.869954043 1.557768834 0.500000000 0.500000000 0.000000000 0.000000000 0.999707043 -0.004287335 -0.023822363 0.489557025 0.003910732 0.999867022 -0.015833018 -0.112593001 0.023887075 0.015735218 0.999590814 0.370606021
214747867 0.869954043 1.557768834 0.500000000 0.500000000 0.000000000 0.000000000 0.999938726 -0.010596055 -0.003207707 0.478560005 0.010572040 0.999916613 -0.007413161 -0.110668997 0.003285990 0.007378794 0.999967396 0.237673022
214814600 0.869954043 1.557768834 0.500000000 0.500000000 0.000000000 0.000000000 0.999743819 -0.017598255 0.014233106 0.465560983 0.017611211 0.999844611 -0.000785421 -0.110108006 -0.014217072 0.001035882 0.999898374 0.103354993
214881333 0.869954043 1.557768834 0.500000000 0.500000000 0.000000000 0.000000000 0.999370098 -0.023570774 0.026529357 0.444726990 0.023481743 0.999717534 0.003662479 -0.111449995 -0.026608191 -0.003037216 0.999641299 -0.031843098
214948067 0.869954043 1.557768834 0.500000000 0.500000000 0.000000000 0.000000000 0.998992324 -0.027915722 0.035144109 0.417538009 0.027685983 0.999592125 0.007006934 -0.115640987 -0.035325374 -0.006026875 0.999357700 -0.159548003
215014800 0.869954043 1.557768834 0.500000000 0.500000000 0.000000000 0.000000000 0.998763502 -0.029070271 0.040328205 0.384771999 0.028823147 0.999562085 0.006695934 -0.123648001 -0.040505201 -0.005525268 0.999164045 -0.288983987
215081533 0.869954043 1.557768834 0.500000000 0.500000000 0.000000000 0.000000000 0.998614192 -0.027956977 0.044588581 0.343874013 0.027733125 0.999599516 0.005631219 -0.134512012 -0.044728152 -0.004386833 0.998989582 -0.422377008
215148267 0.869954043 1.557768834 0.500000000 0.500000000 0.000000000 0.000000000 0.998499990 -0.026152125 0.048102662 0.295079996 0.025967421 0.999652863 0.004460791 -0.143938020 -0.048202619 -0.003204998 0.998832464 -0.556580040
215215000 0.869954043 1.557768834 0.500000000 0.500000000 0.000000000 0.000000000 0.998415411 -0.023999320 0.050899480 0.238937015 0.023896856 0.999710977 0.002620787 -0.153940001 -0.050947670 -0.001400296 0.998700321 -0.693248974
215281733 0.869954043 1.557768834 0.500000000 0.500000000 0.000000000 0.000000000 0.998308837 -0.021795629 0.053892314 0.175987009 0.021866294 0.999760628 -0.000721873 -0.163045011 -0.053863682 0.001899078 0.998546481 -0.836044971
215348467 0.869954043 1.557768834 0.500000000 0.500000000 0.000000000 0.000000000 0.998187900 -0.019697072 0.056858554 0.109782987 0.020007936 0.999787807 -0.004903171 -0.168832006 -0.056749910 0.006031909 0.998370230 -0.983654106
215415200 0.869954043 1.557768834 0.500000000 0.500000000 0.000000000 0.000000000 0.998092651 -0.018089650 0.059024218 0.045073598 0.018599151 0.999794245 -0.008094100 -0.174786002 -0.058865655 0.009176461 0.998223722 -1.130190030
215481933 0.869954043 1.557768834 0.500000000 0.500000000 0.000000000 0.000000000 0.997970283 -0.015703814 0.061714746 -0.022575793 0.016355401 0.999815583 -0.010067075 -0.182547010 -0.061545275 0.011056012 0.998043060 -1.278380074
215548667 0.869954043 1.557768834 0.500000000 0.500000000 0.000000000 0.000000000 0.997751117 -0.013778002 0.065596662 -0.094979300 0.014535236 0.999832988 -0.011080559 -0.187638018 -0.065433033 0.012009103 0.997784674 -1.419899879
215615400 0.869954043 1.557768834 0.500000000 0.500000000 0.000000000 0.000000000 0.997416139 -0.012638191 0.070720077 -0.171829994 0.013501734 0.999839842 -0.011746029 -0.189698990 -0.070560306 0.012670523 0.997427046 -1.559859994
215682133 0.869954043 1.557768834 0.500000000 0.500000000 0.000000000 0.000000000 0.996316552 -0.015099543 0.084411889 -0.255416014 0.016058395 0.999813914 -0.010691768 -0.194468017 -0.084234744 0.012007903 0.996373594 -1.706729993
215748867 0.869954043 1.557768834 0.500000000 0.500000000 0.000000000 0.000000000 0.993250251 -0.023845760 0.113513656 -0.373335992 0.024918800 0.999657094 -0.008043255 -0.204484985 -0.113282941 0.010817588 0.993503869 -1.823930073
215815600 0.869954043 1.557768834 0.500000000 0.500000000 0.000000000 0.000000000 0.989222050 -0.033689436 0.142494559 -0.496925984 0.034738962 0.999384463 -0.004883352 -0.216349993 -0.142242342 0.009780833 0.989783525 -1.933269892
215882333 0.869954043 1.557768834 0.500000000 0.500000000 0.000000000 0.000000000 0.984594464 -0.043820024 0.169273391 -0.622507969 0.044664524 0.999001324 -0.001182585 -0.230117986 -0.169052526 0.008724883 0.985568404 -2.037620181
215949067 0.869954043 1.557768834 0.500000000 0.500000000 0.000000000 0.000000000 0.979829192 -0.053252548 0.192610934 -0.746903063 0.053657763 0.998554528 0.003115786 -0.245736005 -0.192498431 0.007282134 0.981270254 -2.138089758
216015800 0.869954043 1.557768834 0.500000000 0.500000000 0.000000000 0.000000000 0.975921750 -0.059495684 0.209849849 -0.863858892 0.059751924 0.998200119 0.005124578 -0.256617023 -0.209777042 0.007537747 0.977720201 -2.235510032
216082533 0.869954043 1.557768834 0.500000000 0.500000000 0.000000000 0.000000000 0.972264051 -0.063562073 0.225083381 -0.973080046 0.064154916 0.997928917 0.004686806 -0.263547991 -0.224915117 0.009883390 0.974328220 -2.348149953
216149267 0.869954043 1.557768834 0.500000000 0.500000000 0.000000000 0.000000000 0.966650367 -0.069502965 0.246488169 -1.099290032 0.070590645 0.997495532 0.004431974 -0.270631011 -0.246178880 0.013115594 0.969135642 -2.449779943
216216000 0.869954043 1.557768834 0.500000000 0.500000000 0.000000000 0.000000000 0.960853934 -0.074801862 0.266766727 -1.228490056 0.076418310 0.997066438 0.004331853 -0.274130947 -0.266308188 0.016223567 0.963751435 -2.546640047
216282733 0.869954043 1.557768834 0.500000000 0.500000000 0.000000000 0.000000000 0.954138815 -0.080926001 0.288218766 -1.362389928 0.082947955 0.996540248 0.005211862 -0.281610046 -0.287643403 0.018934324 0.957550406 -2.639359877
