https://www.youtube.com/watch?v=ipYGjWGcdFU
128194733 0.867180840 1.560479554 0.500000000 0.500000000 0.000000000 0.000000000 0.999609590 -0.025978683 0.010282971 -2.326719978 0.026302388 0.999118805 -0.032707330 -0.673417917 -0.009424217 0.032965031 0.999412060 5.799659743
128261467 0.867180840 1.560479554 0.500000000 0.500000000 0.000000000 0.000000000 0.999431968 -0.032629248 0.008428464 -2.278229819 0.032911953 0.998812556 -0.035920508 -0.696778028 -0.007246396 0.036177501 0.999319136 5.662640510
128328200 0.867180840 1.560479554 0.500000000 0.500000000 0.000000000 0.000000000 0.999338806 -0.036100652 0.004321051 -2.234129906 0.036241006 0.998594165 -0.038681403 -0.705289972 -0.002918553 0.038812429 0.999242246 5.523550163
128394933 0.867180840 1.560479554 0.500000000 0.500000000 0.000000000 0.000000000 0.999339998 -0.036321934 0.000548109 -2.184619728 0.036314603 0.998531580 -0.040198959 -0.697807050 0.000912799 0.040192328 0.999191523 5.385229519
128461667 0.867180840 1.560479554 0.500000000 0.500000000 0.000000000 0.000000000 0.999368548 -0.035081796 -0.005632200 -2.148959898 0.034857959 0.998748779 -0.035857514 -0.649644950 0.006883099 0.035638548 0.999341071 5.244970081
128528400 0.867180840 1.560479554 0.500000000 0.500000000 0.000000000 0.000000000 0.999511540 -0.027126634 -0.015518248 -2.127160167 0.026610566 0.999115884 -0.032547638 -0.600649053 0.016387437 0.032118790 0.999349713 5.104070450
128595133 0.867180840 1.560479554 0.500000000 0.500000000 0.000000000 0.000000000 0.999429941 -0.016334355 -0.029546099 -2.131249923 0.015340154 0.999318659 -0.033568386 -0.568591928 0.030074285 0.033096012 0.998999596 4.937750222
128661867 0.867180840 1.560479554 0.500000000 0.500000000 0.000000000 0.000000000 0.999039412 -0.008536579 -0.042981081 -2.127880160 0.007023288 0.999354303 -0.035237037 -0.550087000 0.043254130 0.034901321 0.998454273 4.778779988
128728600 0.867180840 1.560479554 0.500000000 0.500000000 0.000000000 0.000000000 0.998710334 -0.006785731 -0.050315801 -2.088200166 0.004843638 0.999242246 -0.038620006 -0.548550021 0.050539736 0.038326483 0.997986376 4.638519771
128795333 0.867180840 1.560479554 0.500000000 0.500000000 0.000000000 0.000000000 0.998707175 -0.006453323 -0.050421350 -2.021260115 0.004385057 0.999148548 -0.041023064 -0.545463947 0.050643153 0.040748928 0.997885168 4.520820544
128862067 0.867180840 1.560479554 0.500000000 0.500000000 0.000000000 0.000000000 0.998734117 -0.006929290 -0.049821761 -1.958450072 0.004761373 0.999042034 -0.043501198 -0.544434002 0.050075468 0.043208912 0.997810304 4.405709723
128928800 0.867180840 1.560479554 0.500000000 0.500000000 0.000000000 0.000000000 0.998733640 -0.008035713 -0.049664471 -1.897470016 0.005776808 0.998949409 -0.045460671 -0.546272978 0.049977604 0.045116201 0.997730792 4.285720041
128995533 0.867180840 1.560479554 0.500000000 0.500000000 0.000000000 0.000000000 0.998729765 -0.011717796 -0.049005214 -1.839479895 0.009356447 0.998796761 -0.048140444 -0.555179037 0.049510349 0.047620781 0.997637689 4.158820392
129062267 0.867180840 1.560479554 0.500000000 0.500000000 0.000000000 0.000000000 0.998732924 -0.012892786 -0.048644975 -1.784819901 0.010512361 0.998749495 -0.048877098 -0.551989009 0.049214303 0.048303790 0.997619510 4.026189464
129129000 0.867180840 1.560479554 0.500000000 0.500000000 0.000000000 0.000000000 0.998872399 -0.015415012 -0.044902798 -1.718159978 0.013224752 0.998727202 -0.048672941 -0.542133947 0.045595940 0.048024226 0.997804940 3.896929926
129195733 0.867180840 1.560479554 0.500000000 0.500000000 0.000000000 0.000000000 0.999083519 -0.013164084 -0.040729109 -1.659010131 0.011315646 0.998909950 -0.045286030 -0.509190918 0.041280862 0.044783652 0.998143435 3.764039757
129262467 0.867180840 1.560479554 0.500000000 0.500000000 0.000000000 0.000000000 0.999188125 -0.008241610 -0.039435808 -1.613010125 0.006542066 0.999052227 -0.043033086 -0.474216986 0.039753091 0.042740159 0.998295009 3.633379722
129329200 0.867180840 1.560479554 0.500000000 0.500000000 0.000000000 0.000000000 0.999043822 -0.009112009 -0.042760018 -1.586809942 0.007446396 0.999213338 -0.038951464 -0.430873013 0.043081310 0.038595811 0.998325765 3.492269884
129395933 0.867180840 1.560479554 0.500000000 0.500000000 0.000000000 0.000000000 0.998509288 -0.010934587 -0.053475838 -1.579970007 0.009469780 0.999575019 -0.027569026 -0.373109981 0.053754572 0.027021524 0.998188496 3.346940145
129462667 0.867180840 1.560479554 0.500000000 0.500000000 0.000000000 0.000000000 0.997819543 -0.014183262 -0.064459674 -1.563820085 0.012817781 0.999685645 -0.021547912 -0.342032993 0.064745031 0.020674696 0.997687638 3.203699931
129529400 0.867180840 1.560479554 0.500000000 0.500000000 0.000000000 0.000000000 0.996865153 -0.016066290 -0.077470876 -1.545329967 0.014297227 0.999625444 -0.023336060 -0.341349015 0.077816777 0.022155285 0.996721447 3.054529733
129596133 0.867180840 1.560479554 0.500000000 0.500000000 0.000000000 0.000000000 0.996063113 -0.016594874 -0.087079689 -1.503849938 0.013973756 0.999433279 -0.030623998 -0.349388989 0.087538540 0.029286604 0.995730519 2.911819960
129662867 0.867180840 1.560479554 0.500000000 0.500000000 0.000000000 0.000000000 0.995369911 -0.015209174 -0.094907343 -1.453230074 0.011880105 0.999297500 -0.035544030 -0.339588987 0.095381260 0.034251951 0.994851351 2.763360087
129729600 0.867180840 1.560479554 0.500000000 0.500000000 0.000000000 0.000000000 0.994436383 -0.013500080 -0.104469977 -1.403359952 0.009885905 0.999337137 -0.035036128 -0.314523968 0.104873724 0.033808421 0.993910730 2.616870015
129796333 0.867180840 1.560479554 0.500000000 0.500000000 0.000000000 0.000000000 0.992984831 -0.013124924 -0.117511265 -1.355220025 0.009637425 0.999497473 -0.030197205 -0.283499986 0.117848553 0.028852860 0.992612302 2.468809963
129863067 0.867180840 1.560479554 0.500000000 0.500000000 0.000000000 0.000000000 0.991408706 -0.007801395 -0.130567566 -1.297949956 0.004264971 0.999617040 -0.027342737 -0.253737974 0.130730882 0.026550960 0.991062284 2.327219778
129929800 0.867180840 1.560479554 0.500000000 0.500000000 0.000000000 0.000000000 0.989816904 0.001741890 -0.142335594 -1.240360006 -0.005732912 0.999601662 -0.027634252 -0.226572994 0.142230749 0.028168846 0.989432633 2.182809974
129996533 0.867180840 1.560479554 0.500000000 0.500000000 0.000000000 0.000000000 0.988308132 0.009030682 -0.152202010 -1.175669952 -0.013317169 0.999542177 -0.027167317 -0.201563004 0.151887000 0.028876580 0.987975955 2.043800185
130063267 0.867180840 1.560479554 0.500000000 0.500000000 0.000000000 0.000000000 0.987709820 0.009096278 -0.156033739 -1.107820080 -0.013943803 0.999452591 -0.030000756 -0.190633991 0.155675426 0.031807747 0.987295985 1.915689953
130130000 0.867180840 1.560479554 0.500000000 0.500000000 0.000000000 0.000000000 0.987204731 0.007596326 -0.159276888 -1.048339970 -0.012937061 0.999387324 -0.032521099 -0.182806020 0.158932254 0.034165554 0.986698151 1.781739936
130196733 0.867180840 1.560479554 0.500000000 0.500000000 0.000000000 0.000000000 0.986672699 0.006686992 -0.162580103 -0.991008064 -0.012240055 0.999374509 -0.033178225 -0.172468995 0.162256539 0.034726039 0.986137390 1.650399985
130263467 0.867180840 1.560479554 0.500000000 0.500000000 0.000000000 0.000000000 0.986127436 0.003956198 -0.165942699 -0.936885020 -0.009744583 0.999371529 -0.034082171 -0.168343995 0.165703565 0.035226408 0.985546231 1.519099870
130330200 0.867180840 1.560479554 0.500000000 0.500000000 0.000000000 0.000000000 0.985705376 0.000957013 -0.168475613 -0.883713034 -0.007210189 0.999307334 -0.036508366 -0.166177999 0.168323979 0.037201233 0.985029519 1.385610044
130396933 0.867180840 1.560479554 0.500000000 0.500000000 0.000000000 0.000000000 0.985383809 -0.003855638 -0.170305118 -0.832703977 -0.003076921 0.999177873 -0.040424023 -0.169016008 0.170320973 0.040357191 0.984561861 1.246060104
130463667 0.867180840 1.560479554 0.500000000 0.500000000 0.000000000 0.000000000 0.985104561 -0.010925567 -0.171609074 -0.780076031 0.003067960 0.998937368 -0.045986500 -0.168983997 0.171929151 0.044775020 0.984091222 1.104389940
130530400 0.867180840 1.560479554 0.500000000 0.500000000 0.000000000 0.000000000 0.984721482 -0.012808032 -0.173665255 -0.724518050 0.003387431 0.998511612 -0.054434020 -0.159672004 0.174103975 0.053014066 0.983299196 0.954602977
130597133 0.867180840 1.560479554 0.500000000 0.500000000 0.000000000 0.000000000 0.984732330 -0.018476086 -0.173091978 -0.656623958 0.008097000 0.998136699 -0.060478076 -0.139400003 0.173886865 0.058153190 0.983047068 0.804117028
130663867 0.867180840 1.560479554 0.500000000 0.500000000 0.000000000 0.000000000 0.984837234 -0.023910014 -0.171825454 -0.590808006 0.013574308 0.998040736 -0.061077628 -0.117648001 0.172949150 0.057819109 0.983232200 0.668560934
130730600 0.867180840 1.560479554 0.500000000 0.500000000 0.000000000 0.000000000 0.984299242 -0.025042515 -0.174722075 -0.524793942 0.014153946 0.997894824 -0.063289501 -0.103851991 0.175939173 0.059822798 0.982581615 0.536852992
130797333 0.867180840 1.560479554 0.500000000 0.500000000 0.000000000 0.000000000 0.983410716 -0.025392197 -0.179606840 -0.455160990 0.013631359 0.997698963 -0.066414706 -0.089324799 0.180879965 0.062864639 0.981494009 0.404069026
130864067 0.867180840 1.560479554 0.500000000 0.500000000 0.000000000 0.000000000 0.981944084 -0.025076244 -0.187501863 -0.375025008 0.012364411 0.997563481 -0.068660542 -0.074083802 0.188766763 0.065102458 0.979861617 0.275195007
130930800 0.867180840 1.560479554 0.500000000 0.500000000 0.000000000 0.000000000 0.979865015 -0.025632730 -0.198008925 -0.289506002 0.011844510 0.997440934 -0.070507511 -0.057615503 0.199309498 0.066742525 0.977661073 0.151950997
130997533 0.867180840 1.560479554 0.500000000 0.500000000 0.000000000 0.000000000 0.977023959 -0.023589466 -0.211820006 -0.196151006 0.009109207 0.997569621 -0.069078527 -0.037947697 0.212934732 0.065561868 0.974864304 0.030817599
131064267 0.867180840 1.560479554 0.500000000 0.500000000 0.000000000 0.000000000 0.973611891 -0.014816860 -0.227728650 -0.092949896 -0.000785817 0.997666478 -0.068271466 -0.017374501 0.228208795 0.066648863 0.971328318 -0.087590701
131131000 0.867180840 1.560479554 0.500000000 0.500000000 0.000000000 0.000000000 0.970025539 0.002702922 -0.242988095 0.013093905 -0.019447602 0.997594237 -0.066539325 0.006239890 0.242223665 0.069270380 0.967744470 -0.210128999
131197733 0.867180840 1.560479554 0.500000000 0.500000000 0.000000000 0.000000000 0.966980100 0.017489418 -0.254251063 0.119093992 -0.034311242 0.997493744 -0.061878629 0.030363201 0.252531648 0.068559073 0.965156674 -0.326027985
131264467 0.867180840 1.560479554 0.500000000 0.500000000 0.000000000 0.000000000 0.965278685 0.024931431 -0.260029942 0.213896001 -0.040547505 0.997670233 -0.054864082 0.042606207 0.258056313 0.063502684 0.964040637 -0.430393965
131331200 0.867180840 1.560479554 0.500000000 0.500000000 0.000000000 0.000000000 0.963571906 0.024251018 -0.266347587 0.304752963 -0.039687317 0.997820079 -0.052725904 0.054583294 0.264488339 0.061375827 0.962433815 -0.532702918
131397933 0.867180840 1.560479554 0.500000000 0.500000000 0.000000000 0.000000000 0.961688340 0.020571383 -0.273372144 0.394781002 -0.036314666 0.997952282 -0.052653980 0.067256799 0.271729201 0.060564134 0.960466146 -0.634153044
131464667 0.867180840 1.560479554 0.500000000 0.500000000 0.000000000 0.000000000 0.960290074 0.013488113 -0.278677374 0.483305985 -0.029882975 0.998057365 -0.054666881 0.079783795 0.277398676 0.060823772 0.958827674 -0.737438041
131531400 0.867180840 1.560479554 0.500000000 0.500000000 0.000000000 0.000000000 0.958533764 0.009210450 -0.284829974 0.571617963 -0.026864119 0.997947216 -0.058135059 0.094139590 0.283709824 0.063376129 0.956813514 -0.845167934
131598133 0.867180840 1.560479554 0.500000000 0.500000000 0.000000000 0.000000000 0.956374705 0.008902197 -0.292007267 0.657126030 -0.027365446 0.997870684 -0.059205338 0.106206012 0.290858448 0.064613394 0.954581857 -0.955566056
131664867 0.867180840 1.560479554 0.500000000 0.500000000 0.000000000 0.000000000 0.954090178 0.010657543 -0.299329877 0.744215026 -0.029125804 0.997931778 -0.057305150 0.116619996 0.298100054 0.063392505 0.952427268 -1.069539963
131731600 0.867180840 1.560479554 0.500000000 0.500000000 0.000000000 0.000000000 0.951467633 0.016861215 -0.307286531 0.832940985 -0.035168681 0.997913957 -0.054137789 0.126144991 0.305732697 0.062317222 0.950075805 -1.176919964
131798333 0.867180840 1.560479554 0.500000000 0.500000000 0.000000000 0.000000000 0.947621465 0.022332612 -0.318613827 0.932687944 -0.040483143 0.997905314 -0.050458744 0.139300984 0.316819549 0.060714282 0.946540594 -1.277299962
131865067 0.867180840 1.560479554 0.500000000 0.500000000 0.000000000 0.000000000 0.944390118 0.020196114 -0.328206301 1.036459982 -0.038596313 0.998020887 -0.049645055 0.160242976 0.326554120 0.059551861 0.943300545 -1.370569866
131931800 0.867180840 1.560479554 0.500000000 0.500000000 0.000000000 0.000000000 0.941251814 0.016183885 -0.337317556 1.132870042 -0.035486549 0.998061001 -0.051136654 0.186042031 0.335835904 0.060102697 0.940001070 -1.454920303
131998533 0.867180840 1.560479554 0.500000000 0.500000000 0.000000000 0.000000000 0.936887860 0.014767664 -0.349318206 1.237990279 -0.035786785 0.997910559 -0.053794563 0.207304045 0.347793877 0.062900439 0.935458779 -1.529710279
132065267 0.867180840 1.560479554 0.500000000 0.500000000 0.000000000 0.000000000 0.932850599 0.011907666 -0.360066622 1.347399940 -0.035114758 0.997700036 -0.057979662 0.231365999 0.358548075 0.066730015 0.931123197 -1.596919989
132132000 0.867180840 1.560479554 0.500000000 0.500000000 0.000000000 0.000000000 0.929175615 0.009399438 -0.369518816 1.463009644 -0.033821411 0.997645080 -0.059668701 0.252340974 0.368087769 0.067940354 0.927305460 -1.668079819
132198733 0.867180840 1.560479554 0.500000000 0.500000000 0.000000000 0.000000000 0.924917579 0.008826054 -0.380065143 1.585969904 -0.033484291 0.997736394 -0.058316652 0.265507988 0.378690124 0.066664308 0.923119485 -1.731809866
132265467 0.867180840 1.560479554 0.500000000 0.500000000 0.000000000 0.000000000 0.918224573 0.008667076 -0.395965368 1.724530122 -0.032989748 0.997960031 -0.054657854 0.280490054 0.394683868 0.063250981 0.916637361 -1.780700421
132332200 0.867180840 1.560479554 0.500000000 0.500000000 0.000000000 0.000000000 0.907993853 0.013825662 -0.418755114 1.879549698 -0.034908090 0.998476803 -0.042725950 0.270168951 0.417526543 0.053412847 0.907093406 -1.809639597
132398933 0.867180840 1.560479554 0.500000000 0.500000000 0.000000000 0.000000000 0.896988690 0.022171296 -0.441497058 2.039809876 -0.041066691 0.998601794 -0.033286877 0.256233998 0.440141708 0.047988780 0.896645010 -1.830209921
132465667 0.867180840 1.560479554 0.500000000 0.500000000 0.000000000 0.000000000 0.886353850 0.027158398 -0.462211072 2.196539608 -0.046513308 0.998451054 -0.030529123 0.261831939 0.460666001 0.048558589 0.886244118 -1.851909336
132532400 0.867180840 1.560479554 0.500000000 0.500000000 0.000000000 0.000000000 0.875584066 0.033432044 -0.481907248 2.355389495 -0.052644685 0.998264372 -0.026396785 0.256835889 0.480188310 0.048482481 0.875824392 -1.870889587
132599133 0.867180840 1.560479554 0.500000000 0.500000000 0.000000000 0.000000000 0.868005514 0.032257784 -0.495505393 2.493059587 -0.053017374 0.998204052 -0.027889725 0.270544916 0.493715823 0.050478850 0.868156850 -1.907099532
132665867 0.867180840 1.560479554 0.500000000 0.500000000 0.000000000 0.000000000 0.860360026 0.029412948 -0.508837759 2.625000948 -0.052682638 0.998118103 -0.031382233 0.289159149 0.506957114 0.053806908 0.860290408 -1.945370608
132732600 0.867180840 1.560479554 0.500000000 0.500000000 0.000000000 0.000000000 0.852701724 0.026835158 -0.521708131 2.762089053 -0.051777326 0.998103738 -0.033287436 0.301230912 0.519825578 0.055396922 0.852474213 -1.990589321
132799333 0.867180840 1.560479554 0.500000000 0.500000000 0.000000000 0.000000000 0.846988916 0.021398509 -0.531179607 2.887899874 -0.047949500 0.998191893 -0.036245491 0.315481928 0.529443562 0.056169335 0.846483529 -2.047489673
132866067 0.867180840 1.560479554 0.500000000 0.500000000 0.000000000 0.000000000 0.840827823 0.018851396 -0.540974379 3.012010170 -0.046327140 0.998232663 -0.037220009 0.318711027 0.539316654 0.056357414 0.840215087 -2.108619901
132932800 0.867180840 1.560479554 0.500000000 0.500000000 0.000000000 0.000000000 0.834410906 0.017969981 -0.550849617 3.138089118 -0.045612879 0.998291194 -0.036526475 0.314683958 0.549251974 0.055603940 0.833804727 -2.171489605
132999533 0.867180840 1.560479554 0.500000000 0.500000000 0.000000000 0.000000000 0.827473044 0.017572396 -0.561230481 3.259260212 -0.046746776 0.998196244 -0.037669022 0.318820009 0.559556186 0.057405811 0.826801956 -2.224090181
133066267 0.867180840 1.560479554 0.500000000 0.500000000 0.000000000 0.000000000 0.814837456 0.026422873 -0.579087019 3.410200182 -0.059259221 0.997524083 -0.037868533 0.311265973 0.576652646 0.065172948 0.814385772 -2.244699843
133133000 0.867180840 1.560479554 0.500000000 0.500000000 0.000000000 0.000000000 0.802142382 0.028932091 -0.596431494 3.563969932 -0.062384028 0.997420073 -0.035516940 0.314655013 0.593865156 0.065697446 0.801877797 -2.262140080
133199733 0.867180840 1.560479554 0.500000000 0.500000000 0.000000000 0.000000000 0.792096853 0.024261750 -0.609912992 3.701579856 -0.055144809 0.997968078 -0.031918600 0.323032976 0.607899308 0.058916166 0.791825294 -2.272530140
133266467 0.867180840 1.560479554 0.500000000 0.500000000 0.000000000 0.000000000 0.781404734 0.021070128 -0.623668432 3.842588746 -0.053553671 0.998006880 -0.033381417 0.340035860 0.621721983 0.059484154 0.780975699 -2.281449313
133333200 0.867180840 1.560479554 0.500000000 0.500000000 0.000000000 0.000000000 0.768572628 0.018283743 -0.639501452 3.996081147 -0.052353565 0.998036444 -0.034385692 0.354200176 0.637617111 0.059908066 0.768020749 -2.270771047
133399933 0.867180840 1.560479554 0.500000000 0.500000000 0.000000000 0.000000000 0.753425479 0.018392026 -0.657276154 4.163910516 -0.052427992 0.998106480 -0.032168210 0.354360087 0.655439973 0.058696009 0.752963066 -2.239540276
133466667 0.867180840 1.560479554 0.500000000 0.500000000 0.000000000 0.000000000 0.736105084 0.022312244 -0.676499069 4.348947887 -0.054050975 0.998202443 -0.025890702 0.335401821 0.674705327 0.055623740 0.735987902 -2.192938771
133533400 0.867180840 1.560479554 0.500000000 0.500000000 0.000000000 0.000000000 0.717235327 0.028406853 -0.696252048 4.544461568 -0.056174912 0.998273849 -0.017138671 0.302722157 0.694563329 0.051404331 0.717593074 -2.120511093
133600133 0.867180840 1.560479554 0.500000000 0.500000000 0.000000000 0.000000000 0.695474684 0.039264373 -0.717476845 4.747778593 -0.067783117 0.997638226 -0.011108082 0.259333888 0.715346217 0.056358222 0.696493626 -2.022669541
133666867 0.867180840 1.560479554 0.500000000 0.500000000 0.000000000 0.000000000 0.672741413 0.050375611 -0.738160551 4.951978845 -0.083478928 0.996476829 -0.008076267 0.234102861 0.735153019 0.067054123 0.674576521 -1.922629645
133733600 0.867180840 1.560479554 0.500000000 0.500000000 0.000000000 0.000000000 0.651543200 0.061215967 -0.756138027 5.140503538 -0.093531251 0.995616376 0.000010494 0.190714350 0.752824008 0.070715621 0.654412627 -1.831340963
133800333 0.867180840 1.560479554 0.500000000 0.500000000 0.000000000 0.000000000 0.634338856 0.063982673 -0.770402491 5.300427466 -0.098430432 0.995142639 0.001601320 0.183258780 0.766762793 0.074815318 0.637555480 -1.752228959
133867067 0.867180840 1.560479554 0.500000000 0.500000000 0.000000000 0.000000000 0.617883444 0.060191303 -0.783962309 5.447959029 -0.103491753 0.994616687 -0.005202491 0.217678921 0.779428899 0.084348187 0.620786488 -1.692879690
133933800 0.867180840 1.560479554 0.500000000 0.500000000 0.000000000 0.000000000 0.601875305 0.053736947 -0.796779752 5.585007120 -0.103161521 0.994605482 -0.010847755 0.268925730 0.791898608 0.088726059 0.604171991 -1.636078899
134000533 0.867180840 1.560479554 0.500000000 0.500000000 0.000000000 0.000000000 0.586076558 0.048270747 -0.808816493 5.718669344 -0.092273757 0.995705903 -0.007438041 0.289995946 0.804984272 0.078991808 0.588014007 -1.589819911
134067267 0.867180840 1.560479554 0.500000000 0.500000000 0.000000000 0.000000000 0.569774985 0.045409940 -0.820545673 5.848765106 -0.082359977 0.996600568 -0.002036590 0.289245270 0.817663789 0.068740457 0.571578026 -1.540921059
