https://www.youtube.com/watch?v=QDQ6UbngBbs
28628600 0.939804195 1.671334343 0.500000000 0.500000000 0.000000000 0.000000000 0.998426676 0.007167766 -0.055612389 -5.326680255 -0.007304570 0.999970794 -0.002257074 0.681129967 0.055594582 0.002659748 0.998449862 -2.392089940
28661967 0.939804195 1.671334343 0.500000000 0.500000000 0.000000000 0.000000000 0.998060346 0.009321890 -0.061552327 -5.238090409 -0.009537361 0.999949396 -0.003207723 0.669701978 0.061519306 0.003788548 0.998098731 -2.346690006
28695333 0.939804195 1.671334343 0.500000000 0.500000000 0.000000000 0.000000000 0.997673333 0.011220010 -0.067245714 -5.143770179 -0.011510907 0.999925971 -0.003939969 0.650807960 0.067196526 0.004704860 0.997728646 -2.294899870
28728700 0.939804195 1.671334343 0.500000000 0.500000000 0.000000000 0.000000000 0.997274160 0.013167006 -0.072601184 -5.048210320 -0.013525057 0.999898672 -0.004442309 0.627267053 0.072535336 0.005412136 0.997351170 -2.226779693
28762067 0.939804195 1.671334343 0.500000000 0.500000000 0.000000000 0.000000000 0.996855497 0.015600446 -0.077690318 -4.947800576 -0.016041221 0.999858558 -0.005052620 0.605653016 0.077600509 0.006282978 0.996964753 -2.156280096
28795433 0.939804195 1.671334343 0.500000000 0.500000000 0.000000000 0.000000000 0.996434033 0.017656650 -0.082507573 -4.843110009 -0.018175699 0.999819458 -0.005543987 0.574158052 0.082394786 0.007023850 0.996574998 -2.085089944
28828800 0.939804195 1.671334343 0.500000000 0.500000000 0.000000000 0.000000000 0.996049762 0.020215629 -0.086465016 -4.739130155 -0.020793566 0.999767005 -0.005788552 0.542129987 0.086327851 0.007563603 0.996238053 -2.000540009
28862167 0.939804195 1.671334343 0.500000000 0.500000000 0.000000000 0.000000000 0.995608330 0.022666166 -0.090831369 -4.627140140 -0.023334948 0.999707818 -0.006307564 0.508447041 0.090661854 0.008399407 0.995846331 -1.902730088
28895533 0.939804195 1.671334343 0.500000000 0.500000000 0.000000000 0.000000000 0.995145380 0.025227711 -0.095127217 -4.514589641 -0.025991224 0.999639094 -0.006795573 0.471480009 0.094921447 0.009235054 0.995441914 -1.805709895
28928900 0.939804195 1.671334343 0.500000000 0.500000000 0.000000000 0.000000000 0.994686902 0.027227735 -0.099280246 -4.395409873 -0.028052201 0.999582529 -0.006917672 0.425707038 0.099050440 0.009665948 0.995035470 -1.709380034
28962267 0.939804195 1.671334343 0.500000000 0.500000000 0.000000000 0.000000000 0.994214237 0.029819550 -0.103193022 -4.271539965 -0.030734496 0.999500990 -0.007287353 0.387445006 0.102924220 0.010416774 0.994634628 -1.614459849
28995633 0.939804195 1.671334343 0.500000000 0.500000000 0.000000000 0.000000000 0.993721187 0.032169640 -0.107160315 -4.140390260 -0.033143342 0.999423802 -0.007317425 0.342029001 0.106863171 0.010823130 0.994214833 -1.500239980
29029000 0.939804195 1.671334343 0.500000000 0.500000000 0.000000000 0.000000000 0.993293583 0.034132611 -0.110466205 -4.008289693 -0.035193633 0.999351084 -0.007668830 0.297533972 0.110132761 0.011505110 0.993850291 -1.377810005
29062367 0.939804195 1.671334343 0.500000000 0.500000000 0.000000000 0.000000000 0.992839038 0.036754072 -0.113665149 -3.871289953 -0.037895024 0.999250531 -0.007892765 0.259719019 0.113289878 0.012143584 0.993487775 -1.255030152
29095733 0.939804195 1.671334343 0.500000000 0.500000000 0.000000000 0.000000000 0.992308080 0.039398637 -0.117355980 -3.731189948 -0.040555399 0.999149263 -0.007484328 0.217564004 0.116961263 0.012186177 0.993061721 -1.146819920
29129100 0.939804195 1.671334343 0.500000000 0.500000000 0.000000000 0.000000000 0.991713047 0.042286590 -0.121313937 -3.585499922 -0.043528341 0.999023259 -0.007602889 0.182576009 0.120873950 0.012820479 0.992585063 -1.049110010
29162467 0.939804195 1.671334343 0.500000000 0.500000000 0.000000000 0.000000000 0.991330326 0.044000369 -0.123807065 -3.445169971 -0.045337688 0.998939633 -0.008003709 0.157557969 0.123323627 0.013547442 0.992274046 -0.955028027
29195833 0.939804195 1.671334343 0.500000000 0.500000000 0.000000000 0.000000000 0.990922809 0.045574933 -0.126471072 -3.306020144 -0.046989195 0.998861551 -0.008220140 0.133129010 0.125952452 0.014088303 0.991936207 -0.865511992
29229200 0.939804195 1.671334343 0.500000000 0.500000000 0.000000000 0.000000000 0.990603983 0.046326950 -0.128676042 -3.173319964 -0.047858499 0.998815060 -0.008834316 0.116428000 0.128114298 0.014909557 0.991647303 -0.787293928
29262567 0.939804195 1.671334343 0.500000000 0.500000000 0.000000000 0.000000000 0.990371823 0.047390614 -0.130068272 -3.045789818 -0.048997883 0.998756647 -0.009183102 0.104293003 0.129471362 0.015467755 0.991462529 -0.697301990
29295933 0.939804195 1.671334343 0.500000000 0.500000000 0.000000000 0.000000000 0.990163565 0.047567070 -0.131580532 -2.921179873 -0.049261503 0.998739302 -0.009650685 0.094206702 0.130955577 0.016037613 0.991258502 -0.608732908
29329300 0.939804195 1.671334343 0.500000000 0.500000000 0.000000000 0.000000000 0.990016937 0.048065759 -0.132499546 -2.798999897 -0.049859852 0.998703599 -0.010254031 0.096330489 0.131834894 0.016758073 0.991129994 -0.553202931
29362667 0.939804195 1.671334343 0.500000000 0.500000000 0.000000000 0.000000000 0.989971161 0.048377544 -0.132727757 -2.683099793 -0.050235443 0.998680294 -0.010683103 0.101306000 0.132035777 0.017243603 0.991094947 -0.493876027
29396033 0.939804195 1.671334343 0.500000000 0.500000000 0.000000000 0.000000000 0.989945769 0.048814788 -0.132757202 -2.564719697 -0.050731823 0.998650670 -0.011094156 0.109271994 0.132036522 0.017717630 0.991086483 -0.443871981
29429400 0.939804195 1.671334343 0.500000000 0.500000000 0.000000000 0.000000000 0.989982426 0.048669957 -0.132536739 -2.448399937 -0.050662301 0.998647332 -0.011699880 0.110982017 0.131788015 0.018297294 0.991109014 -0.392904983
29462767 0.939804195 1.671334343 0.500000000 0.500000000 0.000000000 0.000000000 0.990113437 0.048611663 -0.131576195 -2.329550041 -0.050616845 0.998646796 -0.011936323 0.107253997 0.130817905 0.018478287 0.991234183 -0.334201004
29496133 0.939804195 1.671334343 0.500000000 0.500000000 0.000000000 0.000000000 0.990296125 0.048486948 -0.130240396 -2.211920050 -0.050512619 0.998647749 -0.012293211 0.101157999 0.129468217 0.018752700 0.991406262 -0.276127033
29529500 0.939804195 1.671334343 0.500000000 0.500000000 0.000000000 0.000000000 0.990578055 0.047417853 -0.128478467 -2.091180299 -0.049454864 0.998695493 -0.012709534 0.090296713 0.127708197 0.018943673 0.991630852 -0.240686004
29562867 0.939804195 1.671334343 0.500000000 0.500000000 0.000000000 0.000000000 0.990896583 0.047099661 -0.126117274 -1.964809917 -0.049138214 0.998706102 -0.013100279 0.078723202 0.125337079 0.019178197 0.991928816 -0.210636011
29596233 0.939804195 1.671334343 0.500000000 0.500000000 0.000000000 0.000000000 0.991325021 0.046049431 -0.123102389 -1.841820096 -0.048062593 0.998754025 -0.013432698 0.055148502 0.122330435 0.019232793 0.992303073 -0.159625005
29629600 0.939804195 1.671334343 0.500000000 0.500000000 0.000000000 0.000000000 0.991822898 0.044493251 -0.119614884 -1.717270081 -0.046470657 0.998824418 -0.013791857 0.033101706 0.118860617 0.019237665 0.992724538 -0.132191983
29662967 0.939804195 1.671334343 0.500000000 0.500000000 0.000000000 0.000000000 0.992290795 0.042491388 -0.116419129 -1.575340020 -0.044419188 0.998914659 -0.014013874 0.004220178 0.115697302 0.019077085 0.993101299 -0.098435389
29696333 0.939804195 1.671334343 0.500000000 0.500000000 0.000000000 0.000000000 0.992814541 0.040466677 -0.112613425 -1.429590031 -0.042384695 0.998993397 -0.014689156 -0.021809099 0.111905649 0.019356688 0.993530273 -0.083770795
29729700 0.939804195 1.671334343 0.500000000 0.500000000 0.000000000 0.000000000 0.993378878 0.038605642 -0.108203754 -1.278590075 -0.040496457 0.999062061 -0.015331177 -0.048387297 0.107510388 0.019611536 0.994010508 -0.052806893
29763067 0.939804195 1.671334343 0.500000000 0.500000000 0.000000000 0.000000000 0.993936837 0.036815148 -0.103606321 -1.121560119 -0.038652446 0.999128103 -0.015781287 -0.066801700 0.102934994 0.019690234 0.994493186 -0.008798571
29796433 0.939804195 1.671334343 0.500000000 0.500000000 0.000000000 0.000000000 0.994511604 0.034236390 -0.098866343 -0.963785017 -0.036041226 0.999213636 -0.016526841 -0.092593791 0.098222777 0.019999400 0.994963467 0.017108398
29829800 0.939804195 1.671334343 0.500000000 0.500000000 0.000000000 0.000000000 0.995038807 0.032172106 -0.094141826 -0.795105967 -0.033899017 0.999284029 -0.016802000 -0.123352004 0.093533874 0.019909957 0.995416999 0.039507295
29863167 0.939804195 1.671334343 0.500000000 0.500000000 0.000000000 0.000000000 0.995655596 0.030344939 -0.088029355 -0.644415075 -0.032031905 0.999328077 -0.017814459 -0.135467000 0.087429628 0.020556813 0.995958567 0.052130999
29896533 0.939804195 1.671334343 0.500000000 0.500000000 0.000000000 0.000000000 0.996184170 0.027893364 -0.082698479 -0.469286986 -0.029546052 0.999386072 -0.018828282 -0.150962002 0.082122520 0.021199850 0.996396720 0.068343694
29929900 0.939804195 1.671334343 0.500000000 0.500000000 0.000000000 0.000000000 0.996661544 0.026151763 -0.077342406 -0.294157011 -0.027743535 0.999423325 -0.019578282 -0.156574997 0.076785803 0.021658670 0.996812344 0.081906896
29963267 0.939804195 1.671334343 0.500000000 0.500000000 0.000000000 0.000000000 0.997122109 0.024244886 -0.071830921 -0.125383013 -0.025748741 0.999466658 -0.020084450 -0.168810997 0.071305670 0.021876207 0.997214615 0.115976997
29996633 0.939804195 1.671334343 0.500000000 0.500000000 0.000000000 0.000000000 0.997547925 0.022106813 -0.066403583 0.040372098 -0.023549637 0.999501586 -0.021024417 -0.170407994 0.065905705 0.022536647 0.997571290 0.130809992
30030000 0.939804195 1.671334343 0.500000000 0.500000000 0.000000000 0.000000000 0.997919559 0.020144109 -0.061243739 0.205943006 -0.021496043 0.999537826 -0.021496424 -0.174308003 0.060782406 0.022768201 0.997891307 0.136577000
30063367 0.939804195 1.671334343 0.500000000 0.500000000 0.000000000 0.000000000 0.998243153 0.018888149 -0.056159109 0.361050996 -0.020152804 0.999553978 -0.022038711 -0.174345989 0.055717789 0.023131756 0.998178542 0.155661972
30096733 0.939804195 1.671334343 0.500000000 0.500000000 0.000000000 0.000000000 0.998537421 0.017415293 -0.051182937 0.512392995 -0.018574905 0.999579430 -0.022268549 -0.175004999 0.050773602 0.023186699 0.998440981 0.173776997
30130100 0.939804195 1.671334343 0.500000000 0.500000000 0.000000000 0.000000000 0.998783648 0.016111959 -0.046600927 0.671039998 -0.017180879 0.999596298 -0.022628920 -0.177427993 0.046217520 0.023402041 0.998657227 0.188433999
30163467 0.939804195 1.671334343 0.500000000 0.500000000 0.000000000 0.000000000 0.999015689 0.015381971 -0.041606523 0.810533030 -0.016374687 0.999586761 -0.023624960 -0.166274989 0.041225933 0.024282999 0.998854697 0.210599995
30196833 0.939804195 1.671334343 0.500000000 0.500000000 0.000000000 0.000000000 0.999195874 0.014557112 -0.037358753 0.956751953 -0.015463470 0.999590218 -0.024087733 -0.165530990 0.036992796 0.024646061 0.999011576 0.242006008
30230200 0.939804195 1.671334343 0.500000000 0.500000000 0.000000000 0.000000000 0.999341667 0.014497628 -0.033257604 1.099880030 -0.015328081 0.999573588 -0.024852792 -0.159140003 0.032883115 0.025346207 0.999137759 0.254420986
30263567 0.939804195 1.671334343 0.500000000 0.500000000 0.000000000 0.000000000 0.999466300 0.014875180 -0.029082751 1.242379992 -0.015620160 0.999551296 -0.025558686 -0.151385985 0.028689509 0.025999324 0.999250174 0.287742986
30296933 0.939804195 1.671334343 0.500000000 0.500000000 0.000000000 0.000000000 0.999564290 0.015267299 -0.025262259 1.390680020 -0.015926456 0.999532461 -0.026100388 -0.152381014 0.024851967 0.026491353 0.999340057 0.300689018
30330300 0.939804195 1.671334343 0.500000000 0.500000000 0.000000000 0.000000000 0.999636889 0.016220370 -0.021516681 1.541949942 -0.016804239 0.999487698 -0.027238287 -0.145125003 0.021063842 0.027589969 0.999397397 0.314859024
30363667 0.939804195 1.671334343 0.500000000 0.500000000 0.000000000 0.000000000 0.999685407 0.017278701 -0.018180812 1.700189994 -0.017778408 0.999458373 -0.027692441 -0.148827001 0.017692475 0.028006956 0.999451160 0.347377046
30397033 0.939804195 1.671334343 0.500000000 0.500000000 0.000000000 0.000000000 0.999719501 0.018335866 -0.014989269 1.861989980 -0.018762199 0.999408662 -0.028814957 -0.146314994 0.014452058 0.029088106 0.999472380 0.360821023
30430400 0.939804195 1.671334343 0.500000000 0.500000000 0.000000000 0.000000000 0.999741197 0.019573009 -0.011596910 2.026450054 -0.019912200 0.999354720 -0.029893097 -0.149654001 0.011004330 0.030116279 0.999485850 0.373169023
30463767 0.939804195 1.671334343 0.500000000 0.500000000 0.000000000 0.000000000 0.999731123 0.021378137 -0.008982310 2.199539835 -0.021641988 0.999303997 -0.030383309 -0.162445999 0.008326521 0.030569533 0.999497950 0.404945997
30497133 0.939804195 1.671334343 0.500000000 0.500000000 0.000000000 0.000000000 0.999713838 0.023064362 -0.006348510 2.372180092 -0.023252206 0.999239385 -0.031303953 -0.171695997 0.005621675 0.031442609 0.999489725 0.426440983
30530500 0.939804195 1.671334343 0.500000000 0.500000000 0.000000000 0.000000000 0.999688029 0.024648221 -0.004040774 2.553800062 -0.024764797 0.999183655 -0.031917557 -0.186690995 0.003250764 0.032007672 0.999482334 0.435743971
30563867 0.939804195 1.671334343 0.500000000 0.500000000 0.000000000 0.000000000 0.999645174 0.026594421 -0.001499837 2.734249984 -0.026629312 0.999107480 -0.032788932 -0.202930992 0.000626497 0.032817237 0.999461174 0.458112020
30597233 0.939804195 1.671334343 0.500000000 0.500000000 0.000000000 0.000000000 0.999598622 0.028309403 0.001065180 2.917069833 -0.028257763 0.999037504 -0.033548702 -0.218648993 -0.002013898 0.033505138 0.999436498 0.459443965
30630600 0.939804195 1.671334343 0.500000000 0.500000000 0.000000000 0.000000000 0.999532938 0.030365478 0.003439953 3.102039898 -0.030229259 0.998949766 -0.034432720 -0.236471026 -0.004481907 0.034312654 0.999401093 0.473651009
30663967 0.939804195 1.671334343 0.500000000 0.500000000 0.000000000 0.000000000 0.999468088 0.032149147 0.005475127 3.294509806 -0.031937715 0.998873234 -0.035103355 -0.250126981 -0.006597500 0.034909818 0.999368668 0.473753971
30697333 0.939804195 1.671334343 0.500000000 0.500000000 0.000000000 0.000000000 0.999397933 0.033685904 0.008306745 3.473649824 -0.033364702 0.998788416 -0.036172789 -0.257748975 -0.009515194 0.035873856 0.999311030 0.461161006
30730700 0.939804195 1.671334343 0.500000000 0.500000000 0.000000000 0.000000000 0.999321938 0.034976419 0.011500731 3.656929795 -0.034527075 0.998711646 -0.037188135 -0.260167980 -0.012786623 0.036765836 0.999242127 0.475219067
30764067 0.939804195 1.671334343 0.500000000 0.500000000 0.000000000 0.000000000 0.999223709 0.036536466 0.014732146 3.840219804 -0.035962049 0.998648107 -0.037532955 -0.264973009 -0.016083552 0.036974020 0.999186814 0.485232036
30797433 0.939804195 1.671334343 0.500000000 0.500000000 0.000000000 0.000000000 0.999125659 0.037602808 0.018274343 4.013189794 -0.036886003 0.998593092 -0.038094696 -0.260989989 -0.019681102 0.037387323 0.999107003 0.460729974
30830800 0.939804195 1.671334343 0.500000000 0.500000000 0.000000000 0.000000000 0.999025166 0.038476013 0.021641714 4.188460170 -0.037619084 0.998542547 -0.038699385 -0.251812002 -0.023099171 0.037847515 0.999016523 0.435085006
30864167 0.939804195 1.671334343 0.500000000 0.500000000 0.000000000 0.000000000 0.998904884 0.039096951 0.025698533 4.356249427 -0.038069785 0.998501480 -0.039312359 -0.234499999 -0.027197016 0.038290974 0.998896480 0.398974051
30897533 0.939804195 1.671334343 0.500000000 0.500000000 0.000000000 0.000000000 0.998750567 0.039595321 0.030488577 4.516569872 -0.038373835 0.998476207 -0.039657503 -0.211742013 -0.032012369 0.038437992 0.998748064 0.363130981
30930900 0.939804195 1.671334343 0.500000000 0.500000000 0.000000000 0.000000000 0.998577356 0.039656710 0.035645775 4.679690034 -0.038225707 0.998469532 -0.039967958 -0.184022987 -0.037176222 0.038548511 0.998564959 0.321205991
30964267 0.939804195 1.671334343 0.500000000 0.500000000 0.000000000 0.000000000 0.998360097 0.039537907 0.041399375 4.839280362 -0.037873626 0.998471916 -0.040241502 -0.154287987 -0.042927183 0.038607568 0.998331964 0.270090000
30997633 0.939804195 1.671334343 0.500000000 0.500000000 0.000000000 0.000000000 0.998081207 0.039446048 0.047727749 4.993289950 -0.037534431 0.998482108 -0.040307034 -0.124538998 -0.049245253 0.038438257 0.998046815 0.199854049
31031000 0.939804195 1.671334343 0.500000000 0.500000000 0.000000000 0.000000000 0.997757614 0.039015040 0.054383770 5.148099772 -0.036870003 0.998523057 -0.039903339 -0.096732807 -0.055860281 0.037808727 0.997722447 0.115047016
31064367 0.939804195 1.671334343 0.500000000 0.500000000 0.000000000 0.000000000 0.997361481 0.038573619 0.061499376 5.294320580 -0.036199372 0.998572946 -0.039264016 -0.065677304 -0.062926166 0.036934175 0.997334540 0.040527391
31097733 0.939804195 1.671334343 0.500000000 0.500000000 0.000000000 0.000000000 0.996962905 0.037917644 0.068023682 5.436319775 -0.035334133 0.998622477 -0.038789324 -0.033497596 -0.069400772 0.036267959 0.996929348 -0.044757686
31131100 0.939804195 1.671334343 0.500000000 0.500000000 0.000000000 0.000000000 0.996446550 0.036723703 0.075800277 5.578290130 -0.033910684 0.998699486 -0.038070574 0.004261013 -0.077099793 0.035364851 0.996396005 -0.146189004
