https://www.youtube.com/watch?v=aOal6eOLltI
2202200 1.031881131 1.837596409 0.500000000 0.500000000 0.000000000 0.000000000 0.996009767 0.032681052 -0.083045028 2.201759923 -0.033160906 0.999440312 -0.004405194 -1.700050026 0.082854576 0.007141464 0.996536076 4.371370352
2268933 1.031881131 1.837596409 0.500000000 0.500000000 0.000000000 0.000000000 0.995515943 0.035154633 -0.087819166 2.223490284 -0.035461970 0.999369144 -0.001941505 -1.645390125 0.087695517 0.005047038 0.996134520 4.265719792
2335667 1.031881131 1.837596409 0.500000000 0.500000000 0.000000000 0.000000000 0.994987011 0.037826791 -0.092574023 2.246759983 -0.037954859 0.999279380 0.000377419 -1.586509979 0.092521586 0.003138105 0.995705724 4.146209865
2402400 1.031881131 1.837596409 0.500000000 0.500000000 0.000000000 0.000000000 0.994530976 0.040500954 -0.096269220 2.264300015 -0.040371060 0.999179304 0.003297436 -1.525829993 0.096323758 0.000607085 0.995349884 4.032130354
2469133 1.031881131 1.837596409 0.500000000 0.500000000 0.000000000 0.000000000 0.993953347 0.043589003 -0.100780450 2.284559914 -0.043300048 0.999049306 0.005053948 -1.477309736 0.100904934 -0.000659589 0.994895875 3.946750085
2535867 1.031881131 1.837596409 0.500000000 0.500000000 0.000000000 0.000000000 0.993409216 0.046770763 -0.104645066 2.301870078 -0.046463151 0.998905540 0.005376768 -1.457780011 0.104782008 -0.000479193 0.994495094 3.823709777
2602600 1.031881131 1.837596409 0.500000000 0.500000000 0.000000000 0.000000000 0.992826998 0.049926996 -0.108636469 2.316530062 -0.049743369 0.998752356 0.004401307 -1.432370132 0.108720675 0.001034206 0.994071782 3.725919897
2669333 1.031881131 1.837596409 0.500000000 0.500000000 0.000000000 0.000000000 0.991988003 0.052261047 -0.115015656 2.329180015 -0.052177139 0.998630822 0.003742088 -1.411089888 0.115053743 0.002289079 0.993356645 3.631279985
2736067 1.031881131 1.837596409 0.500000000 0.500000000 0.000000000 0.000000000 0.991655409 0.054347884 -0.116901115 2.343280158 -0.054188903 0.998520374 0.004540147 -1.391879973 0.116974890 0.001832488 0.993133187 3.548340127
2802800 1.031881131 1.837596409 0.500000000 0.500000000 0.000000000 0.000000000 0.991475165 0.056945506 -0.117193066 2.355550222 -0.056670714 0.998376787 0.005678359 -1.370990089 0.117326193 0.001011460 0.993092895 3.479299790
2869533 1.031881131 1.837596409 0.500000000 0.500000000 0.000000000 0.000000000 0.991102636 0.060280677 -0.118666992 2.341370148 -0.060031187 0.998180330 0.005679073 -1.350440004 0.118793398 0.001495171 0.992917895 3.405680036
2936267 1.031881131 1.837596409 0.500000000 0.500000000 0.000000000 0.000000000 0.990365505 0.064353995 -0.122616284 2.312449957 -0.064183228 0.997923791 0.005346225 -1.330039878 0.122705765 0.002575196 0.992439747 3.329040031
3003000 1.031881131 1.837596409 0.500000000 0.500000000 0.000000000 0.000000000 0.989498913 0.068438612 -0.127310798 2.276149996 -0.068614118 0.997638702 0.003011664 -1.308049987 0.127216294 0.005755280 0.991858304 3.241130029
3069733 1.031881131 1.837596409 0.500000000 0.500000000 0.000000000 0.000000000 0.988574445 0.071677901 -0.132600233 2.219690055 -0.072261222 0.997385681 0.000414108 -1.295020136 0.132283255 0.009172481 0.991169512 3.132030031
3136467 1.031881131 1.837596409 0.500000000 0.500000000 0.000000000 0.000000000 0.987602115 0.074103937 -0.138386071 2.167049916 -0.075363815 0.997148573 -0.003879191 -1.269799968 0.137704015 0.014260406 0.990370750 3.030440016
3203200 1.031881131 1.837596409 0.500000000 0.500000000 0.000000000 0.000000000 0.986790776 0.075824827 -0.143159270 2.103230058 -0.077821910 0.996931911 -0.008394560 -1.246379810 0.142083526 0.019424597 0.989664078 2.876949903
3269933 1.031881131 1.837596409 0.500000000 0.500000000 0.000000000 0.000000000 0.986055613 0.077399321 -0.147321761 2.039459964 -0.079988979 0.996726751 -0.011726743 -1.211140003 0.145931900 0.023347335 0.989019096 2.752759972
3336667 1.031881131 1.837596409 0.500000000 0.500000000 0.000000000 0.000000000 0.985404551 0.078910239 -0.150834575 1.965680229 -0.081978552 0.996532559 -0.014223632 -1.168889908 0.149189189 0.026381243 0.988456666 2.595699941
3403400 1.031881131 1.837596409 0.500000000 0.500000000 0.000000000 0.000000000 0.985083461 0.080267921 -0.152209207 1.884970118 -0.083379254 0.996417284 -0.014159268 -1.120749991 0.150527343 0.026639158 0.988246858 2.430529893
3470133 1.031881131 1.837596409 0.500000000 0.500000000 0.000000000 0.000000000 0.984712124 0.081483871 -0.153955907 1.783309987 -0.084511489 0.996334910 -0.013213268 -1.050300088 0.152314961 0.026022306 0.987989366 2.291649888
3536867 1.031881131 1.837596409 0.500000000 0.500000000 0.000000000 0.000000000 0.984371722 0.082297184 -0.155690238 1.661169865 -0.085134856 0.996301472 -0.011635550 -0.982658867 0.154156849 0.024708387 0.987737358 2.113349981
3603600 1.031881131 1.837596409 0.500000000 0.500000000 0.000000000 0.000000000 0.984181762 0.082495876 -0.156782478 1.529550051 -0.085113101 0.996320665 -0.010042030 -0.909138997 0.155377209 0.023227416 0.987582088 1.962709959
3670333 1.031881131 1.837596409 0.500000000 0.500000000 0.000000000 0.000000000 0.984118223 0.082395561 -0.157233000 1.383119661 -0.084952734 0.996338725 -0.009601320 -0.826362026 0.155866206 0.022806216 0.987514853 1.789879960
3737067 1.031881131 1.837596409 0.500000000 0.500000000 0.000000000 0.000000000 0.983960211 0.081556730 -0.158652991 1.214179941 -0.084009133 0.996426105 -0.008801545 -0.744911030 0.157368153 0.021988671 0.987295151 1.582969935
3803800 1.031881131 1.837596409 0.500000000 0.500000000 0.000000000 0.000000000 0.983266473 0.080396377 -0.163473353 1.035140069 -0.082888283 0.996522844 -0.008468932 -0.659070025 0.162224069 0.021877233 0.986511409 1.405270006
3870533 1.031881131 1.837596409 0.500000000 0.500000000 0.000000000 0.000000000 0.982365370 0.077424899 -0.170187160 0.840224032 -0.080401719 0.996705532 -0.010659042 -0.558843991 0.168801203 0.024154417 0.985354125 1.202410061
3937267 1.031881131 1.837596409 0.500000000 0.500000000 0.000000000 0.000000000 0.981956720 0.073995553 -0.174027741 0.645062941 -0.077081181 0.996963799 -0.011029885 -0.474073985 0.172683209 0.024245124 0.984678984 0.995703049
4004000 1.031881131 1.837596409 0.500000000 0.500000000 0.000000000 0.000000000 0.981225431 0.070481531 -0.179524556 0.448989994 -0.073547177 0.997236788 -0.010469791 -0.381610012 0.178290561 0.023476742 0.983697772 0.816376952
4070733 1.031881131 1.837596409 0.500000000 0.500000000 0.000000000 0.000000000 0.980426669 0.067033604 -0.185121834 0.250440028 -0.069998920 0.997501612 -0.009521763 -0.307846018 0.184021056 0.022293705 0.982669473 0.603707022
4137467 1.031881131 1.837596409 0.500000000 0.500000000 0.000000000 0.000000000 0.979970634 0.063858256 -0.188625813 0.069483815 -0.066455111 0.997761488 -0.007468479 -0.250382021 0.187726647 0.019854048 0.982020617 0.466683000
4204200 1.031881131 1.837596409 0.500000000 0.500000000 0.000000000 0.000000000 0.979886651 0.061145544 -0.189956054 -0.107644004 -0.063591816 0.997952819 -0.006803718 -0.199809994 0.189151153 0.018746529 0.981769025 0.311491051
4270933 1.031881131 1.837596409 0.500000000 0.500000000 0.000000000 0.000000000 0.979694545 0.058642782 -0.191728085 -0.261834025 -0.060799934 0.998135448 -0.005382213 -0.163935003 0.191054970 0.016929977 0.981433332 0.142598997
4337667 1.031881131 1.837596409 0.500000000 0.500000000 0.000000000 0.000000000 0.979302287 0.057603270 -0.194033250 -0.388673997 -0.059636861 0.998209298 -0.004650715 -0.110085993 0.193417892 0.016125999 0.980983913 0.009242337
4404400 1.031881131 1.837596409 0.500000000 0.500000000 0.000000000 0.000000000 0.978906691 0.058116037 -0.195867881 -0.496410975 -0.059982825 0.998192906 -0.003607380 -0.056979805 0.195304289 0.015280005 0.980623662 -0.144359002
4471133 1.031881131 1.837596409 0.500000000 0.500000000 0.000000000 0.000000000 0.978335500 0.060744155 -0.197913587 -0.585989033 -0.062496822 0.998041749 -0.002615575 -0.005049368 0.197367132 0.014927888 0.980215967 -0.231868995
4537867 1.031881131 1.837596409 0.500000000 0.500000000 0.000000000 0.000000000 0.977613211 0.063683197 -0.200541437 -0.656562980 -0.065479338 0.997851193 -0.002329255 0.042543303 0.199962169 0.015408420 0.979682446 -0.361281964
4604600 1.031881131 1.837596409 0.500000000 0.500000000 0.000000000 0.000000000 0.976835251 0.067355990 -0.203115895 -0.726681021 -0.069024593 0.997614324 -0.001134100 0.089585613 0.202554926 0.015127807 0.979154050 -0.481579996
4671333 1.031881131 1.837596409 0.500000000 0.500000000 0.000000000 0.000000000 0.975596309 0.071810886 -0.207497239 -0.779141029 -0.073435307 0.997299969 -0.000126376 0.145694000 0.206927925 0.015360909 0.978235602 -0.630885030
4738067 1.031881131 1.837596409 0.500000000 0.500000000 0.000000000 0.000000000 0.974082053 0.076844834 -0.212741733 -0.833950045 -0.078102238 0.996942222 0.002500101 0.195713006 0.212283343 0.014180304 0.977105260 -0.779277046
4804800 1.031881131 1.837596409 0.500000000 0.500000000 0.000000000 0.000000000 0.972169757 0.082666069 -0.219208315 -0.884110940 -0.083566397 0.996488750 0.005178104 0.266550981 0.218866661 0.013284451 0.975664318 -0.952326026
4871533 1.031881131 1.837596409 0.500000000 0.500000000 0.000000000 0.000000000 0.969983459 0.088511899 -0.226490021 -0.929817056 -0.088720471 0.996013343 0.009279164 0.346797996 0.226408392 0.011093684 0.973969281 -1.137919920
4938267 1.031881131 1.837596409 0.500000000 0.500000000 0.000000000 0.000000000 0.967642784 0.094982952 -0.233764187 -0.973208012 -0.094368353 0.995441139 0.013839112 0.440192043 0.234012976 0.008668615 0.972194850 -1.327850150
5005000 1.031881131 1.837596409 0.500000000 0.500000000 0.000000000 0.000000000 0.965062380 0.101222232 -0.241678938 -1.018329984 -0.099661201 0.994845569 0.018707518 0.533268976 0.242326841 0.006032088 0.970175922 -1.568060076
5071733 1.031881131 1.837596409 0.500000000 0.500000000 0.000000000 0.000000000 0.962644994 0.107807718 -0.248378977 -1.053699874 -0.105247028 0.994165897 0.023605973 0.628775980 0.249474809 0.003416986 0.968375266 -1.776319985
5138467 1.031881131 1.837596409 0.500000000 0.500000000 0.000000000 0.000000000 0.960253835 0.113085844 -0.255194485 -1.077490063 -0.109601937 0.993584514 0.027879391 0.720705031 0.256710052 0.001198499 0.966487765 -2.024460314
5205200 1.031881131 1.837596409 0.500000000 0.500000000 0.000000000 0.000000000 0.957833529 0.118024834 -0.261963814 -1.103729987 -0.113528363 0.993009925 0.032289036 0.811964963 0.263943583 -0.001187194 0.964537382 -2.244990167
5271933 1.031881131 1.837596409 0.500000000 0.500000000 0.000000000 0.000000000 0.955078721 0.122676343 -0.269768924 -1.101400088 -0.117263585 0.992442489 0.036154173 0.893042081 0.272165388 -0.002896037 0.962246180 -2.475020278
5338667 1.031881131 1.837596409 0.500000000 0.500000000 0.000000000 0.000000000 0.952791214 0.127124131 -0.275732130 -1.120289788 -0.120581619 0.991871774 0.040625371 0.973934840 0.278655380 -0.005459234 0.960375607 -2.746019763
5405400 1.031881131 1.837596409 0.500000000 0.500000000 0.000000000 0.000000000 0.950165033 0.132117257 -0.282367617 -1.118760073 -0.124528393 0.991206884 0.044739574 1.078870155 0.285795599 -0.007347224 0.958262444 -2.952220160
5472133 1.031881131 1.837596409 0.500000000 0.500000000 0.000000000 0.000000000 0.947679400 0.137185693 -0.288242638 -1.120249906 -0.128203571 0.990491331 0.049907058 1.150099985 0.292348385 -0.010342153 0.956255972 -3.166120142
5538867 1.031881131 1.837596409 0.500000000 0.500000000 0.000000000 0.000000000 0.945052862 0.142397270 -0.294275522 -1.114889967 -0.132485792 0.989742398 0.053455107 1.235109864 0.298868835 -0.011530578 0.954224527 -3.364750144
5605600 1.031881131 1.837596409 0.500000000 0.500000000 0.000000000 0.000000000 0.941687346 0.147414818 -0.302479416 -1.097239956 -0.137110636 0.989019454 0.055146787 1.300209833 0.307287484 -0.010457855 0.951559246 -3.610239848
5672333 1.031881131 1.837596409 0.500000000 0.500000000 0.000000000 0.000000000 0.938542545 0.152128354 -0.309830219 -1.113519743 -0.141923711 0.988328516 0.055357195 1.372400019 0.314635426 -0.007982800 0.949178994 -3.810469664
5739067 1.031881131 1.837596409 0.500000000 0.500000000 0.000000000 0.000000000 0.935083270 0.156365424 -0.318070948 -1.124790260 -0.146705031 0.987690866 0.054262359 1.442909898 0.322640538 -0.004077196 0.946512759 -4.005409916
5805800 1.031881131 1.837596409 0.500000000 0.500000000 0.000000000 0.000000000 0.932051480 0.160881296 -0.324649304 -1.170989979 -0.151944324 0.986973763 0.052874513 1.505749855 0.328926891 0.000046873 0.944355369 -4.197949641
5872533 1.031881131 1.837596409 0.500000000 0.500000000 0.000000000 0.000000000 0.929374635 0.165351436 -0.330032915 -1.238000274 -0.156924263 0.986229300 0.052216001 1.581069912 0.334122151 0.003261944 0.942524135 -4.358950009
5939267 1.031881131 1.837596409 0.500000000 0.500000000 0.000000000 0.000000000 0.926428974 0.169851720 -0.335976034 -1.316350318 -0.161995083 0.985446751 0.051500358 1.651200256 0.339833945 0.006714994 0.940461516 -4.542750563
6006000 1.031881131 1.837596409 0.500000000 0.500000000 0.000000000 0.000000000 0.924138725 0.173020035 -0.340634316 -1.427220239 -0.165044010 0.984888136 0.052495673 1.712070055 0.344569534 0.007706361 0.938729167 -4.684530099
6072733 1.031881131 1.837596409 0.500000000 0.500000000 0.000000000 0.000000000 0.922111809 0.174762771 -0.345206887 -1.550020120 -0.166979626 0.984566510 0.052408256 1.780230132 0.349038154 0.009316241 0.937062204 -4.853849891
6139467 1.031881131 1.837596409 0.500000000 0.500000000 0.000000000 0.000000000 0.921295464 0.174225241 -0.347649723 -1.744500111 -0.166198134 0.984665394 0.053030360 1.855760063 0.351557881 0.008922081 0.936123669 -5.047470544
6206200 1.031881131 1.837596409 0.500000000 0.500000000 0.000000000 0.000000000 0.921215415 0.171130762 -0.349394500 -1.944830297 -0.163019702 0.985212684 0.052731067 1.935300416 0.353251815 0.008381469 0.935490787 -5.207410454
6272933 1.031881131 1.837596409 0.500000000 0.500000000 0.000000000 0.000000000 0.922882378 0.164843366 -0.348015279 -2.192469764 -0.156501159 0.986299455 0.052160777 1.982469787 0.351845652 0.006326579 0.936036587 -5.384629318
6339667 1.031881131 1.837596409 0.500000000 0.500000000 0.000000000 0.000000000 0.925517559 0.156775519 -0.344729722 -2.464620110 -0.148779973 0.987620115 0.049709022 2.053459508 0.348255157 0.005282355 0.937384844 -5.542179264
6406400 1.031881131 1.837596409 0.500000000 0.500000000 0.000000000 0.000000000 0.928350210 0.147240460 -0.341300577 -2.749509564 -0.139780968 0.989090264 0.046493925 2.120409701 0.344422847 0.004544685 0.938803613 -5.722419899
6473133 1.031881131 1.837596409 0.500000000 0.500000000 0.000000000 0.000000000 0.931509316 0.136420324 -0.337164611 -3.026520240 -0.129295126 0.990646601 0.043612882 2.158690075 0.339960665 0.002967915 0.940434992 -5.873030305
6539867 1.031881131 1.837596409 0.500000000 0.500000000 0.000000000 0.000000000 0.935686469 0.125515848 -0.329752266 -3.296790048 -0.118138887 0.992091358 0.042402200 2.161319767 0.332466543 -0.000718581 0.943114758 -5.989509766
