https://www.youtube.com/watch?v=W7JyE6T46zk
76009267 0.872711570 1.571364540 0.500000000 0.500000000 0.000000000 0.000000000 0.996039748 0.030535644 -0.083501004 -4.706490024 -0.029087001 0.999405444 0.018510910 -1.004980023 0.084016599 -0.016008807 0.996335745 2.793620045
76409667 0.872711570 1.571364540 0.500000000 0.500000000 0.000000000 0.000000000 0.988975227 0.013949848 -0.147422567 -3.553119782 -0.018339224 0.999426782 -0.028456884 -0.401171028 0.146941081 0.030846769 0.988664150 0.965829009
76476400 0.872711570 1.571364540 0.500000000 0.500000000 0.000000000 0.000000000 0.986339867 0.011689276 -0.164307743 -3.338530282 -0.017757082 0.999211550 -0.035509363 -0.282000984 0.163763106 0.037941925 0.985769808 0.677607128
76543133 0.872711570 1.571364540 0.500000000 0.500000000 0.000000000 0.000000000 0.982745528 0.013144778 -0.184495136 -3.099380089 -0.020583594 0.999047995 -0.038462639 -0.147386998 0.183813915 0.041596562 0.982080519 0.405870998
76609867 0.872711570 1.571364540 0.500000000 0.500000000 0.000000000 0.000000000 0.978267848 0.016829669 -0.206661060 -2.824899910 -0.024470992 0.999105930 -0.034474663 -0.003786625 0.205896094 0.038782656 0.977805078 0.169380018
76676600 0.872711570 1.571364540 0.500000000 0.500000000 0.000000000 0.000000000 0.973384857 0.020853546 -0.228226006 -2.506080052 -0.028229304 0.999177814 -0.029100895 0.135168995 0.227431506 0.034769028 0.973173201 0.031423640
76843433 0.872711570 1.571364540 0.500000000 0.500000000 0.000000000 0.000000000 0.956769466 0.038596917 -0.288274944 -1.438130080 -0.042260293 0.999085546 -0.006492882 0.355621994 0.287760735 0.018394783 0.957525611 -0.152986016
76910167 0.872711570 1.571364540 0.500000000 0.500000000 0.000000000 0.000000000 0.950406313 0.047924850 -0.307296246 -0.952176964 -0.052984778 0.998562157 -0.008139121 0.402247030 0.306464344 0.024017502 0.951579094 -0.127202993
76976900 0.872711570 1.571364540 0.500000000 0.500000000 0.000000000 0.000000000 0.945279777 0.053827100 -0.321790069 -0.444122028 -0.059478290 0.998199522 -0.007748642 0.378894000 0.320793599 0.026464157 0.946779370 -0.097351311
77043633 0.872711570 1.571364540 0.500000000 0.500000000 0.000000000 0.000000000 0.941206217 0.058948591 -0.332649887 0.057771799 -0.065027148 0.997857809 -0.007159616 0.345362983 0.331515253 0.028369933 0.943023264 -0.044117312
77110367 0.872711570 1.571364540 0.500000000 0.500000000 0.000000000 0.000000000 0.936645865 0.064280078 -0.344329149 0.532567972 -0.070244908 0.997517943 -0.004861836 0.266418015 0.343161970 0.028741188 0.938836396 -0.021516700
77177100 0.872711570 1.571364540 0.500000000 0.500000000 0.000000000 0.000000000 0.932602763 0.059854049 -0.355906695 0.987223009 -0.065125830 0.997873008 -0.002837216 0.180469989 0.354979843 0.025824722 0.934517145 -0.020728522
77243833 0.872711570 1.571364540 0.500000000 0.500000000 0.000000000 0.000000000 0.928270757 0.064418502 -0.366283566 1.366090038 -0.069213800 0.997601867 0.000040597 0.104364006 0.365407795 0.025314186 0.930503309 0.005061431
77310567 0.872711570 1.571364540 0.500000000 0.500000000 0.000000000 0.000000000 0.924362361 0.063830100 -0.376138210 1.771299957 -0.072305448 0.997346818 -0.008442895 0.045814212 0.374601305 0.035001129 0.926525116 -0.028753548
77377300 0.872711570 1.571364540 0.500000000 0.500000000 0.000000000 0.000000000 0.922053218 0.060120534 -0.382365525 2.175049903 -0.069090411 0.997562706 -0.009757780 -0.001320247 0.380846918 0.035414979 0.923959613 -0.126863084
77444033 0.872711570 1.571364540 0.500000000 0.500000000 0.000000000 0.000000000 0.917778432 0.058113854 -0.392817438 2.559920123 -0.066109374 0.997788906 -0.006843879 -0.038751418 0.391551137 0.032250077 0.919591010 -0.203451019
77510767 0.872711570 1.571364540 0.500000000 0.500000000 0.000000000 0.000000000 0.913847387 0.057802375 -0.401922643 2.944889834 -0.065396793 0.997845829 -0.005187132 -0.068403492 0.400757015 0.031024698 0.915658951 -0.298178089
77577500 0.872711570 1.571364540 0.500000000 0.500000000 0.000000000 0.000000000 0.910353422 0.063984483 -0.408855259 3.326749800 -0.072671935 0.997339427 -0.005730387 -0.106862988 0.407400846 0.034928985 0.912581205 -0.426685888
77644233 0.872711570 1.571364540 0.500000000 0.500000000 0.000000000 0.000000000 0.906543970 0.072147340 -0.415899903 3.694289587 -0.080654159 0.996737957 -0.002896234 -0.159768026 0.414334267 0.036169633 0.909405768 -0.560978081
77710967 0.872711570 1.571364540 0.500000000 0.500000000 0.000000000 0.000000000 0.900714695 0.080769524 -0.426836252 4.088459440 -0.089680895 0.995970249 -0.000779813 -0.226723044 0.425053239 0.038981475 0.904328525 -0.702217930
77777700 0.872711570 1.571364540 0.500000000 0.500000000 0.000000000 0.000000000 0.894368529 0.094958536 -0.437135875 4.502309757 -0.101450197 0.994804025 0.008535718 -0.292928026 0.435675085 0.036713447 0.899354994 -0.839642892
77944533 0.872711570 1.571364540 0.500000000 0.500000000 0.000000000 0.000000000 0.865380168 0.111997552 -0.488439947 5.663889350 -0.126594111 0.991949558 0.003160881 -0.444226121 0.484861821 0.059098281 0.872591734 -0.968640882
78011267 0.872711570 1.571364540 0.500000000 0.500000000 0.000000000 0.000000000 0.855724812 0.118315771 -0.503722489 6.123769652 -0.131188303 0.991307259 0.009978088 -0.468023900 0.500524342 0.057544008 0.863807917 -0.968155035
