https://www.youtube.com/watch?v=KwpBIAxAd74
19936589 0.666193565 1.186372039 0.500000000 0.500000000 0.000000000 0.000000000 0.995093644 -0.031653542 0.093737669 4.969050290 0.032109540 0.999478698 -0.003359986 0.102907996 -0.093582444 0.006353372 0.995591283 3.780710472
19969956 0.666193565 1.186372039 0.500000000 0.500000000 0.000000000 0.000000000 0.994510949 -0.032226574 0.099546142 4.947269755 0.032722738 0.999458849 -0.003355104 0.099592781 -0.099384151 0.006594107 0.995027304 3.625639969
20003322 0.666193565 1.186372039 0.500000000 0.500000000 0.000000000 0.000000000 0.993942618 -0.032387905 0.105019562 4.926090200 0.032917544 0.999452591 -0.003313446 0.091538821 -0.104854755 0.006750364 0.994464636 3.473079903
20036689 0.666193565 1.186372039 0.500000000 0.500000000 0.000000000 0.000000000 0.993353188 -0.032575648 0.110400394 4.902540435 0.033182155 0.999442637 -0.003660393 0.084639819 -0.110219613 0.007299387 0.993880451 3.324310122
20070056 0.666193565 1.186372039 0.500000000 0.500000000 0.000000000 0.000000000 0.992762148 -0.032373022 0.115651384 4.879189624 0.032987732 0.999449968 -0.003404684 0.067746506 -0.115477547 0.007195122 0.993284047 3.170580200
20103422 0.666193565 1.186372039 0.500000000 0.500000000 0.000000000 0.000000000 0.992122948 -0.032260101 0.121042654 4.857639645 0.032914925 0.999452353 -0.003413839 0.049700593 -0.120866224 0.007371059 0.992641449 3.022680175
20136789 0.666193565 1.186372039 0.500000000 0.500000000 0.000000000 0.000000000 0.991438448 -0.032506384 0.126464218 4.836100071 0.033200309 0.999442995 -0.003382658 0.030592180 -0.126283824 0.007552344 0.991965413 2.876499978
20170156 0.666193565 1.186372039 0.500000000 0.500000000 0.000000000 0.000000000 0.990707278 -0.032744925 0.132010877 4.813620167 0.033482399 0.999433637 -0.003369981 0.013074506 -0.131825745 0.007758708 0.991242528 2.726389835
20203522 0.666193565 1.186372039 0.500000000 0.500000000 0.000000000 0.000000000 0.989980698 -0.032884069 0.137320101 4.791589916 0.033647180 0.999428511 -0.003239034 -0.013851406 -0.137135118 0.007827017 0.990521431 2.575720114
20236889 0.666193565 1.186372039 0.500000000 0.500000000 0.000000000 0.000000000 0.989194214 -0.032934561 0.142864123 4.770130234 0.033752695 0.999424756 -0.003306338 -0.043209311 -0.142673060 0.008092658 0.989736795 2.414410016
20270256 0.666193565 1.186372039 0.500000000 0.500000000 0.000000000 0.000000000 0.988311827 -0.033407044 0.148740366 4.747790005 0.034226213 0.999409735 -0.002950434 -0.069939807 -0.148554012 0.008006767 0.988871872 2.252100029
20303622 0.666193565 1.186372039 0.500000000 0.500000000 0.000000000 0.000000000 0.987373888 -0.033502117 0.154823825 4.726239797 0.034301005 0.999408424 -0.002490668 -0.101417993 -0.154648796 0.007769834 0.987938941 2.084869875
20336989 0.666193565 1.186372039 0.500000000 0.500000000 0.000000000 0.000000000 0.986338139 -0.033698957 0.161249682 4.705200275 0.034615461 0.999396563 -0.002877077 -0.127491003 -0.161055431 0.008419499 0.986909449 1.908759905
20370356 0.666193565 1.186372039 0.500000000 0.500000000 0.000000000 0.000000000 0.985124230 -0.033829387 0.168481022 4.681930109 0.034866545 0.999386847 -0.003200571 -0.151412000 -0.168269455 0.009027316 0.985699713 1.735930080
20403722 0.666193565 1.186372039 0.500000000 0.500000000 0.000000000 0.000000000 0.983628452 -0.034096181 0.176953316 4.654369615 0.035177007 0.999376655 -0.002973545 -0.179381994 -0.176741630 0.009149552 0.984214783 1.556800190
20437089 0.666193565 1.186372039 0.500000000 0.500000000 0.000000000 0.000000000 0.981944621 -0.034153651 0.186059818 4.621879833 0.035278860 0.999373734 -0.002739035 -0.201269964 -0.185849741 0.009253563 0.982534587 1.383429932
20470456 0.666193565 1.186372039 0.500000000 0.500000000 0.000000000 0.000000000 0.980039537 -0.034186583 0.195841283 4.584509795 0.035316464 0.999373555 -0.002279198 -0.214565974 -0.195640683 0.009150128 0.980632961 1.226539857
20503822 0.666193565 1.186372039 0.500000000 0.500000000 0.000000000 0.000000000 0.977996826 -0.034472372 0.205751866 4.543610109 0.035661142 0.999361813 -0.002071000 -0.221572003 -0.205549151 0.009362775 0.978601992 1.092139781
20537189 0.666193565 1.186372039 0.500000000 0.500000000 0.000000000 0.000000000 0.975745797 -0.034969654 0.216095552 4.492270151 0.036161985 0.999344707 -0.001564903 -0.234908996 -0.215899214 0.009341395 0.976370931 0.956780965
20570556 0.666193565 1.186372039 0.500000000 0.500000000 0.000000000 0.000000000 0.973381639 -0.035059843 0.226492912 4.429380068 0.036397938 0.999335885 -0.001733044 -0.244779990 -0.226281732 0.009930785 0.974011302 0.826565125
20603922 0.666193565 1.186372039 0.500000000 0.500000000 0.000000000 0.000000000 0.970833361 -0.035214663 0.237155080 4.356460327 0.036688499 0.999325097 -0.001802721 -0.247648990 -0.236931562 0.010451003 0.971470118 0.711289871
20637289 0.666193565 1.186372039 0.500000000 0.500000000 0.000000000 0.000000000 0.967947543 -0.035513375 0.248628929 4.279890107 0.037100468 0.999310076 -0.001699038 -0.254598982 -0.248397067 0.010868837 0.968597293 0.595620806
20670656 0.666193565 1.186372039 0.500000000 0.500000000 0.000000000 0.000000000 0.964475453 -0.035690382 0.261750489 4.195869990 0.037561409 0.999292016 -0.002146884 -0.254630040 -0.261488527 0.011902329 0.965133190 0.482860079
20704022 0.666193565 1.186372039 0.500000000 0.500000000 0.000000000 0.000000000 0.960531235 -0.036180694 0.275809020 4.106439528 0.038167361 0.999269664 -0.001837039 -0.256302998 -0.275541097 0.012291439 0.961210668 0.386000035
20737389 0.666193565 1.186372039 0.500000000 0.500000000 0.000000000 0.000000000 0.955899537 -0.036558177 0.291409791 4.006210188 0.038834039 0.999243617 -0.002027782 -0.257504012 -0.291115224 0.013254970 0.956596196 0.291050056
20770756 0.666193565 1.186372039 0.500000000 0.500000000 0.000000000 0.000000000 0.950426996 -0.036928598 0.308747321 3.898670382 0.039622378 0.999211729 -0.002457317 -0.263469978 -0.308413178 0.014568793 0.951140940 0.197154960
20804122 0.666193565 1.186372039 0.500000000 0.500000000 0.000000000 0.000000000 0.944084108 -0.037405673 0.327576011 3.780960298 0.040475775 0.999177277 -0.002557067 -0.271157005 -0.327210873 0.015672980 0.944821358 0.109871896
20837489 0.666193565 1.186372039 0.500000000 0.500000000 0.000000000 0.000000000 0.937284648 -0.037832320 0.346505761 3.657800229 0.041314580 0.999142647 -0.002665578 -0.274761008 -0.346107841 0.016814141 0.938044071 0.039963330
20870856 0.666193565 1.186372039 0.500000000 0.500000000 0.000000000 0.000000000 0.930286169 -0.038093906 0.364851266 3.527659846 0.041826230 0.999122202 -0.002329425 -0.279608986 -0.364442259 0.017427389 0.931062877 -0.015992013
20904222 0.666193565 1.186372039 0.500000000 0.500000000 0.000000000 0.000000000 0.923094392 -0.038471386 0.382644296 3.396229867 0.042579472 0.999090493 -0.002269665 -0.278378962 -0.382208943 0.018387906 0.923892975 -0.058888632
20937589 0.666193565 1.186372039 0.500000000 0.500000000 0.000000000 0.000000000 0.915958107 -0.038930677 0.399381071 3.269810287 0.043232255 0.999063492 -0.001764522 -0.278405987 -0.398938328 0.018882368 0.916783333 -0.088382094
20970956 0.666193565 1.186372039 0.500000000 0.500000000 0.000000000 0.000000000 0.908762097 -0.039349422 0.415455401 3.146790333 0.043891519 0.999035358 -0.001385207 -0.276767018 -0.415000141 0.019493781 0.909612536 -0.109732079
21004322 0.666193565 1.186372039 0.500000000 0.500000000 0.000000000 0.000000000 0.901567280 -0.039489668 0.430832982 3.034850006 0.044178884 0.999023259 -0.000880027 -0.276015042 -0.430377424 0.019827120 0.902431309 -0.123679981
21037689 0.666193565 1.186372039 0.500000000 0.500000000 0.000000000 0.000000000 0.893921018 -0.039515954 0.446479321 2.935020373 0.044512745 0.999008596 -0.000703524 -0.284113044 -0.446008861 0.020502903 0.894793749 -0.145986937
21071056 0.666193565 1.186372039 0.500000000 0.500000000 0.000000000 0.000000000 0.885326028 -0.039583262 0.463282675 2.843229612 0.044908423 0.998991013 -0.000464659 -0.296800004 -0.462796837 0.021216681 0.886210382 -0.173634915
21104422 0.666193565 1.186372039 0.500000000 0.500000000 0.000000000 0.000000000 0.875831842 -0.039693348 0.480981261 2.751009968 0.045295358 0.998973608 -0.000038477 -0.311361963 -0.480486065 0.021819923 0.876730800 -0.202610069
21137789 0.666193565 1.186372039 0.500000000 0.500000000 0.000000000 0.000000000 0.866139114 -0.039875489 0.498209774 2.655659889 0.045671936 0.998956323 0.000553226 -0.325757977 -0.497711897 0.022275031 0.867056370 -0.232539936
21171156 0.666193565 1.186372039 0.500000000 0.500000000 0.000000000 0.000000000 0.856763303 -0.039899271 0.514163971 2.564359674 0.045735952 0.998952687 0.001308140 -0.334958991 -0.513677716 0.022395018 0.857690871 -0.249442042
21204522 0.666193565 1.186372039 0.500000000 0.500000000 0.000000000 0.000000000 0.847440004 -0.040296294 0.529359639 2.473999749 0.046265058 0.998927236 0.001976361 -0.344296012 -0.528871357 0.022816017 0.848395169 -0.261565762
21237889 0.666193565 1.186372039 0.500000000 0.500000000 0.000000000 0.000000000 0.838270664 -0.040147569 0.543774188 2.374659831 0.046692830 0.998907745 0.001770010 -0.355794030 -0.543251336 0.023906615 0.839229703 -0.274300975
21271256 0.666193565 1.186372039 0.500000000 0.500000000 0.000000000 0.000000000 0.829515934 -0.040276259 0.557029009 2.267730366 0.046936743 0.998895168 0.002328387 -0.358944022 -0.556507349 0.024213677 0.830489874 -0.280424093
21304622 0.666193565 1.186372039 0.500000000 0.500000000 0.000000000 0.000000000 0.821236491 -0.040382519 0.569157064 2.154249589 0.047000162 0.998890221 0.003056191 -0.359730029 -0.568648875 0.024240626 0.822223067 -0.274103036
21337989 0.666193565 1.186372039 0.500000000 0.500000000 0.000000000 0.000000000 0.813356400 -0.040561423 0.580350101 2.037840151 0.047397546 0.998870373 0.003385031 -0.359089009 -0.579831779 0.024753932 0.814360082 -0.265404014
21371356 0.666193565 1.186372039 0.500000000 0.500000000 0.000000000 0.000000000 0.805670023 -0.040852472 0.590954125 1.916509783 0.047953568 0.998842835 0.003672781 -0.361036020 -0.590420306 0.025379315 0.806696773 -0.255061996
21404722 0.666193565 1.186372039 0.500000000 0.500000000 0.000000000 0.000000000 0.798295975 -0.040836819 0.600879192 1.795149855 0.048213944 0.998829722 0.003827779 -0.359182049 -0.600332260 0.025915068 0.799330592 -0.237690897
21438089 0.666193565 1.186372039 0.500000000 0.500000000 0.000000000 0.000000000 0.791181624 -0.041031227 0.610203087 1.673839630 0.048619159 0.998808861 0.004122843 -0.355664984 -0.609645426 0.026405659 0.792234123 -0.210608027
21471456 0.666193565 1.186372039 0.500000000 0.500000000 0.000000000 0.000000000 0.784740448 -0.041200243 0.618453741 1.555750125 0.048954204 0.998791218 0.004420866 -0.348112986 -0.617888331 0.026806675 0.785808802 -0.180503071
21504822 0.666193565 1.186372039 0.500000000 0.500000000 0.000000000 0.000000000 0.778871834 -0.041409634 0.625814974 1.448370665 0.048840389 0.998792529 0.005303845 -0.338977004 -0.625278890 0.026433997 0.779953837 -0.135325973
21538189 0.666193565 1.186372039 0.500000000 0.500000000 0.000000000 0.000000000 0.773083150 -0.041500922 0.632945657 1.343000173 0.048982497 0.998783588 0.005660675 -0.333216970 -0.632410645 0.026627079 0.774175584 -0.092182417
21571556 0.666193565 1.186372039 0.500000000 0.500000000 0.000000000 0.000000000 0.767674148 -0.041274790 0.639510036 1.239980367 0.049282435 0.998770833 0.005302802 -0.329508029 -0.638942838 0.027445767 0.768764615 -0.051509562
21604922 0.666193565 1.186372039 0.500000000 0.500000000 0.000000000 0.000000000 0.762409985 -0.041281901 0.645776153 1.145859981 0.049313091 0.998767495 0.005627691 -0.334143008 -0.645212531 0.027554609 0.763506055 -0.009978469
21638289 0.666193565 1.186372039 0.500000000 0.500000000 0.000000000 0.000000000 0.757185757 -0.041326512 0.651890695 1.056999614 0.049505215 0.998756945 0.005814632 -0.342648999 -0.651320636 0.027869256 0.758290410 0.033022591
21671656 0.666193565 1.186372039 0.500000000 0.500000000 0.000000000 0.000000000 0.751995623 -0.041154880 0.657882452 0.970563441 0.049546745 0.998754680 0.005844038 -0.355471981 -0.657303691 0.028201211 0.753098249 0.078484930
21705022 0.666193565 1.186372039 0.500000000 0.500000000 0.000000000 0.000000000 0.746734917 -0.040961381 0.663859069 0.888629707 0.049437914 0.998759091 0.006015647 -0.372978019 -0.663281739 0.028327733 0.747833312 0.129459944
21738389 0.666193565 1.186372039 0.500000000 0.500000000 0.000000000 0.000000000 0.741081417 -0.041020736 0.670160890 0.807499975 0.049503908 0.998753488 0.006391270 -0.390854996 -0.669587731 0.028439132 0.742188334 0.183673971
21771756 0.666193565 1.186372039 0.500000000 0.500000000 0.000000000 0.000000000 0.735004425 -0.041051418 0.676818788 0.729280299 0.049558073 0.998748362 0.006759012 -0.407633983 -0.676249087 0.028573906 0.736118913 0.244845099
21805122 0.666193565 1.186372039 0.500000000 0.500000000 0.000000000 0.000000000 0.728384912 -0.041205548 0.683927774 0.649791820 0.049752936 0.998735726 0.007185219 -0.423300007 -0.683359146 0.028793832 0.729514122 0.312384910
21838489 0.666193565 1.186372039 0.500000000 0.500000000 0.000000000 0.000000000 0.721055567 -0.041120932 0.691656291 0.567787262 0.049690239 0.998735964 0.007575326 -0.438796033 -0.691093504 0.028906304 0.722187400 0.386156176
21871856 0.666193565 1.186372039 0.500000000 0.500000000 0.000000000 0.000000000 0.713060200 -0.041266885 0.699886799 0.487950692 0.049886454 0.998722374 0.008061482 -0.450851990 -0.699325323 0.029166589 0.714207828 0.462310697
21905222 0.666193565 1.186372039 0.500000000 0.500000000 0.000000000 0.000000000 0.704605520 -0.041159526 0.708404601 0.405094079 0.049903072 0.998718798 0.008391824 -0.458121982 -0.707842410 0.029438633 0.705756783 0.545141087
21938589 0.666193565 1.186372039 0.500000000 0.500000000 0.000000000 0.000000000 0.696271122 -0.040952273 0.716610014 0.317536154 0.049939342 0.998715639 0.008551858 -0.457661043 -0.716039836 0.029832594 0.697421968 0.636207245
21971956 0.666193565 1.186372039 0.500000000 0.500000000 0.000000000 0.000000000 0.688379884 -0.040723566 0.724205911 0.226655890 0.049949635 0.998714030 0.008681064 -0.451784987 -0.723628104 0.030197985 0.689528823 0.733183574
22005322 0.666193565 1.186372039 0.500000000 0.500000000 0.000000000 0.000000000 0.681351542 -0.040795781 0.730818331 0.132880022 0.049814783 0.998715103 0.009307358 -0.444068001 -0.730259001 0.030063994 0.682508349 0.833274782
22038689 0.666193565 1.186372039 0.500000000 0.500000000 0.000000000 0.000000000 0.675524294 -0.040669151 0.736215055 0.035316875 0.049971260 0.998707175 0.009317625 -0.432973992 -0.735642254 0.030495331 0.676683247 0.931405754
22072056 0.666193565 1.186372039 0.500000000 0.500000000 0.000000000 0.000000000 0.670590162 -0.040706817 0.740710616 -0.064261094 0.050020184 0.998702049 0.009600154 -0.422558033 -0.740139961 0.030612689 0.671755910 1.023540306
22105422 0.666193565 1.186372039 0.500000000 0.500000000 0.000000000 0.000000000 0.666528523 -0.040848795 0.744359493 -0.161967962 0.049945723 0.998701036 0.010083147 -0.405054980 -0.743804455 0.030456871 0.667702973 1.113299927
22138789 0.666193565 1.186372039 0.500000000 0.500000000 0.000000000 0.000000000 0.663300037 -0.040774725 0.747242272 -0.261880102 0.049602576 0.998714209 0.010466353 -0.381501037 -0.746708214 0.030122779 0.664469719 1.198730589
22172156 0.666193565 1.186372039 0.500000000 0.500000000 0.000000000 0.000000000 0.661118865 -0.040975582 0.749161541 -0.360953031 0.049719747 0.998705387 0.010747841 -0.351839993 -0.748632014 0.030142507 0.662300289 1.283320105
22205522 0.666193565 1.186372039 0.500000000 0.500000000 0.000000000 0.000000000 0.659570277 -0.041236240 0.750510395 -0.463491634 0.049788084 0.998697937 0.011117522 -0.324842933 -0.749991596 0.030033734 0.660764575 1.350148957
22238889 0.666193565 1.186372039 0.500000000 0.500000000 0.000000000 0.000000000 0.658485532 -0.041158732 0.751466811 -0.562793789 0.049895909 0.998694122 0.010977535 -0.285726003 -0.750937283 0.030266592 0.659679294 1.414339532
22272256 0.666193565 1.186372039 0.500000000 0.500000000 0.000000000 0.000000000 0.657740593 -0.041260004 0.752113640 -0.664419984 0.049910806 0.998691559 0.011138813 -0.252166004 -0.751589119 0.030212153 0.658939242 1.467469874
22305622 0.666193565 1.186372039 0.500000000 0.500000000 0.000000000 0.000000000 0.657054305 -0.041329697 0.752709746 -0.769665432 0.049961001 0.998688102 0.011223960 -0.219620048 -0.752186179 0.030231357 0.658257127 1.512770683
22338989 0.666193565 1.186372039 0.500000000 0.500000000 0.000000000 0.000000000 0.656604290 -0.041541174 0.753090620 -0.875804300 0.049981825 0.998683810 0.011510184 -0.191389026 -0.752577543 0.030083189 0.657816350 1.549370542
22372356 0.666193565 1.186372039 0.500000000 0.500000000 0.000000000 0.000000000 0.656021357 -0.041742034 0.753587663 -0.987826846 0.050256237 0.998669386 0.011567755 -0.166128060 -0.753067791 0.030283740 0.657246232 1.581141247
22405722 0.666193565 1.186372039 0.500000000 0.500000000 0.000000000 0.000000000 0.655882835 -0.041856036 0.753701389 -1.104770064 0.050176971 0.998670697 0.011795363 -0.146266005 -0.753193200 0.030082077 0.657111168 1.599840102
22439089 0.666193565 1.186372039 0.500000000 0.500000000 0.000000000 0.000000000 0.656287789 -0.041964084 0.753342450 -1.220389421 0.050224662 0.998667359 0.011875527 -0.119876970 -0.752836883 0.030042639 0.657520771 1.618889328
22472456 0.666193565 1.186372039 0.500000000 0.500000000 0.000000000 0.000000000 0.657224894 -0.042190783 0.752512455 -1.336379579 0.050284803 0.998661935 0.012074095 -0.092783472 -0.752014995 0.029904570 0.658467054 1.633859424
22505822 0.666193565 1.186372039 0.500000000 0.500000000 0.000000000 0.000000000 0.658775508 -0.042561952 0.751134157 -1.449058727 0.050474543 0.998649359 0.012318813 -0.058593813 -0.750643969 0.029797874 0.660034060 1.638138618
22539189 0.666193565 1.186372039 0.500000000 0.500000000 0.000000000 0.000000000 0.660877049 -0.042983446 0.749262094 -1.561629720 0.050615851 0.998638153 0.012644521 -0.019764187 -0.748785257 0.029568080 0.662152648 1.636609790
22572556 0.666193565 1.186372039 0.500000000 0.500000000 0.000000000 0.000000000 0.663925707 -0.043340966 0.746541262 -1.681779330 0.050883070 0.998623550 0.012723660 0.022016438 -0.746065140 0.029538771 0.665217161 1.621339242
22605922 0.666193565 1.186372039 0.500000000 0.500000000 0.000000000 0.000000000 0.668063045 -0.043478522 0.742833018 -1.798979090 0.051028769 0.998618245 0.012557353 0.064466154 -0.742352605 0.029516786 0.669358611 1.596329321
22639289 0.666193565 1.186372039 0.500000000 0.500000000 0.000000000 0.000000000 0.672434151 -0.043931261 0.738851666 -1.911989163 0.051055074 0.998612404 0.012910754 0.110082034 -0.738393664 0.029040527 0.673743963 1.567689440
22672656 0.666193565 1.186372039 0.500000000 0.500000000 0.000000000 0.000000000 0.677466393 -0.044376895 0.734213948 -2.020840219 0.051195256 0.998602509 0.013118537 0.153657993 -0.733770013 0.028700894 0.678791523 1.533320041
22706022 0.666193565 1.186372039 0.500000000 0.500000000 0.000000000 0.000000000 0.682939470 -0.044801846 0.729099989 -2.128570846 0.051200300 0.998598456 0.013403304 0.190862962 -0.728678584 0.028176475 0.684276164 1.490750390
22739389 0.666193565 1.186372039 0.500000000 0.500000000 0.000000000 0.000000000 0.688815475 -0.045046430 0.723535776 -2.235569857 0.051298130 0.998594344 0.013334742 0.223805988 -0.723119378 0.027930861 0.690158010 1.443359739
22772756 0.666193565 1.186372039 0.500000000 0.500000000 0.000000000 0.000000000 0.694836676 -0.045194775 0.717745721 -2.342678810 0.051134363 0.998602211 0.013377400 0.249803060 -0.717347085 0.027406396 0.696176410 1.382199441
22806122 0.666193565 1.186372039 0.500000000 0.500000000 0.000000000 0.000000000 0.701041102 -0.045333169 0.711678565 -2.450500240 0.051151901 0.998603344 0.013222640 0.269990995 -0.711283982 0.027134096 0.702380896 1.314730101
22839489 0.666193565 1.186372039 0.500000000 0.500000000 0.000000000 0.000000000 0.707566619 -0.045521419 0.705179036 -2.558130409 0.051058445 0.998607993 0.013231822 0.285657001 -0.704799712 0.026642937 0.708905935 1.233399901
22872856 0.666193565 1.186372039 0.500000000 0.500000000 0.000000000 0.000000000 0.714467824 -0.045696970 0.698174059 -2.667408596 0.051041167 0.998610258 0.013128813 0.299858015 -0.697803676 0.026255537 0.715807319 1.144359217
22906222 0.666193565 1.186372039 0.500000000 0.500000000 0.000000000 0.000000000 0.721681952 -0.045837987 0.690705538 -2.775420191 0.050922465 0.998617113 0.013066027 0.309760007 -0.690349340 0.025742903 0.723018169 1.046520079
22939589 0.666193565 1.186372039 0.500000000 0.500000000 0.000000000 0.000000000 0.729038835 -0.046013847 0.682924032 -2.889310232 0.050706260 0.998626947 0.013154954 0.315769976 -0.682591677 0.025038041 0.730370998 0.945524124
22972956 0.666193565 1.186372039 0.500000000 0.500000000 0.000000000 0.000000000 0.736070156 -0.046405070 0.675313115 -3.001651372 0.050599590 0.998628199 0.013470136 0.319355996 -0.675011754 0.024255563 0.737408519 0.832409302
23006322 0.666193565 1.186372039 0.500000000 0.500000000 0.000000000 0.000000000 0.742743731 -0.046494532 0.667959690 -3.115710488 0.050480206 0.998635411 0.013379890 0.327329964 -0.667670250 0.023780901 0.744077325 0.714906951
23039689 0.666193565 1.186372039 0.500000000 0.500000000 0.000000000 0.000000000 0.748724341 -0.046540119 0.661245883 -3.230170705 0.050218306 0.998648047 0.013425454 0.333882019 -0.660976708 0.023154669 0.750049233 0.592198959
23073056 0.666193565 1.186372039 0.500000000 0.500000000 0.000000000 0.000000000 0.754114866 -0.046800636 0.655072629 -3.339919181 0.050160371 0.998648524 0.013602627 0.343960972 -0.654823959 0.022600764 0.755443275 0.468262947
23106422 0.666193565 1.186372039 0.500000000 0.500000000 0.000000000 0.000000000 0.759020865 -0.047131233 0.649358451 -3.446001676 0.050199851 0.998643756 0.013805281 0.358866006 -0.649128377 0.022119168 0.760357440 0.344518054
23139789 0.666193565 1.186372039 0.500000000 0.500000000 0.000000000 0.000000000 0.763977647 -0.047277305 0.643508136 -3.544998990 0.050155465 0.998645723 0.013823638 0.381349986 -0.643290222 0.021714518 0.765314281 0.217525905
23173156 0.666193565 1.186372039 0.500000000 0.500000000 0.000000000 0.000000000 0.768522084 -0.047409181 0.638064802 -3.640691949 0.050106999 0.998647809 0.013849279 0.411716009 -0.637858570 0.021327997 0.769858420 0.092987730
23206522 0.666193565 1.186372039 0.500000000 0.500000000 0.000000000 0.000000000 0.772752523 -0.047504265 0.632926941 -3.727948713 0.050117072 0.998648465 0.013764584 0.445802903 -0.632725358 0.021083860 0.774088860 -0.031109756
23239889 0.666193565 1.186372039 0.500000000 0.500000000 0.000000000 0.000000000 0.776944101 -0.047674138 0.627761841 -3.810489506 0.050082963 0.998648942 0.013855678 0.477739939 -0.627574205 0.020675100 0.778282046 -0.159883998
23273256 0.666193565 1.186372039 0.500000000 0.500000000 0.000000000 0.000000000 0.780931830 -0.047846325 0.622780859 -3.894499119 0.050266877 0.998641968 0.013690766 0.511257995 -0.622590125 0.020613708 0.782276392 -0.284904125
23306622 0.666193565 1.186372039 0.500000000 0.500000000 0.000000000 0.000000000 0.784920096 -0.047853041 0.617745936 -3.975488218 0.050085787 0.998650670 0.013719443 0.534198979 -0.617568910 0.020171661 0.786257803 -0.418520888
23339989 0.666193565 1.186372039 0.500000000 0.500000000 0.000000000 0.000000000 0.788684905 -0.047796179 0.612936616 -4.055728533 0.049873311 0.998661578 0.013701065 0.552618940 -0.612771153 0.019763386 0.790013075 -0.554502663
23373356 0.666193565 1.186372039 0.500000000 0.500000000 0.000000000 0.000000000 0.792290807 -0.047870278 0.608262658 -4.131839191 0.049794644 0.998665035 0.013735078 0.566999956 -0.608108163 0.019406069 0.793616772 -0.693536831
23406722 0.666193565 1.186372039 0.500000000 0.500000000 0.000000000 0.000000000 0.795789540 -0.047854420 0.603679419 -4.207989775 0.049598429 0.998674095 0.013783908 0.575896913 -0.603538632 0.018972469 0.797107935 -0.832334910
23440089 0.666193565 1.186372039 0.500000000 0.500000000 0.000000000 0.000000000 0.799836934 -0.047928222 0.598300993 -4.278391201 0.049498618 0.998678446 0.013829254 0.578853020 -0.598173082 0.018553898 0.801152289 -0.982835311
23473456 0.666193565 1.186372039 0.500000000 0.500000000 0.000000000 0.000000000 0.804017782 -0.047682028 0.592690527 -4.349310951 0.049189653 0.998696625 0.013616765 0.582348012 -0.592567265 0.018206103 0.805315316 -1.136440341
23506822 0.666193565 1.186372039 0.500000000 0.500000000 0.000000000 0.000000000 0.808521986 -0.047558531 0.586541116 -4.415130775 0.048865370 0.998712540 0.013619796 0.579827068 -0.586433709 0.017649630 0.809805036 -1.299560346
23540189 0.666193565 1.186372039 0.500000000 0.500000000 0.000000000 0.000000000 0.813242853 -0.047671080 0.579968452 -4.477919420 0.048867889 0.998713136 0.013566718 0.582125042 -0.579868793 0.017308807 0.814525902 -1.471460035
23573556 0.666193565 1.186372039 0.500000000 0.500000000 0.000000000 0.000000000 0.818299174 -0.047598377 0.572818458 -4.537340713 0.048729971 0.998722434 0.013375739 0.587299016 -0.572723329 0.016968066 0.819573164 -1.645520095
23606922 0.666193565 1.186372039 0.500000000 0.500000000 0.000000000 0.000000000 0.824010074 -0.047605861 0.564571440 -4.590919069 0.048528682 0.998732090 0.013386039 0.593025008 -0.564492881 0.016367691 0.825275540 -1.827539395
23640289 0.666193565 1.186372039 0.500000000 0.500000000 0.000000000 0.000000000 0.830302358 -0.047718313 0.555266380 -4.641309274 0.048404757 0.998737276 0.013448451 0.603123001 -0.555207014 0.015711263 0.831563711 -2.004659454
23673656 0.666193565 1.186372039 0.500000000 0.500000000 0.000000000 0.000000000 0.837036610 -0.047611680 0.545071185 -4.691458959 0.048277456 0.998748004 0.013103006 0.619491932 -0.545012653 0.015346980 0.838287175 -2.197158918
23707022 0.666193565 1.186372039 0.500000000 0.500000000 0.000000000 0.000000000 0.844043493 -0.047527891 0.534164667 -4.736251050 0.047915671 0.998764753 0.013153754 0.631622012 -0.534129977 0.014492497 0.845278263 -2.381380639
23740389 0.666193565 1.186372039 0.500000000 0.500000000 0.000000000 0.000000000 0.851309061 -0.047456190 0.522513688 -4.774018820 0.047666758 0.998778045 0.013050478 0.653511973 -0.522494495 0.013796562 0.852530897 -2.560659130
23773756 0.666193565 1.186372039 0.500000000 0.500000000 0.000000000 0.000000000 0.858799577 -0.047479648 0.510106862 -4.810730494 0.047415268 0.998788834 0.013138291 0.664429965 -0.510112822 0.012903686 0.860010743 -2.736540442
23807122 0.666193565 1.186372039 0.500000000 0.500000000 0.000000000 0.000000000 0.867189348 -0.047537528 0.495704383 -4.844839908 0.047152333 0.998799205 0.013295118 0.670930969 -0.495741159 0.011844231 0.868389547 -2.925800237
23840489 0.666193565 1.186372039 0.500000000 0.500000000 0.000000000 0.000000000 0.876262844 -0.047247775 0.479511529 -4.874880823 0.046585932 0.998825908 0.013285980 0.671719029 -0.479576260 0.010696463 0.877435088 -3.114970385
23873856 0.666193565 1.186372039 0.500000000 0.500000000 0.000000000 0.000000000 0.885813296 -0.047149975 0.461640418 -4.898341033 0.046522181 0.998835921 0.012748286 0.676090055 -0.461704135 0.010183899 0.886975646 -3.311150177
23907222 0.666193565 1.186372039 0.500000000 0.500000000 0.000000000 0.000000000 0.895348012 -0.046902303 0.442890584 -4.917239957 0.046042535 0.998858750 0.012699930 0.668886039 -0.442980766 0.009020951 0.896485686 -3.511939832
23940589 0.666193565 1.186372039 0.500000000 0.500000000 0.000000000 0.000000000 0.904716253 -0.046083402 0.423514962 -4.938750431 0.045123871 0.998905718 0.012298679 0.660525984 -0.423618257 0.007983809 0.905805647 -3.715470215
23973956 0.666193565 1.186372039 0.500000000 0.500000000 0.000000000 0.000000000 0.913907290 -0.045529615 0.403361589 -4.948830271 0.044341985 0.998940825 0.012289039 0.645215992 -0.403493851 0.006654813 0.914958119 -3.927359725
24007322 0.666193565 1.186372039 0.500000000 0.500000000 0.000000000 0.000000000 0.922483444 -0.044706307 0.383439094 -4.963709062 0.043608688 0.998981833 0.011559843 0.640814074 -0.383565456 0.006057524 0.923493743 -4.144779742
24040689 0.666193565 1.186372039 0.500000000 0.500000000 0.000000000 0.000000000 0.930653334 -0.044024400 0.363243908 -4.963339550 0.042882450 0.999017239 0.011211295 0.633324046 -0.363380462 0.005142966 0.931626618 -4.365789896
24074056 0.666193565 1.186372039 0.500000000 0.500000000 0.000000000 0.000000000 0.938151896 -0.043728672 0.343451202 -4.963289691 0.042610429 0.999033332 0.010806030 0.639608021 -0.343591750 0.004496913 0.939108312 -4.575169641
