https://www.youtube.com/watch?v=7iidykhRDEI
49349300 0.877040568 1.559716361 0.500000000 0.500000000 0.000000000 0.000000000 0.990864336 -0.029449007 0.131607696 3.202079912 0.026050406 0.999283075 0.027471635 -5.440279853 -0.132322356 -0.023792233 0.990921140 2.906290079
49416033 0.877040568 1.559716361 0.500000000 0.500000000 0.000000000 0.000000000 0.989293039 -0.032493055 0.142279550 2.996220006 0.028174167 0.999082148 0.032265533 -5.150839549 -0.143197373 -0.027911462 0.989300489 2.783039971
49482767 0.877040568 1.559716361 0.500000000 0.500000000 0.000000000 0.000000000 0.987971902 -0.033524673 0.150955573 2.767479840 0.028012466 0.998866022 0.038495652 -4.867959307 -0.152074948 -0.033803992 0.987790704 2.618910059
49549500 0.877040568 1.559716361 0.500000000 0.500000000 0.000000000 0.000000000 0.986724854 -0.035209768 0.158538178 2.523590229 0.028284980 0.998553514 0.045726165 -4.566909754 -0.159918860 -0.040634893 0.986293435 2.416600016
49616233 0.877040568 1.559716361 0.500000000 0.500000000 0.000000000 0.000000000 0.985505581 -0.033423744 0.166317821 2.296639981 0.024748627 0.998236239 0.053962231 -4.297549960 -0.167828083 -0.049063943 0.984594584 2.162159858
49682967 0.877040568 1.559716361 0.500000000 0.500000000 0.000000000 0.000000000 0.984592199 -0.031207746 0.172058955 2.104589858 0.020651890 0.997812271 0.062802836 -4.033319851 -0.173642471 -0.058281846 0.983082652 1.893169894
49749700 0.877040568 1.559716361 0.500000000 0.500000000 0.000000000 0.000000000 0.983883917 -0.030660450 0.176160052 1.916649985 0.018081900 0.997199357 0.072570905 -3.719770133 -0.177891746 -0.068216041 0.981682777 1.610710069
49816433 0.877040568 1.559716361 0.500000000 0.500000000 0.000000000 0.000000000 0.982986629 -0.028585631 0.181439266 1.693760080 0.013907913 0.996563315 0.081658773 -3.337869781 -0.183149979 -0.077746041 0.980005980 1.311510184
49883167 0.877040568 1.559716361 0.500000000 0.500000000 0.000000000 0.000000000 0.982254803 -0.025319902 0.185834542 1.468730087 0.008496581 0.995835423 0.090772443 -2.965650165 -0.187358961 -0.087582715 0.978379250 1.063010120
49949900 0.877040568 1.559716361 0.500000000 0.500000000 0.000000000 0.000000000 0.981660843 -0.023808638 0.189143032 1.256539935 0.005349344 0.995220065 0.097511254 -2.585650292 -0.190560549 -0.094711192 0.977095902 0.793819010
50016633 0.877040568 1.559716361 0.500000000 0.500000000 0.000000000 0.000000000 0.981311560 -0.024816481 0.190818608 1.081499999 0.005017603 0.994611800 0.103548266 -2.232929899 -0.192360133 -0.100655667 0.976148546 0.499697017
50083367 0.877040568 1.559716361 0.500000000 0.500000000 0.000000000 0.000000000 0.980765581 -0.025756471 0.193482310 0.874189967 0.004593966 0.994026899 0.109038413 -1.887739894 -0.195135057 -0.106052265 0.975025713 0.282458949
50150100 0.877040568 1.559716361 0.500000000 0.500000000 0.000000000 0.000000000 0.980495214 -0.024136957 0.195055246 0.662143024 0.001968204 0.993586540 0.113056898 -1.527350014 -0.196533114 -0.110467836 0.974254370 0.083277103
50216833 0.877040568 1.559716361 0.500000000 0.500000000 0.000000000 0.000000000 0.979933262 -0.022035085 0.198104188 0.430428024 -0.001631076 0.992951035 0.118513867 -1.143560015 -0.199319229 -0.116458803 0.972989798 -0.077519710
50283567 0.877040568 1.559716361 0.500000000 0.500000000 0.000000000 0.000000000 0.979185581 -0.021815550 0.201790944 0.217800004 -0.003734210 0.992102265 0.125375882 -0.733953029 -0.202932402 -0.123519786 0.971370816 -0.216838973
50350300 0.877040568 1.559716361 0.500000000 0.500000000 0.000000000 0.000000000 0.978274584 -0.019567778 0.206387818 0.030001696 -0.008358905 0.991002917 0.133578852 -0.358916011 -0.207144767 -0.132401988 0.969309449 -0.347645024
50417033 0.877040568 1.559716361 0.500000000 0.500000000 0.000000000 0.000000000 0.977248728 -0.018639252 0.211275861 -0.150232010 -0.011891531 0.989749014 0.142321929 -0.005239075 -0.211762831 -0.141596332 0.967009306 -0.498260017
50483767 0.877040568 1.559716361 0.500000000 0.500000000 0.000000000 0.000000000 0.976174474 -0.020014027 0.216062114 -0.347178031 -0.013449205 0.988241911 0.152305722 0.306298992 -0.216569886 -0.151582837 0.964427412 -0.638230161
50550500 0.877040568 1.559716361 0.500000000 0.500000000 0.000000000 0.000000000 0.975215435 -0.021022214 0.220256612 -0.551617025 -0.015212370 0.986749828 0.161534399 0.628875957 -0.220733985 -0.160881460 0.961973846 -0.778213947
50617233 0.877040568 1.559716361 0.500000000 0.500000000 0.000000000 0.000000000 0.974271297 -0.022038754 0.224298283 -0.756258033 -0.017771441 0.984596610 0.173935696 0.954150924 -0.224676654 -0.173446670 0.958872557 -0.911661947
50683967 0.877040568 1.559716361 0.500000000 0.500000000 0.000000000 0.000000000 0.973307312 -0.021368256 0.228508621 -0.950770929 -0.022486201 0.981987178 0.187604710 1.264340131 -0.228401333 -0.187735334 0.955294847 -1.014879934
50750700 0.877040568 1.559716361 0.500000000 0.500000000 0.000000000 0.000000000 0.972590089 -0.022143548 0.231469691 -1.126530176 -0.025577297 0.979226768 0.201148435 1.594069926 -0.231115460 -0.201555327 0.951819897 -1.066259958
50817433 0.877040568 1.559716361 0.500000000 0.500000000 0.000000000 0.000000000 0.972240686 -0.023733808 0.232776150 -1.262110087 -0.027539061 0.976320624 0.214568362 1.885009927 -0.232356682 -0.215022519 0.948565066 -1.194319975
50884167 0.877040568 1.559716361 0.500000000 0.500000000 0.000000000 0.000000000 0.971334219 -0.024023222 0.236501053 -1.421130134 -0.031518459 0.973082185 0.228292957 2.169780067 -0.235619292 -0.229202911 0.944430828 -1.229070086
50950900 0.877040568 1.559716361 0.500000000 0.500000000 0.000000000 0.000000000 0.970515013 -0.023082979 0.239932910 -1.584540102 -0.036772810 0.969573498 0.242022514 2.424829759 -0.238219187 -0.243709475 0.940136790 -1.246129757
51017633 0.877040568 1.559716361 0.500000000 0.500000000 0.000000000 0.000000000 0.969710946 -0.023516303 0.243120745 -1.756839976 -0.040767953 0.965809643 0.256026775 2.648999896 -0.240829155 -0.258183509 0.935597479 -1.292220068
51084367 0.877040568 1.559716361 0.500000000 0.500000000 0.000000000 0.000000000 0.968578279 -0.022951074 0.247647509 -1.975019937 -0.046053909 0.961962044 0.269273251 2.869120001 -0.244407609 -0.272217363 0.930678546 -1.314039912
