https://www.youtube.com/watch?v=vJUHtF8Tag4
163329833 0.845421634 1.526455918 0.500000000 0.500000000 0.000000000 0.000000000 0.999795079 -0.003537116 0.019931026 2.218050055 0.003342290 0.999946415 0.009799856 -0.877782067 -0.019964620 -0.009731232 0.999753356 5.572400591
163396567 0.845421634 1.526455918 0.500000000 0.500000000 0.000000000 0.000000000 0.999701560 -0.004590460 0.023995215 2.193010215 0.004366090 0.999946356 0.009394681 -0.858941975 -0.024037054 -0.009287111 0.999667943 5.478610320
163463300 0.845421634 1.526455918 0.500000000 0.500000000 0.000000000 0.000000000 0.999580801 -0.005518216 0.028420696 2.173049836 0.005230836 0.999934554 0.010176093 -0.838591016 -0.028474988 -0.010023163 0.999544263 5.381979966
163530033 0.845421634 1.526455918 0.500000000 0.500000000 0.000000000 0.000000000 0.999425113 -0.005324913 0.033482026 2.153429955 0.004935875 0.999919474 0.011691264 -0.820246958 -0.033541586 -0.011519280 0.999370933 5.275849824
163596767 0.845421634 1.526455918 0.500000000 0.500000000 0.000000000 0.000000000 0.999242365 -0.002700809 0.038825952 2.127800056 0.002178116 0.999906540 0.013498466 -0.807642043 -0.038858779 -0.013403670 0.999154806 5.156959904
163663500 0.845421634 1.526455918 0.500000000 0.500000000 0.000000000 0.000000000 0.999038100 -0.000805762 0.043843761 2.087810224 0.000135772 0.999883235 0.015282142 -0.805030060 -0.043850951 -0.015261489 0.998921514 5.031760282
163730233 0.845421634 1.526455918 0.500000000 0.500000000 0.000000000 0.000000000 0.998861194 -0.000715590 0.047705282 2.035729784 -0.000086147 0.999858856 0.016801877 -0.804211083 -0.047710571 -0.016786853 0.998720109 4.897319671
163796967 0.845421634 1.526455918 0.500000000 0.500000000 0.000000000 0.000000000 0.998744786 -0.000417422 0.050086148 1.983869934 -0.000436865 0.999854624 0.017044209 -0.810560981 -0.050085984 -0.017044697 0.998599470 4.773769907
163863700 0.845421634 1.526455918 0.500000000 0.500000000 0.000000000 0.000000000 0.998655856 -0.000130672 0.051831231 1.919430053 -0.000711769 0.999867976 0.016234750 -0.818021026 -0.051826507 -0.016249819 0.998523891 4.636930009
163930433 0.845421634 1.526455918 0.500000000 0.500000000 0.000000000 0.000000000 0.998591542 -0.001719504 0.053028055 1.846629941 0.000905005 0.999881327 0.015379942 -0.814801972 -0.053048208 -0.015310288 0.998474598 4.480540029
163997167 0.845421634 1.526455918 0.500000000 0.500000000 0.000000000 0.000000000 0.998563766 -0.003731695 0.053446207 1.771680074 0.002932844 0.999882936 0.015017459 -0.801351007 -0.053495992 -0.014839141 0.998457789 4.312949743
164063900 0.845421634 1.526455918 0.500000000 0.500000000 0.000000000 0.000000000 0.998580694 -0.005276669 0.052997649 1.691650051 0.004445937 0.999865592 0.015780546 -0.781959035 -0.053073794 -0.015522525 0.998469949 4.139290060
164130633 0.845421634 1.526455918 0.500000000 0.500000000 0.000000000 0.000000000 0.998618066 -0.006798835 0.052112654 1.609569960 0.005921836 0.999838531 0.016964881 -0.757393961 -0.052219585 -0.016632834 0.998497128 3.951060179
164197367 0.845421634 1.526455918 0.500000000 0.500000000 0.000000000 0.000000000 0.998686612 -0.007837251 0.050632797 1.540950098 0.006893707 0.999799848 0.018782860 -0.717211053 -0.050769866 -0.018409142 0.998540699 3.766030091
164264100 0.845421634 1.526455918 0.500000000 0.500000000 0.000000000 0.000000000 0.998727441 -0.007795045 0.049827635 1.448970034 0.006755220 0.999756575 0.021002913 -0.686765956 -0.049979225 -0.020639589 0.998536944 3.560499593
164330833 0.845421634 1.526455918 0.500000000 0.500000000 0.000000000 0.000000000 0.998784304 -0.009061959 0.048453480 1.368009904 0.007975787 0.999713600 0.022563335 -0.647825042 -0.048644073 -0.022149451 0.998570561 3.340629966
164397567 0.845421634 1.526455918 0.500000000 0.500000000 0.000000000 0.000000000 0.998808920 -0.011674010 0.047376055 1.280090017 0.010527750 0.999647498 0.024372751 -0.606869980 -0.047643881 -0.023844955 0.998579741 3.114530256
164464300 0.845421634 1.526455918 0.500000000 0.500000000 0.000000000 0.000000000 0.998828113 -0.014950120 0.046031997 1.202400041 0.013794853 0.999584377 0.025313264 -0.547296028 -0.046391301 -0.024648594 0.998619199 2.879380061
164531033 0.845421634 1.526455918 0.500000000 0.500000000 0.000000000 0.000000000 0.998833239 -0.017492691 0.045012839 1.125640033 0.016265182 0.999489665 0.027493497 -0.485731002 -0.045470804 -0.026729276 0.998607993 2.638239998
164597767 0.845421634 1.526455918 0.500000000 0.500000000 0.000000000 0.000000000 0.998852074 -0.018798478 0.044058789 1.045089959 0.017477959 0.999392033 0.030167695 -0.437275006 -0.044599112 -0.029363006 0.998573363 2.397099975
164664500 0.845421634 1.526455918 0.500000000 0.500000000 0.000000000 0.000000000 0.998871028 -0.019531501 0.043303639 0.967337031 0.018174617 0.999338210 0.031509563 -0.384222003 -0.043890409 -0.030686963 0.998564959 2.159140140
164731233 0.845421634 1.526455918 0.500000000 0.500000000 0.000000000 0.000000000 0.998883426 -0.019126477 0.043198377 0.900005985 0.017748943 0.999328673 0.032050032 -0.336236011 -0.043782383 -0.031247521 0.998552322 1.923440070
164797967 0.845421634 1.526455918 0.500000000 0.500000000 0.000000000 0.000000000 0.998887479 -0.017164379 0.043922860 0.827938045 0.015759673 0.999359429 0.032130137 -0.282417007 -0.044446219 -0.031402186 0.998518109 1.689779908
164864700 0.845421634 1.526455918 0.500000000 0.500000000 0.000000000 0.000000000 0.998903990 -0.014423287 0.044527896 0.748190972 0.013005723 0.999404430 0.031962637 -0.229679992 -0.044962384 -0.031348493 0.998496711 1.464850128
164931433 0.845421634 1.526455918 0.500000000 0.500000000 0.000000000 0.000000000 0.998974860 -0.010922579 0.043931227 0.665186961 0.009525968 0.999446452 0.031875484 -0.189023999 -0.044255074 -0.031424321 0.998525918 1.233490010
164998167 0.845421634 1.526455918 0.500000000 0.500000000 0.000000000 0.000000000 0.999088764 -0.005764258 0.042289980 0.584597041 0.004429192 0.999490917 0.031595364 -0.132642975 -0.042450577 -0.031379260 0.998605669 1.016319986
165064900 0.845421634 1.526455918 0.500000000 0.500000000 0.000000000 0.000000000 0.999201655 -0.000557460 0.039946239 0.501338989 -0.000746977 0.999467134 0.032632437 -0.089060995 -0.039943147 -0.032636221 0.998668849 0.810052041
165131633 0.845421634 1.526455918 0.500000000 0.500000000 0.000000000 0.000000000 0.999315977 0.003665946 0.036799390 0.426613004 -0.004952661 0.999377310 0.034935676 -0.047396811 -0.036648404 -0.035094030 0.998711824 0.619417018
165198367 0.845421634 1.526455918 0.500000000 0.500000000 0.000000000 0.000000000 0.999439418 0.007039491 0.032730240 0.363036965 -0.008287821 0.999237180 0.038162056 -0.011957802 -0.032436635 -0.038411926 0.998735368 0.446587959
165265100 0.845421634 1.526455918 0.500000000 0.500000000 0.000000000 0.000000000 0.999549568 0.009283752 0.028538162 0.299258997 -0.010477946 0.999063313 0.041984830 0.003528200 -0.028121652 -0.042264942 0.998710573 0.287926991
165331833 0.845421634 1.526455918 0.500000000 0.500000000 0.000000000 0.000000000 0.999629140 0.011999188 0.024446212 0.254601998 -0.013066547 0.998946965 0.043980207 0.012751800 -0.023892742 -0.044283327 0.998733282 0.163717003
165398567 0.845421634 1.526455918 0.500000000 0.500000000 0.000000000 0.000000000 0.999647737 0.015051750 0.021859253 0.213703006 -0.015992014 0.998925567 0.043496590 0.023527898 -0.021181067 -0.043830846 0.998814404 0.047288097
165465300 0.845421634 1.526455918 0.500000000 0.500000000 0.000000000 0.000000000 0.999632776 0.017329624 0.020833597 0.169244008 -0.018180477 0.998978496 0.041369613 0.037294206 -0.020095393 -0.041733187 0.998926699 -0.090658204
165532033 0.845421634 1.526455918 0.500000000 0.500000000 0.000000000 0.000000000 0.999588847 0.019814735 0.020724231 0.118841997 -0.020617610 0.999015808 0.039272863 0.059165404 -0.019925652 -0.039684001 0.999013603 -0.232162006
165598767 0.845421634 1.526455918 0.500000000 0.500000000 0.000000000 0.000000000 0.999497712 0.023811134 0.020912545 0.069284498 -0.024594305 0.998973966 0.038027354 0.081714903 -0.019985614 -0.038522586 0.999057829 -0.366509974
165665500 0.845421634 1.526455918 0.500000000 0.500000000 0.000000000 0.000000000 0.999416530 0.026584527 0.021445010 0.023514102 -0.027374784 0.998923898 0.037439570 0.094930707 -0.020426620 -0.038004778 0.999068737 -0.500273969
165732233 0.845421634 1.526455918 0.500000000 0.500000000 0.000000000 0.000000000 0.999337733 0.028453525 0.022682834 -0.033420704 -0.029278897 0.998888969 0.036926337 0.106343003 -0.021606948 -0.037566006 0.999060512 -0.623228988
165798967 0.845421634 1.526455918 0.500000000 0.500000000 0.000000000 0.000000000 0.999219894 0.030887555 0.024607882 -0.074749195 -0.031767357 0.998839438 0.036202610 0.115716004 -0.023461115 -0.036956094 0.999041438 -0.750141952
165865700 0.845421634 1.526455918 0.500000000 0.500000000 0.000000000 0.000000000 0.999014616 0.033927318 0.028613640 -0.130276000 -0.034926716 0.998770416 0.035182353 0.134187998 -0.027384812 -0.036147069 0.998971224 -0.879970079
165932433 0.845421634 1.526455918 0.500000000 0.500000000 0.000000000 0.000000000 0.998802781 0.035042360 0.034132291 -0.195679992 -0.036228724 0.998738050 0.034782797 0.146011016 -0.032870349 -0.035977721 0.998811841 -1.016139966
165999167 0.845421634 1.526455918 0.500000000 0.500000000 0.000000000 0.000000000 0.998577952 0.034641724 0.040522538 -0.272766022 -0.036041874 0.998759866 0.034347717 0.156832011 -0.039282419 -0.035759378 0.998588085 -1.164170110
166065900 0.845421634 1.526455918 0.500000000 0.500000000 0.000000000 0.000000000 0.998278797 0.034819175 0.047191236 -0.354887962 -0.036451180 0.998750925 0.034174867 0.162168995 -0.045942347 -0.035836220 0.998301089 -1.320179938
166132633 0.845421634 1.526455918 0.500000000 0.500000000 0.000000000 0.000000000 0.997943342 0.034674905 0.053913888 -0.439918005 -0.036525719 0.998763263 0.033731189 0.167683999 -0.052677583 -0.035631057 0.997975707 -1.474029986
166199367 0.845421634 1.526455918 0.500000000 0.500000000 0.000000000 0.000000000 0.997572660 0.033084821 0.061271600 -0.542101980 -0.035168882 0.998827994 0.033253055 0.180969979 -0.060099617 -0.035327192 0.997567058 -1.626639938
166266100 0.845421634 1.526455918 0.500000000 0.500000000 0.000000000 0.000000000 0.997187436 0.029380022 0.068949714 -0.654196026 -0.031721599 0.998948038 0.033114906 0.195001036 -0.067904264 -0.035208967 0.997070372 -1.780240085
166332833 0.845421634 1.526455918 0.500000000 0.500000000 0.000000000 0.000000000 0.996726215 0.024604069 0.077016503 -0.774777017 -0.027252885 0.999065995 0.033532776 0.226648005 -0.076119527 -0.035521917 0.996465743 -1.931839800
166399567 0.845421634 1.526455918 0.500000000 0.500000000 0.000000000 0.000000000 0.996121287 0.021034840 0.085439309 -0.890501025 -0.024114702 0.999090135 0.035176620 0.248294994 -0.084621638 -0.037100524 0.995722234 -2.081590171
166466300 0.845421634 1.526455918 0.500000000 0.500000000 0.000000000 0.000000000 0.995340049 0.018048180 0.094723001 -1.028249991 -0.021574417 0.999106705 0.036335655 0.278277969 -0.093982592 -0.038209923 0.994840324 -2.218860035
166533033 0.845421634 1.526455918 0.500000000 0.500000000 0.000000000 0.000000000 0.994492829 0.014606548 0.103781700 -1.171169981 -0.018595954 0.999120653 0.037577339 0.295923991 -0.103141561 -0.039300315 0.993889987 -2.361309968
166599767 0.845421634 1.526455918 0.500000000 0.500000000 0.000000000 0.000000000 0.993579209 0.013106862 0.112376660 -1.320809891 -0.017532416 0.999105394 0.038484041 0.330544012 -0.111771718 -0.040207181 0.992920160 -2.524410128
166666500 0.845421634 1.526455918 0.500000000 0.500000000 0.000000000 0.000000000 0.992767632 0.012705516 0.119377516 -1.465780023 -0.017639739 0.999029160 0.040367573 0.372747956 -0.118748732 -0.042181410 0.992027938 -2.676000070
166733233 0.845421634 1.526455918 0.500000000 0.500000000 0.000000000 0.000000000 0.992030799 0.009469197 0.125639319 -1.617440018 -0.015108933 0.998916745 0.044011574 0.397490037 -0.125086457 -0.045559112 0.991099238 -2.811559768
166799967 0.845421634 1.526455918 0.500000000 0.500000000 0.000000000 0.000000000 0.991379976 0.004797688 0.130930156 -1.754149991 -0.011271676 0.998747408 0.048749939 0.419761980 -0.130532265 -0.049805515 0.990192294 -2.936170185
166866700 0.845421634 1.526455918 0.500000000 0.500000000 0.000000000 0.000000000 0.990766406 0.001989123 0.135565400 -1.865970098 -0.009241782 0.998557508 0.052890990 0.423618013 -0.135264635 -0.053655479 0.989355624 -3.054419815
166933433 0.845421634 1.526455918 0.500000000 0.500000000 0.000000000 0.000000000 0.990139067 0.001229227 0.140082419 -1.986060026 -0.009094302 0.998416185 0.055519767 0.441015973 -0.139792293 -0.056246243 0.988582075 -3.159730161
167000167 0.845421634 1.526455918 0.500000000 0.500000000 0.000000000 0.000000000 0.989534318 0.001145907 0.144293413 -2.105060265 -0.009468220 0.998329103 0.057002887 0.457606953 -0.143986985 -0.057772510 0.987891734 -3.264189957
167066900 0.845421634 1.526455918 0.500000000 0.500000000 0.000000000 0.000000000 0.988896787 0.001442603 0.148596868 -2.203939846 -0.010128022 0.998282015 0.057709482 0.480620957 -0.148258343 -0.058573712 0.987212539 -3.366049954
167133633 0.845421634 1.526455918 0.500000000 0.500000000 0.000000000 0.000000000 0.988221705 0.001153608 0.153024614 -2.310100002 -0.010257445 0.998221993 0.058716491 0.479438036 -0.152684808 -0.059594549 0.986476481 -3.457550123
167200367 0.845421634 1.526455918 0.500000000 0.500000000 0.000000000 0.000000000 0.987564266 0.001374216 0.157209799 -2.391959752 -0.010684997 0.998236358 0.058395341 0.496806037 -0.156852290 -0.059348941 0.985837221 -3.548129690
167267100 0.845421634 1.526455918 0.500000000 0.500000000 0.000000000 0.000000000 0.986823142 0.001200834 0.161798239 -2.496169981 -0.010773980 0.998240829 0.058302853 0.507122037 -0.161443591 -0.059277814 0.985100091 -3.633390033
167333833 0.845421634 1.526455918 0.500000000 0.500000000 0.000000000 0.000000000 0.986197948 -0.000611174 0.165569410 -2.571840064 -0.009109741 0.998278141 0.057946302 0.506617006 -0.165319726 -0.058654815 0.984494269 -3.709860138
167400567 0.845421634 1.526455918 0.500000000 0.500000000 0.000000000 0.000000000 0.985463202 -0.001709027 0.169880271 -2.641609559 -0.008047918 0.998357177 0.056729034 0.514706053 -0.169698149 -0.057271563 0.983830512 -3.786099782
167467300 0.845421634 1.526455918 0.500000000 0.500000000 0.000000000 0.000000000 0.984709084 -0.001347646 0.174201652 -2.707320033 -0.008360866 0.998452127 0.054985594 0.529845987 -0.174006119 -0.055601288 0.983173609 -3.860899661
167534033 0.845421634 1.526455918 0.500000000 0.500000000 0.000000000 0.000000000 0.983867466 -0.001071763 0.178895697 -2.777309904 -0.008590138 0.998545587 0.053225163 0.533881041 -0.178692564 -0.053903248 0.982427299 -3.936309927
167600767 0.845421634 1.526455918 0.500000000 0.500000000 0.000000000 0.000000000 0.982901216 -0.001600404 0.184126735 -2.836299900 -0.008002311 0.998646200 0.051397804 0.542604080 -0.183959723 -0.051992405 0.981557727 -4.002130020
167667500 0.845421634 1.526455918 0.500000000 0.500000000 0.000000000 0.000000000 0.981826246 -0.001933488 0.189772174 -2.895370025 -0.007588470 0.998748481 0.049436275 0.558066026 -0.189630255 -0.049977910 0.980582774 -4.065899915
167734233 0.845421634 1.526455918 0.500000000 0.500000000 0.000000000 0.000000000 0.980507970 -0.001314525 0.196475118 -2.950800230 -0.008043814 0.998870671 0.046825621 0.576762914 -0.196314782 -0.047493305 0.979390085 -4.122940433
167800967 0.845421634 1.526455918 0.500000000 0.500000000 0.000000000 0.000000000 0.979006946 0.000546251 0.203826144 -3.002790120 -0.009721937 0.998983383 0.044018652 0.590890955 -0.203594878 -0.045076150 0.978017032 -4.178500531
167867700 0.845421634 1.526455918 0.500000000 0.500000000 0.000000000 0.000000000 0.977315605 0.000810659 0.211786568 -3.056459829 -0.009682214 0.999118149 0.040855490 0.600934896 -0.211566687 -0.041979268 0.976461649 -4.224289989
