https://www.youtube.com/watch?v=3sTY7DqkgsM
110810700 0.861829708 1.547484330 0.500000000 0.500000000 0.000000000 0.000000000 0.914736569 0.000369407 -0.404050797 3.696420857 -0.130450755 0.946717262 -0.294464082 2.224810620 0.382413119 0.322065741 0.866045058 -3.482170702
110844067 0.861829708 1.547484330 0.500000000 0.500000000 0.000000000 0.000000000 0.915828466 0.001448423 -0.401566863 3.504769155 -0.132789403 0.944830537 -0.299436271 2.104949189 0.378978908 0.327556133 0.865495086 -3.351249103
110877433 0.861829708 1.547484330 0.500000000 0.500000000 0.000000000 0.000000000 0.916551888 0.001707807 -0.399912238 3.269300285 -0.134330660 0.943204761 -0.303842276 2.004900199 0.376680195 0.332207650 0.864725471 -3.147090091
110910800 0.861829708 1.547484330 0.500000000 0.500000000 0.000000000 0.000000000 0.916886449 0.002391934 -0.399141014 3.000810133 -0.135444507 0.942513525 -0.305488199 1.913820279 0.375465095 0.334159464 0.864501894 -2.979040307
110944167 0.861829708 1.547484330 0.500000000 0.500000000 0.000000000 0.000000000 0.917363644 0.002950281 -0.398039401 2.733870592 -0.135942429 0.942170501 -0.306324184 1.752870572 0.374117255 0.335121095 0.864714026 -2.765150761
110977533 0.861829708 1.547484330 0.500000000 0.500000000 0.000000000 0.000000000 0.917034447 0.002728045 -0.398798823 2.461730292 -0.136832550 0.941427767 -0.308205515 1.511560319 0.374599516 0.337203711 0.863695025 -2.547520457
111010900 0.861829708 1.547484330 0.500000000 0.500000000 0.000000000 0.000000000 0.916994333 0.002915025 -0.398889482 2.154749853 -0.138610184 0.939990580 -0.311776966 1.387739646 0.374043465 0.341187865 0.862370014 -2.325999289
111044267 0.861829708 1.547484330 0.500000000 0.500000000 0.000000000 0.000000000 0.917598605 0.003686085 -0.397491038 1.836419786 -0.139381856 0.939454019 -0.313047588 1.207819795 0.372270644 0.342655063 0.862555444 -2.142599615
111077633 0.861829708 1.547484330 0.500000000 0.500000000 0.000000000 0.000000000 0.918690979 0.004715286 -0.394948781 1.501339822 -0.139794290 0.939086914 -0.313963652 1.034689611 0.369410813 0.343647182 0.863389850 -1.890839678
111111000 0.861829708 1.547484330 0.500000000 0.500000000 0.000000000 0.000000000 0.919738710 0.005420022 -0.392493844 1.149800104 -0.139701128 0.938955426 -0.314398438 0.842180231 0.366830170 0.343996197 0.864350855 -1.630370236
111144367 0.861829708 1.547484330 0.500000000 0.500000000 0.000000000 0.000000000 0.920619965 0.006465070 -0.390406281 0.798576064 -0.139894247 0.938947260 -0.314336777 0.649480011 0.364538699 0.344000280 0.865318060 -1.346390102
111177733 0.861829708 1.547484330 0.500000000 0.500000000 0.000000000 0.000000000 0.921578288 0.007562026 -0.388118923 0.431226009 -0.140042752 0.938959718 -0.314233452 0.472165998 0.362051785 0.343943983 0.866383910 -1.011240023
111211100 0.861829708 1.547484330 0.500000000 0.500000000 0.000000000 0.000000000 0.922561467 0.008757025 -0.385750622 0.083548882 -0.139963686 0.939244986 -0.313415021 0.249241978 0.359569758 0.343135744 0.867736936 -0.699474969
111244467 0.861829708 1.547484330 0.500000000 0.500000000 0.000000000 0.000000000 0.923390210 0.009893805 -0.383735180 -0.232120037 -0.139971837 0.939517379 -0.312593967 0.032013480 0.357433140 0.342358321 0.868926048 -0.329866042
111277833 0.861829708 1.547484330 0.500000000 0.500000000 0.000000000 0.000000000 0.924312413 0.011240304 -0.381471217 -0.555904008 -0.139973491 0.939892292 -0.311464131 -0.188786038 0.355040908 0.341286004 0.870327473 0.029708815
111344567 0.861829708 1.547484330 0.500000000 0.500000000 0.000000000 0.000000000 0.926267743 0.014120884 -0.376601696 -1.148410290 -0.139887929 0.940788627 -0.308785141 -0.672253299 0.349942267 0.338699698 0.873397470 0.796922247
111377933 0.861829708 1.547484330 0.500000000 0.500000000 0.000000000 0.000000000 0.927715838 0.016558941 -0.372919858 -1.403600089 -0.140334740 0.941201925 -0.307319343 -0.898797092 0.345903993 0.337438643 0.875491679 1.191000081
111411300 0.861829708 1.547484330 0.500000000 0.500000000 0.000000000 0.000000000 0.929838836 0.019731332 -0.367437601 -1.659189973 -0.140866280 0.941580236 -0.305913836 -1.100259856 0.339935899 0.336210161 0.878297329 1.629319925
111444667 0.861829708 1.547484330 0.500000000 0.500000000 0.000000000 0.000000000 0.932283461 0.023332477 -0.360975116 -1.891979737 -0.141330868 0.942092240 -0.304118007 -1.306939864 0.332976013 0.334541112 0.881594658 2.080819894
111478033 0.861829708 1.547484330 0.500000000 0.500000000 0.000000000 0.000000000 0.934998333 0.026866138 -0.353633195 -2.150140385 -0.141384676 0.942701399 -0.302199453 -1.539490438 0.325251609 0.332554251 0.885222673 2.520570427
111511400 0.861829708 1.547484330 0.500000000 0.500000000 0.000000000 0.000000000 0.937443912 0.030927051 -0.346760005 -2.381300121 -0.142119139 0.943267345 -0.300081521 -1.754210213 0.317806751 0.330590814 0.888655543 2.978880357
111544767 0.861829708 1.547484330 0.500000000 0.500000000 0.000000000 0.000000000 0.939892054 0.034715183 -0.339702368 -2.576359613 -0.142396390 0.944039941 -0.297509253 -1.990619384 0.310364485 0.327998996 0.892238915 3.467879269
111578133 0.861829708 1.547484330 0.500000000 0.500000000 0.000000000 0.000000000 0.942429066 0.039288491 -0.332090169 -2.768500140 -0.143324986 0.944694757 -0.294974178 -2.170190476 0.302134782 0.325589031 0.895938873 4.007130617
111611500 0.861829708 1.547484330 0.500000000 0.500000000 0.000000000 0.000000000 0.944941044 0.042545013 -0.324463159 -3.004890263 -0.142770618 0.945769906 -0.291780561 -2.426230221 0.294453651 0.322039217 0.899770975 4.540330015
111644867 0.861829708 1.547484330 0.500000000 0.500000000 0.000000000 0.000000000 0.946060061 0.045272537 -0.320812762 -3.200720215 -0.142909169 0.946968734 -0.287797242 -2.635570331 0.290770352 0.318120569 0.902359128 5.064190295
