https://www.youtube.com/watch?v=UGGY1quKq1M
78240000 0.761707425 1.358326063 0.500000000 0.500000000 0.000000000 0.000000000 0.855925202 0.032798976 0.516058445 -1.378380096 -0.036531791 0.999328196 -0.002923044 -0.087669413 -0.515807629 -0.016350627 0.856548429 -2.965680063
78320000 0.761707425 1.358326063 0.500000000 0.500000000 0.000000000 0.000000000 0.830261827 0.035163723 0.556263447 -1.669010556 -0.038454384 0.999243677 -0.005770504 -0.048437643 -0.556045651 -0.016599722 0.830986142 -2.513130689
78400000 0.761707425 1.358326063 0.500000000 0.500000000 0.000000000 0.000000000 0.803975344 0.036260519 0.593555868 -1.858329436 -0.039700847 0.999185205 -0.007265487 0.007331027 -0.593335688 -0.017723415 0.804759860 -1.996419734
78480000 0.761707425 1.358326063 0.500000000 0.500000000 0.000000000 0.000000000 0.776865602 0.037632324 0.628540576 -1.946709112 -0.042017847 0.999085724 -0.007884454 0.072533137 -0.628262699 -0.020284787 0.777736545 -1.522489224
78560000 0.761707425 1.358326063 0.500000000 0.500000000 0.000000000 0.000000000 0.749025822 0.039057232 0.661388814 -1.911320570 -0.043939024 0.998991549 -0.009232659 0.139446977 -0.661082447 -0.022145256 0.749986649 -1.083660418
78640000 0.761707425 1.358326063 0.500000000 0.500000000 0.000000000 0.000000000 0.720773757 0.040545113 0.691983402 -1.767899542 -0.045618534 0.998898268 -0.011011539 0.191786037 -0.691667497 -0.023630453 0.721829295 -0.671638955
78720000 0.761707425 1.358326063 0.500000000 0.500000000 0.000000000 0.000000000 0.691844702 0.041747641 0.720838726 -1.569680638 -0.047671374 0.998789907 -0.012091372 0.197131998 -0.720471203 -0.025997993 0.692997694 -0.322455100
78800000 0.761707425 1.358326063 0.500000000 0.500000000 0.000000000 0.000000000 0.663112640 0.043224141 0.747270823 -1.295780435 -0.049257919 0.998687208 -0.014056276 0.172822987 -0.746897340 -0.027488086 0.664371192 -0.022864191
78880000 0.761707425 1.358326063 0.500000000 0.500000000 0.000000000 0.000000000 0.634992242 0.044512335 0.771235466 -0.971707586 -0.050335426 0.998601139 -0.016191496 0.119384004 -0.770877361 -0.028538952 0.636344492 0.261255214
78960000 0.761707425 1.358326063 0.500000000 0.500000000 0.000000000 0.000000000 0.606727719 0.045840900 0.793586552 -0.585003684 -0.051310133 0.998512328 -0.018449688 0.063215684 -0.793251693 -0.029525125 0.608177245 0.558352727
79040000 0.761707425 1.358326063 0.500000000 0.500000000 0.000000000 0.000000000 0.577980399 0.046648424 0.814716041 -0.192059900 -0.053115938 0.998398244 -0.019483767 0.028267178 -0.814319909 -0.032013193 0.579532385 0.797868643
79120000 0.761707425 1.358326063 0.500000000 0.500000000 0.000000000 0.000000000 0.549904823 0.047399949 0.833881557 0.245691218 -0.054113183 0.998312652 -0.021061582 -0.005231647 -0.833472788 -0.033542082 0.551541924 1.006210413
79200000 0.761707425 1.358326063 0.500000000 0.500000000 0.000000000 0.000000000 0.522922933 0.048634510 0.850991309 0.729764936 -0.055214573 0.998206794 -0.023119316 -0.037569310 -0.850589693 -0.034897506 0.524670601 1.226399848
79280000 0.761707425 1.358326063 0.500000000 0.500000000 0.000000000 0.000000000 0.496896207 0.049136039 0.866417646 1.287089658 -0.055969026 0.998131692 -0.024507172 -0.074480439 -0.866003036 -0.036315050 0.498717904 1.471209372
79360000 0.761707425 1.358326063 0.500000000 0.500000000 0.000000000 0.000000000 0.471439421 0.050120011 0.880473137 1.894130207 -0.056775726 0.998037517 -0.026412316 -0.103192985 -0.880069017 -0.037537687 0.473359823 1.731710050
79440000 0.761707425 1.358326063 0.500000000 0.500000000 0.000000000 0.000000000 0.446002662 0.050571702 0.893601358 2.527288241 -0.056968771 0.997981966 -0.028045420 -0.124695090 -0.893216312 -0.038399082 0.447983623 2.005978482
79520000 0.761707425 1.358326063 0.500000000 0.500000000 0.000000000 0.000000000 0.419959426 0.050939288 0.906111896 3.152848186 -0.057575744 0.997907698 -0.029414952 -0.159043076 -0.905714452 -0.039817013 0.422013581 2.255378687
79600000 0.761707425 1.358326063 0.500000000 0.500000000 0.000000000 0.000000000 0.392806709 0.051315226 0.918188035 3.764838606 -0.058112018 0.997831583 -0.030905610 -0.159337051 -0.917782962 -0.041217852 0.394936979 2.454699090
79680000 0.761707425 1.358326063 0.500000000 0.500000000 0.000000000 0.000000000 0.365173638 0.051665768 0.929504454 4.334368386 -0.058734946 0.997748196 -0.032383893 -0.169516996 -0.929084599 -0.042768668 0.367385924 2.588959083
