https://www.youtube.com/watch?v=Jms7BaCxxC4
2100000 0.924302451 1.652810325 0.500000000 0.500000000 0.000000000 0.000000000 0.996589839 -0.024752416 0.078714810 -5.457150197 0.030801598 0.996586919 -0.076588266 -1.067370018 -0.076550402 0.078751631 0.993950844 -0.368893029
2166667 0.924302451 1.652810325 0.500000000 0.500000000 0.000000000 0.000000000 0.996133327 -0.017995082 0.085991710 -4.699590202 0.025828708 0.995527565 -0.090871893 -0.986586008 -0.083971873 0.092741571 0.992142975 0.345895989
2233333 0.924302451 1.652810325 0.500000000 0.500000000 0.000000000 0.000000000 0.995247304 -0.007070998 0.097122893 -3.958050253 0.018572794 0.992835402 -0.118037939 -1.034070005 -0.095592394 0.119280785 0.988248050 1.017019989
2300000 0.924302451 1.652810325 0.500000000 0.500000000 0.000000000 0.000000000 0.994842589 0.008085236 0.101108074 -3.293309895 0.009557933 0.984909892 -0.172803774 -1.173810025 -0.100979507 0.172878936 0.979753017 1.229989959
2366667 0.924302451 1.652810325 0.500000000 0.500000000 0.000000000 0.000000000 0.994245708 0.018213630 0.105563752 -2.607739911 0.004338634 0.977784693 -0.209566936 -1.335450193 -0.107035600 0.208819047 0.972079217 1.491980110
2433333 0.924302451 1.652810325 0.500000000 0.500000000 0.000000000 0.000000000 0.993168652 0.018516326 0.115209132 -2.008249963 0.009124927 0.971981943 -0.234878212 -1.495539898 -0.116330281 0.234324962 0.965173066 1.628139876
2500000 0.924302451 1.652810325 0.500000000 0.500000000 0.000000000 0.000000000 0.992088377 0.015497919 0.124581054 -1.508569950 0.016567506 0.967509270 -0.252292126 -1.547299944 -0.124443322 0.252360076 0.959597945 1.600989890
2566667 0.924302451 1.652810325 0.500000000 0.500000000 0.000000000 0.000000000 0.990853965 0.012288097 0.134378031 -1.047330057 0.023981359 0.963956237 -0.264977694 -1.568910008 -0.132790610 0.265776753 0.954845190 1.625539978
2633333 0.924302451 1.652810325 0.500000000 0.500000000 0.000000000 0.000000000 0.989535272 0.007105529 0.144115925 -0.676496056 0.032931443 0.961304784 -0.273511648 -1.498869990 -0.140482783 0.275395393 0.951011002 1.414319837
2700000 0.924302451 1.652810325 0.500000000 0.500000000 0.000000000 0.000000000 0.988171756 0.001077507 0.153347254 -0.328364025 0.042361934 0.959146500 -0.279720366 -1.404979945 -0.147383869 0.282907844 0.947755814 1.272509884
2766667 0.924302451 1.652810325 0.500000000 0.500000000 0.000000000 0.000000000 0.986788392 -0.005195331 0.161931261 -0.027631453 0.051575739 0.957562387 -0.283574194 -1.207290233 -0.153586015 0.288179427 0.945179343 0.941993975
2833333 0.924302451 1.652810325 0.500000000 0.500000000 0.000000000 0.000000000 0.985232294 -0.011205578 0.170855895 0.268408975 0.060251065 0.956724882 -0.284687996 -0.932416949 -0.160271987 0.290778041 0.943271399 0.639728977
2900000 0.924302451 1.652810325 0.500000000 0.500000000 0.000000000 0.000000000 0.983580887 -0.019026754 0.179461896 0.584644982 0.068312205 0.959684074 -0.272653520 -0.565227014 -0.167039007 0.280436218 0.945226669 0.233079972
2966667 0.924302451 1.652810325 0.500000000 0.500000000 0.000000000 0.000000000 0.981254220 -0.025375098 0.191039890 0.889823015 0.073581010 0.965525270 -0.249693528 -0.077246835 -0.178117841 0.259069741 0.949292898 -0.178032026
3033333 0.924302451 1.652810325 0.500000000 0.500000000 0.000000000 0.000000000 0.979367614 -0.026491048 0.200343013 1.198220110 0.073467791 0.970210671 -0.230854318 0.535937015 -0.188259363 0.240809992 0.952139139 -0.799296993
3100000 0.924302451 1.652810325 0.500000000 0.500000000 0.000000000 0.000000000 0.976425290 -0.027485937 0.214098468 1.531189951 0.073233269 0.975214124 -0.208792269 1.184319908 -0.203052983 0.219549179 0.954236627 -1.253499930
3166667 0.924302451 1.652810325 0.500000000 0.500000000 0.000000000 0.000000000 0.973315239 -0.026575586 0.227927908 1.871229815 0.071085356 0.979329705 -0.189367786 1.867769924 -0.218184009 0.200516894 0.955085695 -1.883799898
3300000 0.924302451 1.652810325 0.500000000 0.500000000 0.000000000 0.000000000 0.966883540 -0.022731125 0.254203528 2.437169944 0.064085580 0.985737741 -0.155608922 3.135150070 -0.247040838 0.166746497 0.954550326 -3.272069395
3366667 0.924302451 1.652810325 0.500000000 0.500000000 0.000000000 0.000000000 0.963560939 -0.020778025 0.266680598 2.631940052 0.059859648 0.988443613 -0.139269665 3.695060016 -0.260704994 0.150158212 0.953669429 -3.950729690
3433333 0.924302451 1.652810325 0.500000000 0.500000000 0.000000000 0.000000000 0.960115969 -0.022467857 0.278697968 2.788710110 0.058412112 0.990889907 -0.121347353 4.211189979 -0.273432612 0.132786855 0.952681661 -4.615510750
3500000 0.924302451 1.652810325 0.500000000 0.500000000 0.000000000 0.000000000 0.956445694 -0.025772378 0.290770501 2.942269802 0.058268212 0.992904663 -0.103658691 4.605619709 -0.286035866 0.116086572 0.951161146 -5.212380632
