https://www.youtube.com/watch?v=Bjo10I9ML2k
37933333 0.928382821 1.653607951 0.500000000 0.500000000 0.000000000 0.000000000 0.999539852 -0.016739484 -0.025295716 -6.589289873 0.016756464 0.999859512 0.000459477 0.443312045 0.025284469 -0.000883132 0.999679923 1.353190083
38000000 0.928382821 1.653607951 0.500000000 0.500000000 0.000000000 0.000000000 0.999566853 -0.018088100 -0.023214875 -6.387700098 0.018086514 0.999836385 -0.000278285 0.438515036 0.023216112 -0.000141712 0.999730468 1.298410021
38066667 0.928382821 1.653607951 0.500000000 0.500000000 0.000000000 0.000000000 0.999616265 -0.019281350 -0.019887028 -6.185939682 0.019260947 0.999813735 -0.001217104 0.424976984 0.019906791 0.000833594 0.999801517 1.286380066
38133333 0.928382821 1.653607951 0.500000000 0.500000000 0.000000000 0.000000000 0.999651432 -0.020787459 -0.016276678 -5.970330586 0.020755686 0.999782324 -0.002118479 0.393357032 0.016317172 0.001779906 0.999865294 1.263750044
38200000 0.928382821 1.653607951 0.500000000 0.500000000 0.000000000 0.000000000 0.999678075 -0.022274010 -0.012150821 -5.751640077 0.022247985 0.999749899 -0.002272818 0.355161002 0.012198406 0.002001755 0.999923587 1.249640041
38266667 0.928382821 1.653607951 0.500000000 0.500000000 0.000000000 0.000000000 0.999686837 -0.024011679 -0.007049304 -5.526930053 0.023988079 0.999706388 -0.003413658 0.318723957 0.007129202 0.003243489 0.999969304 1.181750074
38333333 0.928382821 1.653607951 0.500000000 0.500000000 0.000000000 0.000000000 0.999680042 -0.025235133 -0.001729248 -5.300190171 0.025227929 0.999673426 -0.004068011 0.293354975 0.001831340 0.004023084 0.999990225 1.145299919
38400000 0.928382821 1.653607951 0.500000000 0.500000000 0.000000000 0.000000000 0.999639988 -0.026562938 0.003787318 -5.068409886 0.026579371 0.999637187 -0.004356046 0.280429963 -0.003670235 0.004455143 0.999983311 1.064509964
38466667 0.928382821 1.653607951 0.500000000 0.500000000 0.000000000 0.000000000 0.999598086 -0.027087541 0.008359466 -4.835179706 0.027119732 0.999625087 -0.003761648 0.280819976 -0.008254439 0.003986842 0.999957979 1.004259970
38533333 0.928382821 1.653607951 0.500000000 0.500000000 0.000000000 0.000000000 0.999546170 -0.026713347 0.013921887 -4.618750106 0.026774446 0.999632597 -0.004220951 0.305242020 -0.013804017 0.004591786 0.999894202 0.975744041
38600000 0.928382821 1.653607951 0.500000000 0.500000000 0.000000000 0.000000000 0.999500096 -0.025704354 0.018407194 -4.396730252 0.025787856 0.999658108 -0.004313355 0.337616970 -0.018290030 0.004785881 0.999821246 0.925679934
38666667 0.928382821 1.653607951 0.500000000 0.500000000 0.000000000 0.000000000 0.999449432 -0.024174685 0.022724781 -4.186579996 0.024297679 0.999691486 -0.005151913 0.360298991 -0.022593226 0.005701236 0.999728501 0.910012098
38733333 0.928382821 1.653607951 0.500000000 0.500000000 0.000000000 0.000000000 0.999418378 -0.022240600 0.025850018 -3.974899703 0.022419056 0.999726653 -0.006634338 0.382820031 -0.025695400 0.007210012 0.999643803 0.867570928
38800000 0.928382821 1.653607951 0.500000000 0.500000000 0.000000000 0.000000000 0.999395013 -0.020247754 0.028278071 -3.761079896 0.020498484 0.999752879 -0.008604983 0.395722034 -0.028096851 0.009179434 0.999563038 0.835241028
38866667 0.928382821 1.653607951 0.500000000 0.500000000 0.000000000 0.000000000 0.999378383 -0.018280534 0.030144168 -3.556529880 0.018637082 0.999759138 -0.011589810 0.400750022 -0.029925039 0.012144405 0.999478340 0.812834941
38933333 0.928382821 1.653607951 0.500000000 0.500000000 0.000000000 0.000000000 0.999384165 -0.016119819 0.031168584 -3.346290298 0.016639110 0.999725819 -0.016473701 0.392704007 -0.030894484 0.016982174 0.999378383 0.764748951
39000000 0.928382821 1.653607951 0.500000000 0.500000000 0.000000000 0.000000000 0.999388158 -0.014245903 0.031943142 -3.145869916 0.014929458 0.999662399 -0.021263720 0.371514973 -0.031629436 0.021727605 0.999263465 0.739382916
39066667 0.928382821 1.653607951 0.500000000 0.500000000 0.000000000 0.000000000 0.999433994 -0.011717917 0.031534702 -2.951849990 0.012579788 0.999548852 -0.027272688 0.370478963 -0.031200895 0.027653949 0.999130487 0.716525943
39133333 0.928382821 1.653607951 0.500000000 0.500000000 0.000000000 0.000000000 0.999459505 -0.008569432 0.031737167 -2.760699811 0.009667911 0.999353707 -0.034621593 0.389029969 -0.031419966 0.034909714 0.998896420 0.660297951
39200000 0.928382821 1.653607951 0.500000000 0.500000000 0.000000000 0.000000000 0.999481082 -0.005365542 0.031761963 -2.580920269 0.006684036 0.999113977 -0.041552175 0.393945021 -0.031510871 0.041742910 0.998631358 0.633005002
39266667 0.928382821 1.653607951 0.500000000 0.500000000 0.000000000 0.000000000 0.999490857 -0.002336473 0.031820942 -2.401119760 0.003916593 0.998757243 -0.049685191 0.399672003 -0.031665307 0.049784523 0.998257875 0.568486981
39333333 0.928382821 1.653607951 0.500000000 0.500000000 0.000000000 0.000000000 0.999467790 0.000582306 0.032615826 -2.215079850 0.001300515 0.998334467 -0.057676200 0.382287979 -0.032595091 0.057687920 0.997802436 0.514392988
39400000 0.928382821 1.653607951 0.500000000 0.500000000 0.000000000 0.000000000 0.999437988 0.003488814 0.033339918 -2.024019902 -0.001293212 0.997841835 -0.065650955 0.350027007 -0.033497006 0.065570936 0.997285485 0.444144940
39466667 0.928382821 1.653607951 0.500000000 0.500000000 0.000000000 0.000000000 0.999379158 0.006434672 0.034640174 -1.826760153 -0.003857606 0.997254193 -0.073954344 0.314726013 -0.035020929 0.073774800 0.996659815 0.378770990
39533333 0.928382821 1.653607951 0.500000000 0.500000000 0.000000000 0.000000000 0.999278188 0.009140030 0.036872014 -1.636870038 -0.006120593 0.996680140 -0.081186496 0.267014003 -0.037491649 0.080902211 0.996016681 0.291270985
39600000 0.928382821 1.653607951 0.500000000 0.500000000 0.000000000 0.000000000 0.999173701 0.011422145 0.039005056 -1.442849941 -0.007956996 0.996100605 -0.087865181 0.218375012 -0.039856568 0.087482221 0.995368421 0.217729003
39666667 0.928382821 1.653607951 0.500000000 0.500000000 0.000000000 0.000000000 0.999038696 0.013787812 0.041612491 -1.252429917 -0.009807205 0.995486975 -0.094390176 0.167947998 -0.042726129 0.093891330 0.994665205 0.146826001
39733333 0.928382821 1.653607951 0.500000000 0.500000000 0.000000000 0.000000000 0.998849332 0.016330075 0.045093130 -1.054409977 -0.011755391 0.994926810 -0.099912517 0.118832018 -0.046495941 0.099267460 0.993973911 0.066201500
39800000 0.928382821 1.653607951 0.500000000 0.500000000 0.000000000 0.000000000 0.998661101 0.018781856 0.048200171 -0.870923971 -0.013594748 0.994297504 -0.105771534 0.084204794 -0.049911898 0.104974650 0.993221581 0.025604198
39866667 0.928382821 1.653607951 0.500000000 0.500000000 0.000000000 0.000000000 0.998399794 0.021786721 0.052184101 -0.685164933 -0.015856044 0.993640184 -0.111480221 0.048789704 -0.054281007 0.110474393 0.992395580 -0.032782606
39933333 0.928382821 1.653607951 0.500000000 0.500000000 0.000000000 0.000000000 0.998194158 0.024277929 0.054945264 -0.505127016 -0.017684497 0.992920935 -0.117453381 0.019321304 -0.057407822 0.116269603 0.991557240 -0.052927704
40000000 0.928382821 1.653607951 0.500000000 0.500000000 0.000000000 0.000000000 0.997906268 0.026873235 0.058829043 -0.322033995 -0.019412678 0.992104590 -0.123901837 -0.022960802 -0.061694209 0.122500397 0.990549088 -0.113871000
40066667 0.928382821 1.653607951 0.500000000 0.500000000 0.000000000 0.000000000 0.997693837 0.028637324 0.061537609 -0.146321998 -0.020434462 0.991301298 -0.130016103 -0.070185608 -0.064725623 0.128458783 0.989600420 -0.123505014
40133333 0.928382821 1.653607951 0.500000000 0.500000000 0.000000000 0.000000000 0.997416615 0.030166851 0.065192498 0.025157601 -0.020906879 0.990167081 -0.138318807 -0.111482994 -0.068724103 0.136598498 0.988239765 -0.193889010
40200000 0.928382821 1.653607951 0.500000000 0.500000000 0.000000000 0.000000000 0.997150242 0.031691074 0.068462163 0.201976992 -0.021277258 0.988787472 -0.147806033 -0.149992995 -0.072378665 0.145928130 0.986643970 -0.192324997
40266667 0.928382821 1.653607951 0.500000000 0.500000000 0.000000000 0.000000000 0.996945500 0.032772027 0.070891932 0.388720985 -0.021276554 0.987334907 -0.157216892 -0.191204992 -0.075146392 0.155228332 0.985016346 -0.237848003
40333333 0.928382821 1.653607951 0.500000000 0.500000000 0.000000000 0.000000000 0.996835709 0.033470765 0.072099037 0.583018014 -0.021048101 0.985794961 -0.166629255 -0.227992994 -0.076652072 0.164584428 0.983380079 -0.262964980
40400000 0.928382821 1.653607951 0.500000000 0.500000000 0.000000000 0.000000000 0.996772468 0.033417039 0.072993018 0.778559036 -0.020063687 0.984088480 -0.176542625 -0.254660020 -0.077731125 0.174508318 0.981582761 -0.301822001
40466667 0.928382821 1.653607951 0.500000000 0.500000000 0.000000000 0.000000000 0.996666789 0.033587389 0.074344821 0.951378985 -0.019238401 0.982378900 -0.185907483 -0.271020970 -0.079278938 0.183857530 0.979750574 -0.335121959
40533333 0.928382821 1.653607951 0.500000000 0.500000000 0.000000000 0.000000000 0.996721327 0.032626934 0.074041046 1.139709929 -0.017717857 0.980895221 -0.193728238 -0.295742021 -0.078947268 0.191781223 0.978257298 -0.367074011
40600000 0.928382821 1.653607951 0.500000000 0.500000000 0.000000000 0.000000000 0.996666253 0.031978063 0.075058818 1.316240066 -0.016347896 0.979603291 -0.200275183 -0.321410005 -0.079932272 0.198380470 0.976860285 -0.435211006
40666667 0.928382821 1.653607951 0.500000000 0.500000000 0.000000000 0.000000000 0.996654570 0.030541316 0.075808346 1.494910046 -0.014428766 0.978736520 -0.204613388 -0.345424031 -0.080445558 0.202835053 0.975902915 -0.496953058
40733333 0.928382821 1.653607951 0.500000000 0.500000000 0.000000000 0.000000000 0.996574104 0.029039986 0.077438332 1.675109926 -0.012463865 0.978368223 -0.206495225 -0.361974027 -0.081759818 0.204822630 0.975378394 -0.549251996
40800000 0.928382821 1.653607951 0.500000000 0.500000000 0.000000000 0.000000000 0.996475697 0.026838537 0.079472139 1.854590016 -0.009913012 0.978471577 -0.206143498 -0.380246971 -0.083293825 0.204629183 0.975289226 -0.583549996
40866667 0.928382821 1.653607951 0.500000000 0.500000000 0.000000000 0.000000000 0.996404588 0.024693862 0.081044041 2.032730126 -0.007614641 0.978811502 -0.204621762 -0.387443005 -0.084379740 0.203268945 0.975480318 -0.645257988
40933333 0.928382821 1.653607951 0.500000000 0.500000000 0.000000000 0.000000000 0.996235788 0.021676924 0.083930522 2.212319815 -0.004397691 0.979620516 -0.200809062 -0.406913974 -0.086572990 0.199684083 0.976028323 -0.708353985
41000000 0.928382821 1.653607951 0.500000000 0.500000000 0.000000000 0.000000000 0.996121764 0.019016879 0.085905343 2.394299702 -0.001847038 0.980667472 -0.195672914 -0.419709972 -0.087965667 0.194755390 0.976899385 -0.781288011
41066667 0.928382821 1.653607951 0.500000000 0.500000000 0.000000000 0.000000000 0.995918095 0.015676755 0.088889450 2.580050021 0.001416050 0.981966972 -0.189047322 -0.429335002 -0.090250149 0.188401535 0.977936447 -0.833221009
41133333 0.928382821 1.653607951 0.500000000 0.500000000 0.000000000 0.000000000 0.995705426 0.013008216 0.091659665 2.765280160 0.003822258 0.983458638 -0.181092545 -0.430008036 -0.092499182 0.180665180 0.979185343 -0.926619958
41200000 0.928382821 1.653607951 0.500000000 0.500000000 0.000000000 0.000000000 0.995512009 0.010461316 0.094055422 2.947010024 0.005826893 0.985209763 -0.171253458 -0.421999950 -0.094455861 0.171032920 0.980727196 -0.970861017
41266667 0.928382821 1.653607951 0.500000000 0.500000000 0.000000000 0.000000000 0.995429158 0.008120401 0.095157273 3.118120109 0.007444703 0.986748874 -0.162084147 -0.407712039 -0.095212527 0.162051693 0.982178092 -1.029389937
41333333 0.928382821 1.653607951 0.500000000 0.500000000 0.000000000 0.000000000 0.995326042 0.006248122 0.096369460 3.284700206 0.008610219 0.988189042 -0.152997524 -0.381405956 -0.096187189 0.153112173 0.983516455 -1.093459937
41400000 0.928382821 1.653607951 0.500000000 0.500000000 0.000000000 0.000000000 0.995457411 0.003901406 0.095128044 3.457920035 0.009888039 0.989520311 -0.144054562 -0.361117887 -0.094693154 0.144340813 0.984986782 -1.147050145
41466667 0.928382821 1.653607951 0.500000000 0.500000000 0.000000000 0.000000000 0.995719135 0.001763687 0.092413783 3.634359974 0.010870429 0.990645051 -0.136030436 -0.338292010 -0.091789171 0.136452675 0.986385047 -1.180780154
41533333 0.928382821 1.653607951 0.500000000 0.500000000 0.000000000 0.000000000 0.996181369 -0.000433063 0.087307222 3.821560164 0.011689535 0.991645813 -0.128459677 -0.322465019 -0.086522214 0.128989711 0.987864137 -1.161329959
41600000 0.928382821 1.653607951 0.500000000 0.500000000 0.000000000 0.000000000 0.996742249 -0.002640632 0.080610000 4.000410055 0.012472419 0.992487431 -0.121709369 -0.308189994 -0.079683013 0.122318275 0.989287019 -1.158329886
41666667 0.928382821 1.653607951 0.500000000 0.500000000 0.000000000 0.000000000 0.997405708 -0.004447728 0.071847677 4.180560117 0.012767082 0.993196130 -0.115751736 -0.291600982 -0.070844010 0.116368733 0.990676284 -1.155440146
41733333 0.928382821 1.653607951 0.500000000 0.500000000 0.000000000 0.000000000 0.998043597 -0.006337117 0.062200144 4.349730427 0.013146881 0.993878722 -0.109691501 -0.285937967 -0.061124273 0.110294640 0.992017567 -1.143740022
41800000 0.928382821 1.653607951 0.500000000 0.500000000 0.000000000 0.000000000 0.998688638 -0.007770065 0.050602488 4.509859817 0.013094069 0.994306862 -0.105747171 -0.243760028 -0.049492739 0.106271096 0.993104696 -1.109099883
41866667 0.928382821 1.653607951 0.500000000 0.500000000 0.000000000 0.000000000 0.999201715 -0.008709399 0.038987551 4.650499453 0.012635015 0.994744658 -0.101604305 -0.199175998 -0.037897747 0.102015801 0.994060636 -1.119130113
41933333 0.928382821 1.653607951 0.500000000 0.500000000 0.000000000 0.000000000 0.999614298 -0.010532411 0.025696615 4.789169579 0.013007438 0.995088100 -0.098135278 -0.148900016 -0.024536794 0.098431677 0.994841278 -1.083440004
42000000 0.928382821 1.653607951 0.500000000 0.500000000 0.000000000 0.000000000 0.999834955 -0.013036423 0.012655514 4.903790174 0.014179601 0.995385945 -0.094898462 -0.098388497 -0.011359985 0.095062241 0.995406508 -1.085149965
42066667 0.928382821 1.653607951 0.500000000 0.500000000 0.000000000 0.000000000 0.999908268 -0.013484067 -0.001297741 5.026500368 0.013313462 0.995884776 -0.089645132 -0.048373013 0.002501182 0.089619637 0.995972931 -1.079090133
42133333 0.928382821 1.653607951 0.500000000 0.500000000 0.000000000 0.000000000 0.999833941 -0.012436286 -0.013321389 5.137430520 0.011301488 0.996558845 -0.082114436 -0.022373192 0.014296747 0.081950240 0.996533871 -1.118120014
42200000 0.928382821 1.653607951 0.500000000 0.500000000 0.000000000 0.000000000 0.999639213 -0.010756702 -0.024611775 5.247769596 0.008931783 0.997285187 -0.073092625 -0.008023343 0.025331192 0.072846428 0.997021437 -1.108770089
42266667 0.928382821 1.653607951 0.500000000 0.500000000 0.000000000 0.000000000 0.999311805 -0.007987081 -0.036222618 5.355539899 0.005736567 0.998071194 -0.061813705 0.000028030 0.036646467 0.061563373 0.997430205 -1.086990079
