https://www.youtube.com/watch?v=C8G6Wy4qRqM
2235567 0.984791924 1.751340025 0.500000000 0.500000000 0.000000000 0.000000000 0.997500896 -0.035537768 -0.061066009 2.223689905 0.036101442 0.999314904 0.008151799 -3.924549978 0.060734473 -0.010335998 0.998100460 4.849140684
2302300 0.984791924 1.751340025 0.500000000 0.500000000 0.000000000 0.000000000 0.997459888 -0.038505349 -0.059926067 2.278170033 0.038921792 0.999225438 0.005797187 -3.740839902 0.059656430 -0.008114890 0.998185992 4.740979908
2369033 0.984791924 1.751340025 0.500000000 0.500000000 0.000000000 0.000000000 0.997213542 -0.041234538 -0.062167857 2.318559790 0.041537881 0.999130487 0.003594388 -3.536479814 0.061965588 -0.006166694 0.998059213 4.660140090
2435767 0.984791924 1.751340025 0.500000000 0.500000000 0.000000000 0.000000000 0.996737361 -0.043177407 -0.068193510 2.321739941 0.043414902 0.999055147 0.002003810 -3.383950185 0.068042561 -0.004957891 0.997670114 4.561960697
2502500 0.984791924 1.751340025 0.500000000 0.500000000 0.000000000 0.000000000 0.996106207 -0.044915836 -0.075861737 2.301229922 0.044784311 0.998990774 -0.003434928 -3.251930136 0.075939462 0.000024140 0.997112453 4.478849938
2569233 0.984791924 1.751340025 0.500000000 0.500000000 0.000000000 0.000000000 0.995358527 -0.046555497 -0.084225737 2.261679909 0.045939542 0.998901486 -0.009237531 -3.089989801 0.084563278 0.005325360 0.996403873 4.402699722
2635967 0.984791924 1.751340025 0.500000000 0.500000000 0.000000000 0.000000000 0.994416296 -0.045948241 -0.095000036 2.197090048 0.045054648 0.998917997 -0.011531053 -2.911190095 0.095427074 0.007186474 0.995410502 4.344999853
2702700 0.984791924 1.751340025 0.500000000 0.500000000 0.000000000 0.000000000 0.993242204 -0.044870924 -0.107035123 2.099469808 0.043912601 0.998971522 -0.011294664 -2.748750064 0.107431836 0.006518145 0.994191110 4.283140315
2769433 0.984791924 1.751340025 0.500000000 0.500000000 0.000000000 0.000000000 0.992084086 -0.041414913 -0.118549228 1.979689916 0.040424701 0.999124825 -0.010746248 -2.590650035 0.118890524 0.005868861 0.992890000 4.229519748
2836167 0.984791924 1.751340025 0.500000000 0.500000000 0.000000000 0.000000000 0.990974128 -0.037554357 -0.128685474 1.844460195 0.036538888 0.999279737 -0.010243674 -2.459079886 0.128977478 0.005449190 0.991632521 4.107819425
2902900 0.984791924 1.751340025 0.500000000 0.500000000 0.000000000 0.000000000 0.989845753 -0.034378093 -0.137925968 1.722699924 0.033167157 0.999388516 -0.011069007 -2.331429924 0.138222173 0.006382001 0.990380704 4.017749981
2969633 0.984791924 1.751340025 0.500000000 0.500000000 0.000000000 0.000000000 0.989230514 -0.031517029 -0.142932311 1.608999855 0.030710902 0.999497533 -0.007843086 -2.193399805 0.143107697 0.003369040 0.989701390 3.902190072
3036367 0.984791924 1.751340025 0.500000000 0.500000000 0.000000000 0.000000000 0.989152968 -0.028496200 -0.144098476 1.496859973 0.028133972 0.999593794 -0.004551207 -2.088449997 0.144169644 0.000447779 0.989552915 3.730530478
3169833 0.984791924 1.751340025 0.500000000 0.500000000 0.000000000 0.000000000 0.990514696 -0.008313742 -0.137155041 1.213560082 0.010857527 0.999782443 0.017809093 -1.710579976 0.136977151 -0.019129332 0.990389466 3.406719714
3236567 0.984791924 1.751340025 0.500000000 0.500000000 0.000000000 0.000000000 0.991041958 -0.001744963 -0.133539259 1.030479980 0.005755772 0.999543607 0.029654518 -1.485479886 0.133426577 -0.030157495 0.990599751 3.186540026
3303300 0.984791924 1.751340025 0.500000000 0.500000000 0.000000000 0.000000000 0.991231620 0.004593310 -0.132055789 0.824024964 0.001205320 0.999039710 0.043796998 -1.268919900 0.132130146 -0.043572139 0.990274251 2.968629887
3370033 0.984791924 1.751340025 0.500000000 0.500000000 0.000000000 0.000000000 0.991302192 0.006097134 -0.131463885 0.640497005 0.000828695 0.998617232 0.052563459 -1.068450037 0.131602585 -0.052215219 0.989926457 2.736459986
3436767 0.984791924 1.751340025 0.500000000 0.500000000 0.000000000 0.000000000 0.991584897 0.005946790 -0.129321665 0.470811122 0.001795731 0.998216450 0.059671432 -0.909395978 0.129445881 -0.059401520 0.989805639 2.556299722
3503500 0.984791924 1.751340025 0.500000000 0.500000000 0.000000000 0.000000000 0.991939366 0.003239519 -0.126672179 0.305366029 0.005323917 0.997724891 0.067206182 -0.767959985 0.126601696 -0.067338847 0.989665329 2.341280001
3570233 0.984791924 1.751340025 0.500000000 0.500000000 0.000000000 0.000000000 0.992125511 0.000215579 -0.125247389 0.173386035 0.008884041 0.997358561 0.072090074 -0.652207958 0.124932103 -0.072635099 0.989502966 2.135279742
3636967 0.984791924 1.751340025 0.500000000 0.500000000 0.000000000 0.000000000 0.992113411 -0.000542782 -0.125342160 0.059744289 0.009903162 0.997204065 0.074067585 -0.565706053 0.124951512 -0.074724726 0.989344895 1.935629830
3703700 0.984791924 1.751340025 0.500000000 0.500000000 0.000000000 0.000000000 0.992198765 0.001645795 -0.124655068 -0.036838791 0.007588802 0.997261167 0.073570162 -0.502861957 0.124434739 -0.073942214 0.989468813 1.745089982
3770433 0.984791924 1.751340025 0.500000000 0.500000000 0.000000000 0.000000000 0.992192864 0.005821623 -0.124576814 -0.112713992 0.003123494 0.997436523 0.071488455 -0.432170982 0.124673642 -0.071319446 0.989631236 1.562409891
3837167 0.984791924 1.751340025 0.500000000 0.500000000 0.000000000 0.000000000 0.991954267 0.009737126 -0.126221970 -0.179437976 -0.000872900 0.997540057 0.070093200 -0.365942004 0.126593992 -0.069419071 0.989522576 1.379130039
3903900 0.984791924 1.751340025 0.500000000 0.500000000 0.000000000 0.000000000 0.991237521 0.013469229 -0.131402820 -0.234406979 -0.004491246 0.997649074 0.068382658 -0.310873017 0.132014960 -0.067193292 0.988967717 1.173560029
3970633 0.984791924 1.751340025 0.500000000 0.500000000 0.000000000 0.000000000 0.990004718 0.017571714 -0.139935285 -0.290055019 -0.008403437 0.997794747 0.065841235 -0.245297012 0.140783638 -0.064007200 0.987969160 0.938997992
4037367 0.984791924 1.751340025 0.500000000 0.500000000 0.000000000 0.000000000 0.988157034 0.023317393 -0.151663929 -0.338859980 -0.013769984 0.997874141 0.063699484 -0.164846008 0.152826816 -0.060856685 0.986377418 0.687282970
4104100 0.984791924 1.751340025 0.500000000 0.500000000 0.000000000 0.000000000 0.985530555 0.031458579 -0.166552961 -0.365857982 -0.020919688 0.997688234 0.064657331 -0.069372204 0.168201953 -0.060237546 0.983910322 0.443336964
4204200 0.984791924 1.751340025 0.500000000 0.500000000 0.000000000 0.000000000 0.978778839 0.046103656 -0.199665621 -0.379040974 -0.032788515 0.997043669 0.069489397 0.071461891 0.202279076 -0.061468013 0.977396965 0.016238200
4270933 0.984791924 1.751340025 0.500000000 0.500000000 0.000000000 0.000000000 0.973655343 0.056204006 -0.220989525 -0.360038012 -0.040858366 0.996464372 0.073412210 0.174131013 0.224334240 -0.062448923 0.972509265 -0.293283978
4337667 0.984791924 1.751340025 0.500000000 0.500000000 0.000000000 0.000000000 0.967654109 0.068162151 -0.242897853 -0.325734941 -0.050866328 0.995749176 0.076786928 0.287852025 0.247099295 -0.061947860 0.967007935 -0.610981958
4404400 0.984791924 1.751340025 0.500000000 0.500000000 0.000000000 0.000000000 0.961455822 0.083522752 -0.261966974 -0.263760047 -0.064464286 0.994664967 0.080535382 0.421816004 0.267295927 -0.060543716 0.961710691 -0.940746126
4471133 0.984791924 1.751340025 0.500000000 0.500000000 0.000000000 0.000000000 0.955752432 0.097098112 -0.277685463 -0.175117024 -0.076309636 0.993476570 0.084741853 0.546760048 0.284102261 -0.059802163 0.956927180 -1.239680121
4537867 0.984791924 1.751340025 0.500000000 0.500000000 0.000000000 0.000000000 0.949449837 0.110491872 -0.293830693 -0.067483795 -0.088144198 0.992187858 0.088282771 0.669509949 0.301289797 -0.057920579 0.951771855 -1.505020044
4604600 0.984791924 1.751340025 0.500000000 0.500000000 0.000000000 0.000000000 0.943367124 0.122330062 -0.308372796 0.042039706 -0.098646320 0.990923762 0.091318212 0.768917027 0.316744924 -0.055726729 0.946872294 -1.756929767
4671333 0.984791924 1.751340025 0.500000000 0.500000000 0.000000000 0.000000000 0.937109411 0.133598238 -0.322455317 0.163474992 -0.108582370 0.989590883 0.094444230 0.859376008 0.331716448 -0.053491622 0.941861391 -1.982170164
4738067 0.984791924 1.751340025 0.500000000 0.500000000 0.000000000 0.000000000 0.932270646 0.142340124 -0.332581908 0.269579071 -0.116894335 0.988550305 0.095414743 0.924584946 0.342355281 -0.050075427 0.938235223 -2.175719994
4804800 0.984791924 1.751340025 0.500000000 0.500000000 0.000000000 0.000000000 0.927236319 0.150091574 -0.343081951 0.390067977 -0.124938443 0.987661958 0.094415478 0.971705944 0.353019953 -0.044681303 0.934548259 -2.333219795
4871533 0.984791924 1.751340025 0.500000000 0.500000000 0.000000000 0.000000000 0.923196971 0.156168357 -0.351167500 0.490105858 -0.131600782 0.986937046 0.092932485 1.009219779 0.361093342 -0.039581023 0.931689203 -2.462459591
4938267 0.984791924 1.751340025 0.500000000 0.500000000 0.000000000 0.000000000 0.919736803 0.161820680 -0.357628584 0.571250787 -0.138271362 0.986236751 0.090653390 1.027799890 0.367376089 -0.033927433 0.929453433 -2.578589663
5005000 0.984791924 1.751340025 0.500000000 0.500000000 0.000000000 0.000000000 0.917304993 0.165867791 -0.361993879 0.631720058 -0.144073799 0.985770524 0.086598061 1.058980021 0.371206731 -0.027283026 0.928149402 -2.681470347
5071733 0.984791924 1.751340025 0.500000000 0.500000000 0.000000000 0.000000000 0.915627122 0.168853566 -0.364849865 0.653577958 -0.148666844 0.985401988 0.082952574 1.093610071 0.373530626 -0.021712545 0.927363694 -2.782550154
5138467 0.984791924 1.751340025 0.500000000 0.500000000 0.000000000 0.000000000 0.914408326 0.169713110 -0.367498100 0.649085926 -0.150878906 0.985340655 0.079620257 1.137500159 0.375623405 -0.017357711 0.926609814 -2.868129822
5205200 0.984791924 1.751340025 0.500000000 0.500000000 0.000000000 0.000000000 0.913655043 0.168817058 -0.369777441 0.597425989 -0.151167676 0.985548913 0.076430745 1.180190028 0.377336562 -0.013932971 0.925971389 -2.974139982
5271933 0.984791924 1.751340025 0.500000000 0.500000000 0.000000000 0.000000000 0.912846088 0.170154050 -0.371159852 0.512012051 -0.153374061 0.985355079 0.074510328 1.230160090 0.378402472 -0.011090189 0.925574720 -3.077229935
5338667 0.984791924 1.751340025 0.500000000 0.500000000 0.000000000 0.000000000 0.912441552 0.174368590 -0.370197296 0.403140916 -0.158129007 0.984639227 0.074032664 1.284390074 0.377419770 -0.009011570 0.925998449 -3.189550100
5405400 0.984791924 1.751340025 0.500000000 0.500000000 0.000000000 0.000000000 0.912777245 0.179680854 -0.366813779 0.283606964 -0.163018078 0.983676612 0.076192997 1.328299802 0.374516547 -0.009749919 0.927168906 -3.305839389
5472133 0.984791924 1.751340025 0.500000000 0.500000000 0.000000000 0.000000000 0.914194703 0.183845565 -0.361177206 0.153617896 -0.166488424 0.982881963 0.078896664 1.365470228 0.369499385 -0.011995144 0.929153621 -3.412290643
5538867 0.984791924 1.751340025 0.500000000 0.500000000 0.000000000 0.000000000 0.916453540 0.185454234 -0.354569882 0.007867048 -0.167350456 0.982535005 0.081356004 1.396870233 0.363465160 -0.015221618 0.931483507 -3.520860765
5605600 0.984791924 1.751340025 0.500000000 0.500000000 0.000000000 0.000000000 0.919252753 0.183256879 -0.348412663 -0.144762996 -0.165194675 0.982917488 0.081141546 1.438120338 0.357330650 -0.017033733 0.933822691 -3.617860809
5672333 0.984791924 1.751340025 0.500000000 0.500000000 0.000000000 0.000000000 0.922090232 0.179084376 -0.343042850 -0.305155048 -0.161461875 0.983670294 0.079516448 1.492020136 0.351681232 -0.017933013 0.935948074 -3.718120371
5739067 0.984791924 1.751340025 0.500000000 0.500000000 0.000000000 0.000000000 0.924695492 0.174863786 -0.338172823 -0.468417944 -0.157166958 0.984386683 0.079255365 1.543920174 0.346751720 -0.020137489 0.937740743 -3.811779831
5805800 0.984791924 1.751340025 0.500000000 0.500000000 0.000000000 0.000000000 0.927154601 0.170715570 -0.333527446 -0.632886013 -0.152721465 0.985053837 0.079656467 1.583040127 0.342141092 -0.022917071 0.939369082 -3.878710153
5872533 0.984791924 1.751340025 0.500000000 0.500000000 0.000000000 0.000000000 0.929448664 0.166579187 -0.329205722 -0.813218806 -0.147931546 0.985667229 0.081094697 1.605719773 0.337995976 -0.026673401 0.940769434 -3.949189294
5939267 0.984791924 1.751340025 0.500000000 0.500000000 0.000000000 0.000000000 0.930985987 0.163715467 -0.326285541 -0.997901804 -0.144563869 0.986068368 0.082282811 1.625449747 0.335210800 -0.029434998 0.941683173 -4.016109401
6006000 0.984791924 1.751340025 0.500000000 0.500000000 0.000000000 0.000000000 0.931600630 0.163785517 -0.324491143 -1.184070169 -0.143790066 0.985964298 0.084845930 1.650339832 0.333833218 -0.032383878 0.942075670 -4.099499816
6072733 0.984791924 1.751340025 0.500000000 0.500000000 0.000000000 0.000000000 0.931404233 0.164287746 -0.324801266 -1.354270348 -0.143375963 0.985794544 0.087478161 1.669790262 0.334558904 -0.034908887 0.941728115 -4.168470334
6139467 0.984791924 1.751340025 0.500000000 0.500000000 0.000000000 0.000000000 0.930402577 0.166246638 -0.326669663 -1.509079841 -0.143915460 0.985344887 0.091563292 1.682709962 0.337104350 -0.038177900 0.940692902 -4.243209878
6206200 0.984791924 1.751340025 0.500000000 0.500000000 0.000000000 0.000000000 0.928449452 0.168696374 -0.330942929 -1.643129937 -0.144731939 0.984806836 0.095959313 1.690750252 0.342102826 -0.041195400 0.938759148 -4.321431035
6272933 0.984791924 1.751340025 0.500000000 0.500000000 0.000000000 0.000000000 0.925902307 0.171434239 -0.336623311 -1.774850102 -0.145653263 0.984207153 0.100605354 1.686010101 0.348554254 -0.044120461 0.936249614 -4.395840151
