https://www.youtube.com/watch?v=KwpBIAxAd74
69335933 0.805165255 1.433856041 0.500000000 0.500000000 0.000000000 0.000000000 0.969797075 -0.002768239 0.243897557 4.575920460 0.039552674 0.988485932 -0.146052048 -0.546770248 -0.240684986 0.151287630 0.958740234 4.655230381
69369300 0.805165255 1.433856041 0.500000000 0.500000000 0.000000000 0.000000000 0.970174432 -0.002772188 0.242392182 4.459330296 0.039372370 0.988458931 -0.146283180 -0.546484191 -0.239189208 0.151463747 0.959086716 4.415820578
69402667 0.805165255 1.433856041 0.500000000 0.500000000 0.000000000 0.000000000 0.970559239 -0.003080646 0.240842983 4.336010204 0.039453171 0.988446295 -0.146346852 -0.549404203 -0.237609521 0.151540294 0.959467173 4.169360065
69436033 0.805165255 1.433856041 0.500000000 0.500000000 0.000000000 0.000000000 0.971030712 -0.003262665 0.238932341 4.219099726 0.039349433 0.988439560 -0.146420315 -0.549825939 -0.235692441 0.151580468 0.959933519 3.937759525
69469400 0.805165255 1.433856041 0.500000000 0.500000000 0.000000000 0.000000000 0.971434653 -0.003481144 0.237281665 4.088509754 0.039336726 0.988421679 -0.146543995 -0.544304946 -0.234024212 0.151691809 0.960324049 3.697060221
69502767 0.805165255 1.433856041 0.500000000 0.500000000 0.000000000 0.000000000 0.971893728 -0.003631379 0.235391885 3.965169652 0.039138038 0.988458991 -0.146345362 -0.546837817 -0.232143790 0.151444927 0.960819244 3.466409677
69536133 0.805165255 1.433856041 0.500000000 0.500000000 0.000000000 0.000000000 0.972357750 -0.003406098 0.233471200 3.839070266 0.038725644 0.988398254 -0.146864504 -0.548271134 -0.230262294 0.151846170 0.961208642 3.233230532
69569500 0.805165255 1.433856041 0.500000000 0.500000000 0.000000000 0.000000000 0.972974777 -0.003948702 0.230877519 3.720969742 0.038874872 0.988383591 -0.146923795 -0.559333780 -0.227615386 0.151928499 0.961825788 3.000629619
69602867 0.805165255 1.433856041 0.500000000 0.500000000 0.000000000 0.000000000 0.973537445 -0.004132118 0.228490248 3.596410163 0.038664132 0.988400877 -0.146863192 -0.553998083 -0.225233123 0.151811182 0.962405026 2.776210233
69636233 0.805165255 1.433856041 0.500000000 0.500000000 0.000000000 0.000000000 0.974077523 -0.004210958 0.226175398 3.469710349 0.038460679 0.988352954 -0.147238791 -0.524745058 -0.222921103 0.152120858 0.962894320 2.582430085
69669600 0.805165255 1.433856041 0.500000000 0.500000000 0.000000000 0.000000000 0.974741638 -0.004315337 0.223293811 3.352700024 0.038137466 0.988344371 -0.147380292 -0.509492854 -0.220055193 0.152173579 0.963544965 2.394619825
69702967 0.805165255 1.433856041 0.500000000 0.500000000 0.000000000 0.000000000 0.975473404 -0.004524892 0.220070809 3.232350200 0.037915900 0.988298714 -0.147743255 -0.491661920 -0.216827154 0.152463794 0.964230657 2.209419868
69736333 0.805165255 1.433856041 0.500000000 0.500000000 0.000000000 0.000000000 0.976145387 -0.004601093 0.217069194 3.105540157 0.037568770 0.988274097 -0.147996292 -0.469672973 -0.213842914 0.152620926 0.964872062 2.030499969
69769700 0.805165255 1.433856041 0.500000000 0.500000000 0.000000000 0.000000000 0.976895630 -0.004706522 0.213665038 2.988899696 0.037246235 0.988206923 -0.148525387 -0.435053009 -0.210446239 0.153052032 0.965550363 1.864190078
69803067 0.805165255 1.433856041 0.500000000 0.500000000 0.000000000 0.000000000 0.977658033 -0.005030617 0.210141391 2.874049859 0.036967173 0.988247097 -0.148327515 -0.404426915 -0.206925452 0.152781919 0.966353714 1.707689862
69836433 0.805165255 1.433856041 0.500000000 0.500000000 0.000000000 0.000000000 0.978449464 -0.005284384 0.206418872 2.768989938 0.036585093 0.988292933 -0.148117036 -0.367610040 -0.203219593 0.152476877 0.967188001 1.559049978
69869800 0.805165255 1.433856041 0.500000000 0.500000000 0.000000000 0.000000000 0.979275167 -0.005589657 0.202457100 2.660219869 0.036221612 0.988336563 -0.147915140 -0.340292024 -0.199268967 0.152182952 0.968055904 1.415089903
69903167 0.805165255 1.433856041 0.500000000 0.500000000 0.000000000 0.000000000 0.980113149 -0.005890823 0.198352143 2.549510231 0.035820793 0.988391280 -0.147646606 -0.323525080 -0.195179775 0.151815504 0.968946338 1.255700080
69936533 0.805165255 1.433856041 0.500000000 0.500000000 0.000000000 0.000000000 0.980969489 -0.006247888 0.194061249 2.439650073 0.035499133 0.988406241 -0.147624061 -0.303580979 -0.190889001 0.151703700 0.969818234 1.108850055
69969900 0.805165255 1.433856041 0.500000000 0.500000000 0.000000000 0.000000000 0.981809735 -0.006464018 0.189757481 2.326480101 0.035086006 0.988384724 -0.147866935 -0.284326022 -0.186597571 0.151835024 0.970632493 0.943277934
70003267 0.805165255 1.433856041 0.500000000 0.500000000 0.000000000 0.000000000 0.982669711 -0.006760270 0.185241744 2.220599797 0.034734488 0.988348722 -0.148190230 -0.278626001 -0.182081625 0.152056336 0.971455157 0.765221017
70036633 0.805165255 1.433856041 0.500000000 0.500000000 0.000000000 0.000000000 0.983474076 -0.006892798 0.180917531 2.118119761 0.034285985 0.988283753 -0.148726955 -0.258653959 -0.177772701 0.152472034 0.972187757 0.574729910
70070000 0.805165255 1.433856041 0.500000000 0.500000000 0.000000000 0.000000000 0.984218240 -0.007020487 0.176819637 2.015520122 0.033786304 0.988286495 -0.148823246 -0.233737094 -0.173703656 0.152448639 0.972926795 0.384529061
70103367 0.805165255 1.433856041 0.500000000 0.500000000 0.000000000 0.000000000 0.984866083 -0.006720472 0.173186749 1.908359988 0.032897621 0.988330781 -0.148728013 -0.215836049 -0.170166284 0.152174592 0.973594546 0.184566007
70136733 0.805165255 1.433856041 0.500000000 0.500000000 0.000000000 0.000000000 0.985453427 -0.006632973 0.169816196 1.803650089 0.032363590 0.988276362 -0.149205953 -0.184028959 -0.166835666 0.152531385 0.974115014 -0.020551229
70170100 0.805165255 1.433856041 0.500000000 0.500000000 0.000000000 0.000000000 0.985997736 -0.006676398 0.166624993 1.710970046 0.031909861 0.988288045 -0.149226367 -0.160348987 -0.163677186 0.152453840 0.974662781 -0.238589997
70203467 0.805165255 1.433856041 0.500000000 0.500000000 0.000000000 0.000000000 0.986463845 -0.006825514 0.163836762 1.624079941 0.031628516 0.988291502 -0.149263173 -0.134176997 -0.160899684 0.152424634 0.975129724 -0.446568992
70236833 0.805165255 1.433856041 0.500000000 0.500000000 0.000000000 0.000000000 0.986845493 -0.007195713 0.161505818 1.536629883 0.031607911 0.988316834 -0.149099752 -0.118758980 -0.158546031 0.152243271 0.975543499 -0.655595964
70270200 0.805165255 1.433856041 0.500000000 0.500000000 0.000000000 0.000000000 0.987192214 -0.007381568 0.159364656 1.448530035 0.031528950 0.988253891 -0.149533033 -0.098555802 -0.156388953 0.152642429 0.975829303 -0.865188024
70303567 0.805165255 1.433856041 0.500000000 0.500000000 0.000000000 0.000000000 0.987480640 -0.007381713 0.157567441 1.357139884 0.031286515 0.988224626 -0.149777293 -0.074247007 -0.154606402 0.152831912 0.976083636 -1.068089828
70336933 0.805165255 1.433856041 0.500000000 0.500000000 0.000000000 0.000000000 0.987702668 -0.007587189 0.156159893 1.266930086 0.031242134 0.988254488 -0.149589375 -0.057959909 -0.153190747 0.152628586 0.976338625 -1.266489887
70370300 0.805165255 1.433856041 0.500000000 0.500000000 0.000000000 0.000000000 0.987923861 -0.007779448 0.154744521 1.178389994 0.031225473 0.988243043 -0.149668589 -0.037760602 -0.151760861 0.152693138 0.976551831 -1.468019937
70403667 0.805165255 1.433856041 0.500000000 0.500000000 0.000000000 0.000000000 0.988116384 -0.007649588 0.153517142 1.086540027 0.030912526 0.988244176 -0.149726078 -0.017023014 -0.150567070 0.152692392 0.976736724 -1.670199973
70437033 0.805165255 1.433856041 0.500000000 0.500000000 0.000000000 0.000000000 0.988290668 -0.007978883 0.152374238 0.999980955 0.031040817 0.988262296 -0.149579763 0.007441825 -0.149392217 0.152558118 0.976938069 -1.853090020
70470400 0.805165255 1.433856041 0.500000000 0.500000000 0.000000000 0.000000000 0.988453090 -0.007975859 0.151317030 0.906015916 0.030837540 0.988303721 -0.149347931 0.036239119 -0.148355991 0.152289659 0.977137804 -2.018389708
70503767 0.805165255 1.433856041 0.500000000 0.500000000 0.000000000 0.000000000 0.988597810 -0.008360167 0.150348023 0.809536022 0.030986797 0.988383055 -0.148791060 0.052369944 -0.147357509 0.151753321 0.977372348 -2.182599918
70537133 0.805165255 1.433856041 0.500000000 0.500000000 0.000000000 0.000000000 0.988763988 -0.008707807 0.149231136 0.713944943 0.031151779 0.988387108 -0.148729533 0.068474361 -0.146203011 0.151707232 0.977552891 -2.340579898
70570500 0.805165255 1.433856041 0.500000000 0.500000000 0.000000000 0.000000000 0.988907754 -0.008803642 0.148269802 0.613116986 0.031094059 0.988393426 -0.148699939 0.076762804 -0.145239800 0.151660830 0.977703631 -2.499870129
70603867 0.805165255 1.433856041 0.500000000 0.500000000 0.000000000 0.000000000 0.989048004 -0.009161637 0.147309706 0.514570084 0.031283796 0.988407016 -0.148569703 0.087518563 -0.144240811 0.151550978 0.977868557 -2.654410071
70637233 0.805165255 1.433856041 0.500000000 0.500000000 0.000000000 0.000000000 0.989159107 -0.009267436 0.146555200 0.414263093 0.031265132 0.988415301 -0.148518190 0.098478387 -0.143481031 0.151490197 0.977989733 -2.803630103
70670600 0.805165255 1.433856041 0.500000000 0.500000000 0.000000000 0.000000000 0.989299953 -0.009353101 0.145595863 0.317807985 0.031176444 0.988444746 -0.148341015 0.115180058 -0.142526016 0.151292905 0.978159904 -2.941860089
70703967 0.805165255 1.433856041 0.500000000 0.500000000 0.000000000 0.000000000 0.989386201 -0.009494469 0.144999266 0.216386942 0.031130083 0.988544643 -0.147683352 0.122973042 -0.141936064 0.150629699 0.978348017 -3.073790178
70737333 0.805165255 1.433856041 0.500000000 0.500000000 0.000000000 0.000000000 0.989471495 -0.009878045 0.144390404 0.112475069 0.031363808 0.988594949 -0.147296667 0.139714009 -0.141288638 0.150274485 0.978496373 -3.188580042
70770700 0.805165255 1.433856041 0.500000000 0.500000000 0.000000000 0.000000000 0.989503801 -0.009835497 0.144171491 -0.002457264 0.031251904 0.988635540 -0.147048041 0.156355955 -0.141086772 0.150010243 0.978565991 -3.292929758
70804067 0.805165255 1.433856041 0.500000000 0.500000000 0.000000000 0.000000000 0.989525795 -0.010219960 0.143993989 -0.115562964 0.031578913 0.988655984 -0.146840319 0.168608983 -0.140859827 0.149849460 0.978623331 -3.377959841
70837433 0.805165255 1.433856041 0.500000000 0.500000000 0.000000000 0.000000000 0.989467621 -0.010323774 0.144385904 -0.237932050 0.031759102 0.988633275 -0.146954507 0.175960005 -0.141227573 0.149992287 0.978548467 -3.452610064
70870800 0.805165255 1.433856041 0.500000000 0.500000000 0.000000000 0.000000000 0.989335358 -0.010270594 0.145293161 -0.367234037 0.031877331 0.988596261 -0.147177607 0.176996039 -0.142124668 0.150239557 0.978380620 -3.532990074
70904167 0.805165255 1.433856041 0.500000000 0.500000000 0.000000000 0.000000000 0.989099741 -0.010542600 0.146869406 -0.492927012 0.032410827 0.988558948 -0.147311643 0.174585003 -0.143636033 0.150466070 0.978125095 -3.592700179
70937533 0.805165255 1.433856041 0.500000000 0.500000000 0.000000000 0.000000000 0.988743126 -0.010422556 0.149259359 -0.617961010 0.032692760 0.988515496 -0.147540942 0.179168897 -0.146007419 0.150759801 0.977728605 -3.626719535
70970900 0.805165255 1.433856041 0.500000000 0.500000000 0.000000000 0.000000000 0.988267243 -0.010156140 0.152396634 -0.732944976 0.032947931 0.988470197 -0.147787377 0.187310983 -0.149138585 0.151074573 0.977207303 -3.633109909
71004267 0.805165255 1.433856041 0.500000000 0.500000000 0.000000000 0.000000000 0.987566769 -0.009763929 0.156896740 -0.862890018 0.033227317 0.988484323 -0.147630379 0.179403026 -0.153648525 0.151008114 0.976518691 -3.604240351
71037633 0.805165255 1.433856041 0.500000000 0.500000000 0.000000000 0.000000000 0.986648679 -0.009690095 0.162574679 -0.987343057 0.034042977 0.988447964 -0.147687986 0.192975055 -0.159265488 0.151250675 0.975580752 -3.552790164
71071000 0.805165255 1.433856041 0.500000000 0.500000000 0.000000000 0.000000000 0.985517859 -0.009753905 0.169290915 -1.101559990 0.035100270 0.988456488 -0.147383064 0.210411963 -0.165899143 0.151190788 0.974483848 -3.462089658
71104367 0.805165255 1.433856041 0.500000000 0.500000000 0.000000000 0.000000000 0.983987570 -0.010025302 0.177954957 -1.222849913 0.036565378 0.988535404 -0.146494925 0.216299028 -0.174446121 0.150656164 0.973073065 -3.353559873
71137733 0.805165255 1.433856041 0.500000000 0.500000000 0.000000000 0.000000000 0.982150555 -0.009857093 0.187837929 -1.339669958 0.037746921 0.988639772 -0.145487323 0.209182981 -0.184269965 0.149980769 0.971365213 -3.220530111
71171100 0.805165255 1.433856041 0.500000000 0.500000000 0.000000000 0.000000000 0.979825914 -0.009712699 0.199616551 -1.456829936 0.039373327 0.988624096 -0.145162225 0.213454970 -0.195935816 0.150093287 0.969061971 -3.093309978
71204467 0.805165255 1.433856041 0.500000000 0.500000000 0.000000000 0.000000000 0.977020741 -0.010393310 0.212890625 -1.571810019 0.041885842 0.988696814 -0.143958911 0.206721007 -0.208988070 0.149567947 0.966412663 -2.948240098
