https://www.youtube.com/watch?v=KsAss4sp8pA
48948900 0.782222563 1.398747381 0.500000000 0.500000000 0.000000000 0.000000000 0.411270797 -0.183366820 0.892879605 -3.841014007 0.234774902 0.967816889 0.090616234 0.490570651 -0.880759954 0.172357678 0.441084683 -1.476661562
49015633 0.782222563 1.398747381 0.500000000 0.500000000 0.000000000 0.000000000 0.408194005 -0.186781734 0.893582582 -3.736128438 0.238903821 0.966588259 0.092909098 0.424898803 -0.881080151 0.175555468 0.439178407 -1.211479415
49082367 0.782222563 1.398747381 0.500000000 0.500000000 0.000000000 0.000000000 0.405653477 -0.191059247 0.893835545 -3.537541275 0.243860856 0.965085149 0.095616497 0.307885092 -0.880895853 0.179184258 0.438081980 -0.907614190
49149100 0.782222563 1.398747381 0.500000000 0.500000000 0.000000000 0.000000000 0.403189838 -0.196759254 0.893713236 -3.226008736 0.248613507 0.963432133 0.099949032 0.212510865 -0.880697966 0.181890845 0.437363088 -0.705442721
49215833 0.782222563 1.398747381 0.500000000 0.500000000 0.000000000 0.000000000 0.401328802 -0.203062132 0.893140316 -2.822136152 0.254086077 0.961526334 0.104437754 0.122821757 -0.879985332 0.185020968 0.437483549 -0.410500441
49282567 0.782222563 1.398747381 0.500000000 0.500000000 0.000000000 0.000000000 0.400076568 -0.208954230 0.892343462 -2.323499817 0.257346064 0.960101843 0.109441318 0.011304732 -0.879608810 0.185856193 0.437887788 -0.150847895
49349300 0.782222563 1.398747381 0.500000000 0.500000000 0.000000000 0.000000000 0.407777786 -0.217537820 0.886788845 -1.866549695 0.260885447 0.958476484 0.115158871 -0.071169306 -0.875017643 0.184391096 0.447597921 0.041497797
49416033 0.782222563 1.398747381 0.500000000 0.500000000 0.000000000 0.000000000 0.421116948 -0.226270422 0.878328979 -1.158929496 0.263457894 0.957145572 0.120259233 -0.163531005 -0.867899835 0.180759609 0.462682962 0.322352869
49482767 0.782222563 1.398747381 0.500000000 0.500000000 0.000000000 0.000000000 0.436963379 -0.226533517 0.870485842 -0.437342021 0.261309683 0.957998455 0.118136346 -0.247132019 -0.860685885 0.175845116 0.477805614 0.570055959
49549500 0.782222563 1.398747381 0.500000000 0.500000000 0.000000000 0.000000000 0.449895144 -0.224979162 0.864278853 0.285172713 0.258735180 0.959081352 0.114974037 -0.315825825 -0.854780495 0.171893284 0.489696085 0.850152319
49616233 0.782222563 1.398747381 0.500000000 0.500000000 0.000000000 0.000000000 0.464208782 -0.226262093 0.856339276 1.028241293 0.256944299 0.959646583 0.114272252 -0.390637367 -0.847638547 0.166984990 0.503612995 1.069741278
49682967 0.782222563 1.398747381 0.500000000 0.500000000 0.000000000 0.000000000 0.477552712 -0.233733580 0.846942008 1.905697593 0.257919937 0.958788574 0.119170792 -0.487307469 -0.839892566 0.161533222 0.518156707 1.359078202
49749700 0.782222563 1.398747381 0.500000000 0.500000000 0.000000000 0.000000000 0.486976087 -0.235663757 0.841021299 2.792999816 0.257086456 0.958928764 0.119842164 -0.520226881 -0.834721923 0.157854959 0.527561307 1.638099552
49816433 0.782222563 1.398747381 0.500000000 0.500000000 0.000000000 0.000000000 0.487838268 -0.237843066 0.839907646 3.579301259 0.257536739 0.958553910 0.121857569 -0.589466224 -0.834079742 0.156860188 0.528872609 1.702810773
49883167 0.782222563 1.398747381 0.500000000 0.500000000 0.000000000 0.000000000 0.499460936 -0.244897500 0.831002116 4.205412549 0.259397119 0.957481325 0.126264468 -0.684469158 -0.826590896 0.152495250 0.541750193 1.687321050
49949900 0.782222563 1.398747381 0.500000000 0.500000000 0.000000000 0.000000000 0.528756440 -0.247876048 0.811771929 4.948478017 0.257980049 0.958092749 0.124517284 -0.792115747 -0.808617651 0.143581748 0.570544839 1.709469488
50016633 0.782222563 1.398747381 0.500000000 0.500000000 0.000000000 0.000000000 0.540992498 -0.249007419 0.803319871 5.680112333 0.256833315 0.958450973 0.124130510 -0.876586159 -0.800852120 0.139165506 0.582468152 1.536010630
50083367 0.782222563 1.398747381 0.500000000 0.500000000 0.000000000 0.000000000 0.565095186 -0.242421836 0.788605511 6.279746885 0.248667628 0.961451709 0.117366694 -1.087889719 -0.786658347 0.129777417 0.603594244 1.352369329
50150100 0.782222563 1.398747381 0.500000000 0.500000000 0.000000000 0.000000000 0.594905853 -0.237695202 0.767846763 6.946184557 0.240628287 0.964130938 0.112025119 -1.282320176 -0.766932666 0.118121065 0.630763292 1.240091151
