https://www.youtube.com/watch?v=ExGZ1iFL2Oo
108035833 0.904085264 1.610014854 0.500000000 0.500000000 0.000000000 0.000000000 0.932690740 -0.009390395 -0.360554904 0.608943129 0.016800635 0.999707043 0.017423574 0.367718030 0.360285670 -0.022308353 0.932575285 6.085380573
108102678 0.904085264 1.610014854 0.500000000 0.500000000 0.000000000 0.000000000 0.934381306 -0.009526836 -0.356147259 0.546233056 0.016676452 0.999716222 0.017009910 0.371394013 0.355884165 -0.021833014 0.934275031 5.977990407
108169533 0.904085264 1.610014854 0.500000000 0.500000000 0.000000000 0.000000000 0.936098278 -0.009707398 -0.351604581 0.485931090 0.016494587 0.999730885 0.016313126 0.379780025 0.351351619 -0.021070262 0.936006427 5.868999689
108236389 0.904085264 1.610014854 0.500000000 0.500000000 0.000000000 0.000000000 0.937596083 -0.009578940 -0.347594380 0.429272084 0.016127903 0.999742687 0.015952468 0.385022042 0.347352147 -0.020562936 0.937509298 5.765030160
108303244 0.904085264 1.610014854 0.500000000 0.500000000 0.000000000 0.000000000 0.938959360 -0.009990576 -0.343883008 0.382360815 0.016405161 0.999741375 0.015748937 0.391947026 0.343636721 -0.020429064 0.938880444 5.657570176
108370100 0.904085264 1.610014854 0.500000000 0.500000000 0.000000000 0.000000000 0.940241039 -0.010090301 -0.340360135 0.338500894 0.016396079 0.999742985 0.015655659 0.395271966 0.340114683 -0.020300664 0.940164864 5.550510203
108436956 0.904085264 1.610014854 0.500000000 0.500000000 0.000000000 0.000000000 0.941528440 -0.010266805 -0.336777210 0.298811178 0.016481023 0.999742508 0.015598424 0.396213047 0.336530328 -0.020236790 0.941455185 5.442410326
108503800 0.904085264 1.610014854 0.500000000 0.500000000 0.000000000 0.000000000 0.942852437 -0.010519667 -0.333044380 0.259987978 0.016677171 0.999738693 0.015635120 0.394478987 0.332792848 -0.020295853 0.942781448 5.327859376
108570656 0.904085264 1.610014854 0.500000000 0.500000000 0.000000000 0.000000000 0.943870485 -0.011049164 -0.330130994 0.224323754 0.017213413 0.999727726 0.015754599 0.389740998 0.329867005 -0.020552982 0.943803668 5.206760403
108637511 0.904085264 1.610014854 0.500000000 0.500000000 0.000000000 0.000000000 0.945016265 -0.011049770 -0.326836526 0.194502823 0.017290015 0.999719381 0.016193639 0.379476010 0.326565862 -0.020954262 0.944942117 5.081819829
108704367 0.904085264 1.610014854 0.500000000 0.500000000 0.000000000 0.000000000 0.946065664 -0.011837998 -0.323758602 0.168155973 0.018225873 0.999694347 0.016705316 0.365110025 0.323461890 -0.021705110 0.945992231 4.952870087
108771222 0.904085264 1.610014854 0.500000000 0.500000000 0.000000000 0.000000000 0.946798205 -0.011838622 -0.321610272 0.153136115 0.018463349 0.999675393 0.017556319 0.346766004 0.321298003 -0.022560289 0.946709394 4.819490055
108838078 0.904085264 1.610014854 0.500000000 0.500000000 0.000000000 0.000000000 0.947338283 -0.012410198 -0.319994003 0.133589087 0.019206896 0.999651790 0.018092681 0.330946981 0.319658071 -0.023285981 0.947246790 4.684090211
108904933 0.904085264 1.610014854 0.500000000 0.500000000 0.000000000 0.000000000 0.947733045 -0.012949985 -0.318801492 0.124410858 0.019836713 0.999634564 0.018364575 0.318202004 0.318447143 -0.023728687 0.947643578 4.540939944
108971778 0.904085264 1.610014854 0.500000000 0.500000000 0.000000000 0.000000000 0.948159456 -0.012456729 -0.317550719 0.110285985 0.019430086 0.999634385 0.018802170 0.310109003 0.317200422 -0.023997493 0.948054850 4.399650227
109038633 0.904085264 1.610014854 0.500000000 0.500000000 0.000000000 0.000000000 0.948404372 -0.012987100 -0.316797286 0.095079296 0.019962382 0.999624312 0.018782331 0.305112998 0.316434354 -0.024137272 0.948307276 4.260350044
109105489 0.904085264 1.610014854 0.500000000 0.500000000 0.000000000 0.000000000 0.948432446 -0.012864441 -0.316718131 0.074408282 0.019877069 0.999623358 0.018920466 0.302136975 0.316355437 -0.024240214 0.948330939 4.122689806
109172344 0.904085264 1.610014854 0.500000000 0.500000000 0.000000000 0.000000000 0.947810650 -0.013111744 -0.318564147 0.050411146 0.020187669 0.999617159 0.018920425 0.300510028 0.318194121 -0.024364043 0.947712481 4.001120248
109239200 0.904085264 1.610014854 0.500000000 0.500000000 0.000000000 0.000000000 0.946951985 -0.013212053 -0.321103394 0.008529861 0.020331586 0.999615967 0.018828996 0.298555992 0.320731342 -0.024358697 0.946856916 3.821769638
109306056 0.904085264 1.610014854 0.500000000 0.500000000 0.000000000 0.000000000 0.945585191 -0.013251113 -0.325104803 -0.045884694 0.020472130 0.999613643 0.018800570 0.295173006 0.324730068 -0.024433123 0.945491135 3.641870350
109372900 0.904085264 1.610014854 0.500000000 0.500000000 0.000000000 0.000000000 0.942812860 -0.013535472 -0.333047450 -0.083998123 0.021016708 0.999601007 0.018870423 0.289722999 0.332659125 -0.024790840 0.942721188 3.540929678
109439756 0.904085264 1.610014854 0.500000000 0.500000000 0.000000000 0.000000000 0.939024985 -0.013644667 -0.343578160 -0.122352833 0.021619277 0.999578238 0.019390434 0.279025009 0.343168676 -0.025636010 0.938923895 3.477260123
109506611 0.904085264 1.610014854 0.500000000 0.500000000 0.000000000 0.000000000 0.934485018 -0.013724040 -0.355737686 -0.163402828 0.022414546 0.999542236 0.020319166 0.261521967 0.355296016 -0.026961660 0.934364855 3.420439415
109573467 0.904085264 1.610014854 0.500000000 0.500000000 0.000000000 0.000000000 0.929779828 -0.014029446 -0.367848486 -0.198093996 0.023514394 0.999496222 0.021315364 0.245101008 0.367364138 -0.028468335 0.929641366 3.362749875
109640322 0.904085264 1.610014854 0.500000000 0.500000000 0.000000000 0.000000000 0.925953865 -0.014115865 -0.377372533 -0.230189094 0.024352748 0.999453127 0.022368787 0.228650973 0.376850396 -0.029902531 0.925791264 3.277949524
109707178 0.904085264 1.610014854 0.500000000 0.500000000 0.000000000 0.000000000 0.923568726 -0.013746914 -0.383186400 -0.272754916 0.024569992 0.999425054 0.023364771 0.211675016 0.382644892 -0.030993860 0.923375487 3.127150164
109774033 0.904085264 1.610014854 0.500000000 0.500000000 0.000000000 0.000000000 0.922483385 -0.012807929 -0.385824502 -0.316687072 0.023869436 0.999429524 0.023893107 0.202598041 0.385298371 -0.031250399 0.922262847 2.954610732
109840878 0.904085264 1.610014854 0.500000000 0.500000000 0.000000000 0.000000000 0.921304166 -0.012216731 -0.388650656 -0.342322893 0.023562178 0.999423623 0.024439022 0.193688006 0.388128102 -0.031673230 0.921060979 2.812029874
109907733 0.904085264 1.610014854 0.500000000 0.500000000 0.000000000 0.000000000 0.920493245 -0.012217556 -0.390567482 -0.360600071 0.023592088 0.999425352 0.024338502 0.190644001 0.390045702 -0.031617727 0.920252562 2.686120374
109974589 0.904085264 1.610014854 0.500000000 0.500000000 0.000000000 0.000000000 0.919630587 -0.012165387 -0.392595708 -0.369331111 0.023712318 0.999416709 0.024575585 0.188092979 0.392067730 -0.031909823 0.919382691 2.564229653
110041444 0.904085264 1.610014854 0.500000000 0.500000000 0.000000000 0.000000000 0.918285966 -0.011885991 -0.395739198 -0.368577964 0.023692986 0.999407649 0.024960829 0.184705994 0.395208061 -0.032297425 0.918023586 2.445619550
110108300 0.904085264 1.610014854 0.500000000 0.500000000 0.000000000 0.000000000 0.916926861 -0.011675893 -0.398884654 -0.365454947 0.023779906 0.999394238 0.025409909 0.178730007 0.398346364 -0.032784462 0.916649044 2.330200118
110175156 0.904085264 1.610014854 0.500000000 0.500000000 0.000000000 0.000000000 0.915246189 -0.011120145 -0.402741492 -0.366997850 0.023625072 0.999380291 0.026094902 0.169195982 0.402201712 -0.033398058 0.914941669 2.205399483
110242011 0.904085264 1.610014854 0.500000000 0.500000000 0.000000000 0.000000000 0.913314402 -0.010392144 -0.407122523 -0.369767903 0.023214169 0.999377429 0.026567331 0.158617996 0.406592995 -0.033715338 0.912987053 2.063019874
110308856 0.904085264 1.610014854 0.500000000 0.500000000 0.000000000 0.000000000 0.911116838 -0.009587480 -0.412036419 -0.362269879 0.022884762 0.999363899 0.027350260 0.145451975 0.411512136 -0.034348644 0.910756707 1.941139671
110375711 0.904085264 1.610014854 0.500000000 0.500000000 0.000000000 0.000000000 0.907936990 -0.008987509 -0.419010282 -0.347678954 0.022918232 0.999338806 0.028225424 0.130119983 0.418479562 -0.035229880 0.907542646 1.818949904
110442567 0.904085264 1.610014854 0.500000000 0.500000000 0.000000000 0.000000000 0.904108822 -0.008381808 -0.427219927 -0.328664953 0.023222541 0.999293804 0.029539362 0.111302983 0.426670611 -0.036627933 0.903665006 1.698599753
110509422 0.904085264 1.610014854 0.500000000 0.500000000 0.000000000 0.000000000 0.899299979 -0.006520981 -0.437283754 -0.306248856 0.022794418 0.999228656 0.031977110 0.087687102 0.436737955 -0.038724639 0.898754895 1.579999950
110576278 0.904085264 1.610014854 0.500000000 0.500000000 0.000000000 0.000000000 0.893026590 -0.005699679 -0.449967623 -0.277765941 0.023036137 0.999187768 0.033061970 0.069100782 0.449413717 -0.039890740 0.892432570 1.455249813
110643133 0.904085264 1.610014854 0.500000000 0.500000000 0.000000000 0.000000000 0.885283887 -0.004894217 -0.465025216 -0.244849023 0.023210023 0.999163449 0.033669867 0.058651802 0.464471430 -0.040600635 0.884656906 1.333580018
110709978 0.904085264 1.610014854 0.500000000 0.500000000 0.000000000 0.000000000 0.876165807 -0.004242506 -0.481991261 -0.216454044 0.023278112 0.999166906 0.033520360 0.056093502 0.481447488 -0.040589239 0.875534654 1.209740208
110776833 0.904085264 1.610014854 0.500000000 0.500000000 0.000000000 0.000000000 0.865425527 -0.004641902 -0.501015961 -0.187216889 0.024109676 0.999184549 0.032388203 0.063958604 0.500457108 -0.040108912 0.864831686 1.093049933
110843689 0.904085264 1.610014854 0.500000000 0.500000000 0.000000000 0.000000000 0.853133678 -0.003186985 -0.521682382 -0.157983968 0.023630314 0.999191046 0.032539699 0.066245988 0.521156669 -0.040088240 0.852518857 0.985362764
110910544 0.904085264 1.610014854 0.500000000 0.500000000 0.000000000 0.000000000 0.839344263 -0.003336666 -0.543589652 -0.130995921 0.024614938 0.999188721 0.031874083 0.071162079 0.543042362 -0.040133767 0.838745475 0.878828727
110977400 0.904085264 1.610014854 0.500000000 0.500000000 0.000000000 0.000000000 0.824912608 -0.002207351 -0.565256119 -0.107070025 0.024694439 0.999178410 0.032136280 0.068304809 0.564720750 -0.040468302 0.824289382 0.770550179
111044256 0.904085264 1.610014854 0.500000000 0.500000000 0.000000000 0.000000000 0.809715033 -0.000829609 -0.586822867 -0.082630222 0.024657685 0.999163926 0.032610849 0.064316310 0.586305141 -0.040875182 0.809058487 0.654092126
111111111 0.904085264 1.610014854 0.500000000 0.500000000 0.000000000 0.000000000 0.793957114 -0.000087564 -0.607973576 -0.057140891 0.025212236 0.999144495 0.032780923 0.059035400 0.607450604 -0.041355021 0.793280125 0.552444893
111177956 0.904085264 1.610014854 0.500000000 0.500000000 0.000000000 0.000000000 0.777165055 0.001784502 -0.629294634 -0.027299106 0.025157658 0.999108493 0.033902384 0.050003609 0.628794074 -0.042179316 0.776427269 0.452914190
111244811 0.904085264 1.610014854 0.500000000 0.500000000 0.000000000 0.000000000 0.760802507 0.003517353 -0.648974180 0.009129988 0.025481086 0.999052346 0.035286628 0.034325399 0.648483276 -0.043382719 0.759991884 0.352012114
111311667 0.904085264 1.610014854 0.500000000 0.500000000 0.000000000 0.000000000 0.745188951 0.005794060 -0.666828215 0.052649204 0.025528342 0.998981416 0.037208382 0.012456400 0.666364610 -0.044750292 0.744282007 0.255590012
111378522 0.904085264 1.610014854 0.500000000 0.500000000 0.000000000 0.000000000 0.730237484 0.008856750 -0.683136046 0.099476815 0.025063369 0.998895586 0.039741989 -0.015735500 0.682733595 -0.046142783 0.729209006 0.156148022
111445378 0.904085264 1.610014854 0.500000000 0.500000000 0.000000000 0.000000000 0.717557311 0.010273293 -0.696424246 0.150995117 0.025447894 0.998836875 0.040954504 -0.043176106 0.696034908 -0.047109727 0.716461241 0.043203328
111512233 0.904085264 1.610014854 0.500000000 0.500000000 0.000000000 0.000000000 0.708034873 0.012179213 -0.706072509 0.207004024 0.025368879 0.998767197 0.042667363 -0.067633598 0.705721676 -0.048122246 0.706853032 -0.069882315
111579078 0.904085264 1.610014854 0.500000000 0.500000000 0.000000000 0.000000000 0.700213313 0.013961308 -0.713797390 0.267839124 0.025013447 0.998715162 0.044071529 -0.086346006 0.713495553 -0.048714001 0.698964477 -0.184958062
111645933 0.904085264 1.610014854 0.500000000 0.500000000 0.000000000 0.000000000 0.694222212 0.014201500 -0.719620347 0.330233864 0.025040098 0.998723567 0.043865826 -0.094794990 0.719324708 -0.048471998 0.692980528 -0.305802899
111712789 0.904085264 1.610014854 0.500000000 0.500000000 0.000000000 0.000000000 0.689445019 0.015163808 -0.724179268 0.393429999 0.024743866 0.998704255 0.044469234 -0.105478997 0.723915219 -0.048578087 0.688176513 -0.422320031
111779644 0.904085264 1.610014854 0.500000000 0.500000000 0.000000000 0.000000000 0.685326874 0.016101943 -0.728057921 0.453859244 0.024596250 0.998673320 0.045239650 -0.116859015 0.727820456 -0.048911437 0.684021592 -0.534151278
111846500 0.904085264 1.610014854 0.500000000 0.500000000 0.000000000 0.000000000 0.681720972 0.016900526 -0.731416881 0.517233926 0.024895603 0.998618305 0.046278682 -0.129583984 0.731188357 -0.049758215 0.680358291 -0.641544817
111913356 0.904085264 1.610014854 0.500000000 0.500000000 0.000000000 0.000000000 0.677176118 0.017975496 -0.735601723 0.591492333 0.025352763 0.998538017 0.047739878 -0.147702018 0.735384405 -0.050977841 0.675730348 -0.743916328
111980211 0.904085264 1.610014854 0.500000000 0.500000000 0.000000000 0.000000000 0.672546029 0.018060526 -0.739834487 0.665953558 0.026049050 0.998504996 0.048054900 -0.162727970 0.739596307 -0.051591124 0.671070099 -0.844790491
112047056 0.904085264 1.610014854 0.500000000 0.500000000 0.000000000 0.000000000 0.667933226 0.018449144 -0.743992567 0.742454038 0.026512610 0.998468220 0.048561692 -0.178175984 0.743748903 -0.052161150 0.666420937 -0.988315041
112113911 0.904085264 1.610014854 0.500000000 0.500000000 0.000000000 0.000000000 0.662038445 0.019056113 -0.749227285 0.824891610 0.026939983 0.998425603 0.049199209 -0.195924968 0.748985291 -0.052755944 0.660482764 -1.128409542
112180767 0.904085264 1.610014854 0.500000000 0.500000000 0.000000000 0.000000000 0.653810501 0.019924292 -0.756395876 0.915583972 0.027745852 0.998349667 0.050280463 -0.217652996 0.756149352 -0.053860743 0.652178705 -1.212619947
112247622 0.904085264 1.610014854 0.500000000 0.500000000 0.000000000 0.000000000 0.643443346 0.020906378 -0.765208244 1.017150082 0.028478578 0.998281181 0.051221099 -0.237437989 0.764963865 -0.054749917 0.641742051 -1.256820091
112314478 0.904085264 1.610014854 0.500000000 0.500000000 0.000000000 0.000000000 0.630787015 0.021081535 -0.775669336 1.128339457 0.029673086 0.998244345 0.051261391 -0.252340976 0.775388241 -0.055351522 0.629053950 -1.292429449
112381333 0.904085264 1.610014854 0.500000000 0.500000000 0.000000000 0.000000000 0.615896642 0.021979202 -0.787520468 1.238480275 0.030233569 0.998215020 0.051504362 -0.262438038 0.787246764 -0.055530917 0.614132762 -1.323800305
112448189 0.904085264 1.610014854 0.500000000 0.500000000 0.000000000 0.000000000 0.598523915 0.022630963 -0.800785124 1.353509762 0.030915670 0.998203754 0.051317230 -0.272617974 0.800508082 -0.055471398 0.596749187 -1.410979774
112515044 0.904085264 1.610014854 0.500000000 0.500000000 0.000000000 0.000000000 0.580144763 0.023697549 -0.814168692 1.466290194 0.031002561 0.998209894 0.051145557 -0.275045019 0.813923240 -0.054913137 0.578371525 -1.528470127
112581889 0.904085264 1.610014854 0.500000000 0.500000000 0.000000000 0.000000000 0.562518597 0.024462316 -0.826422155 1.573168602 0.031489480 0.998203039 0.050980873 -0.277498877 0.826184213 -0.054701298 0.560737491 -1.619348470
112648744 0.904085264 1.610014854 0.500000000 0.500000000 0.000000000 0.000000000 0.543413758 0.025456840 -0.839079320 1.688481093 0.031682137 0.998206019 0.050802976 -0.278868062 0.838867366 -0.054190859 0.541632414 -1.685081310
112715600 0.904085264 1.610014854 0.500000000 0.500000000 0.000000000 0.000000000 0.524492741 0.025152748 -0.851043463 1.793620331 0.032776460 0.998226106 0.049702700 -0.276698004 0.850783944 -0.053962898 0.522737861 -1.741770228
112782456 0.904085264 1.610014854 0.500000000 0.500000000 0.000000000 0.000000000 0.506590188 0.025736738 -0.861802518 1.892049155 0.033454087 0.998214900 0.049475700 -0.280079943 0.861537397 -0.053894721 0.504824877 -1.799899142
112849311 0.904085264 1.610014854 0.500000000 0.500000000 0.000000000 0.000000000 0.490084410 0.026743134 -0.871264696 1.993750211 0.034067892 0.998177946 0.049801797 -0.288582004 0.871008992 -0.054089233 0.488280356 -1.860430061
112916167 0.904085264 1.610014854 0.500000000 0.500000000 0.000000000 0.000000000 0.475375116 0.027860714 -0.879342258 2.079991104 0.034331411 0.998149693 0.050184656 -0.299118070 0.879113376 -0.054045592 0.473539054 -1.915751027
112983011 0.904085264 1.610014854 0.500000000 0.500000000 0.000000000 0.000000000 0.462371349 0.028845625 -0.886216700 2.162668571 0.034957293 0.998100638 0.050725799 -0.316617909 0.885996640 -0.054433893 0.460484743 -1.991618516
113049867 0.904085264 1.610014854 0.500000000 0.500000000 0.000000000 0.000000000 0.451498926 0.028344857 -0.891821682 2.243381403 0.036388777 0.998078823 0.050144479 -0.333265067 0.891529739 -0.055092476 0.449600101 -2.078711648
113116722 0.904085264 1.610014854 0.500000000 0.500000000 0.000000000 0.000000000 0.443091631 0.026616009 -0.896080911 2.314908886 0.037969127 0.998105049 0.048421245 -0.340112939 0.895671666 -0.055478457 0.441241384 -2.170578876
113183578 0.904085264 1.610014854 0.500000000 0.500000000 0.000000000 0.000000000 0.436611831 0.025614344 -0.899285853 2.389072496 0.038950719 0.998119116 0.047340427 -0.347837182 0.898806989 -0.055697214 0.434792936 -2.290722669
113250433 0.904085264 1.610014854 0.500000000 0.500000000 0.000000000 0.000000000 0.432499528 0.024879638 -0.901290834 2.453280184 0.039312247 0.998148263 0.046417981 -0.349713009 0.900776684 -0.055507526 0.430720568 -2.432269780
113317289 0.904085264 1.610014854 0.500000000 0.500000000 0.000000000 0.000000000 0.429434478 0.024978217 -0.902752757 2.503681005 0.038825933 0.998182595 0.046087962 -0.346093078 0.902263284 -0.054841977 0.427684188 -2.558030982
113384144 0.904085264 1.610014854 0.500000000 0.500000000 0.000000000 0.000000000 0.426725209 0.025437949 -0.904022753 2.552846359 0.038642958 0.998178542 0.046327885 -0.347270718 0.903554618 -0.054703403 0.424964964 -2.687196235
113450989 0.904085264 1.610014854 0.500000000 0.500000000 0.000000000 0.000000000 0.424249411 0.025589077 -0.905183852 2.601320651 0.038700901 0.998174965 0.046356574 -0.346083002 0.904718101 -0.054698184 0.422484815 -2.791140404
113517844 0.904085264 1.610014854 0.500000000 0.500000000 0.000000000 0.000000000 0.421165109 0.026067251 -0.906609118 2.666198867 0.038813554 0.998153210 0.046730176 -0.350373944 0.906152904 -0.054869838 0.419375539 -2.928808553
113584700 0.904085264 1.610014854 0.500000000 0.500000000 0.000000000 0.000000000 0.417967439 0.026252763 -0.908081830 2.738325901 0.038985889 0.998143196 0.046800595 -0.356443762 0.907624304 -0.054963510 0.416167855 -3.089475486
113651556 0.904085264 1.610014854 0.500000000 0.500000000 0.000000000 0.000000000 0.415582359 0.026443988 -0.909170628 2.808067840 0.039255969 0.998124421 0.046975158 -0.363105882 0.908707619 -0.055212431 0.413764834 -3.233087721
113718411 0.904085264 1.610014854 0.500000000 0.500000000 0.000000000 0.000000000 0.413754344 0.026659619 -0.909998298 2.870590631 0.039842408 0.998083174 0.047355577 -0.374448003 0.909516454 -0.055850096 0.411899030 -3.322450456
113785267 0.904085264 1.610014854 0.500000000 0.500000000 0.000000000 0.000000000 0.412635267 0.026861884 -0.910500824 2.927403771 0.040262774 0.998050272 0.047691796 -0.389185233 0.910006702 -0.056338597 0.410749197 -3.409973790
113852111 0.904085264 1.610014854 0.500000000 0.500000000 0.000000000 0.000000000 0.410995424 0.027013013 -0.911237121 2.990019985 0.040850721 0.998011112 0.048010275 -0.404759980 0.910721660 -0.056956694 0.409074485 -3.492929777
113918967 0.904085264 1.610014854 0.500000000 0.500000000 0.000000000 0.000000000 0.409933746 0.027109876 -0.911712646 3.051821811 0.041338481 0.997978926 0.048262082 -0.420180095 0.911178350 -0.057473063 0.407984555 -3.605761913
113985822 0.904085264 1.610014854 0.500000000 0.500000000 0.000000000 0.000000000 0.408829987 0.027351070 -0.912200153 3.113127356 0.041472714 0.997961342 0.048509698 -0.431602836 0.911667287 -0.057663646 0.406862199 -3.766846800
114052678 0.904085264 1.610014854 0.500000000 0.500000000 0.000000000 0.000000000 0.408417225 0.027395107 -0.912383974 3.162239018 0.041407056 0.997964501 0.048500057 -0.435927875 0.911855519 -0.057587396 0.406451583 -3.907958668
114119533 0.904085264 1.610014854 0.500000000 0.500000000 0.000000000 0.000000000 0.406854153 0.027521746 -0.913078487 3.216690492 0.041552044 0.997953892 0.048595011 -0.439342050 0.912547648 -0.057711355 0.404878139 -4.034730508
114186389 0.904085264 1.610014854 0.500000000 0.500000000 0.000000000 0.000000000 0.405320048 0.027533291 -0.913760900 3.268494693 0.041912992 0.997935593 0.048661210 -0.441359361 0.913214326 -0.058021806 0.403329313 -4.152546471
114253244 0.904085264 1.610014854 0.500000000 0.500000000 0.000000000 0.000000000 0.403044283 0.026922183 -0.914784253 3.320279097 0.042292267 0.997951448 0.048003308 -0.440724950 0.914202631 -0.058035761 0.401080012 -4.264219420
114320089 0.904085264 1.610014854 0.500000000 0.500000000 0.000000000 0.000000000 0.400828123 0.026812572 -0.915760875 3.365320223 0.042642403 0.997942269 0.047883324 -0.444557990 0.915160418 -0.058243230 0.398859978 -4.379330913
114386944 0.904085264 1.610014854 0.500000000 0.500000000 0.000000000 0.000000000 0.398595333 0.026418183 -0.916745603 3.408345522 0.043312248 0.997927487 0.047589444 -0.451071648 0.916102827 -0.058675259 0.396624982 -4.495683215
114453800 0.904085264 1.610014854 0.500000000 0.500000000 0.000000000 0.000000000 0.395276248 0.026491713 -0.918180585 3.456942712 0.043799791 0.997903466 0.047647733 -0.457390193 0.917517781 -0.059050124 0.393287182 -4.604262391
114520656 0.904085264 1.610014854 0.500000000 0.500000000 0.000000000 0.000000000 0.391845644 0.026706452 -0.919643879 3.505153899 0.044529915 0.997856557 0.047951303 -0.470255209 0.918953300 -0.059741162 0.389816523 -4.708325109
114587511 0.904085264 1.610014854 0.500000000 0.500000000 0.000000000 0.000000000 0.388350010 0.026807766 -0.921121895 3.552719946 0.045166586 0.997821629 0.048082463 -0.484827966 0.920404375 -0.060276754 0.386293232 -4.813479591
114654367 0.904085264 1.610014854 0.500000000 0.500000000 0.000000000 0.000000000 0.385364950 0.026696775 -0.922377706 3.594098493 0.045956861 0.997785687 0.048079867 -0.502694885 0.921618819 -0.060917888 0.383284748 -4.929227629
