https://www.youtube.com/watch?v=Iq5GN6K2MMk
15548867 0.789380809 1.407674883 0.500000000 0.500000000 0.000000000 0.000000000 0.998082817 -0.006020716 -0.061598942 0.313472964 0.003184560 0.998934627 -0.046037290 0.223037001 0.061810493 0.045752864 0.997038662 -0.985765989
15615600 0.789380809 1.407674883 0.500000000 0.500000000 0.000000000 0.000000000 0.998018503 -0.007298423 -0.062496010 0.363057975 0.004510396 0.998993099 -0.044636715 0.276235008 0.062758863 0.044266384 0.997046530 -1.183329951
15749067 0.789380809 1.407674883 0.500000000 0.500000000 0.000000000 0.000000000 0.997761786 -0.008599899 -0.066312969 0.471067008 0.005825284 0.999103904 -0.041921649 0.389609008 0.066614062 0.041441526 0.996917844 -1.559380105
15815800 0.789380809 1.407674883 0.500000000 0.500000000 0.000000000 0.000000000 0.997542679 -0.008078727 -0.069594286 0.535923071 0.005222304 0.999140203 -0.041128527 0.436240979 0.069866709 0.040664021 0.996727169 -1.739389921
16282933 0.789380809 1.407674883 0.500000000 0.500000000 0.000000000 0.000000000 0.993367195 0.010136331 -0.114537343 1.456759994 -0.015509122 0.998815715 -0.046115268 0.735726015 0.113934264 0.047585774 0.992348015 -3.030329830
16349667 0.789380809 1.407674883 0.500000000 0.500000000 0.000000000 0.000000000 0.992234886 0.014078321 -0.123579077 1.659660065 -0.020027557 0.998692632 -0.047031645 0.820989016 0.122755386 0.049141426 0.991219580 -3.228259990
16416400 0.789380809 1.407674883 0.500000000 0.500000000 0.000000000 0.000000000 0.991001010 0.018391851 -0.132584780 1.864709974 -0.024848804 0.998575807 -0.047211576 0.907650016 0.131527632 0.050081294 0.990046620 -3.412300143
16483133 0.789380809 1.407674883 0.500000000 0.500000000 0.000000000 0.000000000 0.989611924 0.022730637 -0.141956329 2.064030086 -0.029804680 0.998407066 -0.047906533 0.998882001 0.140641242 0.051639840 0.988712966 -3.587869845
16549867 0.789380809 1.407674883 0.500000000 0.500000000 0.000000000 0.000000000 0.988029182 0.026959734 -0.151892990 2.258690169 -0.034622516 0.998245597 -0.048031382 1.072770068 0.150331587 0.052715324 0.987229228 -3.743150213
16616600 0.789380809 1.407674883 0.500000000 0.500000000 0.000000000 0.000000000 0.986330807 0.030549908 -0.161920294 2.442399674 -0.038833521 0.998080492 -0.048242413 1.149719926 0.160135671 0.053870916 0.985623896 -3.903289929
16683333 0.789380809 1.407674883 0.500000000 0.500000000 0.000000000 0.000000000 0.984408319 0.034256265 -0.172530577 2.614550156 -0.043148145 0.997912407 -0.048053164 1.194550040 0.170524284 0.054748308 0.983831346 -4.029220104
16750067 0.789380809 1.407674883 0.500000000 0.500000000 0.000000000 0.000000000 0.982384324 0.037686042 -0.183032379 2.779530165 -0.047104336 0.997765481 -0.047383565 1.229619957 0.180837706 0.055170488 0.981964350 -4.149230582
16816800 0.789380809 1.407674883 0.500000000 0.500000000 0.000000000 0.000000000 0.980298817 0.041079707 -0.193201050 2.933279840 -0.051051907 0.997593164 -0.046921540 1.270850075 0.190808520 0.055860419 0.980036557 -4.289140025
16883533 0.789380809 1.407674883 0.500000000 0.500000000 0.000000000 0.000000000 0.978040516 0.044290617 -0.203654200 3.083409851 -0.054837175 0.997414947 -0.046435799 1.289789954 0.201071084 0.056583922 0.977941036 -4.407020164
16950267 0.789380809 1.407674883 0.500000000 0.500000000 0.000000000 0.000000000 0.975673974 0.047515467 -0.214015394 3.230940301 -0.058617517 0.997228086 -0.045827638 1.296520026 0.211244643 0.057257894 0.975754678 -4.555419863
17017000 0.789380809 1.407674883 0.500000000 0.500000000 0.000000000 0.000000000 0.973238528 0.049929872 -0.224307194 3.373439808 -0.061726511 0.997037768 -0.045886368 1.314350058 0.221351638 0.058504090 0.973437548 -4.674209773
17083733 0.789380809 1.407674883 0.500000000 0.500000000 0.000000000 0.000000000 0.970698535 0.052093722 -0.234586120 3.523560049 -0.064763643 0.996810615 -0.046628516 1.339019985 0.231408894 0.060454879 0.970976412 -4.824279955
