https://www.youtube.com/watch?v=GBmWyLiQSTA
24107422 1.020253154 1.814403768 0.500000000 0.500000000 0.000000000 0.000000000 0.504793167 -0.050295342 0.861773551 4.891117123 0.032794219 0.998697937 0.039077021 -0.500671982 -0.862616837 0.008535403 0.505785286 3.244748130
24140789 1.020253154 1.814403768 0.500000000 0.500000000 0.000000000 0.000000000 0.502414048 -0.048272036 0.863278449 4.592678911 0.027291179 0.998828173 0.039968550 -0.476629027 -0.864196241 0.003479132 0.503142715 3.174389646
24174156 1.020253154 1.814403768 0.500000000 0.500000000 0.000000000 0.000000000 0.497653186 -0.044822313 0.866216958 4.333198021 0.022093050 0.998994946 0.039000135 -0.472404023 -0.867094457 -0.000271145 0.498143256 3.088608508
24207522 1.020253154 1.814403768 0.500000000 0.500000000 0.000000000 0.000000000 0.490318716 -0.039429255 0.870650470 4.021477328 0.015903302 0.999214530 0.036295377 -0.474380954 -0.871397674 -0.003950063 0.490560651 2.974027672
24240889 1.020253154 1.814403768 0.500000000 0.500000000 0.000000000 0.000000000 0.484131515 -0.035499521 0.874275267 3.731592963 0.012144838 0.999353051 0.033853035 -0.455205028 -0.874911368 -0.005771410 0.484249413 2.874391950
24274256 1.020253154 1.814403768 0.500000000 0.500000000 0.000000000 0.000000000 0.486447096 -0.032885779 0.873090804 3.369259485 0.008348383 0.999420702 0.032992765 -0.417126977 -0.873670042 -0.008760335 0.486439884 2.786289567
24307622 1.020253154 1.814403768 0.500000000 0.500000000 0.000000000 0.000000000 0.491273940 -0.031904384 0.870420516 3.066019381 0.005313768 0.999420106 0.033633586 -0.385126034 -0.870988786 -0.011898089 0.491158605 2.693509683
24340989 1.020253154 1.814403768 0.500000000 0.500000000 0.000000000 0.000000000 0.494185269 -0.029832592 0.868844748 2.737230612 0.001561807 0.999439895 0.033428371 -0.360530993 -0.869355321 -0.015162842 0.493955016 2.555870209
24374356 1.020253154 1.814403768 0.500000000 0.500000000 0.000000000 0.000000000 0.496909857 -0.029038962 0.867315650 2.424527803 -0.000735271 0.999425530 0.033883415 -0.326105038 -0.867801309 -0.017474700 0.496603012 2.432717545
24407722 1.020253154 1.814403768 0.500000000 0.500000000 0.000000000 0.000000000 0.504370451 -0.029606353 0.862979412 2.087159088 -0.003022023 0.999345362 0.036050886 -0.270006008 -0.863481879 -0.020790936 0.503950775 2.281578935
24441089 1.020253154 1.814403768 0.500000000 0.500000000 0.000000000 0.000000000 0.509933889 -0.030646542 0.859667480 1.817859912 -0.004975425 0.999243379 0.038573623 -0.218640983 -0.860199153 -0.023947207 0.509395599 2.139499859
24474456 1.020253154 1.814403768 0.500000000 0.500000000 0.000000000 0.000000000 0.514023244 -0.033149105 0.857135832 1.493360858 -0.007182249 0.999051630 0.042944811 -0.157889995 -0.857746542 -0.028230803 0.513297677 1.948721132
24507822 1.020253154 1.814403768 0.500000000 0.500000000 0.000000000 0.000000000 0.516104937 -0.035083614 0.855806351 1.226689567 -0.009571133 0.998862147 0.046720136 -0.118559028 -0.856471658 -0.032303523 0.515181899 1.764299281
24541189 1.020253154 1.814403768 0.500000000 0.500000000 0.000000000 0.000000000 0.515943050 -0.037511259 0.855801165 0.921197088 -0.012396654 0.998609185 0.051244441 -0.084258288 -0.856533110 -0.037048284 0.514760494 1.534779935
24574556 1.020253154 1.814403768 0.500000000 0.500000000 0.000000000 0.000000000 0.514105737 -0.040628143 0.856764078 0.678320999 -0.014399698 0.998327971 0.055981785 -0.047247004 -0.857605934 -0.041117698 0.512661099 1.322370083
24607922 1.020253154 1.814403768 0.500000000 0.500000000 0.000000000 0.000000000 0.511730671 -0.045873784 0.857920349 0.388046056 -0.015792664 0.997902513 0.062778741 -0.016737300 -0.859000742 -0.045674659 0.509932876 1.054819930
24641289 1.020253154 1.814403768 0.500000000 0.500000000 0.000000000 0.000000000 0.511453390 -0.051182043 0.857785523 0.162011039 -0.016793776 0.997438610 0.069528095 -0.003621258 -0.859147012 -0.049965844 0.509283841 0.830962191
24674656 1.020253154 1.814403768 0.500000000 0.500000000 0.000000000 0.000000000 0.501311064 -0.056890920 0.863394260 -0.065142837 -0.016092649 0.997050524 0.075041592 0.008230465 -0.865116954 -0.051513463 0.498916984 0.566994526
24708022 1.020253154 1.814403768 0.500000000 0.500000000 0.000000000 0.000000000 0.482522488 -0.063001394 0.873615146 -0.264787137 -0.012870062 0.996792078 0.078992926 0.006371626 -0.875789285 -0.049359359 0.480163753 0.340376155
24741389 1.020253154 1.814403768 0.500000000 0.500000000 0.000000000 0.000000000 0.456741214 -0.070521638 0.886799872 -0.506192910 -0.008171979 0.996478260 0.083452597 0.010669303 -0.889561951 -0.045363143 0.454556406 0.076339238
24774756 1.020253154 1.814403768 0.500000000 0.500000000 0.000000000 0.000000000 0.432241619 -0.075110808 0.898623884 -0.728194477 -0.004345085 0.996339977 0.085368291 0.011864128 -0.901747048 -0.040804312 0.430333257 -0.142035904
24808122 1.020253154 1.814403768 0.500000000 0.500000000 0.000000000 0.000000000 0.399054587 -0.078515947 0.913559556 -1.002120382 -0.000678174 0.996301532 0.085923471 0.003994387 -0.916927099 -0.034907728 0.397525430 -0.373224122
24841489 1.020253154 1.814403768 0.500000000 0.500000000 0.000000000 0.000000000 0.368789196 -0.079326004 0.926122665 -1.254421675 0.003045406 0.996449530 0.084137157 0.000520937 -0.929508805 -0.028208513 0.367721379 -0.560140791
24874856 1.020253154 1.814403768 0.500000000 0.500000000 0.000000000 0.000000000 0.330729008 -0.079504848 0.940370917 -1.562020225 0.006791558 0.996619701 0.081871882 0.012287793 -0.943701386 -0.020690829 0.330151021 -0.748882064
24908222 1.020253154 1.814403768 0.500000000 0.500000000 0.000000000 0.000000000 0.303019106 -0.078809887 0.949720263 -1.822890430 0.008374210 0.996756375 0.080041170 0.029986665 -0.952947736 -0.016300850 0.302696228 -0.886362261
24941589 1.020253154 1.814403768 0.500000000 0.500000000 0.000000000 0.000000000 0.276026607 -0.078010425 0.957978964 -2.145580192 0.010667030 0.996888041 0.078105345 0.049208680 -0.961090803 -0.011340361 0.275999784 -1.057830084
24974956 1.020253154 1.814403768 0.500000000 0.500000000 0.000000000 0.000000000 0.257475317 -0.076659702 0.963239372 -2.418520740 0.012875021 0.997031748 0.075907573 0.059236017 -0.966199219 -0.007142615 0.257698059 -1.204650409
25008322 1.020253154 1.814403768 0.500000000 0.500000000 0.000000000 0.000000000 0.242338479 -0.074392594 0.967334986 -2.734677725 0.015284671 0.997224867 0.072862089 0.064815222 -0.970070958 -0.002871852 0.242803037 -1.389738901
25041689 1.020253154 1.814403768 0.500000000 0.500000000 0.000000000 0.000000000 0.233762443 -0.072975449 0.969552040 -2.976504323 0.017231340 0.997333705 0.070912018 0.081245945 -0.972141743 0.000130046 0.234396636 -1.533152094
25075056 1.020253154 1.814403768 0.500000000 0.500000000 0.000000000 0.000000000 0.225133598 -0.070156567 0.971799076 -3.254991751 0.019346865 0.997529507 0.067532100 0.118173999 -0.974136055 0.003597498 0.225934684 -1.695190650
25108422 1.020253154 1.814403768 0.500000000 0.500000000 0.000000000 0.000000000 0.217314839 -0.067456312 0.973767161 -3.503104818 0.020374583 0.997705340 0.064567566 0.150062085 -0.975888133 0.005808672 0.218190551 -1.835237172
25141789 1.020253154 1.814403768 0.500000000 0.500000000 0.000000000 0.000000000 0.214926302 -0.064744785 0.974481583 -3.794398388 0.020310801 0.997880638 0.061819769 0.174425023 -0.976418853 0.006505823 0.215785861 -2.039219478
25175156 1.020253154 1.814403768 0.500000000 0.500000000 0.000000000 0.000000000 0.228279233 -0.062401488 0.971593559 -3.994997448 0.020436069 0.998031139 0.059297923 0.195052023 -0.973380864 0.006319094 0.229104996 -2.276178383
25208522 1.020253154 1.814403768 0.500000000 0.500000000 0.000000000 0.000000000 0.249589145 -0.059824020 0.966502488 -4.184682814 0.020796450 0.998190820 0.056414999 0.229592000 -0.968128860 0.006019222 0.250381708 -2.591491964
25241889 1.020253154 1.814403768 0.500000000 0.500000000 0.000000000 0.000000000 0.265360296 -0.057333775 0.962443650 -4.323914989 0.021135399 0.998336375 0.053644616 0.263700995 -0.963918149 0.006106436 0.266130626 -2.854863099
25275256 1.020253154 1.814403768 0.500000000 0.500000000 0.000000000 0.000000000 0.282889843 -0.056730933 0.957473457 -4.457232498 0.022233943 0.998368919 0.052584909 0.286490980 -0.958894908 0.006412653 0.283689797 -3.192701455
25308622 1.020253154 1.814403768 0.500000000 0.500000000 0.000000000 0.000000000 0.301542103 -0.059285637 0.951608717 -4.520697050 0.025813717 0.998206735 0.054009002 0.288322106 -0.953104198 0.008278497 0.302531779 -3.511826036
25341989 1.020253154 1.814403768 0.500000000 0.500000000 0.000000000 0.000000000 0.327562928 -0.064527914 0.942623317 -4.535210464 0.032970630 0.997838140 0.056850340 0.288591092 -0.944253981 0.012456808 0.328982353 -3.919220872
