https://www.youtube.com/watch?v=UP6dBjsmg3U
144544000 0.927506886 1.649465055 0.500000000 0.500000000 0.000000000 0.000000000 0.998526692 -0.028134087 -0.046399273 0.219278019 0.029305311 0.999263823 0.024758149 -1.246799845 0.045668572 -0.026081417 0.998616099 5.325129765
144611000 0.927506886 1.649465055 0.500000000 0.500000000 0.000000000 0.000000000 0.998696625 -0.031432897 -0.040212840 0.157192033 0.032645971 0.999020398 0.029873982 -1.195099881 0.039234422 -0.031147830 0.998744428 4.990570119
144711000 0.927506886 1.649465055 0.500000000 0.500000000 0.000000000 0.000000000 0.998996079 -0.034612536 -0.028438820 0.013808518 0.035597607 0.998756826 0.034894697 -1.058960045 0.027195672 -0.035872020 0.998986304 4.499110046
144778000 0.927506886 1.649465055 0.500000000 0.500000000 0.000000000 0.000000000 0.999108851 -0.037578210 -0.019218974 -0.094522399 0.038303085 0.998510540 0.038852964 -0.975170948 0.017730325 -0.039554488 0.999060094 4.127330392
144845000 0.927506886 1.649465055 0.500000000 0.500000000 0.000000000 0.000000000 0.999062061 -0.041429989 -0.012591343 -0.233591999 0.041953065 0.998124063 0.044589985 -0.882842972 0.010720361 -0.045076411 0.998926044 3.791219874
144911000 0.927506886 1.649465055 0.500000000 0.500000000 0.000000000 0.000000000 0.998908520 -0.045702357 -0.009647153 -0.356193032 0.046127085 0.997697771 0.049714021 -0.796797032 0.007352894 -0.050104752 0.998716891 3.409739995
144978000 0.927506886 1.649465055 0.500000000 0.500000000 0.000000000 0.000000000 0.998796225 -0.048803184 -0.004931159 -0.490698978 0.048992168 0.997481227 0.051292982 -0.699105984 0.002415475 -0.051472824 0.998671472 3.110539708
145078000 0.927506886 1.649465055 0.500000000 0.500000000 0.000000000 0.000000000 0.998439789 -0.055473018 0.006379882 -0.694153021 0.055081051 0.997200608 0.050567281 -0.656379063 -0.009167143 -0.050136972 0.998700261 2.645570111
145145000 0.927506886 1.649465055 0.500000000 0.500000000 0.000000000 0.000000000 0.998048186 -0.061455548 0.011090515 -0.807067973 0.060829833 0.996898234 0.049936578 -0.647413989 -0.014124997 -0.049164474 0.998690784 2.324250030
145212000 0.927506886 1.649465055 0.500000000 0.500000000 0.000000000 0.000000000 0.997791946 -0.064736873 0.014846368 -0.901569005 0.063949749 0.996775389 0.048468515 -0.614545994 -0.017936194 -0.047412075 0.998714387 2.003190039
145278000 0.927506886 1.649465055 0.500000000 0.500000000 0.000000000 0.000000000 0.997694731 -0.065095000 0.019178895 -0.991100911 0.064190097 0.996943891 0.044524807 -0.544032995 -0.022018621 -0.043191072 0.998824179 1.684309964
145379000 0.927506886 1.649465055 0.500000000 0.500000000 0.000000000 0.000000000 0.997660935 -0.063030720 0.026454173 -1.077200111 0.061829858 0.997116745 0.043991372 -0.434581003 -0.029150706 -0.042252816 0.998681605 1.265050082
145445000 0.927506886 1.649465055 0.500000000 0.500000000 0.000000000 0.000000000 0.997789621 -0.060440477 0.027619077 -1.088619964 0.059138376 0.997200787 0.045752279 -0.368200023 -0.030307053 -0.044017799 0.998570919 0.994249969
145512000 0.927506886 1.649465055 0.500000000 0.500000000 0.000000000 0.000000000 0.998036087 -0.056852624 0.026300397 -1.076849922 0.055558518 0.997321844 0.047564290 -0.276831006 -0.028934114 -0.046009667 0.998521864 0.698010038
145579000 0.927506886 1.649465055 0.500000000 0.500000000 0.000000000 0.000000000 0.998174548 -0.054633029 0.025743945 -1.035359934 0.053303100 0.997336447 0.049786944 -0.190039995 -0.028395386 -0.048323829 0.998428047 0.435374016
145679000 0.927506886 1.649465055 0.500000000 0.500000000 0.000000000 0.000000000 0.998132944 -0.055504385 0.025492275 -0.919938004 0.054120060 0.997173607 0.052113440 -0.101500997 -0.028312752 -0.050636496 0.998315752 -0.017002296
145746000 0.927506886 1.649465055 0.500000000 0.500000000 0.000000000 0.000000000 0.998098075 -0.057515446 0.022185981 -0.797841021 0.056302171 0.997063875 0.051901296 -0.067750999 -0.025105964 -0.050553463 0.998405755 -0.373112013
145812000 0.927506886 1.649465055 0.500000000 0.500000000 0.000000000 0.000000000 0.998187363 -0.058744300 0.013079789 -0.622116041 0.058008175 0.997016668 0.050919656 -0.039835700 -0.016032010 -0.050068621 0.998617113 -0.827207059
145912000 0.927506886 1.649465055 0.500000000 0.500000000 0.000000000 0.000000000 0.998310208 -0.058029164 -0.003053945 -0.306512008 0.058108468 0.997221708 0.046608001 0.079515717 0.000340838 -0.046706706 0.998908579 -1.468899892
145979000 0.927506886 1.649465055 0.500000000 0.500000000 0.000000000 0.000000000 0.998250961 -0.057766177 -0.012574852 -0.089437303 0.058282129 0.997262836 0.045497842 0.177415996 0.009912197 -0.046151154 0.998885274 -1.917099941
146046000 0.927506886 1.649465055 0.500000000 0.500000000 0.000000000 0.000000000 0.998046935 -0.055145558 -0.029347422 0.175324002 0.056394007 0.997457683 0.043564413 0.298245983 0.026870428 -0.045134347 0.998619497 -2.371020155
146146000 0.927506886 1.649465055 0.500000000 0.500000000 0.000000000 0.000000000 0.997273147 -0.048702158 -0.055446558 0.585986983 0.050978750 0.997881770 0.040412731 0.517631994 0.053360917 -0.043129131 0.997643471 -2.950740226
146213000 0.927506886 1.649465055 0.500000000 0.500000000 0.000000000 0.000000000 0.996433914 -0.042928766 -0.072640195 0.872982036 0.045887869 0.998162568 0.039569605 0.650177977 0.070808053 -0.042761799 0.996572971 -3.311340319
146279000 0.927506886 1.649465055 0.500000000 0.500000000 0.000000000 0.000000000 0.995399654 -0.036152780 -0.088726901 1.175349978 0.039604537 0.998513162 0.037455540 0.785445995 0.087240852 -0.040797222 0.995351493 -3.644340061
146346000 0.927506886 1.649465055 0.500000000 0.500000000 0.000000000 0.000000000 0.994055331 -0.031826083 -0.104120411 1.471750066 0.035719339 0.998722494 0.035742991 0.900789944 0.102849834 -0.039249621 0.993922234 -3.953910195
146446000 0.927506886 1.649465055 0.500000000 0.500000000 0.000000000 0.000000000 0.991577506 -0.024799433 -0.127118394 1.901350098 0.029205892 0.999031246 0.032918103 1.045240027 0.126178905 -0.036353454 0.991341174 -4.368100065
146513000 0.927506886 1.649465055 0.500000000 0.500000000 0.000000000 0.000000000 0.989639938 -0.020630779 -0.142081797 2.168139982 0.025293997 0.999196410 0.031093026 1.124719912 0.141326159 -0.034364711 0.989366472 -4.622460194
146580000 0.927506886 1.649465055 0.500000000 0.500000000 0.000000000 0.000000000 0.988002181 -0.016752910 -0.153528407 2.417020101 0.021485616 0.999342084 0.029219002 1.191029943 0.152937904 -0.032167092 0.987712145 -4.811900547
146647000 0.927506886 1.649465055 0.500000000 0.500000000 0.000000000 0.000000000 0.986681163 -0.014112379 -0.162053034 2.622480106 0.018317763 0.999532342 0.024485901 1.253089977 0.161631688 -0.027128223 0.986478209 -5.033720045
146747000 0.927506886 1.649465055 0.500000000 0.500000000 0.000000000 0.000000000 0.984997571 -0.010957555 -0.172219887 2.884560153 0.014028531 0.999763370 0.016624738 1.324650079 0.171996966 -0.018791318 0.984918237 -5.292829877
