https://www.youtube.com/watch?v=7qi84SCL8Z4
18000000 0.891513947 1.585455642 0.500000000 0.500000000 0.000000000 0.000000000 0.951124728 -0.188594341 0.244527921 3.713790046 0.194657058 0.980871141 -0.000639522 3.146389686 -0.239729777 0.048207372 0.969642043 -4.383450270
18066667 0.891513947 1.585455642 0.500000000 0.500000000 0.000000000 0.000000000 0.940311193 -0.201130912 0.274520129 3.105350155 0.211365685 0.977375150 -0.007901642 2.866220528 -0.266719908 0.065454111 0.961548924 -4.062100389
18133333 0.891513947 1.585455642 0.500000000 0.500000000 0.000000000 0.000000000 0.930316687 -0.214516819 0.297478437 2.713509866 0.227740407 0.973669589 -0.010092124 2.596150125 -0.287480772 0.077136710 0.954675198 -3.556320002
18200000 0.891513947 1.585455642 0.500000000 0.500000000 0.000000000 0.000000000 0.920737267 -0.225496262 0.318424761 2.182830269 0.239476591 0.970889747 -0.004908573 2.334910085 -0.308048487 0.080774784 0.947935402 -3.241489665
18266667 0.891513947 1.585455642 0.500000000 0.500000000 0.000000000 0.000000000 0.911108255 -0.239244297 0.335624814 1.873810241 0.254542768 0.967060149 -0.001645882 2.111490191 -0.324175596 0.086930409 0.941994309 -2.660069802
18333333 0.891513947 1.585455642 0.500000000 0.500000000 0.000000000 0.000000000 0.903229654 -0.253082812 0.346590996 1.632039900 0.267061889 0.963648736 0.007688288 1.752960071 -0.335937738 0.085616946 0.937984824 -2.106979966
18400000 0.891513947 1.585455642 0.500000000 0.500000000 0.000000000 0.000000000 0.892793417 -0.267027199 0.362789959 1.345780294 0.280577600 0.959699690 0.015899215 1.360320125 -0.352414936 0.087595955 0.931735337 -1.621230264
18466667 0.891513947 1.585455642 0.500000000 0.500000000 0.000000000 0.000000000 0.882676244 -0.278320789 0.378708631 1.121930069 0.291715622 0.956232429 0.022837896 0.935706075 -0.368489712 0.090316743 0.925234139 -1.126370005
18533333 0.891513947 1.585455642 0.500000000 0.500000000 0.000000000 0.000000000 0.872405767 -0.291255772 0.392528147 0.866016000 0.304620445 0.952020884 0.029370993 0.493856011 -0.382249445 0.093948625 0.919270933 -0.703115042
18600000 0.891513947 1.585455642 0.500000000 0.500000000 0.000000000 0.000000000 0.862826049 -0.301960349 0.405402541 0.676628015 0.314979672 0.948413908 0.036040001 0.055203089 -0.395372033 0.096597277 0.913427591 -0.232449984
18666667 0.891513947 1.585455642 0.500000000 0.500000000 0.000000000 0.000000000 0.850777626 -0.314024001 0.421386093 0.403234940 0.328073293 0.943765104 0.040930316 -0.301513987 -0.410542578 0.103422984 0.905957162 0.221273965
18733333 0.891513947 1.585455642 0.500000000 0.500000000 0.000000000 0.000000000 0.840044737 -0.325708002 0.433865607 0.150081045 0.338840276 0.939552724 0.049275205 -0.661296200 -0.423688948 0.105617642 0.899629235 0.657258180
18800000 0.891513947 1.585455642 0.500000000 0.500000000 0.000000000 0.000000000 0.828870595 -0.337671459 0.446040004 -0.142373034 0.350696623 0.934813380 0.055998717 -0.966368113 -0.435873359 0.110008970 0.893259525 1.094240181
18866667 0.891513947 1.585455642 0.500000000 0.500000000 0.000000000 0.000000000 0.819582105 -0.347765446 0.455350697 -0.416119041 0.359832466 0.930868924 0.063273884 -1.245419868 -0.445876300 0.111991890 0.888060868 1.525839985
18933333 0.891513947 1.585455642 0.500000000 0.500000000 0.000000000 0.000000000 0.809704661 -0.357473701 0.465393543 -0.734997115 0.369909495 0.926566720 0.068126746 -1.487540496 -0.455571711 0.116990797 0.882478178 1.969920611
19000000 0.891513947 1.585455642 0.500000000 0.500000000 0.000000000 0.000000000 0.800336957 -0.366731614 0.474308640 -1.133310081 0.378387958 0.922613859 0.074874870 -1.736399960 -0.465062708 0.119547583 0.877168775 2.373549800
19066667 0.891513947 1.585455642 0.500000000 0.500000000 0.000000000 0.000000000 0.791026235 -0.376099139 0.482521474 -1.517709906 0.387103111 0.918447137 0.081278138 -1.979820174 -0.473739088 0.122492380 0.872104883 2.754370137
19133333 0.891513947 1.585455642 0.500000000 0.500000000 0.000000000 0.000000000 0.781650126 -0.384827048 0.490847558 -1.999760545 0.395186096 0.914415419 0.087592438 -2.240190396 -0.482546538 0.125509441 0.866831183 3.109450523
19200000 0.891513947 1.585455642 0.500000000 0.500000000 0.000000000 0.000000000 0.773108006 -0.394056201 0.497015238 -2.448381063 0.402849793 0.910311818 0.095102914 -2.517860791 -0.489914715 0.126697481 0.862514615 3.466300900
19266667 0.891513947 1.585455642 0.500000000 0.500000000 0.000000000 0.000000000 0.764427781 -0.401914001 0.504098296 -2.970919525 0.410327494 0.906391442 0.100428164 -2.775489236 -0.497273892 0.130075425 0.857787251 3.782959523
19333333 0.891513947 1.585455642 0.500000000 0.500000000 0.000000000 0.000000000 0.756047487 -0.409765750 0.510376871 -3.382050844 0.416813165 0.902642190 0.107256576 -3.078380867 -0.504637778 0.131640568 0.853236020 4.156241240
