https://www.youtube.com/watch?v=QTDqI71dE5Q
125592133 0.798935274 1.430600493 0.500000000 0.500000000 0.000000000 0.000000000 0.997158289 -0.007177966 -0.074991800 2.194519973 0.006044975 0.999864280 -0.015324286 0.266202974 0.075091623 0.014827416 0.997066379 -5.702669797
125625500 0.798935274 1.430600493 0.500000000 0.500000000 0.000000000 0.000000000 0.996898174 -0.007202227 -0.078371592 2.136179702 0.005928701 0.999846756 -0.016470399 0.269174990 0.078478210 0.015954670 0.996788144 -5.551909989
125658867 0.798935274 1.430600493 0.500000000 0.500000000 0.000000000 0.000000000 0.996571958 -0.007933496 -0.082349300 2.090850077 0.006507408 0.999824405 -0.017571524 0.273227972 0.082474247 0.016975407 0.996448636 -5.388650267
125692233 0.798935274 1.430600493 0.500000000 0.500000000 0.000000000 0.000000000 0.996221185 -0.008008273 -0.086482197 2.029509954 0.006436470 0.999809265 -0.018438468 0.268918001 0.086613357 0.017812153 0.996082783 -5.222400831
125725600 0.798935274 1.430600493 0.500000000 0.500000000 0.000000000 0.000000000 0.995880187 -0.008980741 -0.090233058 1.954669972 0.007252454 0.999784291 -0.019463250 0.270476991 0.090388387 0.018728653 0.995730460 -5.057419327
125758967 0.798935274 1.430600493 0.500000000 0.500000000 0.000000000 0.000000000 0.995505035 -0.009057861 -0.094274767 1.874220150 0.007120434 0.999756932 -0.020866999 0.283061011 0.094440855 0.020101925 0.995327473 -4.872629601
125792333 0.798935274 1.430600493 0.500000000 0.500000000 0.000000000 0.000000000 0.995114565 -0.009920127 -0.098227352 1.784720003 0.007860337 0.999741495 -0.021334445 0.272044002 0.098413602 0.020458115 0.994935274 -4.683219746
125825700 0.798935274 1.430600493 0.500000000 0.500000000 0.000000000 0.000000000 0.994677365 -0.009771948 -0.102574028 1.688969826 0.007417683 0.999700785 -0.023308273 0.295231987 0.102771111 0.022423349 0.994452238 -4.483539676
125859067 0.798935274 1.430600493 0.500000000 0.500000000 0.000000000 0.000000000 0.994210422 -0.010239137 -0.106961422 1.589549933 0.007610221 0.999659538 -0.024957487 0.307491990 0.107180543 0.023998993 0.993949890 -4.271360008
125892433 0.798935274 1.430600493 0.500000000 0.500000000 0.000000000 0.000000000 0.993638933 -0.010685046 -0.112104967 1.502750035 0.007826709 0.999633729 -0.025906187 0.295641980 0.112340719 0.024863984 0.993358612 -4.036809586
125925800 0.798935274 1.430600493 0.500000000 0.500000000 0.000000000 0.000000000 0.993105233 -0.011588763 -0.116652295 1.409149986 0.008535225 0.999608576 -0.026642032 0.276695994 0.116915390 0.025462687 0.992815435 -3.803550096
125959167 0.798935274 1.430600493 0.500000000 0.500000000 0.000000000 0.000000000 0.992610693 -0.011415422 -0.120804660 1.300969999 0.008054955 0.999567866 -0.028269244 0.283077998 0.121075161 0.027087277 0.992273688 -3.580629977
125992533 0.798935274 1.430600493 0.500000000 0.500000000 0.000000000 0.000000000 0.992120206 -0.011522877 -0.124758847 1.198330129 0.007910057 0.999535978 -0.029415190 0.272787997 0.125039905 0.028196555 0.991750956 -3.349930138
126025900 0.798935274 1.430600493 0.500000000 0.500000000 0.000000000 0.000000000 0.991610646 -0.011634566 -0.128736153 1.094480074 0.007698497 0.999488771 -0.031030174 0.271886992 0.129031375 0.029778775 0.991193295 -3.112700017
126059267 0.798935274 1.430600493 0.500000000 0.500000000 0.000000000 0.000000000 0.991286337 -0.011545062 -0.131217644 0.945537897 0.007239112 0.999421000 -0.033245090 0.274866011 0.131525502 0.032005507 0.990795970 -2.879169820
126092633 0.798935274 1.430600493 0.500000000 0.500000000 0.000000000 0.000000000 0.990684092 -0.012154587 -0.135636613 0.839830000 0.007556308 0.999380767 -0.034364931 0.242239983 0.135970309 0.033019878 0.990162492 -2.613639996
126126000 0.798935274 1.430600493 0.500000000 0.500000000 0.000000000 0.000000000 0.990209639 -0.012054549 -0.139066741 0.702714996 0.007072398 0.999317229 -0.036264341 0.223225999 0.139408931 0.034925763 0.989618778 -2.361069613
126159367 0.798935274 1.430600493 0.500000000 0.500000000 0.000000000 0.000000000 0.990071476 -0.012032287 -0.140048862 0.500473053 0.006850206 0.999275923 -0.037425410 0.175152000 0.140397757 0.036094468 0.989437044 -2.099699941
126192733 0.798935274 1.430600493 0.500000000 0.500000000 0.000000000 0.000000000 0.989711583 -0.011994597 -0.142573193 0.346700026 0.006470460 0.999212503 -0.039146647 0.143979993 0.142930463 0.037821375 0.989009798 -1.827119836
126226100 0.798935274 1.430600493 0.500000000 0.500000000 0.000000000 0.000000000 0.988892913 -0.012579758 -0.148096576 0.297359036 0.006382063 0.999086678 -0.042250097 0.142669990 0.148492798 0.040835664 0.988070011 -1.544600039
126259467 0.798935274 1.430600493 0.500000000 0.500000000 0.000000000 0.000000000 0.988690853 -0.012853111 -0.149416044 0.176513982 0.006284974 0.998996377 -0.044348113 0.119047004 0.149836108 0.042907499 0.987779379 -1.274839998
126292833 0.798935274 1.430600493 0.500000000 0.500000000 0.000000000 0.000000000 0.988735497 -0.012530446 -0.149148107 0.050001319 0.005773934 0.998940885 -0.045647807 0.083334799 0.149562120 0.044272438 0.987760663 -0.996402031
126326200 0.798935274 1.430600493 0.500000000 0.500000000 0.000000000 0.000000000 0.988823771 -0.013074305 -0.148514703 -0.055283597 0.005952357 0.998815238 -0.048298094 0.075960903 0.148970202 0.046874288 0.987730026 -0.727779947
126359567 0.798935274 1.430600493 0.500000000 0.500000000 0.000000000 0.000000000 0.989246964 -0.013059074 -0.145670682 -0.189868998 0.005982237 0.998785079 -0.048913755 0.014535400 0.146132469 0.047516346 0.988123238 -0.452835021
126392933 0.798935274 1.430600493 0.500000000 0.500000000 0.000000000 0.000000000 0.989760399 -0.012904714 -0.142154276 -0.313534018 0.005802865 0.998719275 -0.050260492 -0.021578802 0.142620802 0.048920944 0.988567650 -0.166573988
126426300 0.798935274 1.430600493 0.500000000 0.500000000 0.000000000 0.000000000 0.990396798 -0.012761224 -0.137663782 -0.428394983 0.005684284 0.998647571 -0.051678579 -0.057590698 0.138137072 0.050399777 0.989129901 0.119285006
126459667 0.798935274 1.430600493 0.500000000 0.500000000 0.000000000 0.000000000 0.991110563 -0.012828514 -0.132420629 -0.530553969 0.005818024 0.998567283 -0.053192824 -0.086879287 0.132913291 0.051949546 0.989765286 0.405295042
