https://www.youtube.com/watch?v=7iidykhRDEI
33366667 0.950437588 1.690244522 0.500000000 0.500000000 0.000000000 0.000000000 0.977070212 0.011755642 -0.212592587 -5.317409662 -0.002643656 0.999067485 0.043094825 -4.048530457 0.212900952 -0.041544650 0.976190150 1.478219915
33433400 0.950437588 1.690244522 0.500000000 0.500000000 0.000000000 0.000000000 0.975836635 0.013500130 -0.218084022 -4.917790014 -0.005480618 0.999287724 0.037335720 -3.714009789 0.218432739 -0.035238329 0.975215554 1.304669802
33500133 0.950437588 1.690244522 0.500000000 0.500000000 0.000000000 0.000000000 0.974871457 0.015442939 -0.222232237 -4.517640247 -0.008604065 0.999460101 0.031708945 -3.385050014 0.222601935 -0.029000046 0.974478006 1.152759850
33566867 0.950437588 1.690244522 0.500000000 0.500000000 0.000000000 0.000000000 0.973888457 0.017666487 -0.226338416 -4.055449602 -0.011976212 0.999577343 0.026489187 -3.067759943 0.226710737 -0.023086835 0.973688483 0.999451064
33633600 0.950437588 1.690244522 0.500000000 0.500000000 0.000000000 0.000000000 0.973499298 0.018479934 -0.227942243 -3.628540368 -0.014087067 0.999682665 0.020883901 -2.775059830 0.228255853 -0.017119428 0.973450661 0.835987875
33700333 0.950437588 1.690244522 0.500000000 0.500000000 0.000000000 0.000000000 0.972518206 0.020420885 -0.231929421 -3.143109706 -0.018087288 0.999762177 0.012183920 -2.417320217 0.232123077 -0.007654107 0.972656310 0.683154973
33767067 0.950437588 1.690244522 0.500000000 0.500000000 0.000000000 0.000000000 0.971199512 0.020931369 -0.237346649 -2.679700156 -0.019979572 0.999779820 0.006415130 -2.104340382 0.237428665 -0.001488288 0.971403837 0.528278002
33833800 0.950437588 1.690244522 0.500000000 0.500000000 0.000000000 0.000000000 0.968949497 0.022692531 -0.246215254 -2.165009894 -0.023776796 0.999716282 -0.001431353 -1.742350037 0.246112913 0.007241114 0.969214141 0.397640013
33900533 0.950437588 1.690244522 0.500000000 0.500000000 0.000000000 0.000000000 0.967902064 0.025567695 -0.250023574 -1.745379858 -0.027778462 0.999599934 -0.005316945 -1.382309973 0.249787614 0.012091558 0.968225121 0.298337025
33967267 0.950437588 1.690244522 0.500000000 0.500000000 0.000000000 0.000000000 0.966773629 0.026556669 -0.254250705 -1.370519908 -0.028374506 0.999591291 -0.003484395 -1.082979992 0.254054248 0.010582862 0.967132032 0.272632963
34034000 0.950437588 1.690244522 0.500000000 0.500000000 0.000000000 0.000000000 0.963976443 0.026661292 -0.264647812 -0.926703837 -0.028745215 0.999578774 -0.004003990 -0.771410019 0.264429599 0.011467119 0.964336753 0.195149960
34100733 0.950437588 1.690244522 0.500000000 0.500000000 0.000000000 0.000000000 0.961251318 0.026425513 -0.274404019 -0.536055985 -0.029142337 0.999558270 -0.005828156 -0.455999992 0.274128824 0.013599102 0.961596787 0.139118962
34167467 0.950437588 1.690244522 0.500000000 0.500000000 0.000000000 0.000000000 0.959164500 0.027632097 -0.281495810 -0.214662982 -0.030468384 0.999519467 -0.005703014 -0.159163987 0.281202972 0.014046851 0.959545493 0.098145492
34234200 0.950437588 1.690244522 0.500000000 0.500000000 0.000000000 0.000000000 0.957659483 0.029432453 -0.286395103 0.056758403 -0.031836808 0.999486089 -0.003741319 0.107116007 0.286137789 0.012700807 0.958104312 0.048646098
34300933 0.950437588 1.690244522 0.500000000 0.500000000 0.000000000 0.000000000 0.955831707 0.028991014 -0.292481154 0.350522971 -0.030899391 0.999520659 -0.001906107 0.349471006 0.292285711 0.010859407 0.956269383 -0.016256199
34367667 0.950437588 1.690244522 0.500000000 0.500000000 0.000000000 0.000000000 0.954346180 0.028048869 -0.297382802 0.637261908 -0.029585227 0.999562025 -0.000665686 0.581650012 0.297233909 0.009433439 0.954758048 -0.072922369
34434400 0.950437588 1.690244522 0.500000000 0.500000000 0.000000000 0.000000000 0.952405512 0.027395131 -0.303600460 0.921940983 -0.028020648 0.999604702 0.002296709 0.761085958 0.303543359 0.006319687 0.952796638 -0.151377994
34501133 0.950437588 1.690244522 0.500000000 0.500000000 0.000000000 0.000000000 0.949490488 0.027010530 -0.312631160 1.238130049 -0.026946954 0.999626637 0.004524721 0.919807961 0.312636644 0.004128275 0.949863851 -0.271100032
34567867 0.950437588 1.690244522 0.500000000 0.500000000 0.000000000 0.000000000 0.946602643 0.025835039 -0.321365714 1.579179925 -0.024936838 0.999665141 0.006911475 1.081850078 0.321436644 0.001471431 0.946929872 -0.415624923
34634600 0.950437588 1.690244522 0.500000000 0.500000000 0.000000000 0.000000000 0.943795323 0.024877807 -0.329592884 1.954620019 -0.023394732 0.999690473 0.008465802 1.298540029 0.329701483 -0.000279244 0.944085181 -0.583421992
34701333 0.950437588 1.690244522 0.500000000 0.500000000 0.000000000 0.000000000 0.941720784 0.025281511 -0.335444152 2.334640026 -0.023768108 0.999680340 0.008616963 1.572139881 0.335554779 -0.000141900 0.942020655 -0.751188935
34768067 0.950437588 1.690244522 0.500000000 0.500000000 0.000000000 0.000000000 0.940094650 0.025757672 -0.339938968 2.774779719 -0.023727106 0.999667168 0.010129383 1.873640012 0.340086728 -0.001456803 0.940392911 -0.910963964
34834800 0.950437588 1.690244522 0.500000000 0.500000000 0.000000000 0.000000000 0.939166903 0.026916130 -0.342404842 3.160989968 -0.025188325 0.999637663 0.009492667 2.176709927 0.342536271 -0.000290591 0.939504564 -1.047670209
34901533 0.950437588 1.690244522 0.500000000 0.500000000 0.000000000 0.000000000 0.939738989 0.028977016 -0.340662539 3.537770187 -0.028270120 0.999575555 0.007039756 2.430039918 0.340721905 0.003015037 0.940159321 -1.144990174
34968267 0.950437588 1.690244522 0.500000000 0.500000000 0.000000000 0.000000000 0.940203786 0.030217269 -0.339269280 3.875829462 -0.032171536 0.999482334 -0.000136093 2.675589960 0.339089572 0.011042778 0.940689206 -1.279969724
35035000 0.950437588 1.690244522 0.500000000 0.500000000 0.000000000 0.000000000 0.941942215 0.033612266 -0.334088206 4.214599203 -0.037893191 0.999261916 -0.006302929 2.876680072 0.333629787 0.018596673 0.942520678 -1.357279790
35101733 0.950437588 1.690244522 0.500000000 0.500000000 0.000000000 0.000000000 0.941983163 0.035691556 -0.333757281 4.659430580 -0.041935977 0.999053895 -0.011520943 3.038630114 0.333030283 0.024848966 0.942588687 -1.435380141
