https://www.youtube.com/watch?v=ipYGjWGcdFU
157223733 0.899118789 1.611736609 0.500000000 0.500000000 0.000000000 0.000000000 0.995674908 0.005402350 0.092748523 5.723249816 -0.002490887 0.999501348 -0.031478029 -0.363310983 -0.092872322 0.031110857 0.995191872 -2.857790144
157290467 0.899118789 1.611736609 0.500000000 0.500000000 0.000000000 0.000000000 0.994650126 0.004893447 0.103185013 5.535749712 -0.000431894 0.999065638 -0.043216504 -0.305988023 -0.103300080 0.042940736 0.993722916 -2.736730300
157357200 0.899118789 1.611736609 0.500000000 0.500000000 0.000000000 0.000000000 0.993507504 0.007858097 0.113494888 5.345900449 -0.001855221 0.998598099 -0.052900176 -0.266653005 -0.113751471 0.052346166 0.992129266 -2.623640076
157423933 0.899118789 1.611736609 0.500000000 0.500000000 0.000000000 0.000000000 0.992242396 0.012650397 0.123673059 5.154090129 -0.006032431 0.998536706 -0.053740487 -0.261584981 -0.124171935 0.052577540 0.990866780 -2.504690225
157490667 0.899118789 1.611736609 0.500000000 0.500000000 0.000000000 0.000000000 0.990748286 0.017793039 0.134540632 4.950469663 -0.010828810 0.998571694 -0.052318744 -0.274138935 -0.135279372 0.050377794 0.989525914 -2.393300063
157557400 0.899118789 1.611736609 0.500000000 0.500000000 0.000000000 0.000000000 0.989030004 0.021486592 0.146143839 4.726660313 -0.013387491 0.998331010 -0.056178257 -0.267483017 -0.147106990 0.053605482 0.987666965 -2.298790013
157624133 0.899118789 1.611736609 0.500000000 0.500000000 0.000000000 0.000000000 0.987015605 0.024234304 0.158785746 4.486929984 -0.014686791 0.998027980 -0.061028313 -0.248332034 -0.159951583 0.057903845 0.985425115 -2.220069886
157690867 0.899118789 1.611736609 0.500000000 0.500000000 0.000000000 0.000000000 0.983966291 0.023569398 0.176790446 4.223520145 -0.012395747 0.997870147 -0.064043097 -0.202526046 -0.177923352 0.060824800 0.982162714 -2.168769922
157757600 0.899118789 1.611736609 0.500000000 0.500000000 0.000000000 0.000000000 0.979001343 0.017501362 0.203101173 3.936800184 -0.004994047 0.998067915 -0.061931562 -0.125842012 -0.203792647 0.059616785 0.977197230 -2.145149968
157824333 0.899118789 1.611736609 0.500000000 0.500000000 0.000000000 0.000000000 0.972405374 0.011207078 0.233028308 3.641249897 0.002184559 0.998364329 -0.057130482 -0.060230400 -0.233287409 0.056063052 0.970790327 -2.099819612
157891067 0.899118789 1.611736609 0.500000000 0.500000000 0.000000000 0.000000000 0.964180291 0.006571520 0.265166283 3.339080165 0.008280975 0.998459995 -0.054855201 -0.011108198 -0.265118420 0.055086140 0.962641001 -2.029469821
157957800 0.899118789 1.611736609 0.500000000 0.500000000 0.000000000 0.000000000 0.957031250 0.004280463 0.289953142 3.053139783 0.011541884 0.998536468 -0.052836586 0.018827432 -0.289754957 0.053912867 0.955581188 -1.921279970
158024533 0.899118789 1.611736609 0.500000000 0.500000000 0.000000000 0.000000000 0.952181101 0.001421757 0.305530816 2.804779813 0.014570681 0.998640120 -0.050056290 0.045062628 -0.305186480 0.052114446 0.950865507 -1.777709768
158091267 0.899118789 1.611736609 0.500000000 0.500000000 0.000000000 0.000000000 0.948410213 -0.001386396 0.317042947 2.580650441 0.016634192 0.998830736 -0.045392189 0.063601386 -0.316609323 0.048324164 0.947324336 -1.609060271
158158000 0.899118789 1.611736609 0.500000000 0.500000000 0.000000000 0.000000000 0.944757819 -0.001389609 0.327766389 2.371050021 0.015146648 0.999107778 -0.039423078 0.061200671 -0.327419192 0.042209819 0.943935990 -1.428630200
158224733 0.899118789 1.611736609 0.500000000 0.500000000 0.000000000 0.000000000 0.940754175 0.000474206 0.339088887 2.173629792 0.011817355 0.999345720 -0.034183111 0.046678614 -0.338883251 0.036165040 0.940133035 -1.249699854
158291467 0.899118789 1.611736609 0.500000000 0.500000000 0.000000000 0.000000000 0.937010109 0.005119306 0.349264860 1.982980204 0.005970598 0.999511778 -0.030668210 0.023028779 -0.349251330 0.030821744 0.936522126 -1.079530083
158358200 0.899118789 1.611736609 0.500000000 0.500000000 0.000000000 0.000000000 0.932911098 0.012409003 0.359892845 1.803480033 -0.001949401 0.999565482 -0.029411517 -0.005939410 -0.360101461 0.026736755 0.932529926 -0.914908066
158424933 0.899118789 1.611736609 0.500000000 0.500000000 0.000000000 0.000000000 0.927789450 0.018002208 0.372669905 1.634120255 -0.007256851 0.999517024 -0.030216271 -0.034859121 -0.373033851 0.025329931 0.927471995 -0.764740070
158491667 0.899118789 1.611736609 0.500000000 0.500000000 0.000000000 0.000000000 0.922288537 0.019673405 0.386001110 1.468820023 -0.007685943 0.999439776 -0.032574344 -0.058305512 -0.386425734 0.027076166 0.921923041 -0.612895107
158558400 0.899118789 1.611736609 0.500000000 0.500000000 0.000000000 0.000000000 0.916608334 0.018384643 0.399363309 1.300079736 -0.005426180 0.999422193 -0.033554230 -0.079002583 -0.399749428 0.028589064 0.916178465 -0.458265955
158625133 0.899118789 1.611736609 0.500000000 0.500000000 0.000000000 0.000000000 0.911348939 0.018281421 0.411228418 1.127039996 -0.004160025 0.999371350 -0.035208389 -0.105343002 -0.411613524 0.030376410 0.910852075 -0.284644973
158691867 0.899118789 1.611736609 0.500000000 0.500000000 0.000000000 0.000000000 0.906103432 0.015611593 0.422767997 0.954051879 0.000296023 0.999295235 -0.037535515 -0.113979990 -0.423056066 0.034136210 0.905460238 -0.112151020
158758600 0.899118789 1.611736609 0.500000000 0.500000000 0.000000000 0.000000000 0.900703788 0.012650896 0.434249371 0.776253933 0.005489931 0.999164641 -0.040495429 -0.112345986 -0.434398919 0.038858380 0.899881899 0.062052276
158825333 0.899118789 1.611736609 0.500000000 0.500000000 0.000000000 0.000000000 0.894707322 0.011927794 0.446493536 0.598483924 0.009410503 0.998918056 -0.045542713 -0.102382991 -0.446553677 0.044949125 0.893627048 0.234035952
158892067 0.899118789 1.611736609 0.500000000 0.500000000 0.000000000 0.000000000 0.888938427 0.015316037 0.457770735 0.413244112 0.009523019 0.998606682 -0.051903911 -0.094143807 -0.457927853 0.050498739 0.887553990 0.392071079
158958800 0.899118789 1.611736609 0.500000000 0.500000000 0.000000000 0.000000000 0.883632660 0.021767061 0.467674553 0.217281973 0.006068662 0.998302162 -0.057930376 -0.081257791 -0.468141496 0.054027330 0.882000268 0.556102923
159025533 0.899118789 1.611736609 0.500000000 0.500000000 0.000000000 0.000000000 0.878790140 0.026307415 0.476482719 0.010241382 0.003780367 0.998064220 -0.062077049 -0.065208398 -0.477193445 0.056353983 0.876989543 0.720027034
159092267 0.899118789 1.611736609 0.500000000 0.500000000 0.000000000 0.000000000 0.873547792 0.029463196 0.485845804 -0.207144010 0.003001211 0.997821271 -0.065907128 -0.049685605 -0.486729085 0.059031151 0.871556163 0.879213008
159159000 0.899118789 1.611736609 0.500000000 0.500000000 0.000000000 0.000000000 0.866670251 0.028462652 0.498068780 -0.440364037 0.007430919 0.997523904 -0.069934763 -0.037642513 -0.498826057 0.064311482 0.864312768 1.011159999
159225733 0.899118789 1.611736609 0.500000000 0.500000000 0.000000000 0.000000000 0.856683910 0.027981015 0.515082240 -0.680092967 0.012493780 0.997109294 -0.074945986 -0.032192906 -0.515690327 0.070640340 0.853857934 1.114029955
159292467 0.899118789 1.611736609 0.500000000 0.500000000 0.000000000 0.000000000 0.841871142 0.025933616 0.539054990 -0.917828888 0.018913712 0.996813357 -0.077494644 -0.017611917 -0.539346933 0.075436033 0.838697910 1.221109891
159359200 0.899118789 1.611736609 0.500000000 0.500000000 0.000000000 0.000000000 0.824814618 0.020125411 0.565045118 -1.140940095 0.027689863 0.996729314 -0.075920686 -0.005915268 -0.564724922 0.078266516 0.821559668 1.354820191
159425933 0.899118789 1.611736609 0.500000000 0.500000000 0.000000000 0.000000000 0.806654453 0.010848081 0.590923965 -1.345490330 0.039337739 0.996628940 -0.071994871 -0.008030763 -0.589712918 0.081320584 0.803508401 1.514090121
159492667 0.899118789 1.611736609 0.500000000 0.500000000 0.000000000 0.000000000 0.793345273 0.001015501 0.608771205 -1.539580351 0.050189801 0.996485174 -0.067069195 -0.021718974 -0.606699586 0.083763130 0.790505826 1.685240242
159559400 0.899118789 1.611736609 0.500000000 0.500000000 0.000000000 0.000000000 0.783648729 -0.004279017 0.621189475 -1.729719909 0.056125280 0.996374249 -0.063940242 -0.014747112 -0.618663549 0.084971115 0.781047583 1.828619911
159626133 0.899118789 1.611736609 0.500000000 0.500000000 0.000000000 0.000000000 0.772557378 -0.003182776 0.634936929 -1.880589868 0.054931842 0.996573150 -0.061842546 0.011782702 -0.632564187 0.082655177 0.770084739 1.979679583
