https://www.youtube.com/watch?v=rdxUpkcAOwk
37237200 0.818577591 1.455746880 0.500000000 0.500000000 0.000000000 0.000000000 0.998886704 -0.020805011 0.042337891 -2.365600072 0.022205049 0.999212921 -0.032871138 -2.581700124 -0.041620683 0.033774655 0.998562455 5.016700133
37303933 0.818577591 1.455746880 0.500000000 0.500000000 0.000000000 0.000000000 0.998451293 -0.025329841 0.049531445 -2.271599719 0.027045460 0.999046266 -0.034279075 -2.422249904 -0.048615925 0.035565589 0.998184144 4.816640397
37370667 0.818577591 1.455746880 0.500000000 0.500000000 0.000000000 0.000000000 0.997764766 -0.029838415 0.059791997 -2.262579819 0.031729721 0.999017656 -0.030935518 -2.321029976 -0.058810189 0.032763556 0.997731388 4.641719750
37437400 0.818577591 1.455746880 0.500000000 0.500000000 0.000000000 0.000000000 0.997110248 -0.038149253 0.065694891 -2.223969902 0.040142126 0.998764694 -0.029286854 -2.227189937 -0.064496465 0.031839356 0.997409880 4.438950205
37504133 0.818577591 1.455746880 0.500000000 0.500000000 0.000000000 0.000000000 0.996272385 -0.048751831 0.071166039 -2.151539940 0.050860867 0.998309553 -0.028129414 -2.105359951 -0.069674373 0.031644121 0.997067750 4.254559828
37570867 0.818577591 1.455746880 0.500000000 0.500000000 0.000000000 0.000000000 0.995249450 -0.054442633 0.080712393 -2.033499930 0.056870829 0.997986138 -0.028095651 -1.951969885 -0.079020247 0.032552365 0.996341348 4.080820113
37637600 0.818577591 1.455746880 0.500000000 0.500000000 0.000000000 0.000000000 0.993470013 -0.061846115 0.095876694 -1.972879968 0.064346857 0.997657597 -0.023211326 -1.826699894 -0.094216585 0.029229119 0.995122552 3.888050047
37704333 0.818577591 1.455746880 0.500000000 0.500000000 0.000000000 0.000000000 0.991708755 -0.067607678 0.109283544 -1.887879692 0.070059620 0.997366548 -0.018750316 -1.769249830 -0.107728086 0.026251221 0.993833780 3.727940095
37771067 0.818577591 1.455746880 0.500000000 0.500000000 0.000000000 0.000000000 0.989399195 -0.074795261 0.124478258 -1.840099842 0.077552229 0.996835649 -0.017445076 -1.711899946 -0.122779556 0.026913717 0.992068946 3.524049926
37837800 0.818577591 1.455746880 0.500000000 0.500000000 0.000000000 0.000000000 0.987136602 -0.082230769 0.137110829 -1.755160022 0.085242964 0.996227920 -0.016233992 -1.642890007 -0.135258704 0.027712900 0.990422666 3.350200077
37904533 0.818577591 1.455746880 0.500000000 0.500000000 0.000000000 0.000000000 0.984245241 -0.090354055 0.151978493 -1.750059984 0.093390167 0.995545447 -0.012944298 -1.598850043 -0.150131911 0.026933668 0.988299012 3.175219781
37971267 0.818577591 1.455746880 0.500000000 0.500000000 0.000000000 0.000000000 0.982051492 -0.097961843 0.161177918 -1.667880005 0.100977868 0.994832098 -0.010608629 -1.581750051 -0.159305736 0.026693612 0.986868382 3.046659998
38038000 0.818577591 1.455746880 0.500000000 0.500000000 0.000000000 0.000000000 0.979640484 -0.102273814 0.172756001 -1.614210060 0.105924912 0.994301438 -0.012024658 -1.601020006 -0.170541719 0.030079002 0.984891236 2.903980211
38104733 0.818577591 1.455746880 0.500000000 0.500000000 0.000000000 0.000000000 0.977572918 -0.104207143 0.183008268 -1.548719872 0.109328777 0.993840933 -0.018094923 -1.541749945 -0.179995492 0.037697196 0.982944846 2.736869873
38171467 0.818577591 1.455746880 0.500000000 0.500000000 0.000000000 0.000000000 0.975131869 -0.104993552 0.195177183 -1.499169883 0.111426532 0.993523657 -0.022246365 -1.463070141 -0.191577420 0.043441061 0.980515659 2.582099779
38238200 0.818577591 1.455746880 0.500000000 0.500000000 0.000000000 0.000000000 0.972805262 -0.110159464 0.203751892 -1.461159836 0.117058016 0.992879510 -0.022083586 -1.374550003 -0.199868351 0.045333818 0.978773475 2.416259840
38304933 0.818577591 1.455746880 0.500000000 0.500000000 0.000000000 0.000000000 0.970952094 -0.116510890 0.208990827 -1.348049866 0.123370670 0.992158115 -0.020047668 -1.311949895 -0.205016181 0.045248676 0.977712095 2.257360133
38371667 0.818577591 1.455746880 0.500000000 0.500000000 0.000000000 0.000000000 0.969340444 -0.119212851 0.214866102 -1.238270069 0.126307055 0.991798639 -0.019544236 -1.228370018 -0.210773975 0.046084106 0.976447940 2.083770077
38438400 0.818577591 1.455746880 0.500000000 0.500000000 0.000000000 0.000000000 0.967939973 -0.119775258 0.220785037 -1.135429857 0.127000719 0.991724968 -0.018773720 -1.144579999 -0.216709390 0.046211712 0.975141764 1.899689916
38505133 0.818577591 1.455746880 0.500000000 0.500000000 0.000000000 0.000000000 0.966760099 -0.118493639 0.226570249 -1.027189838 0.125898585 0.991871297 -0.018463548 -1.043570081 -0.222540706 0.046374720 0.973819792 1.704950027
38571867 0.818577591 1.455746880 0.500000000 0.500000000 0.000000000 0.000000000 0.965617001 -0.118248053 0.231519446 -0.922978023 0.125518039 0.991947830 -0.016873084 -0.922186059 -0.227660015 0.045352787 0.972683966 1.523010180
38638600 0.818577591 1.455746880 0.500000000 0.500000000 0.000000000 0.000000000 0.965820014 -0.116603836 0.231506526 -0.768024941 0.123246819 0.992271721 -0.014390815 -0.797059001 -0.228039354 0.042431358 0.972726941 1.357190094
38705333 0.818577591 1.455746880 0.500000000 0.500000000 0.000000000 0.000000000 0.966287494 -0.112217471 0.231723338 -0.633045025 0.118339390 0.992892683 -0.012644227 -0.646725998 -0.228657514 0.039639980 0.972699523 1.131700010
38772067 0.818577591 1.455746880 0.500000000 0.500000000 0.000000000 0.000000000 0.965846777 -0.109470800 0.234853446 -0.514175042 0.115242243 0.993277073 -0.010949443 -0.502349037 -0.232075900 0.037640534 0.971969128 0.907275033
38838800 0.818577591 1.455746880 0.500000000 0.500000000 0.000000000 0.000000000 0.965196073 -0.107636765 0.238350481 -0.389387035 0.113154083 0.993531585 -0.009546226 -0.383879986 -0.235781223 0.036184296 0.971132278 0.695975003
38905533 0.818577591 1.455746880 0.500000000 0.500000000 0.000000000 0.000000000 0.965493560 -0.104224816 0.238661677 -0.221457979 0.109819874 0.993898869 -0.010229778 -0.269301993 -0.236139357 0.036086582 0.971048892 0.498150994
38972267 0.818577591 1.455746880 0.500000000 0.500000000 0.000000000 0.000000000 0.966129184 -0.097369090 0.238984466 -0.080531594 0.103471160 0.994546294 -0.013090556 -0.150720000 -0.236406505 0.037375189 0.970935106 0.302483982
39039000 0.818577591 1.455746880 0.500000000 0.500000000 0.000000000 0.000000000 0.966207147 -0.095705226 0.239341423 0.032905102 0.101905406 0.994700611 -0.013636072 -0.062665996 -0.236768022 0.037565444 0.970839739 0.110289002
39105733 0.818577591 1.455746880 0.500000000 0.500000000 0.000000000 0.000000000 0.966175795 -0.099399425 0.237958193 0.181346999 0.105536841 0.994328320 -0.013159790 0.025090899 -0.235300511 0.037828006 0.971186280 -0.055495607
39172467 0.818577591 1.455746880 0.500000000 0.500000000 0.000000000 0.000000000 0.965920866 -0.101287745 0.238196567 0.315840948 0.107651211 0.994092584 -0.013825359 0.107547997 -0.235389099 0.038996361 0.971118569 -0.229493999
39239200 0.818577591 1.455746880 0.500000000 0.500000000 0.000000000 0.000000000 0.965009093 -0.104631208 0.240436614 0.438392035 0.111444913 0.993659198 -0.014879591 0.195198000 -0.237355173 0.041154370 0.970550776 -0.395794956
39305933 0.818577591 1.455746880 0.500000000 0.500000000 0.000000000 0.000000000 0.963974655 -0.106124654 0.243906379 0.574007937 0.113389820 0.993423343 -0.015900392 0.273582004 -0.240614861 0.042984098 0.969668388 -0.572010940
39372667 0.818577591 1.455746880 0.500000000 0.500000000 0.000000000 0.000000000 0.962398171 -0.106978022 0.249690801 0.693139009 0.114742123 0.993254840 -0.016705392 0.350194022 -0.246219486 0.044727266 0.968181551 -0.748873073
39439400 0.818577591 1.455746880 0.500000000 0.500000000 0.000000000 0.000000000 0.960373521 -0.107273713 0.257244945 0.797937916 0.115472436 0.993166327 -0.016933367 0.407973992 -0.253670514 0.045967080 0.966197848 -0.925978979
39506133 0.818577591 1.455746880 0.500000000 0.500000000 0.000000000 0.000000000 0.958426654 -0.107613407 0.264268368 0.910779046 0.116227590 0.993074834 -0.017132042 0.455883998 -0.260594636 0.047135070 0.964296997 -1.107700015
39572867 0.818577591 1.455746880 0.500000000 0.500000000 0.000000000 0.000000000 0.956810892 -0.108378507 0.269753605 1.025459934 0.117599003 0.992894232 -0.018207742 0.517980001 -0.265863448 0.049144134 0.962757230 -1.275389997
39639600 0.818577591 1.455746880 0.500000000 0.500000000 0.000000000 0.000000000 0.953987658 -0.115716740 0.276617467 1.082500058 0.125566065 0.991920114 -0.018099744 0.588608984 -0.272287965 0.052000690 0.960809648 -1.429559839
39706333 0.818577591 1.455746880 0.500000000 0.500000000 0.000000000 0.000000000 0.950762570 -0.124868624 0.283651978 1.130760146 0.135433599 0.990625381 -0.017864039 0.676139047 -0.278762192 0.055400446 0.958760917 -1.564540006
39773067 0.818577591 1.455746880 0.500000000 0.500000000 0.000000000 0.000000000 0.948557556 -0.126928672 0.290047497 1.165169828 0.138039485 0.990261555 -0.018086029 0.732869890 -0.284927279 0.057193674 0.956841290 -1.716079886
39839800 0.818577591 1.455746880 0.500000000 0.500000000 0.000000000 0.000000000 0.946732342 -0.128636733 0.295212716 1.186850176 0.140521482 0.989889324 -0.019308500 0.807333072 -0.289744169 0.059763685 0.955236435 -1.947440049
39906533 0.818577591 1.455746880 0.500000000 0.500000000 0.000000000 0.000000000 0.945283651 -0.131138235 0.298733413 1.203790118 0.143820077 0.989385903 -0.020769248 0.890106110 -0.292838991 0.062596656 0.954110622 -2.199850303
39973267 0.818577591 1.455746880 0.500000000 0.500000000 0.000000000 0.000000000 0.943587601 -0.133393958 0.303065091 1.172490017 0.147374704 0.988798440 -0.023629291 1.008290045 -0.296518296 0.066960447 0.952676833 -2.452179781
40040000 0.818577591 1.455746880 0.500000000 0.500000000 0.000000000 0.000000000 0.942324579 -0.135078073 0.306232452 1.120579995 0.149744213 0.988413692 -0.024800243 1.109300152 -0.299334407 0.069226399 0.951633692 -2.661330198
40106733 0.818577591 1.455746880 0.500000000 0.500000000 0.000000000 0.000000000 0.941366851 -0.136355683 0.308602542 1.047829959 0.151405111 0.988149583 -0.025236124 1.227939825 -0.301504403 0.070480458 0.950856268 -2.817080112
40173467 0.818577591 1.455746880 0.500000000 0.500000000 0.000000000 0.000000000 0.940082848 -0.138206869 0.311677992 0.944719074 0.153371304 0.987863600 -0.024551621 1.361420183 -0.304502130 0.070882984 0.949870586 -3.030120167
40240200 0.818577591 1.455746880 0.500000000 0.500000000 0.000000000 0.000000000 0.938768506 -0.142164260 0.313851953 0.838908985 0.157231778 0.987291753 -0.023089355 1.512639916 -0.306580961 0.071023054 0.949191153 -3.252350124
40306933 0.818577591 1.455746880 0.500000000 0.500000000 0.000000000 0.000000000 0.938617826 -0.139561400 0.315466613 0.731942119 0.155303732 0.987545490 -0.025193196 1.689200069 -0.308021635 0.072639942 0.948602140 -3.480849349
40373667 0.818577591 1.455746880 0.500000000 0.500000000 0.000000000 0.000000000 0.938756585 -0.133907512 0.317497849 0.598130940 0.150429979 0.988224387 -0.027989069 1.850249928 -0.310011148 0.074036114 0.947845817 -3.696009704
40440400 0.818577591 1.455746880 0.500000000 0.500000000 0.000000000 0.000000000 0.938651681 -0.132127881 0.318551689 0.478529148 0.148901612 0.988433182 -0.028777616 1.996049855 -0.311064750 0.074445046 0.947468519 -3.872189679
40507133 0.818577591 1.455746880 0.500000000 0.500000000 0.000000000 0.000000000 0.937398672 -0.133723810 0.321561068 0.319817889 0.150554523 0.988206923 -0.027934967 2.122079887 -0.314033300 0.074598707 0.946476638 -4.074199841
40573867 0.818577591 1.455746880 0.500000000 0.500000000 0.000000000 0.000000000 0.935315788 -0.136731014 0.326326340 0.135316098 0.153781459 0.987738490 -0.026904706 2.224369646 -0.318646401 0.075347379 0.944874167 -4.281449380
40640600 0.818577591 1.455746880 0.500000000 0.500000000 0.000000000 0.000000000 0.933224320 -0.141483963 0.330264628 -0.021218601 0.158894569 0.986948371 -0.026181834 2.300960408 -0.322249830 0.076910742 0.943525255 -4.442669915
40707333 0.818577591 1.455746880 0.500000000 0.500000000 0.000000000 0.000000000 0.931371510 -0.146097034 0.333470851 -0.154921995 0.164296567 0.986044765 -0.026877731 2.377280079 -0.324890405 0.079821259 0.942377210 -4.562599902
40774067 0.818577591 1.455746880 0.500000000 0.500000000 0.000000000 0.000000000 0.928814113 -0.148733184 0.339385748 -0.332648138 0.167808518 0.985439062 -0.027388927 2.423259787 -0.330370307 0.082391068 0.940248430 -4.642109498
40840800 0.818577591 1.455746880 0.500000000 0.500000000 0.000000000 0.000000000 0.927158356 -0.148665607 0.343912512 -0.484545068 0.168273032 0.985351026 -0.027704539 2.438929741 -0.334755808 0.083557725 0.938592851 -4.681869236
40907533 0.818577591 1.455746880 0.500000000 0.500000000 0.000000000 0.000000000 0.927093744 -0.149109364 0.343894690 -0.588747938 0.168824852 0.985250115 -0.027934201 2.452419845 -0.334657043 0.083955608 0.938592613 -4.626840109
40974267 0.818577591 1.455746880 0.500000000 0.500000000 0.000000000 0.000000000 0.927475274 -0.153541625 0.340902418 -0.681545192 0.172764957 0.984604657 -0.026568906 2.433109489 -0.331574649 0.083538055 0.939723134 -4.480369965
41041000 0.818577591 1.455746880 0.500000000 0.500000000 0.000000000 0.000000000 0.928539991 -0.158138901 0.335865229 -0.769104034 0.176554084 0.983978271 -0.024808425 2.381139931 -0.326560885 0.082334027 0.941583276 -4.373999968
