https://www.youtube.com/watch?v=nvDHnZ7tQLs
27068711 0.720247241 1.287925023 0.500000000 0.500000000 0.000000000 0.000000000 0.998579621 -0.005145589 0.053030897 -3.523770143 0.005364098 0.999977708 -0.003978904 0.635097937 -0.053009238 0.004257715 0.998584926 -4.212289637
27152122 0.720247241 1.287925023 0.500000000 0.500000000 0.000000000 0.000000000 0.998496175 -0.005413767 0.054553036 -3.462469776 0.005660314 0.999974430 -0.004365896 0.641618022 -0.054528009 0.004668118 0.998501301 -4.242629559
27235544 0.720247241 1.287925023 0.500000000 0.500000000 0.000000000 0.000000000 0.998401105 -0.005772007 0.056230735 -3.399299787 0.005972802 0.999976397 -0.003403502 0.634992028 -0.056209762 0.003733915 0.998412013 -4.256329605
27318956 0.720247241 1.287925023 0.500000000 0.500000000 0.000000000 0.000000000 0.998290896 -0.005949934 0.058136605 -3.339909990 0.006113700 0.999977827 -0.002639475 0.629126016 -0.058119610 0.002990394 0.998305142 -4.260929692
27402378 0.720247241 1.287925023 0.500000000 0.500000000 0.000000000 0.000000000 0.998057723 -0.006366066 0.061969876 -3.277380094 0.006525092 0.999975920 -0.002364147 0.624642035 -0.061953336 0.002763915 0.998075247 -4.241120174
27485789 0.720247241 1.287925023 0.500000000 0.500000000 0.000000000 0.000000000 0.997682393 -0.007096576 0.067671508 -3.226069739 0.007164468 0.999974072 -0.000760608 0.606145985 -0.067664355 0.001243676 0.997707367 -4.193220413
27569211 0.720247241 1.287925023 0.500000000 0.500000000 0.000000000 0.000000000 0.997319818 -0.007940235 0.072733127 -3.170870070 0.008014789 0.999967635 -0.000733244 0.592301070 -0.072724946 0.001314219 0.997351170 -4.140490129
27652622 0.720247241 1.287925023 0.500000000 0.500000000 0.000000000 0.000000000 0.997139096 -0.008408044 0.075119190 -3.102179864 0.008413999 0.999964595 0.000237207 0.569737089 -0.075118519 0.000395524 0.997174561 -4.080290337
27736044 0.720247241 1.287925023 0.500000000 0.500000000 0.000000000 0.000000000 0.997101426 -0.008821414 0.075570822 -3.018310135 0.008767226 0.999961019 0.001048780 0.545090029 -0.075577125 -0.000383193 0.997139871 -4.007699968
27819456 0.720247241 1.287925023 0.500000000 0.500000000 0.000000000 0.000000000 0.997266352 -0.009048791 0.073334649 -2.927890175 0.008912317 0.999957919 0.002188007 0.516368998 -0.073351353 -0.001528445 0.997304976 -3.925139881
27902878 0.720247241 1.287925023 0.500000000 0.500000000 0.000000000 0.000000000 0.997775972 -0.008767163 0.066077232 -2.818359934 0.008612951 0.999959469 0.002618333 0.492996061 -0.066097513 -0.002043389 0.997811079 -3.859679956
27986289 0.720247241 1.287925023 0.500000000 0.500000000 0.000000000 0.000000000 0.998427272 -0.008466697 0.055419046 -2.697170001 0.008314689 0.999961019 0.002972894 0.473089985 -0.055442054 -0.002507426 0.998458743 -3.796079992
28069711 0.720247241 1.287925023 0.500000000 0.500000000 0.000000000 0.000000000 0.999034762 -0.007574539 0.043268770 -2.575089915 0.007388649 0.999962807 0.004454471 0.455267037 -0.043300897 -0.004130473 0.999053538 -3.723809752
28153122 0.720247241 1.287925023 0.500000000 0.500000000 0.000000000 0.000000000 0.999498963 -0.006775045 0.030917577 -2.456320004 0.006602709 0.999962091 0.005672732 0.443071945 -0.030954838 -0.005465751 0.999505818 -3.640669977
28236544 0.720247241 1.287925023 0.500000000 0.500000000 0.000000000 0.000000000 0.999812186 -0.005704276 0.018520497 -2.346769745 0.005586577 0.999963939 0.006400564 0.426065022 -0.018556338 -0.006295896 0.999808013 -3.533839908
28319956 0.720247241 1.287925023 0.500000000 0.500000000 0.000000000 0.000000000 0.999975681 -0.004674287 0.005180932 -2.233230254 0.004642411 0.999970317 0.006147613 0.403421020 -0.005209514 -0.006123412 0.999967694 -3.419910182
28403378 0.720247241 1.287925023 0.500000000 0.500000000 0.000000000 0.000000000 0.999974728 -0.003158821 -0.006368192 -2.122859989 0.003202743 0.999971092 0.006898786 0.375110012 0.006346215 -0.006919008 0.999955952 -3.293180241
28486789 0.720247241 1.287925023 0.500000000 0.500000000 0.000000000 0.000000000 0.999793231 -0.002668259 -0.020158581 -2.014620203 0.002802749 0.999974012 0.006646277 0.347203015 0.020140324 -0.006701402 0.999774694 -3.176149992
28570211 0.720247241 1.287925023 0.500000000 0.500000000 0.000000000 0.000000000 0.999252737 -0.001651170 -0.038617019 -1.892719909 0.001930303 0.999972284 0.007192081 0.323740994 0.038604070 -0.007261249 0.999228179 -3.057839870
28653622 0.720247241 1.287925023 0.500000000 0.500000000 0.000000000 0.000000000 0.998256743 0.001254228 -0.059007403 -1.752040012 -0.000721026 0.999958754 0.009056619 0.305061058 0.059016328 -0.008998285 0.998216450 -2.922179956
28737044 0.720247241 1.287925023 0.500000000 0.500000000 0.000000000 0.000000000 0.996883094 0.002413911 -0.078856118 -1.623579942 -0.001727579 0.999960065 0.008770663 0.286388977 0.078874134 -0.008607095 0.996847451 -2.784900274
28820456 0.720247241 1.287925023 0.500000000 0.500000000 0.000000000 0.000000000 0.994462073 0.004603308 -0.104994930 -1.480869925 -0.003653949 0.999950707 0.009232505 0.258115998 0.105032258 -0.008797730 0.994429886 -2.657309905
28903878 0.720247241 1.287925023 0.500000000 0.500000000 0.000000000 0.000000000 0.991405725 0.008385560 -0.130554020 -1.323559931 -0.007131939 0.999923885 0.010066922 0.238628969 0.130628496 -0.009049301 0.991390109 -2.519220308
28987289 0.720247241 1.287925023 0.500000000 0.500000000 0.000000000 0.000000000 0.988139033 0.010746740 -0.153185382 -1.182610130 -0.009288318 0.999904513 0.010233116 0.220097016 0.153280720 -0.008688907 0.988144457 -2.357159832
29070711 0.720247241 1.287925023 0.500000000 0.500000000 0.000000000 0.000000000 0.985903502 0.012980355 -0.166810617 -1.070610044 -0.011072427 0.999862254 0.012362646 0.198784983 0.166948125 -0.010341376 0.985911429 -2.169869841
29154122 0.720247241 1.287925023 0.500000000 0.500000000 0.000000000 0.000000000 0.983779132 0.014179727 -0.178822577 -0.963789932 -0.012083175 0.999844968 0.012807961 0.184046001 0.178976476 -0.010439458 0.983797967 -1.975090075
29237544 0.720247241 1.287925023 0.500000000 0.500000000 0.000000000 0.000000000 0.981758714 0.015230708 -0.189520121 -0.858390966 -0.012937710 0.999827445 0.013330356 0.168464998 0.189690441 -0.010635237 0.981786370 -1.755049976
29320956 0.720247241 1.287925023 0.500000000 0.500000000 0.000000000 0.000000000 0.980229497 0.016551334 -0.197170570 -0.753055966 -0.014141151 0.999807179 0.013625623 0.139246014 0.197358057 -0.010568022 0.980274558 -1.527370190
29404378 0.720247241 1.287925023 0.500000000 0.500000000 0.000000000 0.000000000 0.979429424 0.016766056 -0.201089501 -0.652776016 -0.014379589 0.999807835 0.013322651 0.102324009 0.201274216 -0.010157015 0.979482293 -1.307440080
29487789 0.720247241 1.287925023 0.500000000 0.500000000 0.000000000 0.000000000 0.978808165 0.017233795 -0.204052955 -0.563373029 -0.014859586 0.999802947 0.013161847 0.068601199 0.204239577 -0.009850780 0.978871346 -1.099540031
29571211 0.720247241 1.287925023 0.500000000 0.500000000 0.000000000 0.000000000 0.978529096 0.017139761 -0.205394849 -0.476225032 -0.014465867 0.999790013 0.014512987 0.042397902 0.205600485 -0.011230168 0.978571594 -0.878341075
29654622 0.720247241 1.287925023 0.500000000 0.500000000 0.000000000 0.000000000 0.978232980 0.017232582 -0.206792742 -0.396920018 -0.014481500 0.999785423 0.014810006 0.025384698 0.207003593 -0.011492965 0.978272676 -0.654988003
29821456 0.720247241 1.287925023 0.500000000 0.500000000 0.000000000 0.000000000 0.977151692 0.017972559 -0.211781800 -0.231391984 -0.015037507 0.999767363 0.015461452 -0.021815400 0.212010413 -0.011923516 0.977194667 -0.193996994
29904878 0.720247241 1.287925023 0.500000000 0.500000000 0.000000000 0.000000000 0.976325154 0.018336190 -0.215529501 -0.131473004 -0.015479329 0.999768615 0.014935723 -0.052429097 0.215753496 -0.011245871 0.976383090 0.034203595
29988289 0.720247241 1.287925023 0.500000000 0.500000000 0.000000000 0.000000000 0.976016462 0.018838296 -0.216880217 -0.044183712 -0.015742721 0.999748170 0.015992230 -0.087537201 0.217126861 -0.012194397 0.976067245 0.280323041
30071711 0.720247241 1.287925023 0.500000000 0.500000000 0.000000000 0.000000000 0.975977957 0.018487610 -0.217083424 0.035470885 -0.015291788 0.999748707 0.016392378 -0.114332001 0.217331916 -0.012679002 0.976015389 0.520370024
30155122 0.720247241 1.287925023 0.500000000 0.500000000 0.000000000 0.000000000 0.976202846 0.018817976 -0.216041386 0.110433974 -0.015627988 0.999742329 0.016464628 -0.140626991 0.216295540 -0.012696525 0.976245403 0.756865090
30739044 0.720247241 1.287925023 0.500000000 0.500000000 0.000000000 0.000000000 0.997152507 -0.001250254 -0.075401351 1.192250023 0.002263290 0.999908328 0.013351292 -0.240482036 0.075377747 -0.013483929 0.997063875 1.951359923
30822456 0.720247241 1.287925023 0.500000000 0.500000000 0.000000000 0.000000000 0.998717904 -0.003433008 -0.050504468 1.358409865 0.004118593 0.999900699 0.013476925 -0.253108014 0.050453186 -0.013667654 0.998632908 2.082290097
30905878 0.720247241 1.287925023 0.500000000 0.500000000 0.000000000 0.000000000 0.999737501 -0.006308462 -0.022026774 1.531270082 0.006618294 0.999879777 0.014021722 -0.260872990 0.021935672 -0.014163821 0.999659061 2.194950282
30989289 0.720247241 1.287925023 0.500000000 0.500000000 0.000000000 0.000000000 0.999926805 -0.011173022 0.004637920 1.710279900 0.011111525 0.999852717 0.013080223 -0.259279989 -0.004783383 -0.013027732 0.999903679 2.307149818
31072711 0.720247241 1.287925023 0.500000000 0.500000000 0.000000000 0.000000000 0.999520779 -0.012070541 0.028504621 1.875319890 0.011658954 0.999826014 0.014561635 -0.275248995 -0.028675430 -0.014222323 0.999487579 2.427030183
31156122 0.720247241 1.287925023 0.500000000 0.500000000 0.000000000 0.000000000 0.998458743 -0.014395714 0.053599004 2.038149910 0.013669631 0.999810100 0.013888667 -0.292336982 -0.053788763 -0.013134583 0.998465955 2.512439930
31239544 0.720247241 1.287925023 0.500000000 0.500000000 0.000000000 0.000000000 0.997160912 -0.018208470 0.073065102 2.190819935 0.017414723 0.999782383 0.011485990 -0.302816010 -0.073258340 -0.010180971 0.997261047 2.612150312
31322956 0.720247241 1.287925023 0.500000000 0.500000000 0.000000000 0.000000000 0.996341825 -0.020294383 0.083012559 2.324709802 0.019408818 0.999745965 0.011461042 -0.306627992 -0.083224066 -0.009807941 0.996482611 2.700859989
31406378 0.720247241 1.287925023 0.500000000 0.500000000 0.000000000 0.000000000 0.995491982 -0.021308653 0.092421286 2.444900184 0.020309765 0.999724865 0.011735205 -0.314240002 -0.092645921 -0.009805247 0.995650828 2.804989940
31489789 0.720247241 1.287925023 0.500000000 0.500000000 0.000000000 0.000000000 0.994942486 -0.022220533 0.097957738 2.548549993 0.021144290 0.999704301 0.012011408 -0.321523017 -0.098195665 -0.009879415 0.995118082 2.907390292
31573211 0.720247241 1.287925023 0.500000000 0.500000000 0.000000000 0.000000000 0.994664013 -0.022756245 0.100626133 2.632889866 0.021804094 0.999706566 0.010552138 -0.332906958 -0.100836731 -0.008301770 0.994868338 3.003560098
31656622 0.720247241 1.287925023 0.500000000 0.500000000 0.000000000 0.000000000 0.994617343 -0.023085557 0.101011641 2.703399819 0.022079378 0.999694943 0.011067841 -0.335186975 -0.101236336 -0.008777993 0.994823694 3.101400128
31740044 0.720247241 1.287925023 0.500000000 0.500000000 0.000000000 0.000000000 0.994650424 -0.023517784 0.100585476 2.763910048 0.022605114 0.999692380 0.010203877 -0.338914990 -0.100794509 -0.007875542 0.994876087 3.184919951
31823456 0.720247241 1.287925023 0.500000000 0.500000000 0.000000000 0.000000000 0.994658709 -0.023464408 0.100516133 2.818780109 0.022577535 0.999695539 0.009951873 -0.348988997 -0.100719042 -0.007629310 0.994885683 3.277560183
31906878 0.720247241 1.287925023 0.500000000 0.500000000 0.000000000 0.000000000 0.994630158 -0.023837641 0.100710638 2.865629930 0.022867389 0.999680400 0.010777690 -0.350161996 -0.100935362 -0.008416827 0.994857371 3.379220016
31990289 0.720247241 1.287925023 0.500000000 0.500000000 0.000000000 0.000000000 0.994651258 -0.023903470 0.100486502 2.901310139 0.022917636 0.999677360 0.010953760 -0.353221018 -0.100715905 -0.008592259 0.994878113 3.477830041
32073711 0.720247241 1.287925023 0.500000000 0.500000000 0.000000000 0.000000000 0.994629741 -0.024199871 0.100628398 2.935510073 0.023152186 0.999665022 0.011566449 -0.360432993 -0.100874595 -0.009174567 0.994856834 3.588889773
32157122 0.720247241 1.287925023 0.500000000 0.500000000 0.000000000 0.000000000 0.994552493 -0.024294546 0.101366244 2.963939712 0.023185538 0.999657869 0.012104630 -0.370588962 -0.101625644 -0.009688457 0.994775534 3.694519969
32240544 0.720247241 1.287925023 0.500000000 0.500000000 0.000000000 0.000000000 0.994431257 -0.023937143 0.102632731 2.991639972 0.022778541 0.999663055 0.012446163 -0.384647991 -0.102896079 -0.010039030 0.994641423 3.788929714
32323956 0.720247241 1.287925023 0.500000000 0.500000000 0.000000000 0.000000000 0.994278073 -0.023970064 0.104098655 3.033240137 0.022794168 0.999662399 0.012471159 -0.395695002 -0.104362451 -0.010026959 0.994488776 3.871799852
32407378 0.720247241 1.287925023 0.500000000 0.500000000 0.000000000 0.000000000 0.994014680 -0.024312457 0.106507063 3.083729876 0.022953281 0.999638915 0.013968852 -0.403633016 -0.106808230 -0.011440556 0.994213820 3.963069767
32490789 0.720247241 1.287925023 0.500000000 0.500000000 0.000000000 0.000000000 0.993801355 -0.024703315 0.108391009 3.136960111 0.023338692 0.999631822 0.013840591 -0.417740954 -0.108693011 -0.011225090 0.994011998 4.041200574
32574211 0.720247241 1.287925023 0.500000000 0.500000000 0.000000000 0.000000000 0.993437648 -0.024475373 0.111725777 3.200290158 0.023025896 0.999633372 0.014245667 -0.438653007 -0.112033486 -0.011579594 0.993636966 4.110750133
32657622 0.720247241 1.287925023 0.500000000 0.500000000 0.000000000 0.000000000 0.992685199 -0.024450254 0.118229918 3.298659983 0.022877134 0.999630988 0.014644678 -0.461526936 -0.118544362 -0.011832795 0.992878258 4.174280714
32741044 0.720247241 1.287925023 0.500000000 0.500000000 0.000000000 0.000000000 0.991492748 -0.025366299 0.127666235 3.429109919 0.023764692 0.999618828 0.014053103 -0.483991045 -0.127974033 -0.010899598 0.991717637 4.232910540
