https://www.youtube.com/watch?v=wc2NptxXX3c
44292300 0.968580304 1.724869206 0.500000000 0.500000000 0.000000000 0.000000000 0.987811744 0.072615482 -0.137676954 -6.077980121 -0.061300002 0.994517088 0.084723569 0.249128078 0.143074334 -0.075251348 0.986846983 -0.614497051
44366922 0.968580304 1.724869206 0.500000000 0.500000000 0.000000000 0.000000000 0.985830009 0.078863844 -0.148052916 -5.860429801 -0.066400349 0.993964612 0.087322935 0.336311017 0.154045984 -0.076254800 0.985116780 -0.560264961
44441556 0.968580304 1.724869206 0.500000000 0.500000000 0.000000000 0.000000000 0.983715117 0.084720701 -0.158515021 -5.622360551 -0.071192265 0.993469000 0.089168161 0.410274018 0.165034160 -0.076431021 0.983321905 -0.506746051
44516178 0.968580304 1.724869206 0.500000000 0.500000000 0.000000000 0.000000000 0.981408298 0.091109797 -0.168928221 -5.377869975 -0.076433003 0.992872119 0.091449454 0.461232020 0.176056042 -0.076837569 0.981376708 -0.481209913
44590811 0.968580304 1.724869206 0.500000000 0.500000000 0.000000000 0.000000000 0.977063656 0.099917084 -0.188051075 -4.972609898 -0.082729176 0.991825700 0.097147331 0.477572947 0.196220577 -0.079361796 0.977342904 -0.462457009
44665444 0.968580304 1.724869206 0.500000000 0.500000000 0.000000000 0.000000000 0.973684251 0.106975883 -0.201234028 -4.669290040 -0.088150084 0.991042852 0.100317769 0.482298018 0.210163131 -0.079939045 0.974392772 -0.459586044
44740067 0.968580304 1.724869206 0.500000000 0.500000000 0.000000000 0.000000000 0.969640851 0.113129973 -0.216790915 -4.336760385 -0.092927486 0.990511358 0.101250798 0.448670085 0.226188362 -0.078031078 0.970953166 -0.493808049
44814700 0.968580304 1.724869206 0.500000000 0.500000000 0.000000000 0.000000000 0.964672923 0.119595282 -0.234740332 -3.973849761 -0.097825311 0.989928484 0.102331512 0.421463933 0.244614527 -0.075752877 0.966656685 -0.568661042
44889322 0.968580304 1.724869206 0.500000000 0.500000000 0.000000000 0.000000000 0.956461608 0.128827572 -0.261886805 -3.384439981 -0.104786798 0.989058971 0.103836954 0.403546041 0.272398561 -0.071873784 0.959496319 -0.695544090
44963956 0.968580304 1.724869206 0.500000000 0.500000000 0.000000000 0.000000000 0.950655341 0.134675443 -0.279494166 -2.964110117 -0.109240532 0.988481700 0.104739718 0.363425095 0.290380716 -0.069039308 0.954417467 -0.750267032
45038589 0.968580304 1.724869206 0.500000000 0.500000000 0.000000000 0.000000000 0.945201278 0.139966652 -0.294964254 -2.563550131 -0.113460012 0.987954557 0.105226837 0.331018105 0.306139529 -0.065993913 0.949696481 -0.781707032
45113211 0.968580304 1.724869206 0.500000000 0.500000000 0.000000000 0.000000000 0.940082133 0.144398630 -0.308860064 -2.199729828 -0.117411755 0.987585783 0.104349315 0.287903961 0.320093691 -0.061833102 0.945365906 -0.814251967
45187844 0.968580304 1.724869206 0.500000000 0.500000000 0.000000000 0.000000000 0.933205009 0.149348110 -0.326838553 -1.740819866 -0.120800696 0.986991704 0.106087558 0.202206915 0.338430941 -0.059519060 0.939106941 -0.808468929
45262478 0.968580304 1.724869206 0.500000000 0.500000000 0.000000000 0.000000000 0.929092169 0.152607664 -0.336895436 -1.480249827 -0.123353384 0.986606538 0.106730573 0.153101963 0.348671168 -0.057605334 0.935473144 -0.791408993
45337100 0.968580304 1.724869206 0.500000000 0.500000000 0.000000000 0.000000000 0.925251782 0.154572472 -0.346434146 -1.264350255 -0.124391221 0.986352384 0.107869685 0.113465057 0.358379811 -0.056713283 0.931851745 -0.775752095
45411733 0.968580304 1.724869206 0.500000000 0.500000000 0.000000000 0.000000000 0.921331704 0.156370267 -0.355944008 -1.081449805 -0.124677971 0.986029923 0.110455453 0.069134434 0.368243366 -0.057387691 0.927956522 -0.740346854
45486356 0.968580304 1.724869206 0.500000000 0.500000000 0.000000000 0.000000000 0.914763570 0.158843368 -0.371451765 -0.822291069 -0.124878056 0.985607982 0.113940462 0.017849309 0.384204477 -0.057842419 0.921434283 -0.666938979
45560989 0.968580304 1.724869206 0.500000000 0.500000000 0.000000000 0.000000000 0.910088539 0.160827562 -0.381933600 -0.644631932 -0.125208214 0.985263169 0.116530456 -0.017648241 0.395046443 -0.058231764 0.916813672 -0.629489993
45635622 0.968580304 1.724869206 0.500000000 0.500000000 0.000000000 0.000000000 0.905413866 0.163266063 -0.391879708 -0.467292933 -0.125785321 0.984812498 0.119676158 -0.052055634 0.405467123 -0.059063688 0.912199378 -0.534660926
45710244 0.968580304 1.724869206 0.500000000 0.500000000 0.000000000 0.000000000 0.900517881 0.166458786 -0.401695073 -0.282990964 -0.127239048 0.984262764 0.122625686 -0.100171018 0.415785611 -0.059315287 0.907526255 -0.419848946
45784878 0.968580304 1.724869206 0.500000000 0.500000000 0.000000000 0.000000000 0.895089328 0.169395640 -0.412456125 -0.088318401 -0.128651455 0.983798921 0.124853745 -0.136462016 0.426923603 -0.058692142 0.902380943 -0.269259955
45859500 0.968580304 1.724869206 0.500000000 0.500000000 0.000000000 0.000000000 0.887240052 0.174538553 -0.427014709 0.221514049 -0.130648524 0.982833445 0.130266592 -0.178628999 0.442420900 -0.059788931 0.894812346 -0.009029581
45934133 0.968580304 1.724869206 0.500000000 0.500000000 0.000000000 0.000000000 0.881870806 0.178320020 -0.436469674 0.436208969 -0.132423908 0.982135296 0.133694500 -0.174020013 0.452512681 -0.060102250 0.889730275 0.166254986
46008767 0.968580304 1.724869206 0.500000000 0.500000000 0.000000000 0.000000000 0.877033472 0.181903899 -0.444660664 0.634592931 -0.133833587 0.981416583 0.137513757 -0.176996985 0.461411655 -0.061093606 0.885080099 0.361430971
46083389 0.968580304 1.724869206 0.500000000 0.500000000 0.000000000 0.000000000 0.871722102 0.185713604 -0.453443736 0.836691191 -0.136312649 0.980775654 0.139635116 -0.158340065 0.470658690 -0.059912927 0.880278885 0.523475035
46158022 0.968580304 1.724869206 0.500000000 0.500000000 0.000000000 0.000000000 0.864757776 0.189529896 -0.465050817 1.125559965 -0.138410509 0.980131090 0.142076001 -0.153117963 0.482738435 -0.058493361 0.873808920 0.769711009
46232644 0.968580304 1.724869206 0.500000000 0.500000000 0.000000000 0.000000000 0.860116720 0.191586033 -0.472751796 1.326280276 -0.139586046 0.979813039 0.143115804 -0.130470134 0.490627348 -0.057106823 0.869496346 0.944133249
46307278 0.968580304 1.724869206 0.500000000 0.500000000 0.000000000 0.000000000 0.855534077 0.192863747 -0.480484426 1.508820416 -0.139372662 0.979562163 0.145028651 -0.136445158 0.498635113 -0.057110652 0.864928722 1.099440229
46381911 0.968580304 1.724869206 0.500000000 0.500000000 0.000000000 0.000000000 0.850710034 0.193546817 -0.488704562 1.698380006 -0.138549134 0.979427934 0.146714464 -0.154514056 0.507046998 -0.057101905 0.860024869 1.248909905
46456533 0.968580304 1.724869206 0.500000000 0.500000000 0.000000000 0.000000000 0.841735244 0.197129622 -0.502615035 2.016480299 -0.139303967 0.978734910 0.150573701 -0.224649124 0.521609366 -0.056726966 0.851296544 1.448350033
46531167 0.968580304 1.724869206 0.500000000 0.500000000 0.000000000 0.000000000 0.834517956 0.199473247 -0.513605177 2.266870170 -0.139286324 0.978263736 0.153620958 -0.291099109 0.533084571 -0.056661300 0.844162524 1.608700251
46605789 0.968580304 1.724869206 0.500000000 0.500000000 0.000000000 0.000000000 0.826455116 0.202131659 -0.525466383 2.539880447 -0.139216006 0.977714777 0.157139212 -0.359416164 0.545519054 -0.056715224 0.836177349 1.769590395
46680422 0.968580304 1.724869206 0.500000000 0.500000000 0.000000000 0.000000000 0.817359567 0.205184937 -0.538351893 2.839480583 -0.140067816 0.977166116 0.159772947 -0.426574308 0.558842182 -0.055186260 0.827435851 1.915860336
46755056 0.968580304 1.724869206 0.500000000 0.500000000 0.000000000 0.000000000 0.801861048 0.210850835 -0.559071481 3.305110371 -0.142289102 0.976133883 0.164062381 -0.495880229 0.580321252 -0.052005500 0.812725544 2.097030126
46829678 0.968580304 1.724869206 0.500000000 0.500000000 0.000000000 0.000000000 0.791236758 0.214864075 -0.572518766 3.594349789 -0.142977566 0.975290179 0.168423653 -0.564293945 0.594560087 -0.051405646 0.802406192 2.276129613
46904311 0.968580304 1.724869206 0.500000000 0.500000000 0.000000000 0.000000000 0.781900465 0.217277646 -0.584312975 3.877498316 -0.145008147 0.974976540 0.168503165 -0.631259282 0.606303394 -0.047022428 0.793841660 2.500958792
46978944 0.968580304 1.724869206 0.500000000 0.500000000 0.000000000 0.000000000 0.775259852 0.218676463 -0.592581570 4.130320653 -0.146818444 0.974850357 0.167663708 -0.744108290 0.614342511 -0.042981103 0.787868083 2.702450845
47053567 0.968580304 1.724869206 0.500000000 0.500000000 0.000000000 0.000000000 0.766550958 0.218063578 -0.604026318 4.429119415 -0.147474930 0.975220084 0.164914846 -0.863318688 0.625020504 -0.037336864 0.779714823 2.960009416
47128200 0.968580304 1.724869206 0.500000000 0.500000000 0.000000000 0.000000000 0.760650754 0.217969254 -0.611473322 4.579198971 -0.147961274 0.975363672 0.163625121 -0.907000695 0.632074118 -0.033987142 0.774162114 3.159489303
47202822 0.968580304 1.724869206 0.500000000 0.500000000 0.000000000 0.000000000 0.755200982 0.217661828 -0.618300021 4.711720644 -0.149271607 0.975582004 0.161114216 -0.962679366 0.638270795 -0.029379003 0.769251227 3.349810547
