https://www.youtube.com/watch?v=G36mHlbjf1g
24607922 1.054456657 1.875230643 0.500000000 0.500000000 0.000000000 0.000000000 0.988219798 -0.078614376 0.131306484 0.782886044 0.071568839 0.995774150 0.057547987 -0.900903065 -0.135275707 -0.047472619 0.989670098 3.352810282
24691333 1.054456657 1.875230643 0.500000000 0.500000000 0.000000000 0.000000000 0.985499561 -0.084149897 0.147340983 0.707718003 0.075751260 0.995214522 0.061723311 -0.764926960 -0.151829898 -0.049667034 0.987158000 2.996260264
24774756 1.054456657 1.875230643 0.500000000 0.500000000 0.000000000 0.000000000 0.982501984 -0.090063035 0.163029060 0.630203982 0.080272153 0.994605958 0.065691851 -0.659449088 -0.168066069 -0.051455684 0.984431863 2.617309894
24858167 1.054456657 1.875230643 0.500000000 0.500000000 0.000000000 0.000000000 0.979135096 -0.096339874 0.178921923 0.539445001 0.085189052 0.993972003 0.069010772 -0.575908034 -0.184491858 -0.052328676 0.981440008 2.225419903
24941589 1.054456657 1.875230643 0.500000000 0.500000000 0.000000000 0.000000000 0.975404620 -0.103108257 0.194819078 0.440560027 0.090712428 0.993304491 0.071536012 -0.490759983 -0.200890616 -0.052104056 0.978227019 1.837829955
25025000 1.054456657 1.875230643 0.500000000 0.500000000 0.000000000 0.000000000 0.971147060 -0.111218646 0.210959181 0.324596953 0.097346053 0.992415011 0.075074792 -0.425656024 -0.217708781 -0.052372620 0.974607587 1.447739779
25108422 1.054456657 1.875230643 0.500000000 0.500000000 0.000000000 0.000000000 0.966844916 -0.118056647 0.226436585 0.202856975 0.102919213 0.991660297 0.077572130 -0.352985982 -0.233706087 -0.051695518 0.970932007 1.096179743
25191833 1.054456657 1.875230643 0.500000000 0.500000000 0.000000000 0.000000000 0.961343825 -0.125546098 0.245063841 0.017234828 0.108884908 0.990793884 0.080446310 -0.289338019 -0.252907455 -0.050652809 0.966163635 0.751491119
25275256 1.054456657 1.875230643 0.500000000 0.500000000 0.000000000 0.000000000 0.955927372 -0.133666337 0.261411816 -0.132127013 0.116067521 0.989874363 0.081713088 -0.201116992 -0.269687146 -0.047770359 0.961762369 0.429259029
25358667 1.054456657 1.875230643 0.500000000 0.500000000 0.000000000 0.000000000 0.950067818 -0.141018614 0.278361142 -0.300963991 0.122932263 0.989064097 0.081485748 -0.095387408 -0.286808014 -0.043197438 0.957013667 0.106043003
25442089 1.054456657 1.875230643 0.500000000 0.500000000 0.000000000 0.000000000 0.943860352 -0.147549763 0.295561641 -0.472795986 0.129369542 0.988342643 0.080263898 0.006055497 -0.303959101 -0.037521217 0.951945901 -0.192357000
25525500 1.054456657 1.875230643 0.500000000 0.500000000 0.000000000 0.000000000 0.937231779 -0.152929902 0.313383251 -0.654341992 0.134908855 0.987740159 0.078543276 0.086416626 -0.321552843 -0.031335108 0.946373045 -0.472888026
25608922 1.054456657 1.875230643 0.500000000 0.500000000 0.000000000 0.000000000 0.930725992 -0.155896157 0.330825627 -0.828092034 0.138432741 0.987461746 0.075866364 0.155581028 -0.338504910 -0.024813736 0.940637410 -0.774174995
25692333 1.054456657 1.875230643 0.500000000 0.500000000 0.000000000 0.000000000 0.924339592 -0.157548174 0.347527087 -0.982841209 0.141164139 0.987353981 0.072144665 0.216507033 -0.354498506 -0.017627859 0.934890509 -1.071080251
25775756 1.054456657 1.875230643 0.500000000 0.500000000 0.000000000 0.000000000 0.918350399 -0.158957601 0.362443268 -1.095040052 0.143697470 0.987222254 0.068871073 0.250612026 -0.368759632 -0.011165628 0.929457784 -1.379550089
25859167 1.054456657 1.875230643 0.500000000 0.500000000 0.000000000 0.000000000 0.912272632 -0.159708411 0.377163053 -1.202380101 0.146023154 0.987155914 0.064810678 0.287426012 -0.382669568 -0.004050504 0.923876464 -1.686690333
25942589 1.054456657 1.875230643 0.500000000 0.500000000 0.000000000 0.000000000 0.905912995 -0.158563137 0.392656893 -1.334710016 0.146434933 0.987346053 0.060865793 0.325517090 -0.397339314 0.002359558 0.917668760 -1.982640131
26026000 1.054456657 1.875230643 0.500000000 0.500000000 0.000000000 0.000000000 0.900695324 -0.155998304 0.405477971 -1.460750001 0.145587847 0.987724543 0.056607395 0.384035876 -0.409331173 0.008046681 0.912350357 -2.266480093
26109422 1.054456657 1.875230643 0.500000000 0.500000000 0.000000000 0.000000000 0.896808028 -0.153466046 0.414949864 -1.569189808 0.145018399 0.988061190 0.052006707 0.466756862 -0.417977124 0.013535367 0.908356667 -2.551279750
26192833 1.054456657 1.875230643 0.500000000 0.500000000 0.000000000 0.000000000 0.893854916 -0.150515676 0.422336757 -1.683029764 0.144973993 0.988392353 0.045420699 0.609563967 -0.424270988 0.020628348 0.905300260 -2.825749817
26276256 1.054456657 1.875230643 0.500000000 0.500000000 0.000000000 0.000000000 0.892895460 -0.146095142 0.425903440 -1.764789819 0.143122360 0.988929391 0.039174311 0.750568772 -0.426911592 0.025977807 0.903920054 -3.122109328
26359667 1.054456657 1.875230643 0.500000000 0.500000000 0.000000000 0.000000000 0.893661737 -0.141176373 0.425955147 -1.826739614 0.139914334 0.989564717 0.034433369 0.880917923 -0.426371366 0.028825480 0.904088736 -3.443549634
26443089 1.054456657 1.875230643 0.500000000 0.500000000 0.000000000 0.000000000 0.896086574 -0.136513278 0.422365814 -1.871439871 0.136387959 0.990180373 0.030678034 1.013829944 -0.422406286 0.030115455 0.905906141 -3.771959708
26526500 1.054456657 1.875230643 0.500000000 0.500000000 0.000000000 0.000000000 0.899546564 -0.132587671 0.416216969 -1.919990007 0.133104295 0.990708590 0.027923502 1.150200036 -0.416052043 0.030281771 0.908836484 -4.102280179
26609922 1.054456657 1.875230643 0.500000000 0.500000000 0.000000000 0.000000000 0.904879987 -0.128422707 0.405832380 -1.936110275 0.129354775 0.991276562 0.025261361 1.298570249 -0.405536264 0.029637821 0.913598418 -4.448531102
26693333 1.054456657 1.875230643 0.500000000 0.500000000 0.000000000 0.000000000 0.911013961 -0.124209248 0.393224806 -1.954280369 0.125699714 0.991822779 0.022072265 1.457360327 -0.392750889 0.029320067 0.919177473 -4.739710388
26776756 1.054456657 1.875230643 0.500000000 0.500000000 0.000000000 0.000000000 0.917873383 -0.121337801 0.377869606 -1.971879801 0.123107687 0.992200375 0.019567978 1.605389722 -0.377296686 0.028557766 0.925651968 -5.000689634
