https://www.youtube.com/watch?v=SnDN5tDQXcI
12933333 0.942312439 1.678090688 0.500000000 0.500000000 0.000000000 0.000000000 0.993502080 -0.041607153 0.105935864 3.557069802 0.041617308 0.999131382 0.002115703 -0.465554019 -0.105931871 0.002306812 0.994370699 5.915589473
13000000 0.942312439 1.678090688 0.500000000 0.500000000 0.000000000 0.000000000 0.989565909 -0.048397679 0.135709047 3.548169975 0.049069580 0.998794079 -0.001608353 -0.443220035 -0.135467559 0.008250758 0.990747452 5.653180508
13066667 0.942312439 1.678090688 0.500000000 0.500000000 0.000000000 0.000000000 0.984625995 -0.055144731 0.165742800 3.527849872 0.056729931 0.998377800 -0.004841799 -0.414844023 -0.165206924 0.014169933 0.986157119 5.397289988
13133333 0.942312439 1.678090688 0.500000000 0.500000000 0.000000000 0.000000000 0.978819370 -0.062204190 0.195046917 3.490920270 0.064596601 0.997893870 -0.005922787 -0.379895934 -0.194267705 0.018396705 0.980776012 5.158399778
13200000 0.942312439 1.678090688 0.500000000 0.500000000 0.000000000 0.000000000 0.971879601 -0.068834409 0.225192949 3.436769980 0.072346985 0.997352242 -0.007373240 -0.369709993 -0.224089161 0.023457922 0.974286318 4.927529928
13266667 0.942312439 1.678090688 0.500000000 0.500000000 0.000000000 0.000000000 0.964749575 -0.075388528 0.252140284 3.363519369 0.080063917 0.996755004 -0.008319739 -0.355313955 -0.250694871 0.028213818 0.967654884 4.708699738
13333333 0.942312439 1.678090688 0.500000000 0.500000000 0.000000000 0.000000000 0.957915902 -0.081509024 0.275233448 3.273109915 0.087265849 0.996146977 -0.008714022 -0.346499188 -0.273462713 0.032365762 0.961337984 4.534610146
13400000 0.942312439 1.678090688 0.500000000 0.500000000 0.000000000 0.000000000 0.951348424 -0.086650923 0.295681924 3.175849874 0.093483493 0.995579958 -0.009021349 -0.340783037 -0.293593317 0.036223818 0.955243886 4.399630389
13466667 0.942312439 1.678090688 0.500000000 0.500000000 0.000000000 0.000000000 0.945506096 -0.091101356 0.312599987 3.079129917 0.098941736 0.995050013 -0.009275779 -0.323116914 -0.310207576 0.039699506 0.949839532 4.293929930
13533333 0.942312439 1.678090688 0.500000000 0.500000000 0.000000000 0.000000000 0.940451026 -0.094584934 0.326505214 2.997090454 0.103407972 0.994591415 -0.009729609 -0.298570096 -0.323819011 0.042913437 0.945145369 4.209070698
13600000 0.942312439 1.678090688 0.500000000 0.500000000 0.000000000 0.000000000 0.936119556 -0.097300373 0.337953895 2.917180010 0.106967382 0.994211733 -0.010051943 -0.273861071 -0.335019678 0.045559853 0.941109002 4.140280034
13666667 0.942312439 1.678090688 0.500000000 0.500000000 0.000000000 0.000000000 0.932812214 -0.099739023 0.346285135 2.827099649 0.110344999 0.993832529 -0.010994613 -0.250665921 -0.343052834 0.048466757 0.938064873 4.074999723
13733333 0.942312439 1.678090688 0.500000000 0.500000000 0.000000000 0.000000000 0.930839837 -0.100630663 0.351298749 2.729330187 0.111795731 0.993663669 -0.011588113 -0.227389179 -0.347906709 0.050060347 0.936191738 4.009980565
13800000 0.942312439 1.678090688 0.500000000 0.500000000 0.000000000 0.000000000 0.929506421 -0.100303054 0.354904175 2.629269945 0.112108886 0.993613482 -0.012801923 -0.202902881 -0.351353467 0.051687405 0.934814990 3.953079776
13866667 0.942312439 1.678090688 0.500000000 0.500000000 0.000000000 0.000000000 0.929334760 -0.100135684 0.355400622 2.534629690 0.112597376 0.993534923 -0.014497297 -0.174931886 -0.351651251 0.053490050 0.934601605 3.887589891
13933333 0.942312439 1.678090688 0.500000000 0.500000000 0.000000000 0.000000000 0.930154324 -0.100345351 0.353190809 2.449979844 0.113311775 0.993427873 -0.016171327 -0.148780982 -0.349246889 0.055062510 0.935411513 3.830939512
14000000 0.942312439 1.678090688 0.500000000 0.500000000 0.000000000 0.000000000 0.931643903 -0.099491760 0.349486798 2.374850147 0.113139391 0.993401229 -0.018800098 -0.127270025 -0.345310181 0.057055715 0.936752677 3.763420663
14066667 0.942312439 1.678090688 0.500000000 0.500000000 0.000000000 0.000000000 0.933953404 -0.098208696 0.343636751 2.289860209 0.112392053 0.993430257 -0.021550240 -0.109448093 -0.339262724 0.058748938 0.938855410 3.709610380
14133333 0.942312439 1.678090688 0.500000000 0.500000000 0.000000000 0.000000000 0.937121511 -0.096470907 0.335405320 2.214830022 0.111284077 0.993469596 -0.025180902 -0.102436121 -0.330785781 0.060922813 0.941737354 3.620019860
14200000 0.942312439 1.678090688 0.500000000 0.500000000 0.000000000 0.000000000 0.941094577 -0.095445149 0.324393541 2.127199870 0.110333167 0.993506610 -0.027770424 -0.107909827 -0.319636554 0.061925992 0.945514441 3.544389344
14266667 0.942312439 1.678090688 0.500000000 0.500000000 0.000000000 0.000000000 0.945088983 -0.093760073 0.313074827 2.023619828 0.108975306 0.993547797 -0.031418189 -0.137982954 -0.308109045 0.063810416 0.949208617 3.408279749
14333333 0.942312439 1.678090688 0.500000000 0.500000000 0.000000000 0.000000000 0.950135112 -0.091780089 0.298026294 1.919630103 0.106995903 0.993639290 -0.035111889 -0.176658023 -0.292908043 0.065248623 0.953911662 3.295199890
14400000 0.942312439 1.678090688 0.500000000 0.500000000 0.000000000 0.000000000 0.955596149 -0.089662321 0.280707359 1.810209971 0.104306690 0.993832648 -0.037639633 -0.204767936 -0.275601268 0.065247960 0.959055066 3.175939979
14466667 0.942312439 1.678090688 0.500000000 0.500000000 0.000000000 0.000000000 0.960807204 -0.087888658 0.262916535 1.711330053 0.101671264 0.994043171 -0.039257195 -0.217310045 -0.257900149 0.064449638 0.964019597 3.020490081
14533333 0.942312439 1.678090688 0.500000000 0.500000000 0.000000000 0.000000000 0.966193259 -0.084999979 0.243404180 1.615319952 0.097764894 0.994371653 -0.040830124 -0.219191062 -0.238563657 0.063246161 0.969065189 2.884609972
14600000 0.942312439 1.678090688 0.500000000 0.500000000 0.000000000 0.000000000 0.971254468 -0.081801236 0.223546982 1.531489837 0.093343958 0.994766712 -0.041546464 -0.208893992 -0.218978554 0.061218955 0.973807275 2.734700018
14666667 0.942312439 1.678090688 0.500000000 0.500000000 0.000000000 0.000000000 0.976024568 -0.078144051 0.203149170 1.462840107 0.088269942 0.995241821 -0.041257367 -0.178164000 -0.198958516 0.058200166 0.978278220 2.610830179
14733333 0.942312439 1.678090688 0.500000000 0.500000000 0.000000000 0.000000000 0.980305076 -0.073631883 0.183249414 1.409250195 0.082605511 0.995704591 -0.041817319 -0.138904039 -0.179383188 0.056131128 0.982176661 2.473140165
14800000 0.942312439 1.678090688 0.500000000 0.500000000 0.000000000 0.000000000 0.984188080 -0.068033233 0.163539842 1.372539873 0.075935528 0.996204138 -0.042557519 -0.084507091 -0.160023734 0.054303091 0.985618353 2.319459684
14866667 0.942312439 1.678090688 0.500000000 0.500000000 0.000000000 0.000000000 0.987523735 -0.062034145 0.144736588 1.346570020 0.068883225 0.996706426 -0.042794872 -0.024440387 -0.141605139 0.052230876 0.988544345 2.150120003
14933333 0.942312439 1.678090688 0.500000000 0.500000000 0.000000000 0.000000000 0.990427852 -0.054097116 0.126989037 1.322490006 0.060003705 0.997264862 -0.043154813 0.031802485 -0.124307156 0.050361536 0.990964890 1.987689952
15000000 0.942312439 1.678090688 0.500000000 0.500000000 0.000000000 0.000000000 0.992899179 -0.046194535 0.109623149 1.295189909 0.051099364 0.997794747 -0.042361915 0.090757412 -0.107424513 0.047662787 0.993070126 1.847370178
15066667 0.942312439 1.678090688 0.500000000 0.500000000 0.000000000 0.000000000 0.994762838 -0.037541684 0.095065959 1.271669914 0.041752432 0.998215258 -0.042697553 0.153141005 -0.093293346 0.046443176 0.994554877 1.707749996
15133333 0.942312439 1.678090688 0.500000000 0.500000000 0.000000000 0.000000000 0.996396482 -0.028848520 0.079761371 1.246240099 0.032359596 0.998547316 -0.043083239 0.209947007 -0.078402609 0.045509029 0.995882511 1.586159943
15200000 0.942312439 1.678090688 0.500000000 0.500000000 0.000000000 0.000000000 0.997550189 -0.019649835 0.067137934 1.203189984 0.022555856 0.998828828 -0.042804040 0.244417990 -0.066218205 0.044213533 0.996825099 1.453439978
15266667 0.942312439 1.678090688 0.500000000 0.500000000 0.000000000 0.000000000 0.998506546 -0.010756088 0.053562924 1.161649929 0.013036421 0.999015331 -0.042407196 0.275631991 -0.053054050 0.043042134 0.997663617 1.335730014
15333333 0.942312439 1.678090688 0.500000000 0.500000000 0.000000000 0.000000000 0.999135673 -0.001836606 0.041527323 1.121319966 0.003596037 0.999097109 -0.042333130 0.314795009 -0.041412078 0.042445872 0.998240173 1.237330005
15400000 0.942312439 1.678090688 0.500000000 0.500000000 0.000000000 0.000000000 0.999529123 0.006031206 0.030085512 1.088000014 -0.004774783 0.999120414 -0.041660141 0.360988000 -0.030310310 0.041496877 0.998678803 1.155100062
15466667 0.942312439 1.678090688 0.500000000 0.500000000 0.000000000 0.000000000 0.999686778 0.014028491 0.020726610 1.041529979 -0.013196140 0.999121964 -0.039763685 0.414643003 -0.021266237 0.039477717 0.998994112 1.075499998
15533333 0.942312439 1.678090688 0.500000000 0.500000000 0.000000000 0.000000000 0.999691784 0.021318333 0.012722500 0.980023944 -0.020820035 0.999057353 -0.038091555 0.466230037 -0.013522554 0.037814930 0.999193251 0.961509955
15600000 0.942312439 1.678090688 0.500000000 0.500000000 0.000000000 0.000000000 0.999612927 0.027514840 0.004119636 0.916939961 -0.027348550 0.998974442 -0.036085386 0.512848065 -0.005108294 0.035958748 0.999340236 0.824571008
15666667 0.942312439 1.678090688 0.500000000 0.500000000 0.000000000 0.000000000 0.999431252 0.033548005 -0.003423388 0.855148986 -0.033641249 0.998911440 -0.032314967 0.551612048 0.002335559 0.032411758 0.999471843 0.667493987
15733333 0.942312439 1.678090688 0.500000000 0.500000000 0.000000000 0.000000000 0.999170482 0.038974863 -0.011804315 0.805317005 -0.039287742 0.998848140 -0.027548099 0.587005022 0.010717035 0.027989013 0.999550760 0.520892960
15800000 0.942312439 1.678090688 0.500000000 0.500000000 0.000000000 0.000000000 0.998905957 0.042578287 -0.019339608 0.746434004 -0.042990007 0.998846352 -0.021396738 0.614808021 0.018406259 0.022204738 0.999584019 0.338775008
15866667 0.942312439 1.678090688 0.500000000 0.500000000 0.000000000 0.000000000 0.998518050 0.046218749 -0.028731033 0.677750976 -0.046699818 0.998775899 -0.016304428 0.656060978 0.027942292 0.017622000 0.999454200 0.116918999
15933333 0.942312439 1.678090688 0.500000000 0.500000000 0.000000000 0.000000000 0.997996151 0.047719590 -0.041551039 0.604035955 -0.048199490 0.998781204 -0.010624915 0.706240969 0.040993378 0.012606364 0.999079883 -0.113785998
16000000 0.942312439 1.678090688 0.500000000 0.500000000 0.000000000 0.000000000 0.997278690 0.048730053 -0.055322263 0.529941955 -0.049079604 0.998782456 -0.004976649 0.752151989 0.055012394 0.007678303 0.998456120 -0.368365979
16066667 0.942312439 1.678090688 0.500000000 0.500000000 0.000000000 0.000000000 0.996277928 0.049472015 -0.070589207 0.456146979 -0.049581278 0.998770058 0.000204534 0.790382896 0.070512511 0.003296129 0.997505426 -0.609397037
16133333 0.942312439 1.678090688 0.500000000 0.500000000 0.000000000 0.000000000 0.995096922 0.049214210 -0.085790850 0.379804984 -0.048928726 0.998787522 0.005428470 0.816703019 0.085953988 -0.001204216 0.996298373 -0.845058922
16200000 0.942312439 1.678090688 0.500000000 0.500000000 0.000000000 0.000000000 0.993726790 0.048859291 -0.100597188 0.309877012 -0.047913469 0.998781800 0.011798240 0.827359894 0.101051092 -0.006904263 0.994857252 -1.068840051
16266667 0.942312439 1.678090688 0.500000000 0.500000000 0.000000000 0.000000000 0.992048323 0.048784189 -0.116018012 0.262473985 -0.047038853 0.998735607 0.017735969 0.819351993 0.116736546 -0.012137584 0.993088722 -1.261599878
16333333 0.942312439 1.678090688 0.500000000 0.500000000 0.000000000 0.000000000 0.990148902 0.047696006 -0.131644651 0.230464011 -0.044709306 0.998673201 0.025552522 0.802758010 0.132688746 -0.019415066 0.990967572 -1.448130025
16400000 0.942312439 1.678090688 0.500000000 0.500000000 0.000000000 0.000000000 0.988005638 0.048513651 -0.146598861 0.210394970 -0.043810859 0.998421609 0.035141464 0.784128107 0.148072317 -0.028297344 0.988571644 -1.625319947
16466667 0.942312439 1.678090688 0.500000000 0.500000000 0.000000000 0.000000000 0.985720217 0.050206330 -0.160732731 0.202217015 -0.043209691 0.997972310 0.046735145 0.761471978 0.162753209 -0.039122574 0.985890865 -1.808259939
16533333 0.942312439 1.678090688 0.500000000 0.500000000 0.000000000 0.000000000 0.983311534 0.052212566 -0.174276248 0.203176985 -0.042203739 0.997266293 0.060653150 0.729676002 0.176966682 -0.052285835 0.982827008 -1.990849877
16600000 0.942312439 1.678090688 0.500000000 0.500000000 0.000000000 0.000000000 0.980751276 0.055211265 -0.187292889 0.201989987 -0.041320566 0.996152937 0.077278174 0.674654001 0.190838978 -0.068051614 0.979259610 -2.177989803
16666667 0.942312439 1.678090688 0.500000000 0.500000000 0.000000000 0.000000000 0.978018045 0.059752364 -0.199775696 0.192821917 -0.041155506 0.994531929 0.095981598 0.590484080 0.204418451 -0.085649863 0.975129306 -2.377459841
16733333 0.942312439 1.678090688 0.500000000 0.500000000 0.000000000 0.000000000 0.974995315 0.064987011 -0.212510750 0.190350968 -0.040819578 0.992386878 0.116198130 0.476474968 0.218444243 -0.104618020 0.970225334 -2.597919736
16800000 0.942312439 1.678090688 0.500000000 0.500000000 0.000000000 0.000000000 0.971840858 0.070488885 -0.224847972 0.193194996 -0.039738335 0.989569306 0.138468176 0.331289060 0.232263118 -0.125633955 0.964505017 -2.815909868
16866667 0.942312439 1.678090688 0.500000000 0.500000000 0.000000000 0.000000000 0.967840910 0.080777153 -0.238241404 0.207004027 -0.042060830 0.985674620 0.163329154 0.141097945 0.248021781 -0.148056000 0.957373798 -3.014869977
16933333 0.942312439 1.678090688 0.500000000 0.500000000 0.000000000 0.000000000 0.962948322 0.092918545 -0.253173083 0.206769879 -0.044657871 0.980749726 0.190093547 -0.061747679 0.265962690 -0.171744078 0.948560894 -3.191869808
17000000 0.942312439 1.678090688 0.500000000 0.500000000 0.000000000 0.000000000 0.957337618 0.106992379 -0.268435031 0.192524057 -0.047986165 0.974894404 0.217435598 -0.268099001 0.284959763 -0.195278108 0.938437223 -3.364100071
17066667 0.942312439 1.678090688 0.500000000 0.500000000 0.000000000 0.000000000 0.950692296 0.123039052 -0.284684956 0.185110109 -0.052210275 0.968330324 0.244152501 -0.476108038 0.305709362 -0.217250422 0.927008152 -3.533670265
17133333 0.942312439 1.678090688 0.500000000 0.500000000 0.000000000 0.000000000 0.942995846 0.139049321 -0.302364141 0.176778906 -0.054926388 0.961100221 0.270683348 -0.698687064 0.328240603 -0.238645494 0.913950980 -3.671519789
17200000 0.942312439 1.678090688 0.500000000 0.500000000 0.000000000 0.000000000 0.934151888 0.156867459 -0.320551008 0.162940121 -0.058463227 0.953346312 0.296163678 -0.938458868 0.352054566 -0.257921457 0.899741232 -3.777800808
17266667 0.942312439 1.678090688 0.500000000 0.500000000 0.000000000 0.000000000 0.924263120 0.174015179 -0.339788824 0.146413029 -0.060813580 0.945815623 0.318958521 -1.174400091 0.376881212 -0.274137795 0.884764969 -3.877160257
17333333 0.942312439 1.678090688 0.500000000 0.500000000 0.000000000 0.000000000 0.913635373 0.190237015 -0.359277338 0.121551004 -0.061841168 0.938506722 0.339677364 -1.393809990 0.401803404 -0.288123101 0.869217455 -3.949429436
17400000 0.942312439 1.678090688 0.500000000 0.500000000 0.000000000 0.000000000 0.902030706 0.205079556 -0.379845887 0.103863620 -0.061209142 0.931815386 0.357733667 -1.611029738 0.427310139 -0.299436688 0.853078842 -3.985129027
17466667 0.942312439 1.678090688 0.500000000 0.500000000 0.000000000 0.000000000 0.889896214 0.217032194 -0.401225299 0.093676914 -0.057149291 0.925679326 0.373967648 -1.832270118 0.452568978 -0.309862673 0.836161733 -4.007180418
17533333 0.942312439 1.678090688 0.500000000 0.500000000 0.000000000 0.000000000 0.877174497 0.231600493 -0.420626014 0.073997035 -0.056099035 0.919421196 0.389252692 -2.032249823 0.476883560 -0.317845851 0.819485307 -4.021680067
17600000 0.942312439 1.678090688 0.500000000 0.500000000 0.000000000 0.000000000 0.864565670 0.244010016 -0.439301282 0.050705419 -0.053317979 0.913803995 0.402640820 -2.186950038 0.499683589 -0.324686825 0.803053617 -4.038731261
17666667 0.942312439 1.678090688 0.500000000 0.500000000 0.000000000 0.000000000 0.851935267 0.253825247 -0.458016157 0.040388328 -0.048428968 0.909109235 0.413732886 -2.297700005 0.521402597 -0.330292284 0.786794722 -4.028658517
17733333 0.942312439 1.678090688 0.500000000 0.500000000 0.000000000 0.000000000 0.839687943 0.261777550 -0.475811839 0.045193798 -0.042289943 0.905011594 0.423279732 -2.374810125 0.541420341 -0.335300893 0.770997882 -4.017451552
17800000 0.942312439 1.678090688 0.500000000 0.500000000 0.000000000 0.000000000 0.827753425 0.268695772 -0.492571473 0.063453922 -0.036232628 0.901645303 0.430955708 -2.420320252 0.559920788 -0.338877857 0.756075621 -4.003299688
17866667 0.942312439 1.678090688 0.500000000 0.500000000 0.000000000 0.000000000 0.816116989 0.274659574 -0.508444071 0.088594079 -0.029961951 0.898760676 0.437414646 -2.446490044 0.577109575 -0.341747582 0.741723180 -3.984340414
17933333 0.942312439 1.678090688 0.500000000 0.500000000 0.000000000 0.000000000 0.805325866 0.281303942 -0.521841228 0.103793823 -0.026590258 0.896504879 0.442235112 -2.450469682 0.592235744 -0.342267513 0.729458570 -3.946230039
18000000 0.942312439 1.678090688 0.500000000 0.500000000 0.000000000 0.000000000 0.794820905 0.289217114 -0.533491731 0.104559555 -0.025896803 0.894489050 0.446339339 -2.452210201 0.606291413 -0.340944141 0.718448400 -3.927561015
18066667 0.942312439 1.678090688 0.500000000 0.500000000 0.000000000 0.000000000 0.784845591 0.298344076 -0.543146491 0.097959986 -0.027717397 0.892502666 0.450189620 -2.444469951 0.619071126 -0.338274688 0.708746076 -3.938719491
18133333 0.942312439 1.678090688 0.500000000 0.500000000 0.000000000 0.000000000 0.773812711 0.310321689 -0.552190781 0.091355288 -0.033217773 0.890449703 0.453867882 -2.406320208 0.632543087 -0.332866281 0.699349463 -3.965821313
18200000 0.942312439 1.678090688 0.500000000 0.500000000 0.000000000 0.000000000 0.762572587 0.323246360 -0.560352683 0.083643125 -0.040687755 0.888459504 0.457147986 -2.341310026 0.645622015 -0.325809091 0.690667033 -4.003750992
18266667 0.942312439 1.678090688 0.500000000 0.500000000 0.000000000 0.000000000 0.751182735 0.338032842 -0.566972852 0.076739717 -0.051027507 0.886093915 0.460688353 -2.264650108 0.658118963 -0.317129910 0.682867408 -4.078009729
18333333 0.942312439 1.678090688 0.500000000 0.500000000 0.000000000 0.000000000 0.739662766 0.354661435 -0.571939230 0.073650099 -0.064635932 0.883373082 0.464192152 -2.176870114 0.669866681 -0.306377888 0.676321983 -4.169700856
18400000 0.942312439 1.678090688 0.500000000 0.500000000 0.000000000 0.000000000 0.727644801 0.369798660 -0.577738523 0.089439918 -0.076006010 0.880520046 0.467875451 -2.099740015 0.681730151 -0.296535462 0.668812752 -4.253249248
18466667 0.942312439 1.678090688 0.500000000 0.500000000 0.000000000 0.000000000 0.713524699 0.390576839 -0.581663072 0.095881939 -0.093282819 0.875768065 0.473633230 -1.988440140 0.694392145 -0.283689737 0.661316335 -4.341188542
18533333 0.942312439 1.678090688 0.500000000 0.500000000 0.000000000 0.000000000 0.697054863 0.407797158 -0.589759111 0.156465941 -0.108374283 0.872988164 0.475548714 -1.833170214 0.708780169 -0.267568797 0.652715445 -4.459549496
18600000 0.942312439 1.678090688 0.500000000 0.500000000 0.000000000 0.000000000 0.681445599 0.421797693 -0.598095417 0.232949295 -0.119814336 0.870486796 0.477385670 -1.674450341 0.721994400 -0.253651828 0.643726885 -4.569697651
18666667 0.942312439 1.678090688 0.500000000 0.500000000 0.000000000 0.000000000 0.666614413 0.433609575 -0.606306911 0.314691058 -0.129294306 0.868327498 0.478842825 -1.527139811 0.734103799 -0.240811557 0.634902835 -4.672191005
18733333 0.942312439 1.678090688 0.500000000 0.500000000 0.000000000 0.000000000 0.650933743 0.442922533 -0.616526604 0.413141071 -0.137081012 0.867374241 0.478404403 -1.403789733 0.746655345 -0.226895526 0.625319362 -4.758620100
18800000 0.942312439 1.678090688 0.500000000 0.500000000 0.000000000 0.000000000 0.635156155 0.449754357 -0.627931178 0.511861455 -0.142916098 0.867373943 0.476694167 -1.291559916 0.759046495 -0.213033721 0.615195036 -4.852769143
18866667 0.942312439 1.678090688 0.500000000 0.500000000 0.000000000 0.000000000 0.620140791 0.453765512 -0.639939487 0.597411565 -0.146454975 0.868362784 0.473811269 -1.185649498 0.770698845 -0.200107515 0.604963422 -4.960092382
