https://www.youtube.com/watch?v=wAZ8ovZBeSY
30560000 0.721029994 1.284025860 0.500000000 0.500000000 0.000000000 0.000000000 0.991093695 0.007346035 -0.132963508 -0.239478976 -0.007386932 0.999972701 0.000185717 -0.576569043 0.132961243 0.000798129 0.991120934 6.392129830
30640000 0.721029994 1.284025860 0.500000000 0.500000000 0.000000000 0.000000000 0.990004122 0.007691364 -0.140828714 -0.167471004 -0.007638304 0.999970436 0.000917308 -0.468435001 0.140831605 0.000167553 0.990033567 5.885030046
30720000 0.721029994 1.284025860 0.500000000 0.500000000 0.000000000 0.000000000 0.988819122 0.008002239 -0.148905247 -0.111947074 -0.007987042 0.999967873 0.000700057 -0.380267004 0.148906052 0.000497082 0.988851249 5.354650242
30800000 0.721029994 1.284025860 0.500000000 0.500000000 0.000000000 0.000000000 0.987536371 0.008424100 -0.157165349 -0.066231927 -0.008327254 0.999964535 0.001274673 -0.298264021 0.157170504 0.000049971 0.987571478 4.796239774
30880000 0.721029994 1.284025860 0.500000000 0.500000000 0.000000000 0.000000000 0.986275852 0.008854271 -0.164868385 -0.036332718 -0.008756631 0.999960780 0.001319049 -0.233978001 0.164873600 0.000142746 0.986314714 4.206610510
30960000 0.721029994 1.284025860 0.500000000 0.500000000 0.000000000 0.000000000 0.984987259 0.009247090 -0.172379375 -0.015598903 -0.009201284 0.999957085 0.001064779 -0.184898995 0.172381818 0.000537317 0.985030055 3.607009684
31040000 0.721029994 1.284025860 0.500000000 0.500000000 0.000000000 0.000000000 0.983707964 0.009793706 -0.179507107 0.000244682 -0.009737859 0.999951899 0.001192295 -0.139496004 0.179510146 0.000575144 0.983755946 2.989269984
31120000 0.721029994 1.284025860 0.500000000 0.500000000 0.000000000 0.000000000 0.982422650 0.010157236 -0.186393544 0.001232566 -0.010144838 0.999948025 0.001020366 -0.098222898 0.186394230 0.000888502 0.982474625 2.361409757
31200000 0.721029994 1.284025860 0.500000000 0.500000000 0.000000000 0.000000000 0.981205761 0.010638371 -0.192670912 -0.022285792 -0.010684641 0.999942601 0.000798922 -0.036575394 0.192668349 0.001274714 0.981263101 1.727529992
31280000 0.721029994 1.284025860 0.500000000 0.500000000 0.000000000 0.000000000 0.979954302 0.011165263 -0.198909178 -0.030047281 -0.011283744 0.999936163 0.000537915 0.029545595 0.198902503 0.001717308 0.980017781 1.094789943
31440000 0.721029994 1.284025860 0.500000000 0.500000000 0.000000000 0.000000000 0.977265358 0.011910592 -0.211685047 -0.015985902 -0.012000575 0.999927640 0.000859697 0.125149006 0.211679950 0.001700190 0.977337539 -0.066779698
31520000 0.721029994 1.284025860 0.500000000 0.500000000 0.000000000 0.000000000 0.975782990 0.012310589 -0.218393981 0.008371672 -0.012394819 0.999922693 0.000984383 0.150123989 0.218389213 0.001746411 0.975860178 -0.581878010
31600000 0.721029994 1.284025860 0.500000000 0.500000000 0.000000000 0.000000000 0.974281311 0.012684588 -0.224977881 0.042692509 -0.012698627 0.999918401 0.001384659 0.167133001 0.224977076 0.001507860 0.974362910 -1.068689957
31680000 0.721029994 1.284025860 0.500000000 0.500000000 0.000000000 0.000000000 0.972793400 0.012891533 -0.231315359 0.072454293 -0.012853669 0.999916017 0.001670820 0.170474006 0.231317475 0.001347889 0.972877383 -1.526880049
31760000 0.721029994 1.284025860 0.500000000 0.500000000 0.000000000 0.000000000 0.971221805 0.013414484 -0.237798810 0.110090047 -0.013217012 0.999909699 0.002424836 0.161023980 0.237809867 0.000787938 0.971311390 -1.992800049
31840000 0.721029994 1.284025860 0.500000000 0.500000000 0.000000000 0.000000000 0.969606996 0.013723218 -0.244282559 0.162341071 -0.013438665 0.999905705 0.002831554 0.140822015 0.244298384 0.000537334 0.969699979 -2.440840296
31920000 0.721029994 1.284025860 0.500000000 0.500000000 0.000000000 0.000000000 0.967925549 0.014068082 -0.250843078 0.231257043 -0.013601344 0.999901056 0.003594283 0.119208009 0.250868827 -0.000067199 0.968021095 -2.892750097
32000000 0.721029994 1.284025860 0.500000000 0.500000000 0.000000000 0.000000000 0.966162205 0.014370766 -0.257534593 0.313781104 -0.013765778 0.999896646 0.004152082 0.088499305 0.257567614 -0.000466423 0.966260195 -3.342230155
32080000 0.721029994 1.284025860 0.500000000 0.500000000 0.000000000 0.000000000 0.964293361 0.014666102 -0.264430016 0.423301000 -0.014104935 0.999892414 0.004020830 0.062794011 0.264460534 -0.000147495 0.964396536 -3.795110380
32160000 0.721029994 1.284025860 0.500000000 0.500000000 0.000000000 0.000000000 0.962403893 0.014791710 -0.271219522 0.566125980 -0.014173454 0.999890566 0.004238286 0.040966908 0.271252543 -0.000234827 0.962508202 -4.204690162
32240000 0.721029994 1.284025860 0.500000000 0.500000000 0.000000000 0.000000000 0.960458696 0.014942509 -0.278021395 0.725176154 -0.014312248 0.999888361 0.004296502 0.019529906 0.278054535 -0.000147504 0.960565329 -4.581780581
32320000 0.721029994 1.284025860 0.500000000 0.500000000 0.000000000 0.000000000 0.958546042 0.014973677 -0.284543812 0.890143976 -0.014268561 0.999887824 0.004550875 -0.012269521 0.284580052 -0.000302188 0.958652198 -4.927059844
32400000 0.721029994 1.284025860 0.500000000 0.500000000 0.000000000 0.000000000 0.956656873 0.015104371 -0.290825576 1.036209996 -0.014294886 0.999885798 0.004907906 -0.046569896 0.290866464 -0.000537863 0.956763506 -5.248129814
32480000 0.721029994 1.284025860 0.500000000 0.500000000 0.000000000 0.000000000 0.954618454 0.015230044 -0.297441870 1.185910152 -0.014167991 0.999883235 0.005726291 -0.077936502 0.297494322 -0.001252270 0.954722762 -5.543819836
