https://www.youtube.com/watch?v=QTDqI71dE5Q
81765022 0.787431840 1.400357646 0.500000000 0.500000000 0.000000000 0.000000000 0.999557912 -0.000980866 -0.029716512 0.862813081 0.000969254 0.999999464 -0.000405150 0.777248952 0.029716892 0.000376168 0.999558270 -4.865680312
81798389 0.787431840 1.400357646 0.500000000 0.500000000 0.000000000 0.000000000 0.999482274 -0.000915478 -0.032161921 0.908842088 0.000906219 0.999999523 -0.000302480 0.771821944 0.032162182 0.000273178 0.999482632 -4.821510257
81831756 0.787431840 1.400357646 0.500000000 0.500000000 0.000000000 0.000000000 0.999395072 -0.000515417 -0.034774281 0.958912051 0.000506093 0.999999821 -0.000276939 0.768884005 0.034774415 0.000259172 0.999395132 -4.769820216
81865122 0.787431840 1.400357646 0.500000000 0.500000000 0.000000000 0.000000000 0.999309301 -0.000445355 -0.037158351 1.003659997 0.000442035 0.999999881 -0.000097575 0.763413977 0.037158389 0.000081082 0.999309361 -4.725249441
81898489 0.787431840 1.400357646 0.500000000 0.500000000 0.000000000 0.000000000 0.999210954 -0.000044002 -0.039717168 1.051859978 0.000039822 1.000000000 -0.000106046 0.761581002 0.039717175 0.000104380 0.999210954 -4.670649920
81931856 0.787431840 1.400357646 0.500000000 0.500000000 0.000000000 0.000000000 0.999109149 0.000067727 -0.042200185 1.097759861 -0.000064668 1.000000000 0.000073847 0.755473942 0.042200193 -0.000071052 0.999109149 -4.620819763
81965222 0.787431840 1.400357646 0.500000000 0.500000000 0.000000000 0.000000000 0.999001980 0.000302056 -0.044664823 1.142439880 -0.000299302 0.999999940 0.000068346 0.754107929 0.044664837 -0.000054909 0.999002039 -4.561669939
81998589 0.787431840 1.400357646 0.500000000 0.500000000 0.000000000 0.000000000 0.998889983 0.000599970 -0.047100838 1.186759945 -0.000589843 0.999999821 0.000228896 0.749807047 0.047100965 -0.000200860 0.998890102 -4.505889615
82031956 0.787431840 1.400357646 0.500000000 0.500000000 0.000000000 0.000000000 0.998766303 0.000596367 -0.049653638 1.234919994 -0.000585353 0.999999821 0.000236354 0.748240071 0.049653772 -0.000206997 0.998766482 -4.438620342
82065322 0.787431840 1.400357646 0.500000000 0.500000000 0.000000000 0.000000000 0.998637080 0.000718287 -0.052187275 1.283690090 -0.000699937 0.999999702 0.000369898 0.744640005 0.052187521 -0.000332866 0.998637259 -4.375329974
82098689 0.787431840 1.400357646 0.500000000 0.500000000 0.000000000 0.000000000 0.998502851 0.000929169 -0.054691393 1.330899853 -0.000912026 0.999999523 0.000338404 0.745009992 0.054691684 -0.000288018 0.998503268 -4.303090010
82132056 0.787431840 1.400357646 0.500000000 0.500000000 0.000000000 0.000000000 0.998368621 0.001228577 -0.057084229 1.373909953 -0.001202934 0.999999166 0.000483570 0.740227018 0.057084773 -0.000414112 0.998369277 -4.238380068
82165422 0.787431840 1.400357646 0.500000000 0.500000000 0.000000000 0.000000000 0.998215795 0.001479812 -0.059691381 1.419159960 -0.001448514 0.999998808 0.000567588 0.734969058 0.059692148 -0.000480112 0.998216748 -4.166120284
82198789 0.787431840 1.400357646 0.500000000 0.500000000 0.000000000 0.000000000 0.998068750 0.001770839 -0.062093683 1.455239944 -0.001734415 0.999998271 0.000640503 0.728624980 0.062094711 -0.000531570 0.998070121 -4.100590064
82232156 0.787431840 1.400357646 0.500000000 0.500000000 0.000000000 0.000000000 0.997909069 0.001721671 -0.064610466 1.489910058 -0.001681972 0.999998391 0.000668821 0.722885048 0.064611509 -0.000558749 0.997910321 -4.030059867
82265522 0.787431840 1.400357646 0.500000000 0.500000000 0.000000000 0.000000000 0.997743130 0.002231954 -0.067109384 1.520239933 -0.002186752 0.999997318 0.000747003 0.713312973 0.067110874 -0.000598566 0.997745335 -3.966149967
82298889 0.787431840 1.400357646 0.500000000 0.500000000 0.000000000 0.000000000 0.997570336 0.002224094 -0.069630839 1.548399943 -0.002173830 0.999997318 0.000797633 0.703939918 0.069632433 -0.000644329 0.997572482 -3.894560060
82332256 0.787431840 1.400357646 0.500000000 0.500000000 0.000000000 0.000000000 0.997395515 0.002669068 -0.072076969 1.569350105 -0.002609893 0.999996185 0.000915154 0.689849053 0.072079130 -0.000724658 0.997398674 -3.829830050
82365622 0.787431840 1.400357646 0.500000000 0.500000000 0.000000000 0.000000000 0.997202873 0.002691403 -0.074693620 1.592189973 -0.002632028 0.999996126 0.000893339 0.677681967 0.074695736 -0.000694245 0.997206151 -3.752730306
82398989 0.787431840 1.400357646 0.500000000 0.500000000 0.000000000 0.000000000 0.997008383 0.003260891 -0.077224739 1.605710063 -0.003191399 0.999994397 0.001023261 0.661402988 0.077227645 -0.000773745 0.997013211 -3.683640070
82432356 0.787431840 1.400357646 0.500000000 0.500000000 0.000000000 0.000000000 0.996801078 0.003355820 -0.079852238 1.617419973 -0.003287181 0.999994099 0.000991026 0.647333045 0.079855099 -0.000725367 0.996806204 -3.608299847
82465722 0.787431840 1.400357646 0.500000000 0.500000000 0.000000000 0.000000000 0.996587276 0.003784968 -0.082459003 1.624990067 -0.003709586 0.999992549 0.001067356 0.631921997 0.082462430 -0.000757824 0.996593893 -3.540400079
82499089 0.787431840 1.400357646 0.500000000 0.500000000 0.000000000 0.000000000 0.996359944 0.004407872 -0.085131988 1.632629991 -0.004322846 0.999989927 0.001183071 0.616375984 0.085136354 -0.000810751 0.996369004 -3.471770116
82532456 0.787431840 1.400357646 0.500000000 0.500000000 0.000000000 0.000000000 0.996138155 0.004852575 -0.087665305 1.638230041 -0.004767763 0.999987960 0.001176812 0.605926019 0.087669954 -0.000754300 0.996149302 -3.413840095
82565822 0.787431840 1.400357646 0.500000000 0.500000000 0.000000000 0.000000000 0.995895207 0.005311213 -0.090357929 1.647260027 -0.005215765 0.999985576 0.001292420 0.593582993 0.090363488 -0.000815829 0.995908499 -3.351989716
82599189 0.787431840 1.400357646 0.500000000 0.500000000 0.000000000 0.000000000 0.995661795 0.005683550 -0.092872456 1.648480009 -0.005582573 0.999983490 0.001347027 0.582661977 0.092878580 -0.000822716 0.995677114 -3.298929842
82632556 0.787431840 1.400357646 0.500000000 0.500000000 0.000000000 0.000000000 0.995396256 0.006256039 -0.095640659 1.652080024 -0.006137547 0.999979973 0.001533057 0.568260017 0.095648333 -0.000939000 0.995414734 -3.238519812
82665922 0.787431840 1.400357646 0.500000000 0.500000000 0.000000000 0.000000000 0.995142639 0.006630525 -0.098220102 1.646989919 -0.006510449 0.999977589 0.001542978 0.556201987 0.098228134 -0.000896027 0.995163500 -3.184409871
82699289 0.787431840 1.400357646 0.500000000 0.500000000 0.000000000 0.000000000 0.994871497 0.006893651 -0.100911893 1.640819969 -0.006773471 0.999975860 0.001533530 0.545472015 0.100920029 -0.000842142 0.994894207 -3.121040221
82732656 0.787431840 1.400357646 0.500000000 0.500000000 0.000000000 0.000000000 0.994610727 0.007093567 -0.103436843 1.624040049 -0.006972126 0.999974489 0.001535582 0.537400020 0.103445098 -0.000806133 0.994634867 -3.064610325
82766022 0.787431840 1.400357646 0.500000000 0.500000000 0.000000000 0.000000000 0.994320035 0.007807821 -0.106144570 1.608440106 -0.007676785 0.999969184 0.001643035 0.526124013 0.106154121 -0.000818854 0.994349360 -3.000900061
82799389 0.787431840 1.400357646 0.500000000 0.500000000 0.000000000 0.000000000 0.994035244 0.008093033 -0.108758681 1.587580079 -0.007973759 0.999967039 0.001531557 0.521067972 0.108767487 -0.000655207 0.994067013 -2.939350119
82832756 0.787431840 1.400357646 0.500000000 0.500000000 0.000000000 0.000000000 0.993725836 0.008845482 -0.111493051 1.564270005 -0.008702444 0.999960542 0.001769517 0.510949005 0.111504301 -0.000788153 0.993763626 -2.872290028
82866122 0.787431840 1.400357646 0.500000000 0.500000000 0.000000000 0.000000000 0.993428528 0.008992239 -0.114100643 1.534740082 -0.008852695 0.999959290 0.001729643 0.503823944 0.114111550 -0.000708179 0.993467689 -2.810590072
82899489 0.787431840 1.400357646 0.500000000 0.500000000 0.000000000 0.000000000 0.993089139 0.009795447 -0.116953038 1.505410033 -0.009646521 0.999951780 0.001839370 0.496246012 0.116965421 -0.000698470 0.993135750 -2.740940248
82932856 0.787431840 1.400357646 0.500000000 0.500000000 0.000000000 0.000000000 0.992770493 0.010105768 -0.119602039 1.469490148 -0.009953359 0.999948740 0.001871611 0.487741018 0.119614825 -0.000667639 0.992820144 -2.678160032
82966222 0.787431840 1.400357646 0.500000000 0.500000000 0.000000000 0.000000000 0.992415011 0.010933235 -0.122445710 1.434389951 -0.010774484 0.999940038 0.001958590 0.480416986 0.122459777 -0.000624446 0.992473304 -2.607630000
82999589 0.787431840 1.400357646 0.500000000 0.500000000 0.000000000 0.000000000 0.992062151 0.011243757 -0.125244990 1.397000035 -0.011076724 0.999936581 0.002029977 0.472466991 0.125259861 -0.000626558 0.992123783 -2.540660047
83032956 0.787431840 1.400357646 0.500000000 0.500000000 0.000000000 0.000000000 0.991693556 0.011952529 -0.128066421 1.361939953 -0.011793880 0.999928474 0.001997084 0.464807983 0.128081143 -0.000470096 0.991763592 -2.466190142
83066322 0.787431840 1.400357646 0.500000000 0.500000000 0.000000000 0.000000000 0.991320729 0.012617680 -0.130858734 1.327130005 -0.012446483 0.999920309 0.002126102 0.454940014 0.130875126 -0.000478920 0.991398752 -2.396199866
83099689 0.787431840 1.400357646 0.500000000 0.500000000 0.000000000 0.000000000 0.990926087 0.013264135 -0.133751750 1.292649952 -0.013089959 0.999911964 0.002181545 0.447416012 0.133768916 -0.000410946 0.991012454 -2.317840157
83133056 0.787431840 1.400357646 0.500000000 0.500000000 0.000000000 0.000000000 0.990545928 0.013831303 -0.136482239 1.254509924 -0.013646344 0.999904275 0.002290757 0.434024996 0.136500865 -0.000406615 0.990639865 -2.242949932
83166422 0.787431840 1.400357646 0.500000000 0.500000000 0.000000000 0.000000000 0.990142763 0.014496934 -0.139309466 1.216309972 -0.014298903 0.999894857 0.002422329 0.420630987 0.139329940 -0.000406477 0.990245938 -2.162339863
83199789 0.787431840 1.400357646 0.500000000 0.500000000 0.000000000 0.000000000 0.989738524 0.014968374 -0.142104313 1.173339931 -0.014761054 0.999887884 0.002513028 0.406183001 0.142126009 -0.000389631 0.989848495 -2.087889958
83233156 0.787431840 1.400357646 0.500000000 0.500000000 0.000000000 0.000000000 0.989315867 0.015671143 -0.144943088 1.131230040 -0.015463907 0.999877155 0.002556382 0.391756001 0.144965351 -0.000287682 0.989436686 -2.004940032
83266522 0.787431840 1.400357646 0.500000000 0.500000000 0.000000000 0.000000000 0.988878250 0.016272638 -0.147834376 1.088770003 -0.016058430 0.999867558 0.002642500 0.373867015 0.147857800 -0.000239120 0.989008605 -1.928020161
83299889 0.787431840 1.400357646 0.500000000 0.500000000 0.000000000 0.000000000 0.988432229 0.016968489 -0.150710866 1.047090007 -0.016747385 0.999855995 0.002736296 0.355124004 0.150735602 -0.000180632 0.988574088 -1.844570081
83333256 0.787431840 1.400357646 0.500000000 0.500000000 0.000000000 0.000000000 0.987987161 0.017597649 -0.153530568 1.002309971 -0.017369691 0.999845147 0.002826103 0.335658994 0.153556526 -0.000125376 0.988139868 -1.769510097
83366622 0.787431840 1.400357646 0.500000000 0.500000000 0.000000000 0.000000000 0.987503290 0.018499477 -0.156508982 0.963530027 -0.018272782 0.999828875 0.002887239 0.316410981 0.156535625 0.000008694 0.987672329 -1.689020084
83399989 0.787431840 1.400357646 0.500000000 0.500000000 0.000000000 0.000000000 0.987040520 0.019103194 -0.159330249 0.919933999 -0.018868426 0.999817491 0.002986295 0.295436006 0.159358233 0.000058714 0.987220824 -1.617289962
83433356 0.787431840 1.400357646 0.500000000 0.500000000 0.000000000 0.000000000 0.986548007 0.019827863 -0.162264720 0.876404999 -0.019588536 0.999803424 0.003074809 0.274654006 0.162293777 0.000145081 0.986742496 -1.540310170
83466722 0.787431840 1.400357646 0.500000000 0.500000000 0.000000000 0.000000000 0.986082554 0.020199111 -0.165024638 0.829448953 -0.019968374 0.999795914 0.003057250 0.256274983 0.165052712 0.000280575 0.986284673 -1.471699926
83500089 0.787431840 1.400357646 0.500000000 0.500000000 0.000000000 0.000000000 0.985567391 0.020830527 -0.167997137 0.784082946 -0.020605139 0.999782920 0.003084884 0.238987990 0.168024942 0.000421244 0.985782623 -1.397249801
83533456 0.787431840 1.400357646 0.500000000 0.500000000 0.000000000 0.000000000 0.985093355 0.021109525 -0.170720503 0.735027043 -0.020885479 0.999777019 0.003108423 0.220819987 0.170748070 0.000503494 0.985314608 -1.332030103
83566822 0.787431840 1.400357646 0.500000000 0.500000000 0.000000000 0.000000000 0.984559000 0.021692449 -0.173703700 0.692157967 -0.021480707 0.999764442 0.003099041 0.207553987 0.173730016 0.000680090 0.984793067 -1.258689924
83600189 0.787431840 1.400357646 0.500000000 0.500000000 0.000000000 0.000000000 0.984052002 0.022237873 -0.176485509 0.646008020 -0.022015424 0.999752462 0.003218644 0.191778995 0.176513404 0.000718090 0.984297991 -1.193680098
83633556 0.787431840 1.400357646 0.500000000 0.500000000 0.000000000 0.000000000 0.983495355 0.022671441 -0.179507211 0.604421001 -0.022464747 0.999742568 0.003184446 0.180496012 0.179533198 0.000900697 0.983751476 -1.117619973
83666922 0.787431840 1.400357646 0.500000000 0.500000000 0.000000000 0.000000000 0.982969224 0.023047071 -0.182319313 0.559727031 -0.022844672 0.999733865 0.003210445 0.169746984 0.182344794 0.001009257 0.983234107 -1.050680016
83700289 0.787431840 1.400357646 0.500000000 0.500000000 0.000000000 0.000000000 0.982401967 0.023474142 -0.185298011 0.519538975 -0.023278415 0.999723792 0.003232081 0.160787010 0.185322687 0.001138238 0.982677102 -0.975283024
83733656 0.787431840 1.400357646 0.500000000 0.500000000 0.000000000 0.000000000 0.981850863 0.023945579 -0.188136816 0.478374976 -0.023747319 0.999712527 0.003308074 0.151284990 0.188161939 0.001219712 0.982137263 -0.910200065
83767022 0.787431840 1.400357646 0.500000000 0.500000000 0.000000000 0.000000000 0.981289566 0.024291839 -0.190999091 0.440318993 -0.024095405 0.999704063 0.003351229 0.142975994 0.191023976 0.001313676 0.981584489 -0.839331967
83800389 0.787431840 1.400357646 0.500000000 0.500000000 0.000000000 0.000000000 0.980728328 0.024784466 -0.193797961 0.400940998 -0.024586713 0.999691844 0.003425944 0.132544989 0.193823144 0.001404937 0.981035471 -0.780215029
83833756 0.787431840 1.400357646 0.500000000 0.500000000 0.000000000 0.000000000 0.980142534 0.025112024 -0.196697801 0.366458016 -0.024918927 0.999683499 0.003456958 0.124379990 0.196722358 0.001513188 0.980458081 -0.714325031
83867122 0.787431840 1.400357646 0.500000000 0.500000000 0.000000000 0.000000000 0.979563117 0.025793040 -0.199476287 0.331295006 -0.025568480 0.999666214 0.003702144 0.110830999 0.199505195 0.001473827 0.979895651 -0.660018987
83900489 0.787431840 1.400357646 0.500000000 0.500000000 0.000000000 0.000000000 0.978996038 0.026100049 -0.202201694 0.297820014 -0.025882015 0.999658048 0.003722690 0.097906590 0.202229708 0.001588888 0.979336798 -0.600961943
83933856 0.787431840 1.400357646 0.500000000 0.500000000 0.000000000 0.000000000 0.978394032 0.026767517 -0.205008790 0.266054999 -0.026540598 0.999640286 0.003857030 0.086820399 0.205038294 0.001667357 0.978752553 -0.547856000
83967222 0.787431840 1.400357646 0.500000000 0.500000000 0.000000000 0.000000000 0.977788568 0.026965195 -0.207851961 0.238482009 -0.026746066 0.999634802 0.003865011 0.073737902 0.207880273 0.001780053 0.978152692 -0.484195993
84000589 0.787431840 1.400357646 0.500000000 0.500000000 0.000000000 0.000000000 0.977199733 0.027542632 -0.210527882 0.211501989 -0.027304407 0.999619007 0.004038793 0.057188799 0.210558906 0.001801636 0.977579474 -0.428411974
84033956 0.787431840 1.400357646 0.500000000 0.500000000 0.000000000 0.000000000 0.976583362 0.027783990 -0.213337764 0.187529996 -0.027567469 0.999611974 0.003990279 0.039861700 0.213365838 0.001984348 0.976970315 -0.359922977
84067322 0.787431840 1.400357646 0.500000000 0.500000000 0.000000000 0.000000000 0.975991547 0.028270919 -0.215966016 0.161104001 -0.028026916 0.999598384 0.004192939 0.020094102 0.215997815 0.001960583 0.976391912 -0.299449031
84100689 0.787431840 1.400357646 0.500000000 0.500000000 0.000000000 0.000000000 0.975375175 0.028425200 -0.218712911 0.137606999 -0.028208116 0.999593616 0.004115686 0.003788321 0.218741015 0.002155136 0.975780606 -0.231952018
84134056 0.787431840 1.400357646 0.500000000 0.500000000 0.000000000 0.000000000 0.974775434 0.028820356 -0.221319422 0.113298000 -0.028581409 0.999582291 0.004282784 -0.014819399 0.221350417 0.002150865 0.975191951 -0.172392980
84167422 0.787431840 1.400357646 0.500000000 0.500000000 0.000000000 0.000000000 0.974146843 0.028917469 -0.224057376 0.090116391 -0.028695334 0.999579191 0.004248150 -0.034349601 0.224085927 0.002291074 0.974566698 -0.108047004
84200789 0.787431840 1.400357646 0.500000000 0.500000000 0.000000000 0.000000000 0.973548353 0.029333796 -0.226590335 0.063588705 -0.029084411 0.999567091 0.004439814 -0.054337997 0.226622492 0.002267872 0.973980010 -0.053604798
84234156 0.787431840 1.400357646 0.500000000 0.500000000 0.000000000 0.000000000 0.972907484 0.029486325 -0.229306906 0.039987005 -0.029268049 0.999562144 0.004353593 -0.074486213 0.229334861 0.002475718 0.973344445 0.009664300
84267522 0.787431840 1.400357646 0.500000000 0.500000000 0.000000000 0.000000000 0.972279131 0.029710032 -0.231927991 0.014993901 -0.029497690 0.999555230 0.004384250 -0.094992498 0.231955081 0.002578632 0.972723067 0.066945792
84300889 0.787431840 1.400357646 0.500000000 0.500000000 0.000000000 0.000000000 0.971651614 0.030132385 -0.234489381 -0.010539501 -0.029900005 0.999542534 0.004546961 -0.117303995 0.234519124 0.002593164 0.972108066 0.128205007
84334256 0.787431840 1.400357646 0.500000000 0.500000000 0.000000000 0.000000000 0.971023679 0.030338204 -0.237049639 -0.035048997 -0.030117800 0.999535978 0.004551908 -0.138445993 0.237077743 0.002719409 0.971486866 0.192595000
84367622 0.787431840 1.400357646 0.500000000 0.500000000 0.000000000 0.000000000 0.970383227 0.030573741 -0.239628091 -0.063029201 -0.030360408 0.999528527 0.004582492 -0.160122011 0.239655212 0.002828434 0.970853925 0.259171008
84400989 0.787431840 1.400357646 0.500000000 0.500000000 0.000000000 0.000000000 0.969742060 0.030733366 -0.242189705 -0.096009707 -0.030524746 0.999523342 0.004614509 -0.183513996 0.242216080 0.002917890 0.970217943 0.328824007
84434356 0.787431840 1.400357646 0.500000000 0.500000000 0.000000000 0.000000000 0.969118834 0.030972596 -0.244641453 -0.134178001 -0.030756071 0.999515831 0.004706125 -0.205365995 0.244668782 0.002963409 0.969602227 0.398976001
84467722 0.787431840 1.400357646 0.500000000 0.500000000 0.000000000 0.000000000 0.968462169 0.031233130 -0.247195199 -0.174119004 -0.031037604 0.999507248 0.004688573 -0.224987016 0.247219816 0.003131643 0.968954384 0.471283024
84501089 0.787431840 1.400357646 0.500000000 0.500000000 0.000000000 0.000000000 0.967816472 0.031370278 -0.249694005 -0.217072976 -0.031175498 0.999502718 0.004735868 -0.247369022 0.249718413 0.003200890 0.968313217 0.543778009
84534456 0.787431840 1.400357646 0.500000000 0.500000000 0.000000000 0.000000000 0.967160165 0.031499960 -0.252208173 -0.263482975 -0.031319059 0.999498248 0.004732618 -0.264695020 0.252230704 0.003321722 0.967661440 0.619083987
84567822 0.787431840 1.400357646 0.500000000 0.500000000 0.000000000 0.000000000 0.966522574 0.031608768 -0.254627079 -0.311411971 -0.031438425 0.999494433 0.004739644 -0.279883996 0.254648179 0.003424107 0.967027664 0.693343893
84601189 0.787431840 1.400357646 0.500000000 0.500000000 0.000000000 0.000000000 0.965861440 0.031563528 -0.257129401 -0.360132056 -0.031406097 0.999495566 0.004720076 -0.293454985 0.257148653 0.003516485 0.966365516 0.770970054
84634556 0.787431840 1.400357646 0.500000000 0.500000000 0.000000000 0.000000000 0.965196908 0.031682275 -0.259598047 -0.409661004 -0.031530045 0.999491513 0.004751429 -0.305596002 0.259616584 0.003599073 0.965705097 0.850387006
84667922 0.787431840 1.400357646 0.500000000 0.500000000 0.000000000 0.000000000 0.964541316 0.031882584 -0.261999220 -0.461174032 -0.031735867 0.999484777 0.004792390 -0.313582014 0.262017041 0.003692309 0.965056181 0.930045029
84701289 0.787431840 1.400357646 0.500000000 0.500000000 0.000000000 0.000000000 0.963901043 0.031980898 -0.264333040 -0.517531992 -0.031839613 0.999481380 0.004819956 -0.322341010 0.264350086 0.003770303 0.964419425 1.015110058
84734656 0.787431840 1.400357646 0.500000000 0.500000000 0.000000000 0.000000000 0.963262975 0.031776570 -0.266673446 -0.578728988 -0.031659059 0.999487460 0.004740950 -0.330304987 0.266687393 0.003875851 0.963775277 1.102090004
84768022 0.787431840 1.400357646 0.500000000 0.500000000 0.000000000 0.000000000 0.962607026 0.032115597 -0.268991411 -0.642009108 -0.031977925 0.999476612 0.004894639 -0.337323035 0.269007802 0.003890167 0.963130176 1.190420129
84801389 0.787431840 1.400357646 0.500000000 0.500000000 0.000000000 0.000000000 0.961996555 0.031993505 -0.271180838 -0.708304000 -0.031867009 0.999480247 0.004871004 -0.342430009 0.271195740 0.003955825 0.962516129 1.277770124
84834756 0.787431840 1.400357646 0.500000000 0.500000000 0.000000000 0.000000000 0.961348057 0.032148749 -0.273452640 -0.773396036 -0.032045409 0.999474645 0.004845691 -0.347137004 0.273464739 0.004104503 0.961873293 1.370150019
84868122 0.787431840 1.400357646 0.500000000 0.500000000 0.000000000 0.000000000 0.960762024 0.031985410 -0.275523722 -0.839700988 -0.031898156 0.999479592 0.004798962 -0.352154004 0.275533855 0.004178036 0.961282313 1.460140049
84901489 0.787431840 1.400357646 0.500000000 0.500000000 0.000000000 0.000000000 0.960157633 0.032211863 -0.277596295 -0.910029032 -0.032133460 0.999471903 0.004833158 -0.357224006 0.277605355 0.004279541 0.960685611 1.553469823
84934856 0.787431840 1.400357646 0.500000000 0.500000000 0.000000000 0.000000000 0.959585130 0.032221075 -0.279567897 -0.983883008 -0.032152895 0.999471307 0.004831025 -0.363268017 0.279575765 0.004353132 0.960113764 1.643319925
84968222 0.787431840 1.400357646 0.500000000 0.500000000 0.000000000 0.000000000 0.958980322 0.032508835 -0.281602383 -1.058769775 -0.032430001 0.999461770 0.004941753 -0.367260966 0.281611502 0.004393321 0.959518433 1.733709898
85001589 0.787431840 1.400357646 0.500000000 0.500000000 0.000000000 0.000000000 0.958444774 0.032517668 -0.283418983 -1.137080104 -0.032447938 0.999461234 0.004941777 -0.371914061 0.283426970 0.004459934 0.958983481 1.812450128
85034956 0.787431840 1.400357646 0.500000000 0.500000000 0.000000000 0.000000000 0.957879066 0.032688193 -0.285305440 -1.215750105 -0.032618672 0.999455392 0.004996916 -0.374300044 0.285313368 0.004519837 0.958423674 1.898980209
85068322 0.787431840 1.400357646 0.500000000 0.500000000 0.000000000 0.000000000 0.957335353 0.032724708 -0.287120223 -1.294419908 -0.032667227 0.999453843 0.004992123 -0.379214006 0.287126780 0.004600293 0.957881510 1.968539926
85101689 0.787431840 1.400357646 0.500000000 0.500000000 0.000000000 0.000000000 0.956780493 0.032887280 -0.288945466 -1.375149913 -0.032835662 0.999448121 0.005027288 -0.382191985 0.288951308 0.004677706 0.957332373 2.049360039
85135056 0.787431840 1.400357646 0.500000000 0.500000000 0.000000000 0.000000000 0.956261635 0.032854676 -0.290661782 -1.458799961 -0.032804579 0.999449074 0.005046476 -0.387510996 0.290667444 0.004709285 0.956812561 2.113509977
85168422 0.787431840 1.400357646 0.500000000 0.500000000 0.000000000 0.000000000 0.955698013 0.033158660 -0.292475224 -1.543689820 -0.033115663 0.999438524 0.005099468 -0.391242973 0.292480111 0.004811971 0.956259429 2.188839746
85201789 0.787431840 1.400357646 0.500000000 0.500000000 0.000000000 0.000000000 0.955170572 0.033242024 -0.294183850 -1.633370035 -0.033196218 0.999435604 0.005150569 -0.397207002 0.294189036 0.004846121 0.955734968 2.251420047
85235156 0.787431840 1.400357646 0.500000000 0.500000000 0.000000000 0.000000000 0.954631925 0.033256628 -0.295925558 -1.726470028 -0.033223875 0.999434710 0.005140676 -0.404168991 0.295929253 0.004924340 0.955197155 2.328409596
85268522 0.787431840 1.400357646 0.500000000 0.500000000 0.000000000 0.000000000 0.954098940 0.033490956 -0.297613055 -1.823409905 -0.033459678 0.999426544 0.005201066 -0.411423001 0.297616571 0.004995708 0.954672396 2.395419865
85301889 0.787431840 1.400357646 0.500000000 0.500000000 0.000000000 0.000000000 0.953572810 0.033241656 -0.299322277 -1.923849883 -0.033244547 0.999434292 0.005084002 -0.420104004 0.299321979 0.005102869 0.954138517 2.478849970
85335256 0.787431840 1.400357646 0.500000000 0.500000000 0.000000000 0.000000000 0.953031957 0.033612285 -0.300998718 -2.026770090 -0.033622842 0.999421358 0.005146841 -0.431174985 0.300997525 0.005215333 0.953610659 2.553559966
85368622 0.787431840 1.400357646 0.500000000 0.500000000 0.000000000 0.000000000 0.952494740 0.033489708 -0.302708000 -2.127779863 -0.033534605 0.999424815 0.005050766 -0.442734970 0.302703053 0.005340372 0.953069925 2.643419670
85401989 0.787431840 1.400357646 0.500000000 0.500000000 0.000000000 0.000000000 0.951935887 0.033954795 -0.304409504 -2.230439833 -0.033964474 0.999409199 0.005265046 -0.453036053 0.304408431 0.005327121 0.952526748 2.720050332
85435356 0.787431840 1.400357646 0.500000000 0.500000000 0.000000000 0.000000000 0.951424301 0.034025367 -0.305996656 -2.335229870 -0.034023259 0.999406755 0.005341983 -0.468955981 0.305996895 0.005328520 0.952017546 2.812020042
85468722 0.787431840 1.400357646 0.500000000 0.500000000 0.000000000 0.000000000 0.950875044 0.034378447 -0.307660073 -2.437599834 -0.034373678 0.999394238 0.005436349 -0.481462919 0.307660609 0.005406130 0.951480746 2.894779412
85502089 0.787431840 1.400357646 0.500000000 0.500000000 0.000000000 0.000000000 0.950359344 0.034719415 -0.309211522 -2.538470190 -0.034715712 0.999382019 0.005515836 -0.498433975 0.309211940 0.005492469 0.950977325 2.992510434
85535456 0.787431840 1.400357646 0.500000000 0.500000000 0.000000000 0.000000000 0.949846983 0.034919616 -0.310759157 -2.634069809 -0.034927387 0.999374509 0.005541589 -0.514294967 0.310758263 0.005590348 0.950472534 3.083029911
85568822 0.787431840 1.400357646 0.500000000 0.500000000 0.000000000 0.000000000 0.949290037 0.035342012 -0.312408984 -2.724040076 -0.035351161 0.999359071 0.005636371 -0.528970052 0.312407970 0.005693472 0.949930966 3.178679884
85602189 0.787431840 1.400357646 0.500000000 0.500000000 0.000000000 0.000000000 0.948803484 0.035460304 -0.313870311 -2.812930262 -0.035466094 0.999354661 0.005693645 -0.546910034 0.313869655 0.005729602 0.949448824 3.263629932
85635556 0.787431840 1.400357646 0.500000000 0.500000000 0.000000000 0.000000000 0.948283970 0.035680555 -0.315411329 -2.898729584 -0.035684451 0.999346495 0.005764666 -0.564750037 0.315410912 0.005788749 0.948937535 3.358930179
85668922 0.787431840 1.400357646 0.500000000 0.500000000 0.000000000 0.000000000 0.947800100 0.035976555 -0.316829115 -2.981510186 -0.035983201 0.999335349 0.005832047 -0.582019997 0.316828340 0.005872905 0.948464751 3.440809961
85702289 0.787431840 1.400357646 0.500000000 0.500000000 0.000000000 0.000000000 0.947304726 0.036048315 -0.318299025 -3.064140172 -0.036031313 0.999332964 0.005942954 -0.601854914 0.318300933 0.005838950 0.947971702 3.531229597
85735656 0.787431840 1.400357646 0.500000000 0.500000000 0.000000000 0.000000000 0.946802199 0.036146965 -0.319779694 -3.144410240 -0.036135312 0.999329090 0.005971988 -0.622055010 0.319781005 0.005901045 0.947473109 3.610430416
85769022 0.787431840 1.400357646 0.500000000 0.500000000 0.000000000 0.000000000 0.946325302 0.035994738 -0.321205199 -3.220779735 -0.036032058 0.999333620 0.005830242 -0.643080999 0.321201026 0.006056380 0.946991682 3.699959954
85802389 0.787431840 1.400357646 0.500000000 0.500000000 0.000000000 0.000000000 0.945850313 0.036096014 -0.322590083 -3.295770244 -0.036126398 0.999329865 0.005894982 -0.665547051 0.322586685 0.006078238 0.946520448 3.784750189
85835756 0.787431840 1.400357646 0.500000000 0.500000000 0.000000000 0.000000000 0.945364296 0.036005225 -0.324021339 -3.367849725 -0.036077518 0.999332249 0.005785984 -0.686826985 0.324013293 0.006220035 0.946032047 3.877339756
85869122 0.787431840 1.400357646 0.500000000 0.500000000 0.000000000 0.000000000 0.944853961 0.035950679 -0.325512648 -3.437639893 -0.036046516 0.999333620 0.005738732 -0.709028986 0.325502038 0.006311335 0.945520282 3.961790401
85902489 0.787431840 1.400357646 0.500000000 0.500000000 0.000000000 0.000000000 0.944384754 0.035984799 -0.326867640 -3.505919781 -0.036118075 0.999331474 0.005664005 -0.729885031 0.326852918 0.006456835 0.945053160 4.060349814
85935856 0.787431840 1.400357646 0.500000000 0.500000000 0.000000000 0.000000000 0.943862736 0.035969172 -0.328373909 -3.571370000 -0.036142986 0.999331057 0.005576249 -0.753484025 0.328354836 0.006605193 0.944531381 4.149289988
85969222 0.787431840 1.400357646 0.500000000 0.500000000 0.000000000 0.000000000 0.943346262 0.036164917 -0.329833239 -3.634449941 -0.036351658 0.999323368 0.005603572 -0.775370047 0.329812735 0.006703873 0.944022596 4.246049938
86002589 0.787431840 1.400357646 0.500000000 0.500000000 0.000000000 0.000000000 0.942799389 0.036201268 -0.331389070 -3.694449859 -0.036420204 0.999321163 0.005551612 -0.798034028 0.331365108 0.006835204 0.943477869 4.335270346
86035956 0.787431840 1.400357646 0.500000000 0.500000000 0.000000000 0.000000000 0.942250967 0.036379773 -0.332925797 -3.750339979 -0.036613028 0.999313951 0.005575284 -0.820075987 0.332900226 0.006936102 0.942936540 4.430910267
86069322 0.787431840 1.400357646 0.500000000 0.500000000 0.000000000 0.000000000 0.941699862 0.036411557 -0.334478080 -3.806550149 -0.036707241 0.999311268 0.005439139 -0.839857997 0.334445775 0.007155734 0.942387819 4.520150260
86102689 0.787431840 1.400357646 0.500000000 0.500000000 0.000000000 0.000000000 0.941109419 0.036396112 -0.336137414 -3.863729819 -0.036729295 0.999310851 0.005369068 -0.859452024 0.336101174 0.007293214 0.941797614 4.618449717
86136056 0.787431840 1.400357646 0.500000000 0.500000000 0.000000000 0.000000000 0.940503001 0.036453392 -0.337824285 -3.923819962 -0.036857974 0.999306858 0.005218952 -0.875565892 0.337780356 0.007543086 0.941194713 4.710629658
86169422 0.787431840 1.400357646 0.500000000 0.500000000 0.000000000 0.000000000 0.939889550 0.036495499 -0.339522868 -3.986020512 -0.036913842 0.999304771 0.005228491 -0.890929047 0.339477628 0.007618879 0.940583348 4.811180684
86202789 0.787431840 1.400357646 0.500000000 0.500000000 0.000000000 0.000000000 0.939224482 0.036690205 -0.341337472 -4.048160338 -0.037181161 0.999295473 0.005106099 -0.904414986 0.341284364 0.007895542 0.939926982 4.908980253
86236156 0.787431840 1.400357646 0.500000000 0.500000000 0.000000000 0.000000000 0.938578248 0.036754895 -0.343103617 -4.113190628 -0.037276264 0.999292076 0.005077723 -0.916311982 0.343047351 0.008023769 0.939283907 5.016250607
86269522 0.787431840 1.400357646 0.500000000 0.500000000 0.000000000 0.000000000 0.937878311 0.037164908 -0.344968259 -4.178520201 -0.037743498 0.999274731 0.005041466 -0.926113042 0.344905436 0.008292020 0.938600838 5.116970284
86302889 0.787431840 1.400357646 0.500000000 0.500000000 0.000000000 0.000000000 0.937203944 0.037258968 -0.346785843 -4.245919663 -0.037840277 0.999270797 0.005097495 -0.935759002 0.346722901 0.008345092 0.937930405 5.226779149
86336256 0.787431840 1.400357646 0.500000000 0.500000000 0.000000000 0.000000000 0.936454415 0.037673559 -0.348760396 -4.315979749 -0.038300317 0.999253273 0.005100707 -0.943225104 0.348692149 0.008581053 0.937198043 5.321269879
86369622 0.787431840 1.400357646 0.500000000 0.500000000 0.000000000 0.000000000 0.935675979 0.037878517 -0.350821346 -4.386619895 -0.038545597 0.999243915 0.005084311 -0.953258959 0.350748688 0.008765355 0.936428607 5.423980300
86402989 0.787431840 1.400357646 0.500000000 0.500000000 0.000000000 0.000000000 0.934933305 0.037943691 -0.352788746 -4.462618953 -0.038662858 0.999239743 0.005010515 -0.961418844 0.352710664 0.008955333 0.935689509 5.510729018
