https://www.youtube.com/watch?v=wgSVz99HW3k
138571767 0.994057117 1.767832235 0.500000000 0.500000000 0.000000000 0.000000000 0.999784589 -0.011150546 0.017506318 0.038628202 0.011170248 0.999937057 -0.001027979 -3.749779864 -0.017493753 0.001223307 0.999846220 4.958000094
138638500 0.994057117 1.767832235 0.500000000 0.500000000 0.000000000 0.000000000 0.999846935 -0.009472450 0.014711836 -0.015574499 0.009468149 0.999955118 0.000361943 -3.694449958 -0.014714604 -0.000222594 0.999891698 4.880149826
138705233 0.994057117 1.767832235 0.500000000 0.500000000 0.000000000 0.000000000 0.999909341 -0.007585961 0.011125919 -0.074586090 0.007570731 0.999970376 0.001410428 -3.631230368 -0.011136289 -0.001326069 0.999937117 4.792250235
138771967 0.994057117 1.767832235 0.500000000 0.500000000 0.000000000 0.000000000 0.999966681 -0.004838577 0.006575028 -0.129222000 0.004816086 0.999982536 0.003432136 -3.565450235 -0.006591520 -0.003400356 0.999972522 4.716630099
138838700 0.994057117 1.767832235 0.500000000 0.500000000 0.000000000 0.000000000 0.999997973 -0.001679551 0.001127766 -0.186804012 0.001673061 0.999982178 0.005731121 -3.490489987 -0.001137371 -0.005729222 0.999982953 4.631889790
138905433 0.994057117 1.767832235 0.500000000 0.500000000 0.000000000 0.000000000 0.999985993 0.001896946 -0.004946052 -0.240671015 -0.001854029 0.999960721 0.008667053 -3.412420028 0.004962299 -0.008657762 0.999950230 4.535980251
138972167 0.994057117 1.767832235 0.500000000 0.500000000 0.000000000 0.000000000 0.999918938 0.005776705 -0.011347557 -0.294832000 -0.005648444 0.999920189 0.011302660 -3.325970347 0.011411943 -0.011237648 0.999871731 4.442549952
139038900 0.994057117 1.767832235 0.500000000 0.500000000 0.000000000 0.000000000 0.999775529 0.010333916 -0.018495817 -0.340988007 -0.010059111 0.999838531 0.014889608 -3.234879945 0.018646698 -0.014700214 0.999718070 4.347879418
139105633 0.994057117 1.767832235 0.500000000 0.500000000 0.000000000 0.000000000 0.999556899 0.015145189 -0.025625495 -0.384312008 -0.014678798 0.999724925 0.018291537 -3.138949989 0.025895474 -0.017907280 0.999504268 4.228369986
139172367 0.994057117 1.767832235 0.500000000 0.500000000 0.000000000 0.000000000 0.999264300 0.019488387 -0.033031221 -0.418979997 -0.018788144 0.999594867 0.021378927 -3.056090150 0.033434484 -0.020742603 0.999225616 4.096879926
139239100 0.994057117 1.767832235 0.500000000 0.500000000 0.000000000 0.000000000 0.998965025 0.023853017 -0.038729414 -0.435378003 -0.022927986 0.999445260 0.024155492 -2.969940057 0.039284110 -0.023242505 0.998957753 3.955340002
139305833 0.994057117 1.767832235 0.500000000 0.500000000 0.000000000 0.000000000 0.998679042 0.027529771 -0.043384902 -0.426329995 -0.026387842 0.999295771 0.026677404 -2.866230162 0.044088773 -0.025497332 0.998702168 3.804019912
139372567 0.994057117 1.767832235 0.500000000 0.500000000 0.000000000 0.000000000 0.998413324 0.030951941 -0.047039993 -0.404944003 -0.029580915 0.999124944 0.029567942 -2.741260032 0.047914013 -0.028129540 0.998455286 3.654669652
139439300 0.994057117 1.767832235 0.500000000 0.500000000 0.000000000 0.000000000 0.998165846 0.034198761 -0.049954072 -0.362379018 -0.032551296 0.998910844 0.033429191 -2.604010051 0.051042899 -0.031741805 0.998191893 3.498560002
139506033 0.994057117 1.767832235 0.500000000 0.500000000 0.000000000 0.000000000 0.997970879 0.036893632 -0.051893890 -0.308411959 -0.034990106 0.998697937 0.037123658 -2.449420248 0.053195946 -0.035232559 0.997962356 3.335490080
139572767 0.994057117 1.767832235 0.500000000 0.500000000 0.000000000 0.000000000 0.997819304 0.039378826 -0.052970752 -0.239108994 -0.037184205 0.998433948 0.041797251 -2.286959951 0.054533727 -0.039736427 0.997720957 3.173880101
139639500 0.994057117 1.767832235 0.500000000 0.500000000 0.000000000 0.000000000 0.997661710 0.041800749 -0.054072417 -0.159538996 -0.039323609 0.998162925 0.046091933 -2.106009999 0.055899754 -0.043857832 0.997472644 3.013019954
139706233 0.994057117 1.767832235 0.500000000 0.500000000 0.000000000 0.000000000 0.997547030 0.043795351 -0.054606531 -0.072702908 -0.041039329 0.997874975 0.050609667 -1.926499987 0.056706961 -0.048244502 0.997224569 2.831320285
139772967 0.994057117 1.767832235 0.500000000 0.500000000 0.000000000 0.000000000 0.997440875 0.045229066 -0.055371474 0.023806187 -0.042188141 0.997599781 0.054907888 -1.753020126 0.057721999 -0.052431352 0.996954918 2.644910016
139839700 0.994057117 1.767832235 0.500000000 0.500000000 0.000000000 0.000000000 0.997415245 0.046140648 -0.055080932 0.109151999 -0.042902149 0.997359455 0.058596488 -1.596950174 0.057639170 -0.056081939 0.996761024 2.457600084
139906433 0.994057117 1.767832235 0.500000000 0.500000000 0.000000000 0.000000000 0.997404277 0.046864390 -0.054666582 0.191222997 -0.043475978 0.997153163 0.061607093 -1.454470049 0.057398137 -0.059070490 0.996602297 2.262050182
139973167 0.994057117 1.767832235 0.500000000 0.500000000 0.000000000 0.000000000 0.997387707 0.047782846 -0.054172035 0.260160001 -0.044276059 0.996955395 0.064183943 -1.337310018 0.057073992 -0.061617754 0.996466696 2.083400299
140039900 0.994057117 1.767832235 0.500000000 0.500000000 0.000000000 0.000000000 0.997391284 0.047944207 -0.053963147 0.333896032 -0.044326905 0.996811807 0.066343091 -1.225110128 0.056971863 -0.063778006 0.996336579 1.917669953
140106633 0.994057117 1.767832235 0.500000000 0.500000000 0.000000000 0.000000000 0.997433245 0.047955409 -0.053171996 0.385913018 -0.044312596 0.996721685 0.067692488 -1.112130070 0.056243900 -0.065162554 0.996288359 1.744900156
140173367 0.994057117 1.767832235 0.500000000 0.500000000 0.000000000 0.000000000 0.997492671 0.047799908 -0.052187357 0.429817992 -0.044120952 0.996605396 0.069505572 -1.009969910 0.055332568 -0.067028746 0.996215582 1.591710126
140240100 0.994057117 1.767832235 0.500000000 0.500000000 0.000000000 0.000000000 0.997589886 0.047327936 -0.050739232 0.453624957 -0.043685190 0.996544480 0.070645213 -0.904141033 0.053907398 -0.068258390 0.996210217 1.417080179
140306833 0.994057117 1.767832235 0.500000000 0.500000000 0.000000000 0.000000000 0.997705698 0.046605911 -0.049103696 0.450982969 -0.043006551 0.996479273 0.071968943 -0.802581036 0.052284990 -0.069692045 0.996197402 1.229219995
140373567 0.994057117 1.767832235 0.500000000 0.500000000 0.000000000 0.000000000 0.997823894 0.045930389 -0.047305748 0.433665008 -0.042384710 0.996400952 0.073407695 -0.702905008 0.050507136 -0.071242914 0.996179461 1.046120133
140440300 0.994057117 1.767832235 0.500000000 0.500000000 0.000000000 0.000000000 0.997934282 0.045183241 -0.045668580 0.407795003 -0.041683994 0.996321797 0.074869037 -0.603433048 0.048883423 -0.072810739 0.996147096 0.848918027
140507033 0.994057117 1.767832235 0.500000000 0.500000000 0.000000000 0.000000000 0.998077214 0.044245616 -0.043407142 0.380228967 -0.040849715 0.996253550 0.076224320 -0.497744020 0.046617113 -0.074304588 0.996145427 0.644861999
140573767 0.994057117 1.767832235 0.500000000 0.500000000 0.000000000 0.000000000 0.998210788 0.043224115 -0.041313943 0.346575996 -0.039904911 0.996151090 0.078042306 -0.384725996 0.044528242 -0.076254047 0.996093631 0.426126948
140640500 0.994057117 1.767832235 0.500000000 0.500000000 0.000000000 0.000000000 0.998346329 0.042239130 -0.038993653 0.302337010 -0.039023556 0.996044040 0.079833835 -0.259398997 0.042211507 -0.078180149 0.996045232 0.214635022
140707233 0.994057117 1.767832235 0.500000000 0.500000000 0.000000000 0.000000000 0.998507500 0.040909655 -0.036181953 0.257299964 -0.037849553 0.995949745 0.081557155 -0.129034013 0.039371882 -0.080065966 0.996011674 -0.001683218
140773967 0.994057117 1.767832235 0.500000000 0.500000000 0.000000000 0.000000000 0.998669326 0.039291009 -0.033404402 0.209093015 -0.036388278 0.995846450 0.083460882 0.007452168 0.036544919 -0.082134292 0.995950997 -0.208928994
140840700 0.994057117 1.767832235 0.500000000 0.500000000 0.000000000 0.000000000 0.998833835 0.037589818 -0.030297415 0.169339991 -0.034891173 0.995756984 0.085150614 0.130606984 0.033369657 -0.083994210 0.995907366 -0.404011023
140907433 0.994057117 1.767832235 0.500000000 0.500000000 0.000000000 0.000000000 0.998998404 0.035369322 -0.027408499 0.129050007 -0.032873057 0.995690525 0.086716413 0.245076005 0.030357487 -0.085728556 0.995855927 -0.601544979
140974167 0.994057117 1.767832235 0.500000000 0.500000000 0.000000000 0.000000000 0.999158621 0.033153486 -0.024142269 0.090484498 -0.030903364 0.995617807 0.088261753 0.353358005 0.026962657 -0.087441415 0.995804727 -0.793783061
141040900 0.994057117 1.767832235 0.500000000 0.500000000 0.000000000 0.000000000 0.999279499 0.031228442 -0.021570144 0.066143498 -0.029183354 0.995570600 0.089373104 0.456939036 0.024265585 -0.088679217 0.995764613 -0.961036956
141107633 0.994057117 1.767832235 0.500000000 0.500000000 0.000000000 0.000000000 0.999388397 0.029080207 -0.019420622 0.039536097 -0.027211854 0.995535791 0.090376943 0.552492033 0.021962104 -0.089793205 0.995718241 -1.128369944
141174367 0.994057117 1.767832235 0.500000000 0.500000000 0.000000000 0.000000000 0.999454439 0.027494252 -0.018300531 0.026013498 -0.025703780 0.995448828 0.091765769 0.639392031 0.020740272 -0.091245316 0.995612442 -1.264919910
141241100 0.994057117 1.767832235 0.500000000 0.500000000 0.000000000 0.000000000 0.999504447 0.026021369 -0.017712047 0.020437201 -0.024261869 0.995352685 0.093190432 0.729941045 0.020054674 -0.092714518 0.995490730 -1.403830007
141307833 0.994057117 1.767832235 0.500000000 0.500000000 0.000000000 0.000000000 0.999518991 0.025237987 -0.018022895 0.024607794 -0.023400409 0.995129168 0.095761709 0.813516956 0.020351943 -0.095293902 0.995241106 -1.537949971
141374567 0.994057117 1.767832235 0.500000000 0.500000000 0.000000000 0.000000000 0.999499321 0.024823617 -0.019617699 0.038549300 -0.022784367 0.994915903 0.098097719 0.902679868 0.021953102 -0.097601630 0.994983435 -1.679910076
141441300 0.994057117 1.767832235 0.500000000 0.500000000 0.000000000 0.000000000 0.999461353 0.025064573 -0.021184091 0.055161911 -0.022807416 0.994645834 0.100794584 0.982890055 0.023597039 -0.100257143 0.994681716 -1.832750172
141508033 0.994057117 1.767832235 0.500000000 0.500000000 0.000000000 0.000000000 0.999377608 0.025510510 -0.024365110 0.082125096 -0.022846648 0.994318426 0.103965953 1.064550132 0.026878903 -0.103344575 0.994282365 -1.985019877
141574767 0.994057117 1.767832235 0.500000000 0.500000000 0.000000000 0.000000000 0.999255240 0.026580414 -0.027972050 0.110896002 -0.023427593 0.993922353 0.107561611 1.143160012 0.030661080 -0.106826179 0.993804812 -2.138849946
141641500 0.994057117 1.767832235 0.500000000 0.500000000 0.000000000 0.000000000 0.999076128 0.028115308 -0.032503467 0.140580999 -0.024320422 0.993436754 0.111767389 1.225870137 0.035432514 -0.110873632 0.993202686 -2.297179829
141708233 0.994057117 1.767832235 0.500000000 0.500000000 0.000000000 0.000000000 0.998804808 0.031053282 -0.037745312 0.180254982 -0.026534438 0.993031144 0.114826217 1.320679939 0.041048005 -0.113687426 0.992668211 -2.432189734
141774967 0.994057117 1.767832235 0.500000000 0.500000000 0.000000000 0.000000000 0.998458862 0.034298532 -0.043629460 0.230654988 -0.028936116 0.992580295 0.118097432 1.404919788 0.047356315 -0.116652958 0.992043078 -2.594089955
141841700 0.994057117 1.767832235 0.500000000 0.500000000 0.000000000 0.000000000 0.998054981 0.037974223 -0.049438652 0.275013009 -0.031768292 0.992172599 0.120765455 1.474539990 0.053637650 -0.118959986 0.991449177 -2.748080036
141908433 0.994057117 1.767832235 0.500000000 0.500000000 0.000000000 0.000000000 0.997577131 0.041819517 -0.055596787 0.316165997 -0.034744564 0.991843641 0.122633643 1.539540088 0.060271803 -0.120404832 0.990893543 -2.894750225
141975167 0.994057117 1.767832235 0.500000000 0.500000000 0.000000000 0.000000000 0.997051477 0.046342384 -0.061161533 0.345394999 -0.038448747 0.991479456 0.124459609 1.593199996 0.066408157 -0.121741056 0.990337849 -3.034529806
142041900 0.994057117 1.767832235 0.500000000 0.500000000 0.000000000 0.000000000 0.996422231 0.051276609 -0.067182250 0.370317982 -0.042514667 0.991129696 0.125914261 1.633479817 0.073042788 -0.122607529 0.989763677 -3.157370015
142108633 0.994057117 1.767832235 0.500000000 0.500000000 0.000000000 0.000000000 0.995788991 0.056168698 -0.072452635 0.369803982 -0.046635471 0.990786970 0.127146915 1.674850074 0.078926802 -0.123232640 0.989234209 -3.266410289
142175367 0.994057117 1.767832235 0.500000000 0.500000000 0.000000000 0.000000000 0.995060444 0.061511669 -0.077916622 0.371135966 -0.051143806 0.990364075 0.128698632 1.714790070 0.085082293 -0.124077961 0.988618076 -3.363829952
142242100 0.994057117 1.767832235 0.500000000 0.500000000 0.000000000 0.000000000 0.994280040 0.066979103 -0.083192192 0.363660008 -0.055816814 0.989951849 0.129922405 1.764179782 0.091058351 -0.124535725 0.988027930 -3.435519659
142308833 0.994057117 1.767832235 0.500000000 0.500000000 0.000000000 0.000000000 0.993459404 0.072415695 -0.088285528 0.348255032 -0.060461354 0.989500821 0.131272823 1.815569900 0.096864812 -0.125076354 0.987407267 -3.495530075
142375567 0.994057117 1.767832235 0.500000000 0.500000000 0.000000000 0.000000000 0.992611706 0.077622682 -0.093256228 0.320021945 -0.064874277 0.989029348 0.132711217 1.865220015 0.102534555 -0.125680789 0.986757815 -3.577309966
142442300 0.994057117 1.767832235 0.500000000 0.500000000 0.000000000 0.000000000 0.991691411 0.082938984 -0.098332621 0.282293991 -0.069377765 0.988535702 0.134104118 1.912199890 0.108327769 -0.126167789 0.986076474 -3.660209882
142509033 0.994057117 1.767832235 0.500000000 0.500000000 0.000000000 0.000000000 0.990694344 0.088304833 -0.103571348 0.229841009 -0.073900819 0.988017797 0.135497242 1.961120200 0.114295386 -0.126582354 0.985349417 -3.750639970
142575767 0.994057117 1.767832235 0.500000000 0.500000000 0.000000000 0.000000000 0.989653289 0.093602180 -0.108742699 0.167324025 -0.078333169 0.987458885 0.137072325 2.003089861 0.120209217 -0.127135903 0.984574139 -3.843450179
142642500 0.994057117 1.767832235 0.500000000 0.500000000 0.000000000 0.000000000 0.988497972 0.098720826 -0.114568442 0.096031713 -0.082493089 0.986901462 0.138637587 2.043119980 0.126754165 -0.127591893 0.983693898 -3.950570341
142709233 0.994057117 1.767832235 0.500000000 0.500000000 0.000000000 0.000000000 0.987337947 0.103658088 -0.120077968 0.003946227 -0.086548738 0.986382067 0.139855936 2.085540165 0.132939965 -0.127692476 0.982863963 -4.064569776
142775967 0.994057117 1.767832235 0.500000000 0.500000000 0.000000000 0.000000000 0.985953391 0.108762756 -0.126753733 -0.093651947 -0.090590820 0.985822082 0.141237542 2.123379515 0.140318021 -0.127770886 0.981827617 -4.182850154
142842700 0.994057117 1.767832235 0.500000000 0.500000000 0.000000000 0.000000000 0.984584451 0.113488659 -0.133093074 -0.211513998 -0.094366908 0.985343218 0.142104253 2.172229869 0.147269562 -0.127354071 0.980863214 -4.308320014
142909433 0.994057117 1.767832235 0.500000000 0.500000000 0.000000000 0.000000000 0.983047903 0.118306145 -0.140073240 -0.344130117 -0.098172590 0.984865665 0.142834693 2.223160054 0.154851556 -0.126661986 0.979784548 -4.436979834
142976167 0.994057117 1.767832235 0.500000000 0.500000000 0.000000000 0.000000000 0.981423974 0.122761093 -0.147433743 -0.500485019 -0.101585947 0.984428704 0.143458769 2.281260079 0.162749156 -0.125816688 0.978612721 -4.575900306
143042900 0.994057117 1.767832235 0.500000000 0.500000000 0.000000000 0.000000000 0.979476333 0.127344877 -0.156235233 -0.677674061 -0.104936525 0.983976007 0.144151092 2.341239928 0.172088608 -0.124797799 0.977144301 -4.725019731
143109633 0.994057117 1.767832235 0.500000000 0.500000000 0.000000000 0.000000000 0.976912796 0.132075354 -0.167921275 -0.845753058 -0.107986644 0.983476460 0.145303041 2.393569994 0.184337556 -0.123815149 0.975033045 -4.866819886
