https://www.youtube.com/watch?v=9dDY55D1fhk
56523133 0.885118538 1.574082059 0.500000000 0.500000000 0.000000000 0.000000000 0.999623656 -0.006625684 0.026621141 -6.064859871 0.006083420 0.999773383 0.020399246 -0.874814977 -0.026750267 -0.020229623 0.999437451 2.938810166
56589867 0.885118538 1.574082059 0.500000000 0.500000000 0.000000000 0.000000000 0.999550819 -0.003216100 0.029795961 -5.860709743 0.002590291 0.999775767 0.021018006 -0.841649029 -0.029856874 -0.020931385 0.999334991 2.990420207
56656600 0.885118538 1.574082059 0.500000000 0.500000000 0.000000000 0.000000000 0.999445319 -0.003078433 0.033160523 -5.660910370 0.002347568 0.999753952 0.022056660 -0.827040956 -0.033220261 -0.021966578 0.999206603 3.052040273
56723333 0.885118538 1.574082059 0.500000000 0.500000000 0.000000000 0.000000000 0.999343574 -0.005376647 0.035826460 -5.466280241 0.004539811 0.999715924 0.023398593 -0.822959041 -0.035942085 -0.023220588 0.999084055 3.095899841
56790067 0.885118538 1.574082059 0.500000000 0.500000000 0.000000000 0.000000000 0.999254584 -0.007444100 0.037879199 -5.277179804 0.006512122 0.999674499 0.024668101 -0.815944027 -0.038050503 -0.024403039 0.998977780 3.121879924
56856800 0.885118538 1.574082059 0.500000000 0.500000000 0.000000000 0.000000000 0.999103904 -0.009715079 0.041194547 -5.087269971 0.008653839 0.999628067 0.025862148 -0.808061048 -0.041430477 -0.025482481 0.998816371 3.139270081
56923533 0.885118538 1.574082059 0.500000000 0.500000000 0.000000000 0.000000000 0.998870432 -0.012123257 0.045944281 -4.895710001 0.010891298 0.999576926 0.026970292 -0.791916096 -0.046251811 -0.026439434 0.998579860 3.140850240
56990267 0.885118538 1.574082059 0.500000000 0.500000000 0.000000000 0.000000000 0.998544693 -0.013750741 0.052148335 -4.706520462 0.012233585 0.999495745 0.029301511 -0.770973064 -0.052524954 -0.028620908 0.998209357 3.137159904
57057000 0.885118538 1.574082059 0.500000000 0.500000000 0.000000000 0.000000000 0.998082042 -0.016586088 0.059641577 -4.524690429 0.014770956 0.999418020 0.030747171 -0.756515934 -0.060116842 -0.029807236 0.997746229 3.129040101
57123733 0.885118538 1.574082059 0.500000000 0.500000000 0.000000000 0.000000000 0.997772872 -0.018808911 0.063996091 -4.353270348 0.016722864 0.999316156 0.032977510 -0.736660989 -0.064572603 -0.031833868 0.997405112 3.042859900
57190467 0.885118538 1.574082059 0.500000000 0.500000000 0.000000000 0.000000000 0.997674942 -0.022199940 0.064434916 -4.197269991 0.020013474 0.999208331 0.034382336 -0.716458063 -0.065147191 -0.033012830 0.997329414 2.942939805
57257200 0.885118538 1.574082059 0.500000000 0.500000000 0.000000000 0.000000000 0.997717083 -0.024387391 0.062975273 -4.052849432 0.022233250 0.999150991 0.034683373 -0.689993935 -0.063767642 -0.033204053 0.997412264 2.830330053
57323933 0.885118538 1.574082059 0.500000000 0.500000000 0.000000000 0.000000000 0.997735381 -0.027038844 0.061587464 -3.917320105 0.024887951 0.999062300 0.035427701 -0.663030060 -0.062487636 -0.033814687 0.997472763 2.705869913
57390667 0.885118538 1.574082059 0.500000000 0.500000000 0.000000000 0.000000000 0.997801483 -0.030929957 0.058613494 -3.787240112 0.028818052 0.998916566 0.036540233 -0.640704995 -0.059680179 -0.034770772 0.997611761 2.565419700
57457400 0.885118538 1.574082059 0.500000000 0.500000000 0.000000000 0.000000000 0.997886658 -0.034118097 0.055301107 -3.657880272 0.032122698 0.998814344 0.036578517 -0.620204965 -0.056483530 -0.034724791 0.997799456 2.428249949
57524133 0.885118538 1.574082059 0.500000000 0.500000000 0.000000000 0.000000000 0.998090208 -0.036665238 0.049715001 -3.535259894 0.034827486 0.998695493 0.037341498 -0.604382983 -0.051019285 -0.035538733 0.998065114 2.280199928
57590867 0.885118538 1.574082059 0.500000000 0.500000000 0.000000000 0.000000000 0.998288095 -0.039518367 0.043118525 -3.420030202 0.037870865 0.998545349 0.038379040 -0.594890002 -0.044572476 -0.036680404 0.998332560 2.145740187
57657600 0.885118538 1.574082059 0.500000000 0.500000000 0.000000000 0.000000000 0.998413920 -0.041907020 0.037595518 -3.308949928 0.040517509 0.998493910 0.036990054 -0.593609042 -0.039089039 -0.035408109 0.998608172 2.019239793
57724333 0.885118538 1.574082059 0.500000000 0.500000000 0.000000000 0.000000000 0.998584151 -0.043282256 0.030925164 -3.197000110 0.042211235 0.998513401 0.034484699 -0.592396015 -0.032371767 -0.033130482 0.998926640 1.878960054
57791067 0.885118538 1.574082059 0.500000000 0.500000000 0.000000000 0.000000000 0.998786628 -0.044022791 0.022074508 -3.077259968 0.043305501 0.998549819 0.031982329 -0.593002014 -0.023450447 -0.030987574 0.999244630 1.764869985
57857800 0.885118538 1.574082059 0.500000000 0.500000000 0.000000000 0.000000000 0.998986959 -0.043293208 0.012280036 -2.955610310 0.042929552 0.998672247 0.028474055 -0.593307944 -0.013496464 -0.027918033 0.999519110 1.650889954
57924533 0.885118538 1.574082059 0.500000000 0.500000000 0.000000000 0.000000000 0.999172270 -0.040645476 0.001651495 -2.830719799 0.040590804 0.998855770 0.025289336 -0.589539991 -0.002677503 -0.025201367 0.999678791 1.543329891
57991267 0.885118538 1.574082059 0.500000000 0.500000000 0.000000000 0.000000000 0.999284983 -0.036984500 -0.007854204 -2.699000015 0.037138302 0.999101222 0.020433886 -0.585657066 0.007091407 -0.020710966 0.999760330 1.437269891
58058000 0.885118538 1.574082059 0.500000000 0.500000000 0.000000000 0.000000000 0.999313295 -0.032533031 -0.017736336 -2.558079972 0.032785233 0.999362707 0.014119270 -0.577786059 0.017265690 -0.014691065 0.999742985 1.332809863
58124733 0.885118538 1.574082059 0.500000000 0.500000000 0.000000000 0.000000000 0.999223828 -0.027364057 -0.028336432 -2.409560052 0.027566556 0.999596953 0.006780429 -0.562244014 0.028139472 -0.007556303 0.999575436 1.236419871
58191467 0.885118538 1.574082059 0.500000000 0.500000000 0.000000000 0.000000000 0.998974621 -0.020805474 -0.040209584 -2.256509978 0.020803470 0.999783456 -0.000468263 -0.534809974 0.040210620 -0.000368715 0.999191165 1.141419957
58258200 0.885118538 1.574082059 0.500000000 0.500000000 0.000000000 0.000000000 0.998471677 -0.014440473 -0.053346403 -2.098129898 0.014045963 0.999871194 -0.007762810 -0.503697978 0.053451635 0.007001644 0.998545885 1.052189897
58324933 0.885118538 1.574082059 0.500000000 0.500000000 0.000000000 0.000000000 0.997719586 -0.009604635 -0.066808246 -1.947819859 0.008627474 0.999851763 -0.014899503 -0.478192990 0.066941448 0.014289141 0.997654557 0.969810959
58391667 0.885118538 1.574082059 0.500000000 0.500000000 0.000000000 0.000000000 0.996695936 -0.005987989 -0.081002183 -1.799270014 0.004249513 0.999757290 -0.021617480 -0.452309989 0.081111975 0.021201834 0.996479452 0.890032934
58458400 0.885118538 1.574082059 0.500000000 0.500000000 0.000000000 0.000000000 0.995560944 -0.004256424 -0.094022863 -1.654730019 0.001608477 0.999600410 -0.028220659 -0.432464007 0.094105415 0.027944153 0.995169997 0.814863946
58525133 0.885118538 1.574082059 0.500000000 0.500000000 0.000000000 0.000000000 0.994212449 -0.003756237 -0.107366309 -1.513700063 0.000086767 0.999416351 -0.034161340 -0.410672992 0.107431963 0.033954311 0.993632436 0.729702934
58591867 0.885118538 1.574082059 0.500000000 0.500000000 0.000000000 0.000000000 0.992477536 -0.001020013 -0.122422487 -1.388239898 -0.004048473 0.999144971 -0.041145731 -0.381978004 0.122359782 0.041331839 0.991624832 0.644203092
58658600 0.885118538 1.574082059 0.500000000 0.500000000 0.000000000 0.000000000 0.990536451 0.001063105 -0.137245536 -1.271129885 -0.007434419 0.998917520 -0.045918476 -0.355623017 0.137048155 0.046504270 0.989472151 0.566847944
58725333 0.885118538 1.574082059 0.500000000 0.500000000 0.000000000 0.000000000 0.988506198 0.002007011 -0.151167110 -1.150740053 -0.009543768 0.998745918 -0.049148109 -0.333149009 0.150878891 0.050025914 0.987285674 0.477323044
58792067 0.885118538 1.574082059 0.500000000 0.500000000 0.000000000 0.000000000 0.986382306 0.003447672 -0.164432570 -1.042260081 -0.012537641 0.998447299 -0.054275043 -0.308061994 0.163990125 0.055597536 0.984893978 0.376017997
58858800 0.885118538 1.574082059 0.500000000 0.500000000 0.000000000 0.000000000 0.983705640 0.004377954 -0.179733142 -0.934788934 -0.015109386 0.998179972 -0.058382116 -0.279777995 0.179150417 0.060146473 0.981981397 0.267412003
58925533 0.885118538 1.574082059 0.500000000 0.500000000 0.000000000 0.000000000 0.980768442 0.006004557 -0.195082635 -0.833047022 -0.018679930 0.997826040 -0.063199848 -0.248942003 0.194279045 0.065628543 0.978748500 0.166881999
58992267 0.885118538 1.574082059 0.500000000 0.500000000 0.000000000 0.000000000 0.978170633 0.005965427 -0.207717493 -0.739772950 -0.020375866 0.997524381 -0.067304917 -0.215874014 0.206801757 0.070068114 0.975870609 0.062610386
59059000 0.885118538 1.574082059 0.500000000 0.500000000 0.000000000 0.000000000 0.975373685 0.006263206 -0.220469937 -0.651277036 -0.022149283 0.997325063 -0.069657460 -0.175895020 0.219443902 0.072825298 0.972903311 -0.035596307
59125733 0.885118538 1.574082059 0.500000000 0.500000000 0.000000000 0.000000000 0.972771466 0.008181352 -0.231622085 -0.551794038 -0.025356945 0.997134447 -0.071273886 -0.126571018 0.230375245 0.075206421 0.970191360 -0.126071017
59192467 0.885118538 1.574082059 0.500000000 0.500000000 0.000000000 0.000000000 0.970327616 0.009501919 -0.241607249 -0.451568022 -0.028130915 0.996878266 -0.073772401 -0.082738798 0.240152031 0.078380033 0.967565775 -0.232627982
59259200 0.885118538 1.574082059 0.500000000 0.500000000 0.000000000 0.000000000 0.966875494 0.009701662 -0.255064040 -0.348659019 -0.029848531 0.996718943 -0.075235948 -0.048750395 0.253497213 0.080357075 0.963992715 -0.299433022
59325933 0.885118538 1.574082059 0.500000000 0.500000000 0.000000000 0.000000000 0.963298678 0.009375204 -0.268268019 -0.258352985 -0.030965526 0.996599138 -0.076362900 -0.020037803 0.266639739 0.081867345 0.960312963 -0.355700996
59392667 0.885118538 1.574082059 0.500000000 0.500000000 0.000000000 0.000000000 0.959171414 0.012027048 -0.282569647 -0.157757991 -0.035005499 0.996461630 -0.076412328 0.008651346 0.280650795 0.083184011 0.956198514 -0.416704013
59459400 0.885118538 1.574082059 0.500000000 0.500000000 0.000000000 0.000000000 0.954837382 0.014772569 -0.296761334 -0.055034299 -0.039055284 0.996337712 -0.076064363 0.027578098 0.294550836 0.084219202 0.951917470 -0.481001951
59526133 0.885118538 1.574082059 0.500000000 0.500000000 0.000000000 0.000000000 0.949444890 0.016529240 -0.313498348 0.037328207 -0.042862147 0.996086776 -0.077291317 0.040250807 0.310993999 0.086821057 0.946438015 -0.556037082
59592867 0.885118538 1.574082059 0.500000000 0.500000000 0.000000000 0.000000000 0.938549757 0.023662250 -0.344331771 0.200388982 -0.052420083 0.995846152 -0.074448191 0.043909896 0.341139883 0.087923236 0.935891569 -0.626726959
59659600 0.885118538 1.574082059 0.500000000 0.500000000 0.000000000 0.000000000 0.929745317 0.027044598 -0.367208898 0.314828055 -0.057819497 0.995649695 -0.073066011 0.037701418 0.363635361 0.089164600 0.927264333 -0.667339112
59726333 0.885118538 1.574082059 0.500000000 0.500000000 0.000000000 0.000000000 0.918633223 0.032288313 -0.393789738 0.448496933 -0.064814262 0.995468855 -0.069576472 0.038723075 0.389758915 0.089438468 0.916563511 -0.690734893
59793067 0.885118538 1.574082059 0.500000000 0.500000000 0.000000000 0.000000000 0.906364799 0.038850099 -0.420706153 0.590286107 -0.073827513 0.995006442 -0.067169413 0.044413235 0.415995777 0.091939658 0.904707015 -0.690667088
59859800 0.885118538 1.574082059 0.500000000 0.500000000 0.000000000 0.000000000 0.892819703 0.046742048 -0.447982192 0.740027945 -0.084394947 0.994345963 -0.064448275 0.052130567 0.442436814 0.095348142 0.891716480 -0.668013960
59926533 0.885118538 1.574082059 0.500000000 0.500000000 0.000000000 0.000000000 0.878027201 0.055114195 -0.475426853 0.904571995 -0.096160427 0.993406117 -0.062429570 0.062905703 0.468851209 0.100532107 0.877537370 -0.615175972
59993267 0.885118538 1.574082059 0.500000000 0.500000000 0.000000000 0.000000000 0.862124026 0.064315408 -0.502598822 1.074219768 -0.108343661 0.992369711 -0.058856092 0.066481780 0.494978487 0.105194665 0.862513900 -0.540425878
60060000 0.885118538 1.574082059 0.500000000 0.500000000 0.000000000 0.000000000 0.845245123 0.075250193 -0.529054224 1.255750285 -0.123268485 0.990791202 -0.056014843 0.066017058 0.519967139 0.112561949 0.846737385 -0.442380144
60126733 0.885118538 1.574082059 0.500000000 0.500000000 0.000000000 0.000000000 0.827105165 0.085250348 -0.555544376 1.450620339 -0.137456670 0.989095867 -0.052867733 0.065717620 0.544979692 0.120090432 0.829804540 -0.334020988
60193467 0.885118538 1.574082059 0.500000000 0.500000000 0.000000000 0.000000000 0.807693183 0.095756203 -0.581775308 1.650710063 -0.152157158 0.987152576 -0.048765082 0.064431191 0.569631457 0.127908498 0.811886370 -0.204804890
60260200 0.885118538 1.574082059 0.500000000 0.500000000 0.000000000 0.000000000 0.787698090 0.105082422 -0.607033074 1.838999535 -0.164907962 0.985352993 -0.043415055 0.055999139 0.593579710 0.134302601 0.793489575 -0.066378921
60326933 0.885118538 1.574082059 0.500000000 0.500000000 0.000000000 0.000000000 0.767162502 0.112154365 -0.631571949 2.027120201 -0.176796734 0.983429551 -0.040115643 0.063406930 0.616607368 0.142435074 0.774278760 0.092950438
60393667 0.885118538 1.574082059 0.500000000 0.500000000 0.000000000 0.000000000 0.746570945 0.116494074 -0.655027509 2.191190152 -0.185718223 0.981904447 -0.037045449 0.061384398 0.638858914 0.149307579 0.754696369 0.259952136
60460400 0.885118538 1.574082059 0.500000000 0.500000000 0.000000000 0.000000000 0.726110876 0.117643103 -0.677438319 2.341178997 -0.191289499 0.980920494 -0.034687728 0.065573900 0.660432398 0.154774070 0.734761000 0.426600867
60527133 0.885118538 1.574082059 0.500000000 0.500000000 0.000000000 0.000000000 0.705941677 0.117587082 -0.698441207 2.464741193 -0.195774674 0.980097830 -0.032871388 0.063315529 0.680675447 0.159942269 0.714912474 0.579982210
60593867 0.885118538 1.574082059 0.500000000 0.500000000 0.000000000 0.000000000 0.686969757 0.117795825 -0.717075109 2.569650005 -0.200444221 0.979209065 -0.031171620 0.057705595 0.698494554 0.165147513 0.696298540 0.726891025
60660600 0.885118538 1.574082059 0.500000000 0.500000000 0.000000000 0.000000000 0.668364763 0.116823465 -0.734602571 2.649190248 -0.204378217 0.978421330 -0.030351974 0.053223243 0.715204954 0.170422941 0.677818537 0.861058972
60727333 0.885118538 1.574082059 0.500000000 0.500000000 0.000000000 0.000000000 0.647796035 0.115322642 -0.753034770 2.707481034 -0.207589507 0.977790952 -0.028835699 0.051835482 0.732985198 0.175001696 0.657348871 0.987931597
60794067 0.885118538 1.574082059 0.500000000 0.500000000 0.000000000 0.000000000 0.632667065 0.117095940 -0.765519917 2.760229613 -0.212086350 0.976908982 -0.025849044 0.054882580 0.744816482 0.178710207 0.642892599 1.085759866
60860800 0.885118538 1.574082059 0.500000000 0.500000000 0.000000000 0.000000000 0.623129547 0.119076744 -0.773001015 2.813470628 -0.213124767 0.976792037 -0.021333933 0.054107249 0.752520859 0.178039402 0.634046197 1.155420012
60927533 0.885118538 1.574082059 0.500000000 0.500000000 0.000000000 0.000000000 0.613897800 0.120513752 -0.780131757 2.864068799 -0.213227317 0.976856649 -0.016888298 0.045374822 0.760041654 0.176713169 0.625386953 1.221649729
60994267 0.885118538 1.574082059 0.500000000 0.500000000 0.000000000 0.000000000 0.604684412 0.121555120 -0.787134886 2.905790786 -0.214333653 0.976662576 -0.013829783 0.043024628 0.767084122 0.177072108 0.616626024 1.272580165
61061000 0.885118538 1.574082059 0.500000000 0.500000000 0.000000000 0.000000000 0.593690991 0.122468263 -0.795318961 2.949469184 -0.216667742 0.976178586 -0.011420265 0.032439362 0.774974704 0.179100126 0.606083393 1.345089731
61127733 0.885118538 1.574082059 0.500000000 0.500000000 0.000000000 0.000000000 0.583125710 0.123650201 -0.802916825 2.990501151 -0.219769210 0.975506783 -0.009380192 0.022631029 0.782090962 0.181926131 0.596017599 1.429540346
61194467 0.885118538 1.574082059 0.500000000 0.500000000 0.000000000 0.000000000 0.571952581 0.124463663 -0.810789049 3.027779668 -0.222270295 0.974959016 -0.007130213 -0.002348423 0.789598644 0.184292495 0.585294962 1.523029819
61261200 0.885118538 1.574082059 0.500000000 0.500000000 0.000000000 0.000000000 0.560900807 0.126173168 -0.818212271 3.067802213 -0.226724118 0.973944962 -0.005235896 -0.037499542 0.796233058 0.188445136 0.574892998 1.614830969
61327933 0.885118538 1.574082059 0.500000000 0.500000000 0.000000000 0.000000000 0.550432682 0.128191918 -0.824979424 3.116101193 -0.230418622 0.973088324 -0.002530895 -0.088492292 0.802453399 0.191483647 0.565157413 1.714230402
61394667 0.885118538 1.574082059 0.500000000 0.500000000 0.000000000 0.000000000 0.539655983 0.129342124 -0.831890583 3.159919638 -0.234677747 0.972072601 -0.001100264 -0.144433000 0.808515668 0.195820004 0.554938495 1.831039581
61461400 0.885118538 1.574082059 0.500000000 0.500000000 0.000000000 0.000000000 0.528790534 0.131681845 -0.838474870 3.213898829 -0.240164056 0.970731795 0.000991479 -0.205120926 0.814064741 0.200847328 0.544939041 1.971079019
61528133 0.885118538 1.574082059 0.500000000 0.500000000 0.000000000 0.000000000 0.518083096 0.134351701 -0.844712675 3.271120052 -0.245864391 0.969298363 0.003372408 -0.266120096 0.819231689 0.205937594 0.535209417 2.126609985
61594867 0.885118538 1.574082059 0.500000000 0.500000000 0.000000000 0.000000000 0.507938981 0.137157992 -0.850403666 3.330942352 -0.251296163 0.967891574 0.006009951 -0.335227107 0.823922873 0.210650355 0.526097119 2.295461605
61661600 0.885118538 1.574082059 0.500000000 0.500000000 0.000000000 0.000000000 0.499126434 0.140129253 -0.855123758 3.387160097 -0.255708516 0.966710508 0.009160712 -0.410131943 0.827940822 0.214090049 0.518343031 2.472800053
61728333 0.885118538 1.574082059 0.500000000 0.500000000 0.000000000 0.000000000 0.490735412 0.142487556 -0.859579444 3.435932516 -0.260431647 0.965425551 0.011352085 -0.477093177 0.831477523 0.218290657 0.510876775 2.651242176
61795067 0.885118538 1.574082059 0.500000000 0.500000000 0.000000000 0.000000000 0.483754277 0.144667804 -0.863164544 3.471829903 -0.265692294 0.963974774 0.012658447 -0.537812894 0.833900094 0.223212600 0.504764020 2.831019938
61861800 0.885118538 1.574082059 0.500000000 0.500000000 0.000000000 0.000000000 0.476539433 0.146369189 -0.866882980 3.503269422 -0.268955499 0.963039577 0.014755666 -0.585036881 0.837002337 0.226121321 0.498293102 3.021089225
61928533 0.885118538 1.574082059 0.500000000 0.500000000 0.000000000 0.000000000 0.470835507 0.147592619 -0.869787157 3.529167428 -0.271826446 0.962211072 0.016130134 -0.628128639 0.839299500 0.228836671 0.493162811 3.192757457
61995267 0.885118538 1.574082059 0.500000000 0.500000000 0.000000000 0.000000000 0.464583993 0.149204195 -0.872868359 3.546227944 -0.274875611 0.961310863 0.018019773 -0.667346834 0.841786444 0.231558681 0.487622261 3.350417775
62062000 0.885118538 1.574082059 0.500000000 0.500000000 0.000000000 0.000000000 0.460849345 0.151168495 -0.874508321 3.560515678 -0.276542664 0.960786104 0.020349957 -0.701993331 0.843291700 0.232460886 0.484582245 3.495875829
62128733 0.885118538 1.574082059 0.500000000 0.500000000 0.000000000 0.000000000 0.458974063 0.153495416 -0.875089765 3.577330623 -0.277685344 0.960401118 0.022816844 -0.729238123 0.843939424 0.232527226 0.483422637 3.625480388
62195467 0.885118538 1.574082059 0.500000000 0.500000000 0.000000000 0.000000000 0.459677577 0.155064046 -0.874444127 3.594652977 -0.277953804 0.960290313 0.024172254 -0.757008287 0.843468428 0.231943458 0.484524488 3.730002696
62262200 0.885118538 1.574082059 0.500000000 0.500000000 0.000000000 0.000000000 0.461922884 0.154519767 -0.873355448 3.616946033 -0.275927931 0.960877001 0.024064884 -0.777887422 0.842905581 0.229867324 0.486487448 3.808005455
62328933 0.885118538 1.574082059 0.500000000 0.500000000 0.000000000 0.000000000 0.465990424 0.153436989 -0.871383905 3.648269645 -0.274247050 0.961392999 0.022626989 -0.794167009 0.841214180 0.228430539 0.490079582 3.856059136
62395667 0.885118538 1.574082059 0.500000000 0.500000000 0.000000000 0.000000000 0.474844515 0.151901275 -0.866860986 3.702977297 -0.271171182 0.962321460 0.020088315 -0.803240519 0.837250352 0.225529060 0.498144388 3.868707004
