https://www.youtube.com/watch?v=xFiiOywkuhM
13680333 0.776662140 1.381204899 0.500000000 0.500000000 0.000000000 0.000000000 0.934212089 0.111246988 -0.338927597 -4.087460479 -0.159198508 0.980283141 -0.117050499 -1.708320288 0.319223493 0.163306743 0.933502734 5.531290822
13747067 0.776662140 1.381204899 0.500000000 0.500000000 0.000000000 0.000000000 0.928792417 0.118965812 -0.350986898 -3.947799814 -0.168563008 0.979051828 -0.114210397 -1.500520090 0.330047250 0.165241152 0.929389179 5.073150311
13813800 0.776662140 1.381204899 0.500000000 0.500000000 0.000000000 0.000000000 0.922424912 0.130078211 -0.363609493 -3.795679789 -0.181287900 0.977224052 -0.110307641 -1.231899868 0.340979338 0.167668536 0.924997449 4.593279844
13880533 0.776662140 1.381204899 0.500000000 0.500000000 0.000000000 0.000000000 0.916283786 0.138182625 -0.375938177 -3.657949787 -0.191159204 0.975677729 -0.107289895 -0.973972003 0.351968884 0.170172051 0.920412600 4.138860483
13947267 0.776662140 1.381204899 0.500000000 0.500000000 0.000000000 0.000000000 0.909823596 0.143410474 -0.389428407 -3.514940270 -0.198460847 0.974489689 -0.104800582 -0.747820009 0.364464432 0.172636330 0.915075064 3.686410083
14014000 0.776662140 1.381204899 0.500000000 0.500000000 0.000000000 0.000000000 0.902838469 0.144409686 -0.405004203 -3.365959607 -0.202295512 0.973815322 -0.103731781 -0.565061993 0.379419386 0.175583601 0.908411384 3.219600033
14080733 0.776662140 1.381204899 0.500000000 0.500000000 0.000000000 0.000000000 0.894332290 0.143581390 -0.423738331 -3.298690089 -0.205060363 0.973315299 -0.102993198 -0.416514145 0.397643119 0.179002076 0.899910152 2.788220084
14147467 0.776662140 1.381204899 0.500000000 0.500000000 0.000000000 0.000000000 0.883071065 0.143790767 -0.446664840 -3.147679432 -0.209377512 0.972621500 -0.100838855 -0.300289675 0.419936091 0.182569519 0.889000475 2.329119731
14214200 0.776662140 1.381204899 0.500000000 0.500000000 0.000000000 0.000000000 0.872202635 0.146702260 -0.466627002 -3.049449389 -0.215701312 0.971555889 -0.097734898 -0.200343636 0.439016223 0.185896754 0.879037499 1.934409745
14280933 0.776662140 1.381204899 0.500000000 0.500000000 0.000000000 0.000000000 0.860020936 0.146417201 -0.488800645 -2.985090477 -0.219850093 0.970796704 -0.096019462 -0.126331086 0.460467160 0.190041587 0.867095292 1.539230116
14347667 0.776662140 1.381204899 0.500000000 0.500000000 0.000000000 0.000000000 0.840368271 0.139720112 -0.523698092 -2.886090725 -0.221350610 0.970428705 -0.096291468 -0.071404271 0.494757801 0.196841136 0.846444607 1.096530255
14414400 0.776662140 1.381204899 0.500000000 0.500000000 0.000000000 0.000000000 0.817239046 0.132315114 -0.560903966 -2.598950407 -0.223087445 0.970038891 -0.096210763 -0.028855216 0.531368554 0.203757778 0.822271466 0.698548007
14481133 0.776662140 1.381204899 0.500000000 0.500000000 0.000000000 0.000000000 0.796750605 0.131429911 -0.589842737 -2.231919581 -0.228704363 0.969042897 -0.093006261 0.019905342 0.559359133 0.209002465 0.802144110 0.411275910
14547867 0.776662140 1.381204899 0.500000000 0.500000000 0.000000000 0.000000000 0.778662622 0.136029735 -0.612519920 -1.949740499 -0.238493338 0.967111945 -0.088405147 0.091393113 0.580349624 0.214919642 0.785496056 0.158217015
14614600 0.776662140 1.381204899 0.500000000 0.500000000 0.000000000 0.000000000 0.756416321 0.141969889 -0.638497353 -1.660169874 -0.249698281 0.964907587 -0.081265822 0.182883015 0.604553580 0.220902488 0.765321493 -0.081830066
14681333 0.776662140 1.381204899 0.500000000 0.500000000 0.000000000 0.000000000 0.725875139 0.147904471 -0.671736240 -1.298470063 -0.262483627 0.962264061 -0.071765058 0.273431972 0.635773301 0.228412211 0.737306058 -0.333949012
14748067 0.776662140 1.381204899 0.500000000 0.500000000 0.000000000 0.000000000 0.691499412 0.157711864 -0.704950571 -0.905678802 -0.278042555 0.958801925 -0.058233589 0.346197997 0.666723847 0.236274809 0.706861615 -0.552487927
14814800 0.776662140 1.381204899 0.500000000 0.500000000 0.000000000 0.000000000 0.651138723 0.171329468 -0.739367962 -0.445487163 -0.296573579 0.954168677 -0.040079385 0.408876071 0.698614955 0.245374113 0.672107935 -0.712269342
14881533 0.776662140 1.381204899 0.500000000 0.500000000 0.000000000 0.000000000 0.608543754 0.186134115 -0.771381021 -0.032684960 -0.315331399 0.948774517 -0.019826330 0.435113026 0.728176236 0.255305827 0.636064708 -0.815248042
14948267 0.776662140 1.381204899 0.500000000 0.500000000 0.000000000 0.000000000 0.559347451 0.199594408 -0.804545343 0.417496309 -0.333535105 0.942735612 0.001992002 0.433772228 0.758871138 0.267229676 0.593888402 -0.857987536
15015000 0.776662140 1.381204899 0.500000000 0.500000000 0.000000000 0.000000000 0.509317219 0.209190696 -0.834766865 0.866363419 -0.348843187 0.936924040 0.021950915 0.400435186 0.786705136 0.280022621 0.550166249 -0.846363491
15081733 0.776662140 1.381204899 0.500000000 0.500000000 0.000000000 0.000000000 0.459295690 0.216669798 -0.861452818 1.257149256 -0.361245632 0.931538045 0.041694298 0.337460743 0.811509967 0.292046249 0.506122470 -0.762677506
15148467 0.776662140 1.381204899 0.500000000 0.500000000 0.000000000 0.000000000 0.406812310 0.224641502 -0.885459483 1.605227619 -0.372407317 0.925873876 0.063797399 0.211269321 0.834155262 0.303798497 0.460315228 -0.662399177
15215200 0.776662140 1.381204899 0.500000000 0.500000000 0.000000000 0.000000000 0.352602899 0.227813184 -0.907619357 1.930571050 -0.380385041 0.921059191 0.083409995 0.045237369 0.854973078 0.315834045 0.411424816 -0.510825208
15281933 0.776662140 1.381204899 0.500000000 0.500000000 0.000000000 0.000000000 0.308758378 0.226157218 -0.923862338 2.201981065 -0.385256916 0.917810559 0.095921375 -0.110666834 0.869624019 0.326307684 0.370510280 -0.330880041
15348667 0.776662140 1.381204899 0.500000000 0.500000000 0.000000000 0.000000000 0.274496675 0.223093644 -0.935350955 2.410651494 -0.388161242 0.915649831 0.104481243 -0.256282875 0.879763067 0.334387034 0.337939084 -0.131437034
15415400 0.776662140 1.381204899 0.500000000 0.500000000 0.000000000 0.000000000 0.251199424 0.222252116 -0.942074418 2.602913361 -0.390310585 0.913902879 0.111531422 -0.392718668 0.885752678 0.339684606 0.316319108 0.083343440
15482133 0.776662140 1.381204899 0.500000000 0.500000000 0.000000000 0.000000000 0.237523496 0.222385287 -0.945582509 2.808206873 -0.391466618 0.912807703 0.116343737 -0.558969201 0.889008045 0.342529923 0.303869784 0.298742349
15548867 0.776662140 1.381204899 0.500000000 0.500000000 0.000000000 0.000000000 0.231900096 0.227105513 -0.945856869 2.862429454 -0.393285155 0.911236763 0.122369520 -0.687387981 0.889690340 0.343614012 0.300633192 0.463550591
15615600 0.776662140 1.381204899 0.500000000 0.500000000 0.000000000 0.000000000 0.218617201 0.233554006 -0.947448909 3.017411215 -0.395392358 0.908860326 0.132807538 -0.860887066 0.892116487 0.345579922 0.291037917 0.705049370
15682333 0.776662140 1.381204899 0.500000000 0.500000000 0.000000000 0.000000000 0.210641623 0.241131812 -0.947357237 3.069620454 -0.397304565 0.906569541 0.142410725 -0.950647969 0.893184960 0.346391678 0.286764026 0.923826102
15749067 0.776662140 1.381204899 0.500000000 0.500000000 0.000000000 0.000000000 0.200104535 0.242686525 -0.949242115 3.119437631 -0.382232070 0.911406338 0.152437121 -1.134009826 0.902139664 0.332327664 0.275139213 1.269618617
15815800 0.776662140 1.381204899 0.500000000 0.500000000 0.000000000 0.000000000 0.182359219 0.236420065 -0.954384804 3.176469084 -0.373659998 0.914499283 0.155142531 -1.295489866 0.909463048 0.328323841 0.255108118 1.658899458
15949267 0.776662140 1.381204899 0.500000000 0.500000000 0.000000000 0.000000000 0.159571528 0.225925356 -0.960986435 3.402761011 -0.362125069 0.918995976 0.155922741 -1.662230273 0.918369591 0.323116362 0.228458762 2.460561156
16016000 0.776662140 1.381204899 0.500000000 0.500000000 0.000000000 0.000000000 0.140463650 0.221286237 -0.965039372 3.500645215 -0.355975628 0.920811951 0.159331828 -1.848199121 0.923877716 0.321150541 0.208113194 2.881175991
16082733 0.776662140 1.381204899 0.500000000 0.500000000 0.000000000 0.000000000 0.118758321 0.221738979 -0.967847049 3.658468553 -0.356725812 0.919193923 0.166820794 -2.017579813 0.926629841 0.325444788 0.188261986 3.264959422
16149467 0.776662140 1.381204899 0.500000000 0.500000000 0.000000000 0.000000000 0.109327197 0.225314841 -0.968133330 3.883575152 -0.356051207 0.918220282 0.173491091 -2.119601182 0.928049803 0.325737387 0.180609941 3.614735042
16216200 0.776662140 1.381204899 0.500000000 0.500000000 0.000000000 0.000000000 0.107598841 0.230735943 -0.967048347 4.010776344 -0.353036791 0.918171704 0.179793417 -2.254359042 0.929401219 0.322058320 0.180252552 4.145365960
