https://www.youtube.com/watch?v=WiXhzx2tNIw
768934833 0.877486155 1.560509052 0.500000000 0.500000000 0.000000000 0.000000000 0.997913361 0.012358384 -0.063373081 1.229709936 -0.011328623 0.999798298 0.016582867 0.931670069 0.063565232 -0.015830336 0.997852147 -5.770040687
769001567 0.877486155 1.560509052 0.500000000 0.500000000 0.000000000 0.000000000 0.995229840 0.017821467 -0.095916539 1.311120133 -0.016627973 0.999774218 0.013228040 0.925392978 0.096130624 -0.011570042 0.995301485 -5.527349720
769068300 0.877486155 1.560509052 0.500000000 0.500000000 0.000000000 0.000000000 0.991851509 0.026247310 -0.124666244 1.403229907 -0.025031703 0.999622703 0.011307577 0.914432017 0.124916002 -0.008094829 0.992134273 -5.307429428
769135033 0.877486155 1.560509052 0.500000000 0.500000000 0.000000000 0.000000000 0.990124702 0.032444060 -0.136383563 1.350140022 -0.031032210 0.999440670 0.012465984 0.885813134 0.136711717 -0.008110596 0.990577698 -5.102470004
769268500 0.877486155 1.560509052 0.500000000 0.500000000 0.000000000 0.000000000 0.984486043 0.039784823 -0.170892954 1.333410114 -0.036999870 0.999125957 0.019451916 0.804708094 0.171517462 -0.012827124 0.985097587 -4.663070518
769335233 0.877486155 1.560509052 0.500000000 0.500000000 0.000000000 0.000000000 0.981978893 0.043286894 -0.183966696 1.285129987 -0.039603781 0.998935580 0.023649611 0.748793080 0.184794605 -0.015937645 0.982647955 -4.454300252
769602167 0.877486155 1.560509052 0.500000000 0.500000000 0.000000000 0.000000000 0.969105959 0.054400351 -0.240570799 1.058060097 -0.051448148 0.998503566 0.018540243 0.587789052 0.241219386 -0.005590543 0.970454514 -3.618669982
769668900 0.877486155 1.560509052 0.500000000 0.500000000 0.000000000 0.000000000 0.961351752 0.054009087 -0.269973904 1.048580048 -0.052439630 0.998539090 0.013028152 0.567739072 0.270283133 0.001632683 0.962779522 -3.395279803
769735633 0.877486155 1.560509052 0.500000000 0.500000000 0.000000000 0.000000000 0.953720152 0.054410432 -0.295731813 1.017479893 -0.054539878 0.998480976 0.007817898 0.542672946 0.295707971 0.008673100 0.955238998 -3.184919823
769802367 0.877486155 1.560509052 0.500000000 0.500000000 0.000000000 0.000000000 0.945916951 0.055513058 -0.319623798 0.984230995 -0.056990746 0.998363495 0.004735861 0.513341086 0.319363624 0.013735866 0.947532713 -2.976380189
769869100 0.877486155 1.560509052 0.500000000 0.500000000 0.000000000 0.000000000 0.937565148 0.056879994 -0.343127221 0.937342861 -0.059180249 0.998240173 0.003772819 0.479046987 0.342738003 0.016769093 0.939281344 -2.770479735
769935833 0.877486155 1.560509052 0.500000000 0.500000000 0.000000000 0.000000000 0.928696930 0.060079854 -0.365940273 0.897019046 -0.062650859 0.998023689 0.004857233 0.430553938 0.365508854 0.018415594 0.930625618 -2.560159648
770002567 0.877486155 1.560509052 0.500000000 0.500000000 0.000000000 0.000000000 0.917090654 0.062935226 -0.393680125 0.861239116 -0.067227624 0.997733474 0.002892588 0.384982008 0.392969877 0.023813397 0.919242978 -2.352800000
770069300 0.877486155 1.560509052 0.500000000 0.500000000 0.000000000 0.000000000 0.905691385 0.064668767 -0.418976158 0.817519970 -0.073863782 0.997251809 -0.005744330 0.360570967 0.417453259 0.036149763 0.907979012 -2.149279968
770136033 0.877486155 1.560509052 0.500000000 0.500000000 0.000000000 0.000000000 0.894360542 0.065075517 -0.442588449 0.753063043 -0.080778763 0.996592104 -0.016700843 0.347103014 0.439993322 0.050688311 0.896569371 -1.952610044
770202767 0.877486155 1.560509052 0.500000000 0.500000000 0.000000000 0.000000000 0.882549882 0.065766700 -0.465596884 0.666914980 -0.089217894 0.995604753 -0.028483011 0.334965951 0.461677223 0.066677257 0.884538412 -1.762069710
770269500 0.877486155 1.560509052 0.500000000 0.500000000 0.000000000 0.000000000 0.870449841 0.066757694 -0.487709343 0.573286951 -0.096670702 0.994651079 -0.036387205 0.322000990 0.482671499 0.078820452 0.872247398 -1.558729895
770336233 0.877486155 1.560509052 0.500000000 0.500000000 0.000000000 0.000000000 0.860925853 0.068939850 -0.504037440 0.464524851 -0.101763889 0.994088173 -0.037852041 0.286542946 0.498448163 0.083880648 0.862851799 -1.371299636
770402967 0.877486155 1.560509052 0.500000000 0.500000000 0.000000000 0.000000000 0.853182733 0.071696259 -0.516661167 0.329841009 -0.105188452 0.993807971 -0.035792597 0.240885978 0.510895729 0.084884427 0.855441451 -1.205299825
770469700 0.877486155 1.560509052 0.500000000 0.500000000 0.000000000 0.000000000 0.848280311 0.073905684 -0.524364889 0.201530070 -0.106951691 0.993717730 -0.032961078 0.191949005 0.518634617 0.084041938 0.850855529 -1.034620163
770536433 0.877486155 1.560509052 0.500000000 0.500000000 0.000000000 0.000000000 0.847633481 0.075507730 -0.525182188 0.056145428 -0.107601866 0.993716955 -0.030796263 0.136223025 0.519557059 0.082614496 0.850432515 -0.880148116
770603167 0.877486155 1.560509052 0.500000000 0.500000000 0.000000000 0.000000000 0.849917591 0.073074907 -0.521823943 -0.081971281 -0.107181311 0.993608057 -0.035428595 0.084035519 0.515899599 0.086041138 0.852317214 -0.719911029
770669900 0.877486155 1.560509052 0.500000000 0.500000000 0.000000000 0.000000000 0.853734851 0.063864112 -0.516776860 -0.226957041 -0.101491928 0.993824840 -0.044850089 0.034852613 0.510721385 0.090738736 0.854944646 -0.563449155
770736633 0.877486155 1.560509052 0.500000000 0.500000000 0.000000000 0.000000000 0.855856597 0.055447228 -0.514232635 -0.359490085 -0.095724545 0.994041622 -0.052135237 -0.012699691 0.508277893 0.093844958 0.856064737 -0.403579075
770803367 0.877486155 1.560509052 0.500000000 0.500000000 0.000000000 0.000000000 0.855266213 0.058853004 -0.514835954 -0.486306986 -0.099455804 0.993701816 -0.051625859 -0.052887393 0.508555055 0.095357269 0.855732858 -0.245472976
770870100 0.877486155 1.560509052 0.500000000 0.500000000 0.000000000 0.000000000 0.852735400 0.059437536 -0.518950105 -0.607061766 -0.099874847 0.993727922 -0.050297800 -0.096429482 0.512705564 0.094720826 0.853323340 -0.086727140
770936833 0.877486155 1.560509052 0.500000000 0.500000000 0.000000000 0.000000000 0.850027144 0.056050226 -0.523748040 -0.714329854 -0.096679807 0.994032085 -0.050529465 -0.146905985 0.517790198 0.093587309 0.850373149 0.070131556
771003567 0.877486155 1.560509052 0.500000000 0.500000000 0.000000000 0.000000000 0.844437718 0.054896891 -0.532833159 -0.825344889 -0.095249414 0.994270563 -0.048513927 -0.190572997 0.527117074 0.091719054 0.844828486 0.223516032
771070300 0.877486155 1.560509052 0.500000000 0.500000000 0.000000000 0.000000000 0.833874404 0.053949922 -0.549311519 -0.939951252 -0.093930051 0.994565368 -0.044909246 -0.218100015 0.543903351 0.089045502 0.834410131 0.371418095
771137033 0.877486155 1.560509052 0.500000000 0.500000000 0.000000000 0.000000000 0.819911301 0.052958407 -0.570035934 -1.043850008 -0.091805570 0.994988799 -0.039610513 -0.235952011 0.565081716 0.084809572 0.820664465 0.517231097
771203767 0.877486155 1.560509052 0.500000000 0.500000000 0.000000000 0.000000000 0.811019003 0.051698130 -0.582730830 -1.144199637 -0.089504614 0.995325923 -0.036266193 -0.258612935 0.578132212 0.081569709 0.811855435 0.667412832
771270500 0.877486155 1.560509052 0.500000000 0.500000000 0.000000000 0.000000000 0.803947508 0.051110815 -0.592500031 -1.247060173 -0.087919623 0.995566964 -0.033415262 -0.277693055 0.588165581 0.078956470 0.804877222 0.811975171
771337233 0.877486155 1.560509052 0.500000000 0.500000000 0.000000000 0.000000000 0.799061000 0.050542563 -0.599121869 -1.335240009 -0.086045444 0.995816469 -0.030752409 -0.309859980 0.595061123 0.076124758 0.800067067 0.953712040
771403967 0.877486155 1.560509052 0.500000000 0.500000000 0.000000000 0.000000000 0.796901822 0.050553910 -0.601989806 -1.430749878 -0.083894588 0.996097624 -0.027407639 -0.334925988 0.598255098 0.072344892 0.798033237 1.095909905
771470700 0.877486155 1.560509052 0.500000000 0.500000000 0.000000000 0.000000000 0.792541504 0.049518276 -0.607804298 -1.531650273 -0.079217680 0.996612310 -0.022100508 -0.361951031 0.604650855 0.065664403 0.793779373 1.236150311
771537433 0.877486155 1.560509052 0.500000000 0.500000000 0.000000000 0.000000000 0.790158451 0.047542308 -0.611056149 -1.620960419 -0.074409693 0.997053444 -0.018645158 -0.390421058 0.608369172 0.060201101 0.791367769 1.374640204
771604167 0.877486155 1.560509052 0.500000000 0.500000000 0.000000000 0.000000000 0.789748609 0.044903990 -0.611784995 -1.702360343 -0.068269141 0.997555554 -0.014909225 -0.417939026 0.609620035 0.053540573 0.790883660 1.518240234
771670900 0.877486155 1.560509052 0.500000000 0.500000000 0.000000000 0.000000000 0.789970517 0.039337311 -0.611881614 -1.775719954 -0.060023528 0.998108029 -0.013325982 -0.451736995 0.610199690 0.047254432 0.790837049 1.668149890
771737633 0.877486155 1.560509052 0.500000000 0.500000000 0.000000000 0.000000000 0.789473414 0.026679281 -0.613204777 -1.842160323 -0.047497008 0.998714566 -0.017698247 -0.501733057 0.611944377 0.043097675 0.789725840 1.818540438
771804367 0.877486155 1.560509052 0.500000000 0.500000000 0.000000000 0.000000000 0.788559020 0.022907889 -0.614532173 -1.905199746 -0.044295512 0.998826087 -0.019606175 -0.540646016 0.613361657 0.042681649 0.788648009 1.975179906
771871100 0.877486155 1.560509052 0.500000000 0.500000000 0.000000000 0.000000000 0.787188649 0.023734484 -0.616255522 -1.964050530 -0.044030268 0.998872101 -0.017772533 -0.568179034 0.615138650 0.041124221 0.787345827 2.136410481
771937833 0.877486155 1.560509052 0.500000000 0.500000000 0.000000000 0.000000000 0.786423147 0.018008471 -0.617425680 -2.008100357 -0.038154297 0.999082386 -0.019457381 -0.621703006 0.616508722 0.038859170 0.786388636 2.294700221
772004567 0.877486155 1.560509052 0.500000000 0.500000000 0.000000000 0.000000000 0.786225319 0.014196587 -0.617776573 -2.041559297 -0.034434993 0.999189138 -0.020862833 -0.670282883 0.616979420 0.037676033 0.786076665 2.441298836
772071300 0.877486155 1.560509052 0.500000000 0.500000000 0.000000000 0.000000000 0.783229113 0.014774386 -0.621557415 -2.089429553 -0.035326123 0.999160111 -0.020764716 -0.716196975 0.620728552 0.038220752 0.783093214 2.572859353
772138033 0.877486155 1.560509052 0.500000000 0.500000000 0.000000000 0.000000000 0.781231940 0.022462526 -0.623836637 -2.120780257 -0.043747842 0.998865366 -0.018819306 -0.744909012 0.622706056 0.041993748 0.781328201 2.722200247
772204767 0.877486155 1.560509052 0.500000000 0.500000000 0.000000000 0.000000000 0.785389185 0.027921416 -0.618372321 -2.135700158 -0.051854111 0.998438537 -0.020776875 -0.780206073 0.616826653 0.048383072 0.785610676 2.886800635
772271500 0.877486155 1.560509052 0.500000000 0.500000000 0.000000000 0.000000000 0.792350829 0.033900127 -0.609122992 -2.141629593 -0.059172578 0.998017728 -0.021428356 -0.802454993 0.607189178 0.053022161 0.792786181 3.058789736
772338233 0.877486155 1.560509052 0.500000000 0.500000000 0.000000000 0.000000000 0.808288217 0.035343900 -0.587725639 -2.105970667 -0.061626904 0.997792363 -0.024750410 -0.834494264 0.585553408 0.056225136 0.808681905 3.257911233
772404967 0.877486155 1.560509052 0.500000000 0.500000000 0.000000000 0.000000000 0.820904613 0.036431842 -0.569902241 -2.092020694 -0.061393134 0.997809350 -0.024646152 -0.857343166 0.567755878 0.055220205 0.821342945 3.449060957
772471700 0.877486155 1.560509052 0.500000000 0.500000000 0.000000000 0.000000000 0.832042098 0.039112132 -0.553331494 -2.086499012 -0.061773721 0.997839749 -0.022356715 -0.870954788 0.551261783 0.052783106 0.832660794 3.642178529
772538433 0.877486155 1.560509052 0.500000000 0.500000000 0.000000000 0.000000000 0.843622088 0.041742265 -0.535312593 -2.082600773 -0.061268434 0.997945428 -0.018738430 -0.877077038 0.533430517 0.048605900 0.844446301 3.837110971
772605167 0.877486155 1.560509052 0.500000000 0.500000000 0.000000000 0.000000000 0.854000449 0.042606555 -0.518524587 -2.076259475 -0.060097732 0.998048186 -0.016971394 -0.894903881 0.516789496 0.045655742 0.854894221 4.032459818
772671900 0.877486155 1.560509052 0.500000000 0.500000000 0.000000000 0.000000000 0.863241792 0.042307489 -0.503014863 -2.078820530 -0.058570296 0.998145878 -0.016562726 -0.922624124 0.501381457 0.043759342 0.864119172 4.224320570
772738633 0.877486155 1.560509052 0.500000000 0.500000000 0.000000000 0.000000000 0.867513657 0.039553605 -0.495838314 -2.118810113 -0.055485860 0.998307109 -0.017441375 -0.959615006 0.494309038 0.042642638 0.868239760 4.397210476
772805367 0.877486155 1.560509052 0.500000000 0.500000000 0.000000000 0.000000000 0.868459702 0.035628948 -0.494477689 -2.177569834 -0.051787380 0.998477161 -0.019011077 -1.001589915 0.493047357 0.042118073 0.868982315 4.554589556
772872100 0.877486155 1.560509052 0.500000000 0.500000000 0.000000000 0.000000000 0.868399739 0.031874761 -0.494839281 -2.240109895 -0.048654661 0.998593569 -0.021060916 -1.045789951 0.493472010 0.042365529 0.868729293 4.710790329
772938833 0.877486155 1.560509052 0.500000000 0.500000000 0.000000000 0.000000000 0.866899610 0.028414467 -0.497672051 -2.308249148 -0.045556247 0.998712063 -0.022333592 -1.090689855 0.496396512 0.042033069 0.867077589 4.864728986
773005567 0.877486155 1.560509052 0.500000000 0.500000000 0.000000000 0.000000000 0.865356445 0.025913268 -0.500486553 -2.362920293 -0.043515906 0.998775661 -0.023527559 -1.135240026 0.499264091 0.042138848 0.865424573 5.025499991
