https://www.youtube.com/watch?v=vJUHtF8Tag4
128995533 0.857483734 1.546087205 0.500000000 0.500000000 0.000000000 0.000000000 0.947263122 -0.067458078 0.313276261 1.609380183 0.045136753 0.995933115 0.077973820 0.598411991 -0.317262143 -0.059721448 0.946455538 7.114099625
129062267 0.857483734 1.546087205 0.500000000 0.500000000 0.000000000 0.000000000 0.946819186 -0.066743329 0.314767748 1.436789508 0.045036867 0.996109664 0.075744383 0.515427052 -0.318598658 -0.057540067 0.946141601 6.623369253
129129000 0.857483734 1.546087205 0.500000000 0.500000000 0.000000000 0.000000000 0.947177708 -0.068082944 0.313399076 1.274209880 0.046888225 0.996104240 0.074685000 0.478990076 -0.317262948 -0.056045227 0.946680069 6.163050278
129195733 0.857483734 1.546087205 0.500000000 0.500000000 0.000000000 0.000000000 0.947330356 -0.071498655 0.312174886 1.140099995 0.050170347 0.995857239 0.075837493 0.449151003 -0.316303879 -0.056181237 0.946992874 5.739039724
130597133 0.857483734 1.546087205 0.500000000 0.500000000 0.000000000 0.000000000 0.923351645 -0.105946526 0.369049013 -0.503082041 0.096065357 0.994352520 0.045105398 -0.099664986 -0.371743560 -0.006195361 0.928314865 -0.482323079
130663867 0.857483734 1.546087205 0.500000000 0.500000000 0.000000000 0.000000000 0.922372162 -0.102410726 0.372480422 -0.523737039 0.092333354 0.994717777 0.044845473 -0.087933898 -0.375105530 -0.006971858 0.926955938 -0.645051035
130730600 0.857483734 1.546087205 0.500000000 0.500000000 0.000000000 0.000000000 0.920955956 -0.095032007 0.377901018 -0.523617083 0.086226344 0.995464325 0.040196531 -0.084167183 -0.380006969 -0.004434230 0.924973071 -0.780669067
130797333 0.857483734 1.546087205 0.500000000 0.500000000 0.000000000 0.000000000 0.919039786 -0.086507455 0.384554654 -0.539432968 0.080204159 0.996250689 0.032433093 -0.066555010 -0.385918528 0.001035584 0.922532260 -0.946773981
130864067 0.857483734 1.546087205 0.500000000 0.500000000 0.000000000 0.000000000 0.916904628 -0.075769506 0.391847938 -0.560635883 0.072127663 0.997105896 0.024029795 -0.021881106 -0.392534643 0.006230060 0.919716120 -1.161119989
130930800 0.857483734 1.546087205 0.500000000 0.500000000 0.000000000 0.000000000 0.914633334 -0.065161087 0.398998529 -0.601532894 0.063381769 0.997832954 0.017666243 0.019937688 -0.399285048 0.009131107 0.916781306 -1.379179768
130997533 0.857483734 1.546087205 0.500000000 0.500000000 0.000000000 0.000000000 0.912577927 -0.057025116 0.404906988 -0.658139007 0.055790398 0.998331904 0.014859978 0.038122788 -0.405078948 0.009029040 0.914237082 -1.599899970
131064267 0.857483734 1.546087205 0.500000000 0.500000000 0.000000000 0.000000000 0.911467850 -0.050862897 0.408214748 -0.702198937 0.049492802 0.998677373 0.013925334 0.037309891 -0.408383131 0.007511201 0.912779689 -1.803569883
131131000 0.857483734 1.546087205 0.500000000 0.500000000 0.000000000 0.000000000 0.911338508 -0.046644136 0.409006625 -0.731156003 0.044904374 0.998895109 0.013861673 0.049802884 -0.409201294 0.005733517 0.912426114 -1.989870012
131197733 0.857483734 1.546087205 0.500000000 0.500000000 0.000000000 0.000000000 0.911628306 -0.046393704 0.408388734 -0.740173907 0.043982495 0.998915136 0.015298383 0.038160683 -0.408655465 0.004015524 0.912679851 -2.159959899
131397933 0.857483734 1.546087205 0.500000000 0.500000000 0.000000000 0.000000000 0.909368515 -0.067177497 0.410531372 -0.690760903 0.063836388 0.997720957 0.021858493 0.069248059 -0.411064178 0.006329435 0.911584377 -2.619969746
131464667 0.857483734 1.546087205 0.500000000 0.500000000 0.000000000 0.000000000 0.908419907 -0.064812072 0.413004398 -0.653293044 0.062877335 0.997853637 0.018290209 0.081396796 -0.413303375 0.009353427 0.910545349 -2.797339898
131531400 0.857483734 1.546087205 0.500000000 0.500000000 0.000000000 0.000000000 0.906133592 -0.062905595 0.418287754 -0.626367932 0.062610611 0.997933507 0.014444642 0.125364949 -0.418331981 0.013100496 0.908199668 -3.001199619
131598133 0.857483734 1.546087205 0.500000000 0.500000000 0.000000000 0.000000000 0.902551413 -0.059666190 0.426428020 -0.563356066 0.060699258 0.998093486 0.011181790 0.156751027 -0.426282167 0.015791722 0.904452384 -3.217060049
131664867 0.857483734 1.546087205 0.500000000 0.500000000 0.000000000 0.000000000 0.898035705 -0.054463334 0.436538160 -0.567080234 0.056786716 0.998356342 0.007736592 0.165588982 -0.436241984 0.017841835 0.899652481 -3.490799939
131731600 0.857483734 1.546087205 0.500000000 0.500000000 0.000000000 0.000000000 0.894103348 -0.049374461 0.445130765 -0.537743923 0.052971013 0.998586535 0.004365257 0.188900024 -0.444717109 0.019676030 0.895454943 -3.801179632
131798333 0.857483734 1.546087205 0.500000000 0.500000000 0.000000000 0.000000000 0.890499115 -0.044686351 0.452785015 -0.511128036 0.048610006 0.998813391 0.002973070 0.201723920 -0.452380598 0.019362379 0.891614676 -4.145109489
131865067 0.857483734 1.546087205 0.500000000 0.500000000 0.000000000 0.000000000 0.887440026 -0.039153431 0.459257334 -0.465765093 0.042568099 0.999089301 0.002920234 0.219197023 -0.458953410 0.016958173 0.888298512 -4.510509981
131931800 0.857483734 1.546087205 0.500000000 0.500000000 0.000000000 0.000000000 0.885401130 -0.029374931 0.463898867 -0.400792370 0.032103200 0.999482512 0.002016644 0.233249071 -0.463718027 0.013107082 0.885886014 -4.881901022
131998533 0.857483734 1.546087205 0.500000000 0.500000000 0.000000000 0.000000000 0.883803844 -0.019679634 0.467443496 -0.329318618 0.021137899 0.999774337 0.002125258 0.197150994 -0.467379838 0.008002464 0.884020329 -5.261459017
132065267 0.857483734 1.546087205 0.500000000 0.500000000 0.000000000 0.000000000 0.881835938 -0.019005889 0.471173316 -0.288289141 0.017975977 0.999816060 0.006686566 0.143272018 -0.471213728 0.002573340 0.882015407 -5.660141041
132132000 0.857483734 1.546087205 0.500000000 0.500000000 0.000000000 0.000000000 0.880259275 -0.021294313 0.474014878 -0.212261122 0.018310660 0.999772847 0.010909668 0.089042897 -0.474139512 -0.000923811 0.880449235 -6.006830486
