https://www.youtube.com/watch?v=GTpRYOrHcto
134934800 0.923026088 1.641496550 0.500000000 0.500000000 0.000000000 0.000000000 0.988587081 0.087913722 -0.122338563 -6.669680198 -0.085625142 0.996041894 0.023850568 -0.408348886 0.123951122 -0.013103114 0.992201805 3.594109899
135001533 0.923026088 1.641496550 0.500000000 0.500000000 0.000000000 0.000000000 0.984639764 0.095900312 -0.145903051 -6.590440082 -0.092559546 0.995269120 0.029531999 -0.332919964 0.148044914 -0.015573656 0.988857985 3.266249548
135068267 0.923026088 1.641496550 0.500000000 0.500000000 0.000000000 0.000000000 0.980586946 0.103911445 -0.166287675 -6.445139482 -0.099416450 0.994424760 0.035153702 -0.258269107 0.169013456 -0.017939514 0.985450447 2.952579672
135135000 0.923026088 1.641496550 0.500000000 0.500000000 0.000000000 0.000000000 0.976669669 0.113708474 -0.182172358 -6.312540398 -0.107912235 0.993295848 0.041452751 -0.145648045 0.185664564 -0.020827021 0.982392430 2.625960120
135201733 0.923026088 1.641496550 0.500000000 0.500000000 0.000000000 0.000000000 0.970394731 0.129109964 -0.204119235 -6.178289871 -0.120549075 0.991243720 0.053886376 -0.024246611 0.209289193 -0.027684657 0.977461815 2.286499922
135268467 0.923026088 1.641496550 0.500000000 0.500000000 0.000000000 0.000000000 0.962467849 0.149861664 -0.226267606 -6.069979515 -0.138524652 0.988205791 0.065270647 0.114288039 0.233380526 -0.031477239 0.971875846 1.919410046
135335200 0.923026088 1.641496550 0.500000000 0.500000000 0.000000000 0.000000000 0.950654328 0.174542010 -0.256498188 -5.982028885 -0.159234375 0.984038532 0.079451650 0.299650889 0.266271740 -0.034687690 0.963273585 1.484819794
135401933 0.923026088 1.641496550 0.500000000 0.500000000 0.000000000 0.000000000 0.937552392 0.195397854 -0.287776142 -5.836609434 -0.175464153 0.980009854 0.093770705 0.426101929 0.300346047 -0.037420504 0.953095973 1.074180086
135468667 0.923026088 1.641496550 0.500000000 0.500000000 0.000000000 0.000000000 0.923847854 0.213808283 -0.317476243 -5.629070010 -0.190065101 0.976209581 0.104355723 0.570567074 0.332235485 -0.036067661 0.942506611 0.751874781
135535400 0.923026088 1.641496550 0.500000000 0.500000000 0.000000000 0.000000000 0.910125077 0.227207750 -0.346481025 -5.389210735 -0.200579435 0.973324299 0.111389861 0.678683043 0.362547040 -0.031881798 0.931420028 0.441193992
135602133 0.923026088 1.641496550 0.500000000 0.500000000 0.000000000 0.000000000 0.900704443 0.233576164 -0.366297424 -5.123690708 -0.206754670 0.972026408 0.111432351 0.775306151 0.382078707 -0.024633981 0.923801482 0.218097022
135668867 0.923026088 1.641496550 0.500000000 0.500000000 0.000000000 0.000000000 0.892112434 0.238185495 -0.383931011 -4.854539525 -0.210646838 0.971016169 0.112940289 0.828118818 0.399703950 -0.019881554 0.916428626 0.064693445
135735600 0.923026088 1.641496550 0.500000000 0.500000000 0.000000000 0.000000000 0.879335105 0.245732874 -0.407903582 -4.603480692 -0.218400091 0.969282091 0.113109127 0.886361111 0.423168272 -0.010374706 0.905991793 -0.141371134
135802333 0.923026088 1.641496550 0.500000000 0.500000000 0.000000000 0.000000000 0.864297211 0.252811313 -0.434829324 -4.307518706 -0.224288762 0.967509806 0.116701521 0.913035755 0.450205117 -0.003337376 0.892918825 -0.344621709
135869067 0.923026088 1.641496550 0.500000000 0.500000000 0.000000000 0.000000000 0.851706505 0.258590281 -0.455770940 -3.993350190 -0.227410778 0.965986371 0.123104513 0.895631074 0.472102135 -0.001201712 0.881543040 -0.517499058
135935800 0.923026088 1.641496550 0.500000000 0.500000000 0.000000000 0.000000000 0.840312719 0.265568376 -0.472597033 -3.635169914 -0.230146676 0.964088500 0.132536262 0.868534024 0.490822822 -0.002605237 0.871255517 -0.618068073
136002533 0.923026088 1.641496550 0.500000000 0.500000000 0.000000000 0.000000000 0.825066328 0.274213761 -0.494036406 -3.254498717 -0.232916966 0.961658716 0.144782990 0.845283718 0.514795899 -0.004385926 0.857301354 -0.699330567
136069267 0.923026088 1.641496550 0.500000000 0.500000000 0.000000000 0.000000000 0.811437607 0.280486137 -0.512734532 -2.817640346 -0.234831184 0.959849358 0.153439224 0.789773064 0.535185456 -0.004100375 0.844724715 -0.712865059
136136000 0.923026088 1.641496550 0.500000000 0.500000000 0.000000000 0.000000000 0.790513456 0.291231781 -0.538769543 -2.398670101 -0.242798194 0.956645608 0.160867214 0.720683010 0.562261164 0.003644533 0.826951742 -0.752933184
136202733 0.923026088 1.641496550 0.500000000 0.500000000 0.000000000 0.000000000 0.769498348 0.303140342 -0.562119544 -1.964450379 -0.254560530 0.952814162 0.165360719 0.653503073 0.585722983 0.015848584 0.810356438 -0.748013250
136269467 0.923026088 1.641496550 0.500000000 0.500000000 0.000000000 0.000000000 0.750601828 0.314464360 -0.581127346 -1.537599962 -0.266032726 0.948882103 0.169850796 0.597733922 0.604833424 0.027108587 0.795890450 -0.685493022
136336200 0.923026088 1.641496550 0.500000000 0.500000000 0.000000000 0.000000000 0.743849754 0.320892572 -0.586272538 -1.158090036 -0.270770669 0.946675718 0.174609050 0.497070011 0.611040771 0.028862551 0.791072786 -0.505045053
136402933 0.923026088 1.641496550 0.500000000 0.500000000 0.000000000 0.000000000 0.732953429 0.330950350 -0.594349384 -0.844732034 -0.279647440 0.943031967 0.180244520 0.393725053 0.620142460 0.034097403 0.783747911 -0.401514023
136469667 0.923026088 1.641496550 0.500000000 0.500000000 0.000000000 0.000000000 0.718352795 0.340898633 -0.606430113 -0.533063058 -0.289228678 0.939149380 0.185324714 0.292753042 0.632705390 0.042268410 0.773238242 -0.276166027
136536400 0.923026088 1.641496550 0.500000000 0.500000000 0.000000000 0.000000000 0.706772566 0.347890019 -0.615991175 -0.239313024 -0.295937777 0.936277092 0.189224780 0.189000000 0.642567813 0.048556171 0.764688730 -0.136838994
136603133 0.923026088 1.641496550 0.500000000 0.500000000 0.000000000 0.000000000 0.696387589 0.353793323 -0.624399304 0.016975395 -0.301105917 0.933797359 0.193281502 0.087858700 0.651444077 0.053411514 0.756814182 -0.019638896
136669867 0.923026088 1.641496550 0.500000000 0.500000000 0.000000000 0.000000000 0.686597526 0.359080017 -0.632174850 0.253810917 -0.305328488 0.931539178 0.197507501 -0.031417775 0.659816623 0.057412989 0.749229908 0.083689174
136736600 0.923026088 1.641496550 0.500000000 0.500000000 0.000000000 0.000000000 0.678369999 0.362514466 -0.639059663 0.461267945 -0.308617204 0.929939747 0.199918613 -0.150367980 0.666760325 0.061606064 0.742721438 0.160598940
136803333 0.923026088 1.641496550 0.500000000 0.500000000 0.000000000 0.000000000 0.671788573 0.364207685 -0.645021737 0.629125132 -0.311010122 0.928988516 0.200631559 -0.267141027 0.672289312 0.065826260 0.737356067 0.203401052
136870067 0.923026088 1.641496550 0.500000000 0.500000000 0.000000000 0.000000000 0.665262163 0.365007341 -0.651303649 0.791979442 -0.312701225 0.928367376 0.200878128 -0.374437095 0.677971005 0.070026621 0.731745839 0.249410122
136936800 0.923026088 1.641496550 0.500000000 0.500000000 0.000000000 0.000000000 0.659579217 0.364739597 -0.657206178 0.945561667 -0.313552737 0.928175151 0.200438365 -0.463322889 0.683110237 0.073863968 0.726570189 0.304418826
137003533 0.923026088 1.641496550 0.500000000 0.500000000 0.000000000 0.000000000 0.654545724 0.363077760 -0.663132846 1.102920872 -0.312629998 0.928612947 0.199851543 -0.533396276 0.688355386 0.076502949 0.721328497 0.359569411
137070267 0.923026088 1.641496550 0.500000000 0.500000000 0.000000000 0.000000000 0.650585532 0.360227227 -0.668561339 1.265279296 -0.310226440 0.929602623 0.198993474 -0.588222770 0.693179250 0.077943362 0.716538072 0.409515703
137137000 0.923026088 1.641496550 0.500000000 0.500000000 0.000000000 0.000000000 0.648092389 0.357382685 -0.672498226 1.442430025 -0.306992978 0.930725515 0.198759422 -0.624151967 0.696944475 0.077637777 0.712910056 0.468128049
137203733 0.923026088 1.641496550 0.500000000 0.500000000 0.000000000 0.000000000 0.648292601 0.354561925 -0.673796833 1.634779301 -0.302488267 0.932057381 0.199423775 -0.649178812 0.698725402 0.074530855 0.711496770 0.535640784
137270467 0.923026088 1.641496550 0.500000000 0.500000000 0.000000000 0.000000000 0.652729511 0.351861566 -0.670923293 1.818340730 -0.296877354 0.933569551 0.200778022 -0.676219214 0.696999609 0.068128005 0.713828027 0.585891334
137337200 0.923026088 1.641496550 0.500000000 0.500000000 0.000000000 0.000000000 0.659892082 0.348294824 -0.665757895 1.986060815 -0.290395051 0.935441315 0.201544732 -0.716949152 0.692974448 0.060334884 0.718433321 0.637437333
137403933 0.923026088 1.641496550 0.500000000 0.500000000 0.000000000 0.000000000 0.668037772 0.344026923 -0.659826696 2.148660623 -0.284614682 0.937418103 0.200603783 -0.742253162 0.687546551 0.053785354 0.724145770 0.650306194
137470667 0.923026088 1.641496550 0.500000000 0.500000000 0.000000000 0.000000000 0.677728772 0.340012133 -0.651977718 2.277768763 -0.279912591 0.939208508 0.198837161 -0.771133622 0.679950058 0.047739290 0.731702447 0.629073444
137537400 0.923026088 1.641496550 0.500000000 0.500000000 0.000000000 0.000000000 0.687404871 0.336326450 -0.643706918 2.392698737 -0.276576966 0.940754890 0.196176797 -0.775398742 0.671549916 0.043181799 0.739699721 0.627470673
137604133 0.923026088 1.641496550 0.500000000 0.500000000 0.000000000 0.000000000 0.697521031 0.332391560 -0.634807348 2.496580114 -0.273437262 0.942335546 0.192965895 -0.758827117 0.662341714 0.038982190 0.748187065 0.627906016
137670867 0.923026088 1.641496550 0.500000000 0.500000000 0.000000000 0.000000000 0.708993077 0.327362955 -0.624629557 2.579469288 -0.268629968 0.944319189 0.189997882 -0.752487898 0.652047932 0.033087112 0.757455349 0.618802706
137737600 0.923026088 1.641496550 0.500000000 0.500000000 0.000000000 0.000000000 0.719857335 0.321629763 -0.615109205 2.661838900 -0.263248146 0.946467578 0.186813951 -0.746222626 0.642265916 0.027447142 0.765990138 0.598447731
137804333 0.923026088 1.641496550 0.500000000 0.500000000 0.000000000 0.000000000 0.730142117 0.315244198 -0.606228828 2.736819492 -0.258162856 0.948724031 0.182413220 -0.746495838 0.632648587 0.023318313 0.774087727 0.572649896
137871067 0.923026088 1.641496550 0.500000000 0.500000000 0.000000000 0.000000000 0.739957869 0.309425294 -0.597259164 2.804840667 -0.254565477 0.950692654 0.177143633 -0.736758103 0.622622609 0.020962678 0.782241464 0.547632175
137937800 0.923026088 1.641496550 0.500000000 0.500000000 0.000000000 0.000000000 0.750112593 0.304477334 -0.587047279 2.874519636 -0.251768947 0.952337861 0.172235221 -0.723211869 0.611509025 0.018604532 0.791018605 0.537802752
138004533 0.923026088 1.641496550 0.500000000 0.500000000 0.000000000 0.000000000 0.761504471 0.300373107 -0.574357867 2.936419897 -0.249205858 0.953704953 0.168354869 -0.713691035 0.598337173 0.014930315 0.801105320 0.521129904
138071267 0.923026088 1.641496550 0.500000000 0.500000000 0.000000000 0.000000000 0.773286283 0.295765966 -0.560848475 2.989870646 -0.245777577 0.955204248 0.164858282 -0.698436230 0.584484339 0.010361247 0.811338961 0.514799205
138138000 0.923026088 1.641496550 0.500000000 0.500000000 0.000000000 0.000000000 0.784373999 0.290073484 -0.548283637 3.050440578 -0.240971237 0.956989229 0.161568999 -0.691421103 0.571568429 0.005390011 0.820536792 0.480724244
138204733 0.923026088 1.641496550 0.500000000 0.500000000 0.000000000 0.000000000 0.794074953 0.283027023 -0.537904084 3.123730469 -0.235552520 0.959109664 0.156919450 -0.678487124 0.560321391 0.002098806 0.828272641 0.458379941
138271467 0.923026088 1.641496550 0.500000000 0.500000000 0.000000000 0.000000000 0.803535879 0.275173217 -0.527834713 3.209998969 -0.229867309 0.961394608 0.151265889 -0.653494785 0.549081743 -0.000215515 0.835768461 0.451487707
138338200 0.923026088 1.641496550 0.500000000 0.500000000 0.000000000 0.000000000 0.812662125 0.266577929 -0.518185794 3.325810060 -0.223817959 0.963811874 0.144817948 -0.595526971 0.538038909 -0.001708761 0.842918277 0.435374099
138404933 0.923026088 1.641496550 0.500000000 0.500000000 0.000000000 0.000000000 0.822861850 0.258066624 -0.506260693 3.431209699 -0.217442587 0.966117382 0.139053702 -0.521573894 0.524992406 -0.004339322 0.851095796 0.406328155
138471667 0.923026088 1.641496550 0.500000000 0.500000000 0.000000000 0.000000000 0.834340096 0.249194682 -0.491709590 3.544728809 -0.209570497 0.968404472 0.135177612 -0.452120767 0.509859324 -0.009736188 0.860202551 0.397506864
138538400 0.923026088 1.641496550 0.500000000 0.500000000 0.000000000 0.000000000 0.849455774 0.238254398 -0.470807374 3.689239500 -0.199329972 0.971034586 0.131755054 -0.384075956 0.488561451 -0.018074024 0.872342229 0.358820864
138605133 0.923026088 1.641496550 0.500000000 0.500000000 0.000000000 0.000000000 0.862782836 0.228659958 -0.450910747 3.811920408 -0.190639734 0.973182559 0.128733262 -0.334387081 0.468254626 -0.025107414 0.883236885 0.304773967
138671867 0.923026088 1.641496550 0.500000000 0.500000000 0.000000000 0.000000000 0.872747660 0.220076650 -0.435749471 3.926449168 -0.183361650 0.975040436 0.125198454 -0.301622929 0.452426612 -0.029366840 0.891317904 0.259932900
138738600 0.923026088 1.641496550 0.500000000 0.500000000 0.000000000 0.000000000 0.884023845 0.209151626 -0.418040007 4.076389791 -0.174442440 0.977318585 0.120075777 -0.267296931 0.433672339 -0.033225920 0.900457859 0.178444097
138805333 0.923026088 1.641496550 0.500000000 0.500000000 0.000000000 0.000000000 0.898054659 0.195813432 -0.393897086 4.252509854 -0.163583085 0.979900897 0.114169925 -0.227446962 0.408336133 -0.038095921 0.912036359 0.074703181
138872067 0.923026088 1.641496550 0.500000000 0.500000000 0.000000000 0.000000000 0.912393689 0.183618411 -0.365817040 4.364649821 -0.153911278 0.982047975 0.109055661 -0.175555016 0.379274517 -0.043198340 0.924275279 -0.014843437
