https://www.youtube.com/watch?v=1pOwbZmQq0E
102435667 0.797978943 1.419114633 0.500000000 0.500000000 0.000000000 0.000000000 0.997591197 0.046019826 -0.051903438 -5.535990161 -0.047076751 0.998704255 -0.019327302 -0.044339784 0.050946746 0.021724191 0.998465061 -0.196712008
102502400 0.797978943 1.419114633 0.500000000 0.500000000 0.000000000 0.000000000 0.997448385 0.050668653 -0.050292712 -5.072369764 -0.051239457 0.998635054 -0.010125092 -0.098766681 0.049711045 0.012676227 0.998683214 -0.112009020
102569133 0.797978943 1.419114633 0.500000000 0.500000000 0.000000000 0.000000000 0.997606933 0.046920754 -0.050782714 -4.621940315 -0.047539726 0.998808205 -0.011049584 -0.056051694 0.050203737 0.013437337 0.998648584 -0.127757994
102635867 0.797978943 1.419114633 0.500000000 0.500000000 0.000000000 0.000000000 0.997988582 0.037471339 -0.051134527 -4.179440152 -0.037795201 0.999271035 -0.005380989 -0.015763101 0.050895616 0.007302804 0.998677254 -0.089656001
102702600 0.797978943 1.419114633 0.500000000 0.500000000 0.000000000 0.000000000 0.998255670 0.027751423 -0.052110393 -3.647110118 -0.027781155 0.999614000 0.000153870 -0.070422082 0.052094553 0.001294085 0.998641312 -0.073279722
102769333 0.797978943 1.419114633 0.500000000 0.500000000 0.000000000 0.000000000 0.998704612 0.022676250 -0.045551155 -3.163340115 -0.022860100 0.999732494 -0.003519211 -0.082924814 0.045459170 0.004555956 0.998955786 -0.076029103
102836067 0.797978943 1.419114633 0.500000000 0.500000000 0.000000000 0.000000000 0.999102831 0.018398702 -0.038144022 -2.503749968 -0.018718246 0.999792516 -0.008037115 -0.008424440 0.037988238 0.008743893 0.999239922 -0.120431999
102902800 0.797978943 1.419114633 0.500000000 0.500000000 0.000000000 0.000000000 0.999297976 0.016515421 -0.033627316 -2.015919934 -0.016756842 0.999835730 -0.006910173 0.033985101 0.033507667 0.007468809 0.999410570 -0.145716996
102969533 0.797978943 1.419114633 0.500000000 0.500000000 0.000000000 0.000000000 0.999406219 0.013039742 -0.031893730 -1.510150015 -0.013170781 0.999905646 -0.003901965 0.107767995 0.031839840 0.004319713 0.999483645 -0.168299006
103036267 0.797978943 1.419114633 0.500000000 0.500000000 0.000000000 0.000000000 0.999361873 0.012967463 -0.033282604 -0.910992040 -0.012986586 0.999915600 -0.000358491 0.080103705 0.033275146 0.000790490 0.999445915 -0.165591008
103103000 0.797978943 1.419114633 0.500000000 0.500000000 0.000000000 0.000000000 0.999288023 0.016789017 -0.033787385 -0.291332015 -0.016841235 0.999857366 -0.001261494 0.093764297 0.033761390 0.001829616 0.999428272 -0.161420016
103169733 0.797978943 1.419114633 0.500000000 0.500000000 0.000000000 0.000000000 0.999180555 0.018629078 -0.035933308 0.368250043 -0.018725626 0.999821901 -0.002352173 0.124843009 0.035883091 0.003023120 0.999351442 -0.179737009
103236467 0.797978943 1.419114633 0.500000000 0.500000000 0.000000000 0.000000000 0.999045134 0.022787349 -0.037276570 1.056619881 -0.022833342 0.999738932 -0.000808497 0.173290987 0.037248414 0.001658873 0.999304652 -0.159002996
103303200 0.797978943 1.419114633 0.500000000 0.500000000 0.000000000 0.000000000 0.998915851 0.023929661 -0.039931253 1.760050092 -0.023920568 0.999713600 0.000705574 0.160840009 0.039936699 0.000250369 0.999202192 -0.125481997
103369933 0.797978943 1.419114633 0.500000000 0.500000000 0.000000000 0.000000000 0.998907864 0.024860378 -0.039560050 2.514349766 -0.024709988 0.999685466 0.004286061 0.103007007 0.039654158 -0.003303851 0.999207973 -0.033641800
103436667 0.797978943 1.419114633 0.500000000 0.500000000 0.000000000 0.000000000 0.998972952 0.028243011 -0.035431102 3.252439852 -0.028157631 0.999599278 0.002906520 0.073093604 0.035498992 -0.001905878 0.999367893 0.040012190
103503400 0.797978943 1.419114633 0.500000000 0.500000000 0.000000000 0.000000000 0.999073863 0.030305650 -0.030543862 3.933719796 -0.030297887 0.999540627 0.000717043 -0.001270495 0.030551562 0.000209037 0.999533176 0.118527999
103570133 0.797978943 1.419114633 0.500000000 0.500000000 0.000000000 0.000000000 0.999315917 0.027976731 -0.024186928 4.634389496 -0.028034830 0.999604821 -0.002066355 -0.048134184 0.024119560 0.002743018 0.999705315 0.192863995
103636867 0.797978943 1.419114633 0.500000000 0.500000000 0.000000000 0.000000000 0.999570727 0.025407599 -0.014588757 5.364889946 -0.025480004 0.999663830 -0.004798761 -0.096798691 0.014461928 0.005168423 0.999882042 0.256315993
103703600 0.797978943 1.419114633 0.500000000 0.500000000 0.000000000 0.000000000 0.999587417 0.028657284 -0.001950548 6.082250426 -0.028667782 0.999573410 -0.005585873 -0.171983012 0.001789640 0.005639486 0.999982476 0.311178000
103770333 0.797978943 1.419114633 0.500000000 0.500000000 0.000000000 0.000000000 0.999349177 0.033096574 0.014347202 6.753810160 -0.032970458 0.999416351 -0.008939390 -0.347310008 -0.014634692 0.008460538 0.999857128 0.367036026
