https://www.youtube.com/watch?v=wk0MtW6Awtc
12742478 0.855104087 1.520704998 0.500000000 0.500000000 0.000000000 0.000000000 0.996902645 -0.019247027 0.076254226 3.542749911 0.025938859 0.995803654 -0.087762415 -2.718710009 -0.074245073 0.089468524 0.993218541 3.943620137
12809367 0.855104087 1.520704998 0.500000000 0.500000000 0.000000000 0.000000000 0.996820927 -0.028585289 0.074370503 3.295570219 0.035396744 0.995134771 -0.091945156 -2.467510181 -0.071380392 0.094285324 0.992982924 3.704340005
12876256 0.855104087 1.520704998 0.500000000 0.500000000 0.000000000 0.000000000 0.995966673 -0.036790024 0.081834309 2.997449951 0.044235084 0.994858027 -0.091108739 -2.307640150 -0.078061618 0.094361216 0.992472827 3.513139911
12943144 0.855104087 1.520704998 0.500000000 0.500000000 0.000000000 0.000000000 0.994801819 -0.046754763 0.090461992 2.640850148 0.054981411 0.994359732 -0.090696275 -2.151840218 -0.085711278 0.095198542 0.991761506 3.325690510
13010033 0.855104087 1.520704998 0.500000000 0.500000000 0.000000000 0.000000000 0.993487120 -0.057143446 0.098579906 2.368710074 0.066056982 0.993779361 -0.089661136 -2.033129897 -0.092843123 0.095589072 0.991081655 3.142919783
13076922 0.855104087 1.520704998 0.500000000 0.500000000 0.000000000 0.000000000 0.992046475 -0.065917574 0.107231781 2.112060145 0.075788833 0.992986023 -0.090745665 -1.906700011 -0.100497931 0.098150887 0.990084112 2.962429908
13143811 0.855104087 1.520704998 0.500000000 0.500000000 0.000000000 0.000000000 0.990426421 -0.072917357 0.117211305 1.858769865 0.083845839 0.992298365 -0.091180228 -1.840409896 -0.109659962 0.100134991 0.988912344 2.812030002
13210711 0.855104087 1.520704998 0.500000000 0.500000000 0.000000000 0.000000000 0.988949358 -0.078985818 0.125460923 1.692860027 0.091097184 0.991402864 -0.093923420 -1.800309816 -0.116963692 0.104314640 0.987642586 2.651569846
13277600 0.855104087 1.520704998 0.500000000 0.500000000 0.000000000 0.000000000 0.987397969 -0.080352984 0.136340216 1.560920026 0.094379522 0.990527570 -0.099738069 -1.760520114 -0.127034500 0.111348890 0.985628545 2.467080027
13344489 0.855104087 1.520704998 0.500000000 0.500000000 0.000000000 0.000000000 0.985619962 -0.075971238 0.150936097 1.353899949 0.092362337 0.990202606 -0.104728006 -1.607759886 -0.141501009 0.117162816 0.982980311 2.213849905
13411378 0.855104087 1.520704998 0.500000000 0.500000000 0.000000000 0.000000000 0.984211028 -0.074398302 0.160603613 1.090880067 0.092193119 0.990045786 -0.106347397 -1.506170016 -0.151092857 0.119474828 0.981272995 2.083869911
13478267 0.855104087 1.520704998 0.500000000 0.500000000 0.000000000 0.000000000 0.983770967 -0.074843504 0.163073897 0.936975977 0.093351863 0.989653587 -0.108955003 -1.446769955 -0.153232098 0.122410022 0.980579257 1.914079843
13545156 0.855104087 1.520704998 0.500000000 0.500000000 0.000000000 0.000000000 0.983310223 -0.072801933 0.166735917 0.838906018 0.092613652 0.989119768 -0.114301316 -1.327469968 -0.156600446 0.127835676 0.979354084 1.690090079
13612044 0.855104087 1.520704998 0.500000000 0.500000000 0.000000000 0.000000000 0.982264757 -0.068218894 0.174648553 0.686815011 0.089472182 0.989109993 -0.116859652 -1.208170042 -0.164774597 0.130413309 0.977671564 1.420079981
13678933 0.855104087 1.520704998 0.500000000 0.500000000 0.000000000 0.000000000 0.981365144 -0.064602911 0.180966571 0.406675983 0.086840272 0.989235163 -0.117781587 -1.081819915 -0.171409473 0.131301939 0.976411045 1.219720046
13745822 0.855104087 1.520704998 0.500000000 0.500000000 0.000000000 0.000000000 0.981825888 -0.062512979 0.179192618 0.223408955 0.084938377 0.989092708 -0.120337225 -0.942135965 -0.169715479 0.133370548 0.976426601 0.979358826
13812711 0.855104087 1.520704998 0.500000000 0.500000000 0.000000000 0.000000000 0.983141959 -0.057455540 0.173582107 0.080412789 0.079564452 0.989184499 -0.123221397 -0.744626964 -0.164624989 0.134955078 0.977080226 0.712154992
13879600 0.855104087 1.520704998 0.500000000 0.500000000 0.000000000 0.000000000 0.983514011 -0.051365294 0.173383579 -0.063328816 0.073209487 0.989821255 -0.122042194 -0.482173030 -0.165350035 0.132723525 0.977263451 0.432835995
13946489 0.855104087 1.520704998 0.500000000 0.500000000 0.000000000 0.000000000 0.983353376 -0.053815551 0.173551202 -0.352257992 0.074859060 0.990297019 -0.117080934 -0.348125993 -0.165566474 0.128123805 0.977840483 0.169686013
14013378 0.855104087 1.520704998 0.500000000 0.500000000 0.000000000 0.000000000 0.984717131 -0.059191629 0.163794234 -0.385244007 0.079291940 0.989719033 -0.119033881 -0.184692003 -0.155064479 0.130202249 0.979286671 -0.144451991
14080267 0.855104087 1.520704998 0.500000000 0.500000000 0.000000000 0.000000000 0.984016418 -0.058565013 0.168172002 -0.435050016 0.080132775 0.988982439 -0.124468870 0.073893881 -0.159029633 0.135955513 0.977867901 -0.492220999
14147156 0.855104087 1.520704998 0.500000000 0.500000000 0.000000000 0.000000000 0.982394516 -0.060393468 0.176787019 -0.644472008 0.083811551 0.988207459 -0.128147140 0.343834061 -0.166963011 0.140707836 0.975871265 -0.830119075
14214056 0.855104087 1.520704998 0.500000000 0.500000000 0.000000000 0.000000000 0.981780171 -0.065944597 0.178210378 -0.868386927 0.090117961 0.987258494 -0.131146446 0.535215016 -0.167291313 0.144816950 0.975213647 -1.061499942
14280944 0.855104087 1.520704998 0.500000000 0.500000000 0.000000000 0.000000000 0.982558966 -0.064870395 0.174269170 -0.884655001 0.089340992 0.986608505 -0.136461914 0.787941061 -0.163083106 0.149651259 0.975196600 -1.415320054
14347833 0.855104087 1.520704998 0.500000000 0.500000000 0.000000000 0.000000000 0.982286692 -0.056957100 0.178517938 -0.989967874 0.082984254 0.986396194 -0.141901910 1.113720017 -0.168007076 0.154202551 0.973650396 -1.753239795
14414722 0.855104087 1.520704998 0.500000000 0.500000000 0.000000000 0.000000000 0.981410265 -0.053257693 0.184384167 -1.312209950 0.079811759 0.986967504 -0.139732569 1.337049984 -0.174539357 0.151850998 0.972870648 -1.979060048
14481611 0.855104087 1.520704998 0.500000000 0.500000000 0.000000000 0.000000000 0.983249366 -0.049870308 0.175310224 -1.370310131 0.075093865 0.987252891 -0.140330732 1.556000184 -0.166077197 0.151144803 0.974460721 -2.263390417
14548500 0.855104087 1.520704998 0.500000000 0.500000000 0.000000000 0.000000000 0.983926654 -0.044143043 0.173031121 -1.408130135 0.069308273 0.987406731 -0.142212063 1.710530031 -0.164574414 0.151918739 0.974595249 -2.582559805
14615389 0.855104087 1.520704998 0.500000000 0.500000000 0.000000000 0.000000000 0.981552541 -0.041692667 0.186591431 -1.622990024 0.069266036 0.987181127 -0.143790230 1.946439921 -0.178204551 0.154062107 0.971858025 -2.846420052
14682278 0.855104087 1.520704998 0.500000000 0.500000000 0.000000000 0.000000000 0.980199397 -0.045218896 0.192780554 -1.910539815 0.073925272 0.986750960 -0.144421652 2.161409996 -0.183695793 0.155813381 0.970555484 -3.047359702
14749167 0.855104087 1.520704998 0.500000000 0.500000000 0.000000000 0.000000000 0.980149090 -0.049526878 0.191976190 -2.011610098 0.077572562 0.986901820 -0.141447172 2.381599700 -0.182456195 0.153531417 0.971152842 -3.262239837
14816056 0.855104087 1.520704998 0.500000000 0.500000000 0.000000000 0.000000000 0.978221655 -0.049680434 0.201529860 -2.223360046 0.078181006 0.987615705 -0.136025310 2.563449708 -0.192276269 0.148818702 0.969991148 -3.491260224
14882944 0.855104087 1.520704998 0.500000000 0.500000000 0.000000000 0.000000000 0.976092875 -0.053076878 0.210773602 -2.536200066 0.081831604 0.988113463 -0.130136222 2.699150257 -0.201361015 0.144272983 0.968833864 -3.702420172
14949833 0.855104087 1.520704998 0.500000000 0.500000000 0.000000000 0.000000000 0.974347651 -0.057050571 0.217696950 -2.824500205 0.086066037 0.988261878 -0.126218379 2.903559985 -0.207940772 0.141716868 0.967820764 -3.930860370
15016722 0.855104087 1.520704998 0.500000000 0.500000000 0.000000000 0.000000000 0.971218228 -0.061594944 0.230089635 -3.228960204 0.090328954 0.989073634 -0.116507553 3.065919802 -0.220399320 0.133938015 0.966170132 -4.084280179
15083611 0.855104087 1.520704998 0.500000000 0.500000000 0.000000000 0.000000000 0.968712747 -0.067047015 0.238956645 -3.710089571 0.094803244 0.989770651 -0.106613114 3.219099684 -0.229364172 0.125931367 0.965159714 -4.271780013
15150500 0.855104087 1.520704998 0.500000000 0.500000000 0.000000000 0.000000000 0.966588438 -0.075422794 0.244986281 -4.080090340 0.102833465 0.989549518 -0.101079404 3.382580217 -0.234802380 0.122894958 0.964243054 -4.510159980
