https://www.youtube.com/watch?v=nWuPCFiFExM
121454667 0.863619599 1.559313327 0.500000000 0.500000000 0.000000000 0.000000000 0.992379010 0.020009013 -0.121587560 0.551964865 -0.019166021 0.999783516 0.008098905 -0.287253997 0.121723294 -0.005706834 0.992547691 5.700980732
121921800 0.863619599 1.559313327 0.500000000 0.500000000 0.000000000 0.000000000 0.995166302 -0.019818474 -0.096183658 -0.513697981 0.019252352 0.999791443 -0.006810393 -0.208500984 0.096298575 0.004925714 0.995340288 1.569609994
122255467 0.863619599 1.559313327 0.500000000 0.500000000 0.000000000 0.000000000 0.991792679 -0.000143888 -0.127856642 0.011437368 -0.001598165 0.999907315 -0.013522361 0.059222201 0.127846748 0.013615715 0.991700470 -1.493139960
122322200 0.863619599 1.559313327 0.500000000 0.500000000 0.000000000 0.000000000 0.990979552 -0.003316053 -0.133972362 0.083551009 0.000413565 0.999764740 -0.021686865 0.098436905 0.134012744 0.021435833 0.990747750 -2.095439996
122388933 0.863619599 1.559313327 0.500000000 0.500000000 0.000000000 0.000000000 0.989980638 -0.008217100 -0.140963763 0.121879983 0.004956889 0.999712408 -0.023463549 0.153551000 0.141116023 0.022529716 0.989736676 -2.743429787
122455667 0.863619599 1.559313327 0.500000000 0.500000000 0.000000000 0.000000000 0.986693442 -0.013501765 -0.162030146 0.191791075 0.011959074 0.999873459 -0.010492603 0.193878990 0.162151292 0.008415255 0.986730039 -3.433100085
122522400 0.863619599 1.559313327 0.500000000 0.500000000 0.000000000 0.000000000 0.985355139 -0.010926951 -0.170164093 0.270731995 0.009815302 0.999924660 -0.007372709 0.217816010 0.170231834 0.005594526 0.985388160 -4.014659892
122589133 0.863619599 1.559313327 0.500000000 0.500000000 0.000000000 0.000000000 0.983500421 -0.015464416 -0.180243626 0.382313054 0.014495684 0.999872565 -0.006690576 0.246739020 0.180324122 0.003967430 0.983599246 -4.447090364
122655867 0.863619599 1.559313327 0.500000000 0.500000000 0.000000000 0.000000000 0.979357719 -0.026601622 -0.200376660 0.594626947 0.024627319 0.999620557 -0.012339628 0.305139029 0.200628877 0.007150170 0.979641199 -4.853549229
122722600 0.863619599 1.559313327 0.500000000 0.500000000 0.000000000 0.000000000 0.971840978 -0.024173290 -0.234394461 0.978048085 0.021278430 0.999662995 -0.014871905 0.406147021 0.234674960 0.009465577 0.972027779 -5.289749778
122789333 0.863619599 1.559313327 0.500000000 0.500000000 0.000000000 0.000000000 0.957031190 -0.010805593 -0.289783537 1.598389928 0.008186321 0.999913990 -0.010249366 0.531829076 0.289869368 0.007436700 0.957037330 -5.692009775
122856067 0.863619599 1.559313327 0.500000000 0.500000000 0.000000000 0.000000000 0.940695763 0.007026718 -0.339178681 2.368890202 -0.008294605 0.999962986 -0.002288594 0.643153109 0.339150071 0.004966222 0.940719247 -6.004190793
