https://www.youtube.com/watch?v=3sTY7DqkgsM
97464033 0.805117291 1.443658602 0.500000000 0.500000000 0.000000000 0.000000000 0.994401574 0.049664553 -0.093268208 -5.624000033 -0.053774986 0.997665763 -0.042086195 -2.872710175 0.090960301 0.046866078 0.994751096 1.191920083
97497400 0.805117291 1.443658602 0.500000000 0.500000000 0.000000000 0.000000000 0.993185759 0.055786945 -0.102322586 -5.467190081 -0.060778685 0.997075379 -0.046331286 -2.775069952 0.099438660 0.052234598 0.993671715 1.068850064
97530767 0.805117291 1.443658602 0.500000000 0.500000000 0.000000000 0.000000000 0.991879642 0.062614463 -0.110698856 -5.325180301 -0.068471499 0.996403277 -0.049921274 -2.663170164 0.107174911 0.057095617 0.992599428 0.937475928
97564133 0.805117291 1.443658602 0.500000000 0.500000000 0.000000000 0.000000000 0.990380764 0.069308221 -0.119759306 -5.191249860 -0.076123625 0.995672822 -0.053299051 -2.545229658 0.115547031 0.061902869 0.991371214 0.804645927
97597500 0.805117291 1.443658602 0.500000000 0.500000000 0.000000000 0.000000000 0.988699496 0.075993709 -0.129221573 -5.041809716 -0.083859973 0.994871259 -0.056556802 -2.423749926 0.124260865 0.066754200 0.990001559 0.664243032
97630867 0.805117291 1.443658602 0.500000000 0.500000000 0.000000000 0.000000000 0.986963809 0.083023183 -0.137875170 -4.887600014 -0.091932617 0.993982971 -0.059550427 -2.300689984 0.132101506 0.071449347 0.988657773 0.529631990
97664233 0.805117291 1.443658602 0.500000000 0.500000000 0.000000000 0.000000000 0.985181749 0.090074278 -0.145957202 -4.735610142 -0.099998601 0.993045628 -0.062134162 -2.176849981 0.139345467 0.075808972 0.987337768 0.394095982
97697600 0.805117291 1.443658602 0.500000000 0.500000000 0.000000000 0.000000000 0.983215153 0.097145431 -0.154436678 -4.579360076 -0.108154483 0.992036939 -0.064539537 -2.043819794 0.146937162 0.080159277 0.985892475 0.268815949
97730967 0.805117291 1.443658602 0.500000000 0.500000000 0.000000000 0.000000000 0.980978251 0.104436994 -0.163629234 -4.413859874 -0.116618857 0.990936100 -0.066676140 -1.908259953 0.155182660 0.084490120 0.984266102 0.149752922
97764333 0.805117291 1.443658602 0.500000000 0.500000000 0.000000000 0.000000000 0.978644371 0.111722343 -0.172549456 -4.239170330 -0.125008523 0.989814222 -0.068122640 -1.772980103 0.163181096 0.088237986 0.982642353 0.040095330
97797700 0.805117291 1.443658602 0.500000000 0.500000000 0.000000000 0.000000000 0.976228356 0.119174257 -0.181040555 -4.063350293 -0.133610621 0.988578737 -0.069715559 -1.640149813 0.170664549 0.092247248 0.981001556 -0.066601557
97831067 0.805117291 1.443658602 0.500000000 0.500000000 0.000000000 0.000000000 0.973615944 0.126969844 -0.189606503 -3.899849684 -0.142615020 0.987211645 -0.071232408 -1.499169734 0.178137377 0.096393764 0.979272842 -0.185165932
97864433 0.805117291 1.443658602 0.500000000 0.500000000 0.000000000 0.000000000 0.970845163 0.134552732 -0.198381439 -3.746689969 -0.151378855 0.985837281 -0.072175793 -1.357850022 0.185860351 0.100102283 0.977463782 -0.270230003
97897800 0.805117291 1.443658602 0.500000000 0.500000000 0.000000000 0.000000000 0.968063354 0.142030597 -0.206592858 -3.606759756 -0.159919590 0.984460175 -0.072552390 -1.228419867 0.193077773 0.103273593 0.975733280 -0.329412977
97931167 0.805117291 1.443658602 0.500000000 0.500000000 0.000000000 0.000000000 0.965356767 0.149063542 -0.214164332 -3.469419953 -0.167945161 0.983107924 -0.072754599 -1.103390143 0.199701592 0.106202029 0.974084377 -0.387887048
97964533 0.805117291 1.443658602 0.500000000 0.500000000 0.000000000 0.000000000 0.962712288 0.155773342 -0.221178040 -3.351639954 -0.175582200 0.981769383 -0.072799556 -0.986627036 0.205805615 0.108919941 0.972512484 -0.440957022
97997900 0.805117291 1.443658602 0.500000000 0.500000000 0.000000000 0.000000000 0.959667861 0.162111849 -0.229689732 -3.253079998 -0.183025271 0.980413795 -0.072736248 -0.891901961 0.213399574 0.111841664 0.970542133 -0.488647028
98031267 0.805117291 1.443658602 0.500000000 0.500000000 0.000000000 0.000000000 0.955879033 0.168194145 -0.240844443 -3.161510100 -0.190555811 0.978987157 -0.072612815 -0.797444933 0.223570570 0.115303360 0.967843652 -0.531865988
98064633 0.805117291 1.443658602 0.500000000 0.500000000 0.000000000 0.000000000 0.951338947 0.174364328 -0.254069209 -3.047509561 -0.198423386 0.977456212 -0.072162934 -0.695780865 0.235758856 0.119064726 0.964490175 -0.564957880
98098000 0.805117291 1.443658602 0.500000000 0.500000000 0.000000000 0.000000000 0.947001815 0.180015787 -0.266048640 -2.921310090 -0.205640897 0.976005614 -0.071587905 -0.605602823 0.246778026 0.122504354 0.961297691 -0.591570093
98131367 0.805117291 1.443658602 0.500000000 0.500000000 0.000000000 0.000000000 0.943000019 0.185865059 -0.276052833 -2.804570135 -0.212860033 0.974499166 -0.071006976 -0.513007030 0.255815566 0.125720188 0.958515942 -0.634542063
98164733 0.805117291 1.443658602 0.500000000 0.500000000 0.000000000 0.000000000 0.938993990 0.190425128 -0.286406070 -2.682899583 -0.218816757 0.973228693 -0.070321076 -0.437630884 0.265347689 0.128701568 0.955524147 -0.699495814
98198100 0.805117291 1.443658602 0.500000000 0.500000000 0.000000000 0.000000000 0.934345424 0.194483683 -0.298621416 -2.516720293 -0.224853113 0.971831024 -0.070608512 -0.334347973 0.276477337 0.133118689 0.951756120 -0.865551073
98231467 0.805117291 1.443658602 0.500000000 0.500000000 0.000000000 0.000000000 0.930133581 0.198867202 -0.308712542 -2.375650097 -0.230546147 0.970584154 -0.069389373 -0.267643007 0.285832286 0.135713831 0.948620975 -0.904430126
98264833 0.805117291 1.443658602 0.500000000 0.500000000 0.000000000 0.000000000 0.925866187 0.203141421 -0.318598926 -2.232019659 -0.236106545 0.969339371 -0.068079457 -0.215954968 0.295000732 0.138255820 0.945441604 -0.917559007
98298200 0.805117291 1.443658602 0.500000000 0.500000000 0.000000000 0.000000000 0.921828628 0.207358122 -0.327466786 -2.084499949 -0.241554081 0.968073010 -0.066979825 -0.176393010 0.303122938 0.140844882 0.942485631 -0.917244940
98331567 0.805117291 1.443658602 0.500000000 0.500000000 0.000000000 0.000000000 0.918080807 0.211650133 -0.335159510 -1.940299979 -0.246935695 0.966788709 -0.065896846 -0.132162994 0.310081333 0.143261462 0.939854085 -0.905576921
98364933 0.805117291 1.443658602 0.500000000 0.500000000 0.000000000 0.000000000 0.914397001 0.215766057 -0.342524707 -1.796060062 -0.252053410 0.965551496 -0.064648375 -0.097023046 0.316776335 0.145448759 0.937281966 -0.888454068
98398300 0.805117291 1.443658602 0.500000000 0.500000000 0.000000000 0.000000000 0.910662532 0.219666526 -0.349914849 -1.656190026 -0.257191360 0.964237094 -0.064026877 -0.070062989 0.323336303 0.148301929 0.934590936 -0.868358056
98431667 0.805117291 1.443658602 0.500000000 0.500000000 0.000000000 0.000000000 0.906614304 0.223888680 -0.357665211 -1.507040121 -0.262749255 0.962782562 -0.063344464 -0.044319454 0.330171734 0.151405260 0.931699038 -0.846721045
98465033 0.805117291 1.443658602 0.500000000 0.500000000 0.000000000 0.000000000 0.902745008 0.227220267 -0.365270048 -1.344889763 -0.267533481 0.961480558 -0.063094690 -0.030526632 0.336863607 0.154680476 0.928760827 -0.810471840
98498400 0.805117291 1.443658602 0.500000000 0.500000000 0.000000000 0.000000000 0.898920178 0.230702788 -0.372449398 -1.177239804 -0.272605866 0.960042894 -0.063273862 -0.014814308 0.342969954 0.158410102 0.925892949 -0.770203956
98531767 0.805117291 1.443658602 0.500000000 0.500000000 0.000000000 0.000000000 0.895107746 0.234051317 -0.379476070 -1.015409971 -0.277507752 0.958634198 -0.063323379 0.005742152 0.348957837 0.161988825 0.923031986 -0.722269040
98565133 0.805117291 1.443658602 0.500000000 0.500000000 0.000000000 0.000000000 0.891193271 0.237000868 -0.386787862 -0.854846786 -0.282176018 0.957251430 -0.063610911 0.024771658 0.355177373 0.165831998 0.919972062 -0.667119858
98598500 0.805117291 1.443658602 0.500000000 0.500000000 0.000000000 0.000000000 0.887006164 0.240016595 -0.394477338 -0.691873249 -0.286988944 0.955809832 -0.063757248 0.035624237 0.361742586 0.169763595 0.916691244 -0.607793105
98631867 0.805117291 1.443658602 0.500000000 0.500000000 0.000000000 0.000000000 0.882750273 0.242649376 -0.402334988 -0.530398156 -0.291664124 0.954353273 -0.064357825 0.051299640 0.368353367 0.174158484 0.913227677 -0.538386122
98665233 0.805117291 1.443658602 0.500000000 0.500000000 0.000000000 0.000000000 0.878467679 0.245529383 -0.409890294 -0.368653088 -0.296552271 0.952814579 -0.064816490 0.058101943 0.374635100 0.178492993 0.909829080 -0.477240087
98698600 0.805117291 1.443658602 0.500000000 0.500000000 0.000000000 0.000000000 0.874353290 0.248196974 -0.417018682 -0.207513999 -0.301247388 0.951298237 -0.065434255 0.064468897 0.380468577 0.182838440 0.906539440 -0.416999014
98731967 0.805117291 1.443658602 0.500000000 0.500000000 0.000000000 0.000000000 0.870507002 0.250763118 -0.423480332 -0.046229413 -0.305881441 0.949753046 -0.066376090 0.085558944 0.385557115 0.187315524 0.903470397 -0.353111078
98765333 0.805117291 1.443658602 0.500000000 0.500000000 0.000000000 0.000000000 0.866684854 0.253358185 -0.429729015 0.106054996 -0.310503125 0.948194444 -0.067194760 0.105096005 0.390442342 0.191668868 0.900454223 -0.295553998
98798700 0.805117291 1.443658602 0.500000000 0.500000000 0.000000000 0.000000000 0.862820745 0.255984038 -0.435904473 0.253501032 -0.315143496 0.946612477 -0.067892663 0.124884048 0.395253211 0.195951551 0.897428572 -0.237388039
98832067 0.805117291 1.443658602 0.500000000 0.500000000 0.000000000 0.000000000 0.858765244 0.258341432 -0.442472577 0.393952024 -0.319569588 0.945088446 -0.068433106 0.143096014 0.400496602 0.200168729 0.894167185 -0.177192009
98865433 0.805117291 1.443658602 0.500000000 0.500000000 0.000000000 0.000000000 0.855222344 0.258354872 -0.449274302 0.532279999 -0.322050959 0.944121361 -0.070128277 0.165785974 0.406051457 0.204664513 0.890637159 -0.110941001
98898800 0.805117291 1.443658602 0.500000000 0.500000000 0.000000000 0.000000000 0.851784050 0.257225573 -0.456397831 0.678819032 -0.323651731 0.943407357 -0.072333656 0.180874038 0.411963046 0.209326565 0.886830807 -0.054543514
98932167 0.805117291 1.443658602 0.500000000 0.500000000 0.000000000 0.000000000 0.848209381 0.257247031 -0.462995529 0.829187045 -0.326345146 0.942326427 -0.074295118 0.189496953 0.417180717 0.214114144 0.883241415 -0.011049974
98965533 0.805117291 1.443658602 0.500000000 0.500000000 0.000000000 0.000000000 0.845317721 0.256219238 -0.468817621 0.972435320 -0.327963144 0.941567004 -0.076758072 0.204908068 0.421756357 0.218639746 0.879953623 0.022692567
98998900 0.805117291 1.443658602 0.500000000 0.500000000 0.000000000 0.000000000 0.842467427 0.254568160 -0.474808991 1.114719841 -0.329244792 0.940871477 -0.079741627 0.228032935 0.426434517 0.223508149 0.876468837 0.064255170
99032267 0.805117291 1.443658602 0.500000000 0.500000000 0.000000000 0.000000000 0.839300573 0.253051490 -0.481185555 1.261260047 -0.330778092 0.940089464 -0.082569420 0.250451055 0.431463122 0.228466183 0.872721493 0.116475995
99065633 0.805117291 1.443658602 0.500000000 0.500000000 0.000000000 0.000000000 0.835902929 0.251105517 -0.488069683 1.413429544 -0.332153410 0.939333558 -0.085594572 0.270568889 0.436966926 0.233662903 0.868597329 0.158935940
99099000 0.805117291 1.443658602 0.500000000 0.500000000 0.000000000 0.000000000 0.831857979 0.249362588 -0.495813340 1.563050513 -0.333911598 0.938465476 -0.088236690 0.296483083 0.443300813 0.238958091 0.863934994 0.226944041
99132367 0.805117291 1.443658602 0.500000000 0.500000000 0.000000000 0.000000000 0.827471495 0.247951716 -0.503796697 1.713090395 -0.336189598 0.937404871 -0.090822853 0.322610148 0.449741840 0.244524419 0.859034538 0.311884094
99165733 0.805117291 1.443658602 0.500000000 0.500000000 0.000000000 0.000000000 0.822910666 0.247397810 -0.511480570 1.861800002 -0.339007050 0.936217189 -0.092583068 0.330293007 0.455952078 0.249583125 0.854292691 0.401088041
99199100 0.805117291 1.443658602 0.500000000 0.500000000 0.000000000 0.000000000 0.818877161 0.247175455 -0.518019438 1.993969247 -0.342180490 0.934834361 -0.094852805 0.343423804 0.460817039 0.254929096 0.850093246 0.444806765
99232467 0.805117291 1.443658602 0.500000000 0.500000000 0.000000000 0.000000000 0.814703107 0.247187346 -0.524554729 2.146860756 -0.345337898 0.933508515 -0.096455961 0.345136086 0.465833664 0.259731442 0.845895290 0.570778248
99265833 0.805117291 1.443658602 0.500000000 0.500000000 0.000000000 0.000000000 0.811118960 0.246794015 -0.530262649 2.299529243 -0.347769231 0.932445467 -0.097989514 0.343819954 0.470257699 0.263890326 0.842151642 0.704392752
99299200 0.805117291 1.443658602 0.500000000 0.500000000 0.000000000 0.000000000 0.807457566 0.247381017 -0.535550773 2.446039162 -0.350818366 0.931218386 -0.098786406 0.320429930 0.474276811 0.267646968 0.838705182 0.842740725
99332567 0.805117291 1.443658602 0.500000000 0.500000000 0.000000000 0.000000000 0.804294407 0.247672439 -0.540156424 2.592360426 -0.353446007 0.930115461 -0.099805750 0.299923062 0.477688730 0.271189302 0.835625470 0.984868227
99365933 0.805117291 1.443658602 0.500000000 0.500000000 0.000000000 0.000000000 0.801614165 0.247682825 -0.544121325 2.737170119 -0.355587482 0.929180682 -0.100900091 0.276282127 0.480595797 0.274365634 0.832917333 1.133080064
99399300 0.805117291 1.443658602 0.500000000 0.500000000 0.000000000 0.000000000 0.799531221 0.247089654 -0.547445536 2.878530279 -0.356959730 0.928506792 -0.102249578 0.245332133 0.483042121 0.277167678 0.830571175 1.290450182
99432667 0.805117291 1.443658602 0.500000000 0.500000000 0.000000000 0.000000000 0.797989488 0.245851785 -0.550245225 3.022650344 -0.357520670 0.928118289 -0.103805073 0.216299083 0.485172004 0.279559344 0.828525662 1.453490159
99466033 0.805117291 1.443658602 0.500000000 0.500000000 0.000000000 0.000000000 0.797125459 0.244321600 -0.552175581 3.165769796 -0.357383460 0.928001761 -0.105308160 0.185934048 0.486690819 0.281282246 0.827050328 1.621569777
99499400 0.805117291 1.443658602 0.500000000 0.500000000 0.000000000 0.000000000 0.796712339 0.242853016 -0.553418636 3.307531085 -0.356862754 0.928067446 -0.106489107 0.146139230 0.487748623 0.282335579 0.826067865 1.781190498
99532767 0.805117291 1.443658602 0.500000000 0.500000000 0.000000000 0.000000000 0.796448469 0.242027745 -0.554159105 3.445029589 -0.356618226 0.928079247 -0.107202277 0.101050987 0.488357604 0.283004344 0.825478852 1.939759759
99566133 0.805117291 1.443658602 0.500000000 0.500000000 0.000000000 0.000000000 0.795906782 0.242960230 -0.554529071 3.570019000 -0.357529610 0.927791476 -0.106655769 0.049962656 0.488574177 0.283148736 0.825301051 2.098479317
99599500 0.805117291 1.443658602 0.500000000 0.500000000 0.000000000 0.000000000 0.795130908 0.244817376 -0.554825127 3.688828282 -0.358804166 0.927493751 -0.104951225 -0.003697737 0.488902867 0.282523692 0.825320542 2.256938724
99632867 0.805117291 1.443658602 0.500000000 0.500000000 0.000000000 0.000000000 0.794725895 0.245922923 -0.554916680 3.788849825 -0.358977497 0.927644849 -0.103005603 -0.046334828 0.489434153 0.281063914 0.825504184 2.428609786
99666233 0.805117291 1.443658602 0.500000000 0.500000000 0.000000000 0.000000000 0.794076324 0.247187898 -0.555284441 3.876819619 -0.358766437 0.928064346 -0.099915653 -0.087590668 0.490641743 0.278558165 0.825636625 2.588449439
99699600 0.805117291 1.443658602 0.500000000 0.500000000 0.000000000 0.000000000 0.793565154 0.247750983 -0.555764437 3.972781071 -0.357486039 0.928935945 -0.096342519 -0.133597042 0.492400646 0.275131941 0.825738609 2.756460565
99732967 0.805117291 1.443658602 0.500000000 0.500000000 0.000000000 0.000000000 0.793929338 0.247031718 -0.555563927 4.079468927 -0.354862422 0.930232525 -0.093488194 -0.170898980 0.493709058 0.271371901 0.826201200 2.916859264
99766333 0.805117291 1.443658602 0.500000000 0.500000000 0.000000000 0.000000000 0.796204925 0.244054973 -0.553619623 4.195959291 -0.349165559 0.932629287 -0.091027185 -0.189960116 0.494106174 0.265781283 0.827779651 3.071449135
99799700 0.805117291 1.443658602 0.500000000 0.500000000 0.000000000 0.000000000 0.799357533 0.242375076 -0.549801767 4.332290651 -0.343665838 0.935009956 -0.087465748 -0.206404025 0.492870629 0.258864403 0.830703259 3.217080499
99833067 0.805117291 1.443658602 0.500000000 0.500000000 0.000000000 0.000000000 0.804895639 0.240469113 -0.542510629 4.518450702 -0.337162673 0.937635601 -0.084622167 -0.193679181 0.488328308 0.251026243 0.835775971 3.342071067
99866433 0.805117291 1.443658602 0.500000000 0.500000000 0.000000000 0.000000000 0.812102437 0.239041224 -0.532305658 4.712961708 -0.329393029 0.940793216 -0.080052845 -0.186493194 0.481653661 0.240348727 0.842758894 3.439151327
99899800 0.805117291 1.443658602 0.500000000 0.500000000 0.000000000 0.000000000 0.820986807 0.237400427 -0.519251168 4.921470588 -0.321462810 0.943806052 -0.076758169 -0.187964037 0.471849978 0.229937345 0.851167679 3.514070156
99933167 0.805117291 1.443658602 0.500000000 0.500000000 0.000000000 0.000000000 0.830808580 0.234614328 -0.504691124 5.171169893 -0.312617540 0.946959972 -0.074411720 -0.156075120 0.460464209 0.219597220 0.860087037 3.568879781
99966533 0.805117291 1.443658602 0.500000000 0.500000000 0.000000000 0.000000000 0.842081904 0.231238365 -0.487264365 5.450088181 -0.301958501 0.950697899 -0.070671946 -0.113256814 0.446899086 0.206645310 0.870389938 3.583909032
99999900 0.805117291 1.443658602 0.500000000 0.500000000 0.000000000 0.000000000 0.854555607 0.227614790 -0.466825902 5.719161578 -0.291263491 0.954229176 -0.067914464 -0.088579769 0.430000603 0.194005936 0.881737709 3.582231303
