https://www.youtube.com/watch?v=XQizfcA7f3I
88321567 0.956810103 1.701577503 0.500000000 0.500000000 0.000000000 0.000000000 0.988001823 -0.071712114 0.136783734 -1.864820084 0.067180924 0.997037113 0.037466194 -1.142420014 -0.139065251 -0.027827401 0.989892125 5.632979675
88388300 0.956810103 1.701577503 0.500000000 0.500000000 0.000000000 0.000000000 0.987444282 -0.068213753 0.142480522 -1.712720147 0.065083928 0.997527361 0.026518293 -1.080090059 -0.143937141 -0.016912155 0.989442289 5.214769792
88455033 0.956810103 1.701577503 0.500000000 0.500000000 0.000000000 0.000000000 0.986785293 -0.065786004 0.148077488 -1.563409988 0.063280821 0.997762620 0.021571349 -1.012779970 -0.149165273 -0.011915818 0.988740444 4.776049438
88521767 0.956810103 1.701577503 0.500000000 0.500000000 0.000000000 0.000000000 0.985767305 -0.062983476 0.155871466 -1.423679923 0.060358889 0.997944772 0.021519056 -0.928489978 -0.156906471 -0.011804545 0.987542927 4.357349905
88588500 0.956810103 1.701577503 0.500000000 0.500000000 0.000000000 0.000000000 0.983951330 -0.060878895 0.167730480 -1.274209902 0.057483681 0.998032689 0.025028137 -0.858709954 -0.168924183 -0.014984703 0.985515118 3.929819853
88655233 0.956810103 1.701577503 0.500000000 0.500000000 0.000000000 0.000000000 0.981359899 -0.060720645 0.182334393 -1.128600059 0.056272894 0.997980297 0.029473606 -0.786132034 -0.183755785 -0.018663742 0.982794762 3.495690193
88721967 0.956810103 1.701577503 0.500000000 0.500000000 0.000000000 0.000000000 0.978224397 -0.064906381 0.197139993 -0.997651917 0.058940470 0.997612655 0.035986692 -0.717298927 -0.199005112 -0.023583524 0.979714632 3.052039957
88788700 0.956810103 1.701577503 0.500000000 0.500000000 0.000000000 0.000000000 0.975023568 -0.072266996 0.210015640 -0.881499066 0.064932272 0.997021258 0.041621890 -0.632856041 -0.212397948 -0.026945548 0.976811707 2.615240091
88855433 0.956810103 1.701577503 0.500000000 0.500000000 0.000000000 0.000000000 0.972614527 -0.081691831 0.217594489 -0.778623980 0.074115619 0.996332109 0.042768825 -0.538427975 -0.220290259 -0.025470417 0.975101769 2.166040024
88922167 0.956810103 1.701577503 0.500000000 0.500000000 0.000000000 0.000000000 0.971361041 -0.090080202 0.219871268 -0.696201082 0.083935097 0.995778382 0.037151940 -0.443035016 -0.222289726 -0.017633047 0.974821210 1.683280069
88988900 0.956810103 1.701577503 0.500000000 0.500000000 0.000000000 0.000000000 0.970110059 -0.094715469 0.223417804 -0.607900967 0.090176187 0.995460033 0.030457029 -0.340911058 -0.225288227 -0.009399721 0.974246860 1.259870137
89055633 0.956810103 1.701577503 0.500000000 0.500000000 0.000000000 0.000000000 0.968400121 -0.097621866 0.229501873 -0.515738998 0.093681581 0.995207548 0.028029203 -0.234922980 -0.231138259 -0.005643374 0.972904503 0.858173927
89122367 0.956810103 1.701577503 0.500000000 0.500000000 0.000000000 0.000000000 0.966965675 -0.100218810 0.234379232 -0.412381017 0.095683418 0.994939148 0.030672692 -0.140139005 -0.236267060 -0.007233233 0.971661210 0.460977976
89189100 0.956810103 1.701577503 0.500000000 0.500000000 0.000000000 0.000000000 0.966561258 -0.102269776 0.235159978 -0.298830003 0.096745960 0.994695663 0.034939628 -0.065282004 -0.237485871 -0.011020493 0.971328437 0.038476700
89255833 0.956810103 1.701577503 0.500000000 0.500000000 0.000000000 0.000000000 0.967787683 -0.101111054 0.230572164 -0.171304983 0.094427243 0.994733036 0.039870303 0.001974823 -0.233389080 -0.016813677 0.972238064 -0.389281989
89322567 0.956810103 1.701577503 0.500000000 0.500000000 0.000000000 0.000000000 0.970483780 -0.097286679 0.220672846 -0.024361389 0.089269899 0.994942844 0.046039596 0.064780883 -0.224035919 -0.024981223 0.974260628 -0.821122931
89389300 0.956810103 1.701577503 0.500000000 0.500000000 0.000000000 0.000000000 0.973930895 -0.093412608 0.206719026 0.128548994 0.084397003 0.995072901 0.052029647 0.132335028 -0.210560724 -0.033226833 0.977015972 -1.253560095
89456033 0.956810103 1.701577503 0.500000000 0.500000000 0.000000000 0.000000000 0.977494717 -0.092285380 0.189703867 0.304557020 0.083951950 0.995136917 0.051522478 0.224494013 -0.193536088 -0.034436949 0.980488598 -1.692960000
89522767 0.956810103 1.701577503 0.500000000 0.500000000 0.000000000 0.000000000 0.980332613 -0.091740988 0.174732924 0.477340043 0.084917553 0.995318592 0.046150781 0.339399958 -0.178148836 -0.030405223 0.983533680 -2.118269759
89589500 0.956810103 1.701577503 0.500000000 0.500000000 0.000000000 0.000000000 0.981665909 -0.091893770 0.166995779 0.639657006 0.087043799 0.995548427 0.036149215 0.468173075 -0.169574276 -0.020950519 0.985294700 -2.500570032
89656233 0.956810103 1.701577503 0.500000000 0.500000000 0.000000000 0.000000000 0.982471585 -0.091998108 0.162129387 0.787642030 0.089077391 0.995705664 0.025208456 0.590097957 -0.163752273 -0.010324521 0.986447453 -2.907890051
89722967 0.956810103 1.701577503 0.500000000 0.500000000 0.000000000 0.000000000 0.983361006 -0.091971897 0.156659842 0.928959006 0.090430848 0.995758474 0.016951533 0.695858067 -0.157554418 -0.002502607 0.987507164 -3.315180538
89789700 0.956810103 1.701577503 0.500000000 0.500000000 0.000000000 0.000000000 0.984177768 -0.092574030 0.151076868 1.072389948 0.091541097 0.995705783 0.013792913 0.767958969 -0.151704982 0.000255059 0.988425791 -3.743590205
89856433 0.956810103 1.701577503 0.500000000 0.500000000 0.000000000 0.000000000 0.984949708 -0.092992686 0.145693049 1.214140208 0.091794945 0.995665908 0.014937164 0.813554032 -0.146450654 -0.001338472 0.989217103 -4.164420167
89923167 0.956810103 1.701577503 0.500000000 0.500000000 0.000000000 0.000000000 0.985733569 -0.093821898 0.139738530 1.359550019 0.092266813 0.995579123 0.017580193 0.854102080 -0.140770167 -0.004436166 0.990032375 -4.603020413
90056633 0.956810103 1.701577503 0.500000000 0.500000000 0.000000000 0.000000000 0.987784028 -0.094670661 0.123774454 1.689589925 0.092300780 0.995423377 0.024755886 0.989380975 -0.125551641 -0.013028985 0.992001534 -5.464439655
90123367 0.956810103 1.701577503 0.500000000 0.500000000 0.000000000 0.000000000 0.989174187 -0.096288368 0.110738538 1.909940181 0.094049245 0.995246530 0.025280941 1.111800040 -0.112646408 -0.014592383 0.993528008 -5.849050404
