https://www.youtube.com/watch?v=AQI9vLGictM
31596900 0.887950875 1.579119081 0.500000000 0.500000000 0.000000000 0.000000000 0.990653992 0.002127578 -0.136382267 4.236640000 -0.003038718 0.999974430 -0.006472943 -1.535339932 0.136365011 0.006826875 0.990635157 4.475320034
31663778 0.887950875 1.579119081 0.500000000 0.500000000 0.000000000 0.000000000 0.992479563 -0.004491765 -0.122327812 4.101179536 0.003710926 0.999971271 -0.006610250 -1.499050088 0.122353993 0.006106589 0.992467761 4.266860310
31730644 0.887950875 1.579119081 0.500000000 0.500000000 0.000000000 0.000000000 0.993857026 -0.013568781 -0.109836534 3.986849789 0.012609923 0.999876142 -0.009419818 -1.426820188 0.109950736 0.007976924 0.993905008 4.079640215
31797511 0.887950875 1.579119081 0.500000000 0.500000000 0.000000000 0.000000000 0.995050907 -0.022791013 -0.096717700 3.862020350 0.021665126 0.999684930 -0.012675336 -1.346710075 0.096976116 0.010517202 0.995231152 3.897700280
31864389 0.887950875 1.579119081 0.500000000 0.500000000 0.000000000 0.000000000 0.996019781 -0.031355977 -0.083435319 3.738450296 0.030288927 0.999442816 -0.014024444 -1.293950014 0.083828576 0.011441456 0.996414483 3.703599769
31931256 0.887950875 1.579119081 0.500000000 0.500000000 0.000000000 0.000000000 0.996723294 -0.040040232 -0.070280939 3.611559954 0.038977101 0.999104977 -0.016434137 -1.227710010 0.070876062 0.013640938 0.997391880 3.523310351
31998133 0.887950875 1.579119081 0.500000000 0.500000000 0.000000000 0.000000000 0.997124434 -0.048796494 -0.057980929 3.489520176 0.047758166 0.998675108 -0.019161701 -1.149499891 0.058839139 0.016337536 0.998133779 3.353249898
32065000 0.887950875 1.579119081 0.500000000 0.500000000 0.000000000 0.000000000 0.997350752 -0.057109553 -0.045055766 3.343700156 0.056201715 0.998195052 -0.021165986 -1.076339877 0.046183225 0.018577699 0.998760223 3.183190170
32131867 0.887950875 1.579119081 0.500000000 0.500000000 0.000000000 0.000000000 0.997387469 -0.063580401 -0.034289256 3.207270052 0.062826060 0.997767508 -0.022646585 -1.014689988 0.035652585 0.020433163 0.999155343 3.014350056
32198744 0.887950875 1.579119081 0.500000000 0.500000000 0.000000000 0.000000000 0.997292578 -0.069639318 -0.023620583 3.060200024 0.069110893 0.997355282 -0.022495927 -0.973812988 0.025124714 0.020802582 0.999467850 2.845279783
32265611 0.887950875 1.579119081 0.500000000 0.500000000 0.000000000 0.000000000 0.997101128 -0.074610963 -0.014917552 2.919339770 0.074280411 0.997003317 -0.021605549 -0.948472030 0.016484858 0.020434836 0.999655247 2.662959978
32332489 0.887950875 1.579119081 0.500000000 0.500000000 0.000000000 0.000000000 0.996964335 -0.077708073 -0.004856015 2.735009737 0.077594824 0.996778667 -0.020279920 -0.925166013 0.006416287 0.019841554 0.999782562 2.477290017
32399356 0.887950875 1.579119081 0.500000000 0.500000000 0.000000000 0.000000000 0.996627867 -0.081987992 0.003299665 2.566610329 0.082038268 0.996422768 -0.020284189 -0.878226045 -0.001624803 0.020486487 0.999788821 2.313660000
32466233 0.887950875 1.579119081 0.500000000 0.500000000 0.000000000 0.000000000 0.996309340 -0.085024916 0.011769474 2.376450124 0.085250966 0.996153474 -0.020261440 -0.831956996 -0.010001476 0.021190021 0.999725461 2.149080106
32533100 0.887950875 1.579119081 0.500000000 0.500000000 0.000000000 0.000000000 0.995940685 -0.088014603 0.018856913 2.197310045 0.088396072 0.995875418 -0.020451875 -0.780893034 -0.016979072 0.022035731 0.999612987 1.996970072
32599967 0.887950875 1.579119081 0.500000000 0.500000000 0.000000000 0.000000000 0.995592773 -0.090916120 0.023007451 2.050640064 0.091381736 0.995613754 -0.020065757 -0.735388982 -0.021082236 0.022079783 0.999533892 1.827879987
32666844 0.887950875 1.579119081 0.500000000 0.500000000 0.000000000 0.000000000 0.995278895 -0.093292050 0.026766658 1.898049936 0.093840800 0.995385647 -0.020032657 -0.684672982 -0.024774257 0.022449886 0.999440968 1.660170109
32733711 0.887950875 1.579119081 0.500000000 0.500000000 0.000000000 0.000000000 0.995009363 -0.095371008 0.029337764 1.748810000 0.095976159 0.995183527 -0.019958086 -0.639078060 -0.027293038 0.022674207 0.999370277 1.485329962
32800589 0.887950875 1.579119081 0.500000000 0.500000000 0.000000000 0.000000000 0.994747877 -0.097191907 0.032099120 1.587640042 0.097862907 0.994998217 -0.020036548 -0.587920075 -0.029991176 0.023072626 0.999283850 1.321720092
32867456 0.887950875 1.579119081 0.500000000 0.500000000 0.000000000 0.000000000 0.994449258 -0.099275917 0.034855526 1.429139893 0.100018099 0.994779885 -0.020233255 -0.534137078 -0.032664899 0.023607127 0.999187529 1.164919841
32934333 0.887950875 1.579119081 0.500000000 0.500000000 0.000000000 0.000000000 0.994061708 -0.101937704 0.038079455 1.264490125 0.102793463 0.994476140 -0.021229906 -0.466790983 -0.035704978 0.025018157 0.999049187 1.018110226
33001200 0.887950875 1.579119081 0.500000000 0.500000000 0.000000000 0.000000000 0.993614793 -0.105215184 0.040735167 1.109869866 0.106207274 0.994077921 -0.023003101 -0.387582024 -0.038073655 0.027182594 0.998905122 0.868928993
33068078 0.887950875 1.579119081 0.500000000 0.500000000 0.000000000 0.000000000 0.993103087 -0.108451203 0.044548918 0.935639982 0.109638929 0.993653595 -0.025137180 -0.300974986 -0.041540030 0.029848108 0.998690903 0.736679037
33134944 0.887950875 1.579119081 0.500000000 0.500000000 0.000000000 0.000000000 0.992658019 -0.110763215 0.048596486 0.756499002 0.112086900 0.993373513 -0.025407368 -0.243965003 -0.045460261 0.030667858 0.998495281 0.584527041
33201822 0.887950875 1.579119081 0.500000000 0.500000000 0.000000000 0.000000000 0.991956294 -0.115153365 0.052558288 0.582178995 0.116804413 0.992716849 -0.029494761 -0.121790995 -0.048779078 0.035396550 0.998182178 0.450266013
33268689 0.887950875 1.579119081 0.500000000 0.500000000 0.000000000 0.000000000 0.991707444 -0.115387976 0.056585308 0.402135965 0.117069140 0.992747247 -0.027343448 -0.112825985 -0.053019803 0.033741098 0.998023272 0.309260007
33335556 0.887950875 1.579119081 0.500000000 0.500000000 0.000000000 0.000000000 0.991287529 -0.117540322 0.059441723 0.238425010 0.119348459 0.992462277 -0.027830752 -0.054536201 -0.055722438 0.034682550 0.997843742 0.155816007
33402433 0.887950875 1.579119081 0.500000000 0.500000000 0.000000000 0.000000000 0.990863979 -0.119194932 0.063096039 0.051917897 0.121119715 0.992254078 -0.027600788 -0.011108800 -0.059317432 0.034990802 0.997625709 0.008740320
33469300 0.887950875 1.579119081 0.500000000 0.500000000 0.000000000 0.000000000 0.990474820 -0.120793335 0.066095777 -0.122115007 0.122843347 0.992034674 -0.027869582 0.033197800 -0.062202848 0.035723537 0.997424006 -0.136096012
33536178 0.887950875 1.579119081 0.500000000 0.500000000 0.000000000 0.000000000 0.989992261 -0.123054527 0.069086172 -0.295056997 0.125278041 0.991703153 -0.028815284 0.082340601 -0.064967118 0.037181884 0.997194469 -0.282663035
33603044 0.887950875 1.579119081 0.500000000 0.500000000 0.000000000 0.000000000 0.989493549 -0.125587583 0.071625642 -0.461154983 0.127988964 0.991322756 -0.029967535 0.128587003 -0.067240573 0.038819972 0.996981323 -0.424258011
33669922 0.887950875 1.579119081 0.500000000 0.500000000 0.000000000 0.000000000 0.989041746 -0.127955183 0.073647060 -0.627364011 0.130541161 0.990944862 -0.031421859 0.171316012 -0.068959586 0.040691499 0.996789217 -0.564028950
33736789 0.887950875 1.579119081 0.500000000 0.500000000 0.000000000 0.000000000 0.988610446 -0.129775137 0.076209091 -0.803378052 0.132560641 0.990635812 -0.032685488 0.205500989 -0.071253695 0.042415537 0.996555984 -0.707108994
33803667 0.887950875 1.579119081 0.500000000 0.500000000 0.000000000 0.000000000 0.988062739 -0.132526934 0.078540444 -0.977356934 0.135591298 0.990145147 -0.035037044 0.250093007 -0.073123097 0.045268197 0.996295035 -0.839045036
33870533 0.887950875 1.579119081 0.500000000 0.500000000 0.000000000 0.000000000 0.987598181 -0.134632722 0.080770463 -1.154060085 0.137946293 0.989751101 -0.036927320 0.281178006 -0.074971020 0.047611341 0.996048450 -0.971565963
33937411 0.887950875 1.579119081 0.500000000 0.500000000 0.000000000 0.000000000 0.987062991 -0.137192547 0.082974814 -1.333819921 0.140834004 0.989235878 -0.039725829 0.323258983 -0.076631568 0.050897572 0.995759547 -1.090919917
34004278 0.887950875 1.579119081 0.500000000 0.500000000 0.000000000 0.000000000 0.986642957 -0.139334947 0.084388800 -1.504009963 0.143296063 0.988752723 -0.042828284 0.367925972 -0.077472188 0.054348804 0.995512068 -1.218750091
34071144 0.887950875 1.579119081 0.500000000 0.500000000 0.000000000 0.000000000 0.986170232 -0.141044512 0.087033033 -1.704409975 0.145432934 0.988284171 -0.046299420 0.412274065 -0.079483092 0.058316574 0.995128930 -1.321999976
34138022 0.887950875 1.579119081 0.500000000 0.500000000 0.000000000 0.000000000 0.985817194 -0.142396435 0.088812768 -1.891099981 0.147184387 0.987850249 -0.049886286 0.454661020 -0.080630079 0.062250622 0.994798303 -1.437180138
34204889 0.887950875 1.579119081 0.500000000 0.500000000 0.000000000 0.000000000 0.985482752 -0.143221170 0.091166802 -2.093029863 0.148476392 0.987456501 -0.053706434 0.491988027 -0.082331352 0.066462889 0.994386375 -1.539930108
34271767 0.887950875 1.579119081 0.500000000 0.500000000 0.000000000 0.000000000 0.985260248 -0.143601075 0.092956953 -2.285450206 0.149336472 0.987085640 -0.057970151 0.529062957 -0.083431892 0.070997551 0.993981123 -1.638049940
34338633 0.887950875 1.579119081 0.500000000 0.500000000 0.000000000 0.000000000 0.985153973 -0.143329084 0.094490387 -2.479269920 0.149539739 0.986793220 -0.062265627 0.557455035 -0.084317990 0.075471304 0.993576646 -1.740319869
34405511 0.887950875 1.579119081 0.500000000 0.500000000 0.000000000 0.000000000 0.985102475 -0.142595589 0.096122615 -2.672669837 0.149281234 0.986566484 -0.066345282 0.587283025 -0.085370801 0.079706214 0.993155956 -1.853989972
34472378 0.887950875 1.579119081 0.500000000 0.500000000 0.000000000 0.000000000 0.985194981 -0.141508311 0.096779525 -2.863869986 0.148567915 0.986415923 -0.070080034 0.611957038 -0.085547954 0.083420821 0.992835581 -1.953589919
34539256 0.887950875 1.579119081 0.500000000 0.500000000 0.000000000 0.000000000 0.985357165 -0.140536204 0.096544191 -3.042269632 0.147851571 0.986289084 -0.073306128 0.640794014 -0.084918320 0.086506933 0.992625535 -2.045890261
34606122 0.887950875 1.579119081 0.500000000 0.500000000 0.000000000 0.000000000 0.985654771 -0.139590293 0.094864249 -3.206049949 0.147001058 0.986196756 -0.076201469 0.677736015 -0.082917839 0.089053482 0.992569447 -2.157750137
34673000 0.887950875 1.579119081 0.500000000 0.500000000 0.000000000 0.000000000 0.986040771 -0.139100522 0.091513127 -3.335580164 0.146422327 0.986075580 -0.078838624 0.721208112 -0.079272375 0.091137655 0.992678106 -2.279759911
34739867 0.887950875 1.579119081 0.500000000 0.500000000 0.000000000 0.000000000 0.986535013 -0.137921125 0.087899968 -3.467529969 0.145079434 0.986096501 -0.081028402 0.772550881 -0.075502321 0.092689842 0.992828250 -2.392689729
34806733 0.887950875 1.579119081 0.500000000 0.500000000 0.000000000 0.000000000 0.987172663 -0.135832429 0.083903044 -3.604220084 0.142683446 0.986374140 -0.081899367 0.815040027 -0.071635187 0.092820399 0.993102610 -2.496250056
34873611 0.887950875 1.579119081 0.500000000 0.500000000 0.000000000 0.000000000 0.987834930 -0.133779541 0.079279229 -3.740080128 0.140212700 0.986716151 -0.082046419 0.858953104 -0.067249969 0.092164263 0.993470252 -2.615799648
34940478 0.887950875 1.579119081 0.500000000 0.500000000 0.000000000 0.000000000 0.988542318 -0.132056192 0.073111415 -3.850580068 0.137918308 0.987046301 -0.081964053 0.909241947 -0.061340492 0.091108344 0.993950009 -2.741329754
35007356 0.887950875 1.579119081 0.500000000 0.500000000 0.000000000 0.000000000 0.989431083 -0.128978163 0.066262983 -3.954539964 0.134131670 0.987703562 -0.080314100 0.947842004 -0.055089422 0.088353232 0.994564652 -2.870480070
35074222 0.887950875 1.579119081 0.500000000 0.500000000 0.000000000 0.000000000 0.990303516 -0.125946715 0.058620397 -4.047599729 0.130330637 0.988382936 -0.078186013 0.989709028 -0.048092123 0.085067920 0.995213866 -3.000809854
35141100 0.887950875 1.579119081 0.500000000 0.500000000 0.000000000 0.000000000 0.991200149 -0.122630619 0.049840130 -4.123300328 0.126175806 0.989121497 -0.075619742 1.037149918 -0.040024646 0.081242919 0.995890379 -3.127080188
35207967 0.887950875 1.579119081 0.500000000 0.500000000 0.000000000 0.000000000 0.992029548 -0.118920282 0.041658077 -4.215380422 0.121722221 0.989888072 -0.072837472 1.096279841 -0.032574978 0.077327639 0.996473432 -3.235929900
35274844 0.887950875 1.579119081 0.500000000 0.500000000 0.000000000 0.000000000 0.992862880 -0.114825323 0.032225076 -4.276189923 0.116825417 0.990739465 -0.069189548 1.146150049 -0.023981944 0.072460443 0.997082949 -3.343560174
35341711 0.887950875 1.579119081 0.500000000 0.500000000 0.000000000 0.000000000 0.993831635 -0.108771577 0.021619024 -4.316689526 0.109955519 0.991847336 -0.064409710 1.174860008 -0.014436828 0.066389538 0.997689307 -3.459439694
