https://www.youtube.com/watch?v=RsOX4T0Mj4Q
34901533 0.818801715 1.470224084 0.500000000 0.500000000 0.000000000 0.000000000 0.915696442 -0.400552690 -0.032519173 -3.451859713 0.401045859 0.916001976 0.010124180 0.271923042 0.025732357 -0.022312358 0.999419808 6.336659567
35368667 0.818801715 1.470224084 0.500000000 0.500000000 0.000000000 0.000000000 0.890410900 -0.450116515 -0.067552656 -2.551039467 0.452735066 0.891154945 0.029556792 0.295530866 0.046895865 -0.056901168 0.997277796 4.712940044
35435400 0.818801715 1.470224084 0.500000000 0.500000000 0.000000000 0.000000000 0.892039180 -0.446303338 -0.071269304 -2.404309751 0.449303836 0.892770052 0.032978650 0.315320846 0.048908599 -0.061439838 0.996911764 4.462809971
35502133 0.818801715 1.470224084 0.500000000 0.500000000 0.000000000 0.000000000 0.890377223 -0.448457688 -0.078191541 -2.265769652 0.452057749 0.891265929 0.035897236 0.303370776 0.053591035 -0.067309201 0.996291876 4.180630096
35568867 0.818801715 1.470224084 0.500000000 0.500000000 0.000000000 0.000000000 0.887407482 -0.452708662 -0.086963475 -2.127169854 0.457074106 0.888602316 0.038326748 0.280043801 0.059925076 -0.073760226 0.995473981 3.880359969
35635600 0.818801715 1.470224084 0.500000000 0.500000000 0.000000000 0.000000000 0.884624720 -0.455035478 -0.101892024 -2.009710249 0.460708827 0.886637568 0.040266834 0.262488220 0.072018474 -0.082563564 0.993980169 3.593079871
35702333 0.818801715 1.470224084 0.500000000 0.500000000 0.000000000 0.000000000 0.882434428 -0.455658972 -0.116979644 -1.883449792 0.462818980 0.885443330 0.042290859 0.256331841 0.084308624 -0.091459341 0.992233455 3.293649825
35769067 0.818801715 1.470224084 0.500000000 0.500000000 0.000000000 0.000000000 0.879410326 -0.456622064 -0.134661362 -1.757479985 0.465566158 0.883970380 0.042947173 0.259956956 0.099426016 -0.100461975 0.989960551 3.024650461
35835800 0.818801715 1.470224084 0.500000000 0.500000000 0.000000000 0.000000000 0.879176497 -0.452793896 -0.148412704 -1.622400027 0.463337779 0.885063767 0.044498924 0.279152911 0.111205846 -0.107887641 0.987923861 2.767170249
35902533 0.818801715 1.470224084 0.500000000 0.500000000 0.000000000 0.000000000 0.879866123 -0.446573436 -0.162504300 -1.501749820 0.458945751 0.887233853 0.046741631 0.289350843 0.123305723 -0.115707070 0.985600114 2.525369880
35969267 0.818801715 1.470224084 0.500000000 0.500000000 0.000000000 0.000000000 0.882142961 -0.437755495 -0.173763976 -1.385350009 0.451591045 0.890927076 0.048108991 0.288317961 0.133751050 -0.120909259 0.983611524 2.287339881
36036000 0.818801715 1.470224084 0.500000000 0.500000000 0.000000000 0.000000000 0.881774306 -0.432917863 -0.187232733 -1.282969852 0.447967201 0.892910361 0.045126226 0.269594849 0.147646070 -0.123665318 0.981278479 2.040989896
36102733 0.818801715 1.470224084 0.500000000 0.500000000 0.000000000 0.000000000 0.880279362 -0.429585278 -0.201407075 -1.188710039 0.445210338 0.894633055 0.037676297 0.239889077 0.164000273 -0.122834139 0.978782773 1.764609981
36169467 0.818801715 1.470224084 0.500000000 0.500000000 0.000000000 0.000000000 0.877112687 -0.427225202 -0.219436094 -1.102520249 0.444124192 0.895395398 0.031952444 0.210864208 0.182831213 -0.125482678 0.975103557 1.480180135
36236200 0.818801715 1.470224084 0.500000000 0.500000000 0.000000000 0.000000000 0.874336779 -0.425211221 -0.233945653 -1.004969947 0.443589061 0.895735025 0.029791698 0.185345993 0.196885541 -0.129823714 0.971793115 1.220929989
36302933 0.818801715 1.470224084 0.500000000 0.500000000 0.000000000 0.000000000 0.872763872 -0.419971138 -0.248812512 -0.905616171 0.440204650 0.897417367 0.029360890 0.159513095 0.210957959 -0.135153472 0.968106568 0.947277005
36369667 0.818801715 1.470224084 0.500000000 0.500000000 0.000000000 0.000000000 0.872568607 -0.410000503 -0.265563220 -0.807867149 0.432722032 0.901002645 0.030757762 0.142129082 0.226662502 -0.141753227 0.963602722 0.666506015
36436400 0.818801715 1.470224084 0.500000000 0.500000000 0.000000000 0.000000000 0.873871922 -0.396954626 -0.280668885 -0.702918106 0.422350258 0.905798018 0.033916555 0.140461040 0.240766019 -0.148179203 0.959205270 0.395705100
36503133 0.818801715 1.470224084 0.500000000 0.500000000 0.000000000 0.000000000 0.868582010 -0.392753959 -0.302174926 -0.588951015 0.421404421 0.906258225 0.033384062 0.131603056 0.260736823 -0.156334579 0.952667773 0.123571025
36569867 0.818801715 1.470224084 0.500000000 0.500000000 0.000000000 0.000000000 0.866086185 -0.385018736 -0.318834484 -0.473174064 0.415671974 0.908969641 0.031481683 0.132048007 0.277689815 -0.159796357 0.947287440 -0.124411995
36636600 0.818801715 1.470224084 0.500000000 0.500000000 0.000000000 0.000000000 0.865400195 -0.371892124 -0.335825771 -0.351386094 0.405602783 0.913428664 0.033683620 0.132575994 0.294226259 -0.165361583 0.941321731 -0.317186037
36703333 0.818801715 1.470224084 0.500000000 0.500000000 0.000000000 0.000000000 0.859392524 -0.370434195 -0.352453053 -0.207126033 0.406933159 0.912869275 0.032791167 0.111715975 0.309596598 -0.171605214 0.935254872 -0.475149016
36770067 0.818801715 1.470224084 0.500000000 0.500000000 0.000000000 0.000000000 0.851654828 -0.369625121 -0.371566266 -0.063591343 0.409263223 0.911891997 0.030930825 0.080564178 0.327395529 -0.178410739 0.927891076 -0.636634063
36836800 0.818801715 1.470224084 0.500000000 0.500000000 0.000000000 0.000000000 0.844057977 -0.366529018 -0.391436368 0.083470242 0.409375936 0.911909223 0.028857350 0.054105993 0.346377343 -0.184602022 0.919752538 -0.764127002
36903533 0.818801715 1.470224084 0.500000000 0.500000000 0.000000000 0.000000000 0.836114287 -0.361821532 -0.412308514 0.239133037 0.408337176 0.912420988 0.027365468 0.034440908 0.366297543 -0.191241443 0.910633266 -0.846885137
36970267 0.818801715 1.470224084 0.500000000 0.500000000 0.000000000 0.000000000 0.829139113 -0.354201287 -0.432515591 0.400649961 0.405181438 0.913794994 0.028402269 0.006850070 0.385170490 -0.198796719 0.901178956 -0.903491973
37037000 0.818801715 1.470224084 0.500000000 0.500000000 0.000000000 0.000000000 0.819370866 -0.345937878 -0.457119495 0.574933925 0.402565986 0.914925396 0.029190369 -0.028674920 0.408132166 -0.207938582 0.888926089 -0.923345888
37103733 0.818801715 1.470224084 0.500000000 0.500000000 0.000000000 0.000000000 0.807721734 -0.338825881 -0.482475340 0.766805866 0.401385725 0.915447295 0.029080682 -0.068609515 0.431827426 -0.217147887 0.875426590 -0.927162845
37170467 0.818801715 1.470224084 0.500000000 0.500000000 0.000000000 0.000000000 0.793624341 -0.331264645 -0.510317862 0.964342151 0.400248080 0.915983498 0.027852669 -0.096385123 0.458216190 -0.226358220 0.859534740 -0.899534062
37237200 0.818801715 1.470224084 0.500000000 0.500000000 0.000000000 0.000000000 0.782217383 -0.322855145 -0.532823145 1.149999934 0.397718996 0.917074084 0.028190717 -0.120572067 0.479536802 -0.233965144 0.845756948 -0.851787028
37303933 0.818801715 1.470224084 0.500000000 0.500000000 0.000000000 0.000000000 0.770902991 -0.316887975 -0.552531302 1.326880255 0.396214187 0.917777300 0.026442163 -0.137667161 0.498721540 -0.239304960 0.833072722 -0.805448150
37370667 0.818801715 1.470224084 0.500000000 0.500000000 0.000000000 0.000000000 0.756975174 -0.312186867 -0.574045062 1.501579691 0.392717928 0.919486403 0.017814167 -0.157267917 0.522265315 -0.238922745 0.818629861 -0.758341984
37437400 0.818801715 1.470224084 0.500000000 0.500000000 0.000000000 0.000000000 0.744870365 -0.304991305 -0.593420625 1.658199294 0.389237761 0.921011508 0.015218735 -0.192871790 0.541905642 -0.242317885 0.804748416 -0.710801750
37504133 0.818801715 1.470224084 0.500000000 0.500000000 0.000000000 0.000000000 0.730691373 -0.302790910 -0.611889005 1.821890714 0.390359610 0.920601547 0.010594524 -0.217848200 0.560098052 -0.246597946 0.790872872 -0.693786211
37570867 0.818801715 1.470224084 0.500000000 0.500000000 0.000000000 0.000000000 0.718123674 -0.299147755 -0.628338635 1.974970942 0.389366835 0.921059966 0.006494306 -0.239564365 0.576794803 -0.249317735 0.777913094 -0.696594397
37637600 0.818801715 1.470224084 0.500000000 0.500000000 0.000000000 0.000000000 0.706215858 -0.294838011 -0.643684208 2.124859304 0.387126684 0.922023356 0.002404019 -0.264308792 0.592783034 -0.250885248 0.765287280 -0.707797826
37704333 0.818801715 1.470224084 0.500000000 0.500000000 0.000000000 0.000000000 0.694331825 -0.290200591 -0.658549309 2.276920674 0.385949969 0.922519684 0.000397265 -0.289879209 0.607409477 -0.254442811 0.752537608 -0.728677117
37771067 0.818801715 1.470224084 0.500000000 0.500000000 0.000000000 0.000000000 0.682260811 -0.286662012 -0.672565639 2.435668533 0.385935694 0.922524035 -0.001700759 -0.311814645 0.620945513 -0.258406937 0.740035176 -0.773071518
37837800 0.818801715 1.470224084 0.500000000 0.500000000 0.000000000 0.000000000 0.671738803 -0.283384085 -0.684441864 2.597660787 0.385523558 0.922690749 -0.003659472 -0.338297203 0.632565200 -0.261410177 0.729058385 -0.833293249
37904533 0.818801715 1.470224084 0.500000000 0.500000000 0.000000000 0.000000000 0.663877726 -0.277238101 -0.694553792 2.757629064 0.382256836 0.924049556 -0.003469869 -0.372158576 0.642764032 -0.263194501 0.719432175 -0.895820825
37971267 0.818801715 1.470224084 0.500000000 0.500000000 0.000000000 0.000000000 0.661876678 -0.266556829 -0.700618684 2.896409506 0.375141114 0.926966071 0.001724198 -0.415873910 0.648990214 -0.263972163 0.713533700 -0.959154899
38038000 0.818801715 1.470224084 0.500000000 0.500000000 0.000000000 0.000000000 0.657687783 -0.253807873 -0.709244847 3.029539720 0.366628259 0.930340827 0.007048443 -0.462796816 0.658050418 -0.264664948 0.704926908 -1.028759693
38104733 0.818801715 1.470224084 0.500000000 0.500000000 0.000000000 0.000000000 0.651342630 -0.244856507 -0.718191385 3.155022521 0.355836004 0.934539497 0.004098088 -0.490139740 0.670174837 -0.258227319 0.695834041 -1.117600557
