https://www.youtube.com/watch?v=CEcLjI5K-80
4337667 0.926857550 1.657379387 0.500000000 0.500000000 0.000000000 0.000000000 0.999916553 0.010090235 0.008064498 4.611549605 -0.010137421 0.999931633 0.005831760 -0.790695052 -0.008005102 -0.005913027 0.999950469 3.560939704
4404400 0.926857550 1.657379387 0.500000000 0.500000000 0.000000000 0.000000000 0.999847770 0.009239243 0.014800513 4.240890074 -0.009332677 0.999936879 0.006256260 -0.723847947 -0.014741777 -0.006393436 0.999870896 3.284040038
4471133 0.926857550 1.657379387 0.500000000 0.500000000 0.000000000 0.000000000 0.999731958 0.008265206 0.021627666 3.896130442 -0.008407312 0.999943614 0.006487981 -0.646396043 -0.021572823 -0.006668072 0.999745071 2.965940340
4537867 0.926857550 1.657379387 0.500000000 0.500000000 0.000000000 0.000000000 0.999549031 0.007359720 0.029112505 3.525769762 -0.007566785 0.999946833 0.007008809 -0.589393023 -0.029059375 -0.007225937 0.999551594 2.628490071
4604600 0.926857550 1.657379387 0.500000000 0.500000000 0.000000000 0.000000000 0.999325097 0.006323507 0.036185164 3.170789833 -0.006595898 0.999950767 0.007413299 -0.540101005 -0.036136504 -0.007646970 0.999317586 2.346279902
4671333 0.926857550 1.657379387 0.500000000 0.500000000 0.000000000 0.000000000 0.999017537 0.005634938 0.043956704 2.811139932 -0.005998467 0.999948859 0.008142643 -0.516520069 -0.043908574 -0.008398315 0.999000251 2.053860006
4738067 0.926857550 1.657379387 0.500000000 0.500000000 0.000000000 0.000000000 0.998636484 0.004352036 0.052021708 2.450500171 -0.004809907 0.999950767 0.008679578 -0.480547986 -0.051981371 -0.008917963 0.998608232 1.786710049
4804800 0.926857550 1.657379387 0.500000000 0.500000000 0.000000000 0.000000000 0.998171270 0.002567871 0.060395110 2.085680064 -0.003109197 0.999955833 0.008870817 -0.423395056 -0.060369667 -0.009042374 0.998135149 1.516990059
4871533 0.926857550 1.657379387 0.500000000 0.500000000 0.000000000 0.000000000 0.997589767 0.000198570 0.069387697 1.709680088 -0.000804815 0.999961734 0.008709230 -0.341028981 -0.069383316 -0.008744082 0.997551739 1.260350011
4938267 0.926857550 1.657379387 0.500000000 0.500000000 0.000000000 0.000000000 0.996929228 -0.002940863 0.078252360 1.358620089 0.002282755 0.999961257 0.008498195 -0.250353992 -0.078274325 -0.008293468 0.996897340 0.999863924
5005000 0.926857550 1.657379387 0.500000000 0.500000000 0.000000000 0.000000000 0.996142268 -0.005626758 0.087572664 1.012280074 0.004889110 0.999950767 0.008635480 -0.189496990 -0.087616935 -0.008174013 0.996120691 0.745491018
5071733 0.926857550 1.657379387 0.500000000 0.500000000 0.000000000 0.000000000 0.995241582 -0.008345695 0.097080022 0.664441991 0.007543831 0.999934375 0.008623947 -0.127581999 -0.097145617 -0.007850555 0.995239198 0.515763961
5138467 0.926857550 1.657379387 0.500000000 0.500000000 0.000000000 0.000000000 0.994248271 -0.010692306 0.106564768 0.333745977 0.009837704 0.999915123 0.008542019 -0.069158897 -0.106647052 -0.007444535 0.994269073 0.276056992
5205200 0.926857550 1.657379387 0.500000000 0.500000000 0.000000000 0.000000000 0.992927849 -0.013238222 0.117979109 -0.059922003 0.012360607 0.999890268 0.008167358 -0.009327381 -0.118074283 -0.006651302 0.992982507 0.060573505
5271933 0.926857550 1.657379387 0.500000000 0.500000000 0.000000000 0.000000000 0.991488099 -0.014661435 0.129369035 -0.434065011 0.013651103 0.999869049 0.008693018 -0.001628210 -0.129479542 -0.006852993 0.991558433 -0.148779019
5338667 0.926857550 1.657379387 0.500000000 0.500000000 0.000000000 0.000000000 0.989890993 -0.016685095 0.140845269 -0.800457980 0.015544027 0.999836862 0.009197895 0.008793668 -0.140975773 -0.006915609 0.989988863 -0.363395966
5405400 0.926857550 1.657379387 0.500000000 0.500000000 0.000000000 0.000000000 0.988114357 -0.019595975 0.152466297 -1.152399902 0.018445728 0.999789774 0.008955189 0.060225707 -0.152609736 -0.006036398 0.988268077 -0.595301967
5472133 0.926857550 1.657379387 0.500000000 0.500000000 0.000000000 0.000000000 0.986248553 -0.023295000 0.163618878 -1.482019987 0.022079471 0.999713480 0.009243913 0.096143904 -0.163787320 -0.005504175 0.986480296 -0.816234931
5538867 0.926857550 1.657379387 0.500000000 0.500000000 0.000000000 0.000000000 0.984274030 -0.027456485 0.174501628 -1.807710143 0.026248809 0.999612868 0.009225328 0.150681003 -0.174687356 -0.004499792 0.984613657 -1.020820075
5605600 0.926857550 1.657379387 0.500000000 0.500000000 0.000000000 0.000000000 0.981968641 -0.031288739 0.186436787 -2.181009975 0.030185608 0.999505997 0.008753448 0.218763023 -0.186618581 -0.002967907 0.982427955 -1.226319921
5672333 0.926857550 1.657379387 0.500000000 0.500000000 0.000000000 0.000000000 0.979396045 -0.035468604 0.198809922 -2.569319955 0.034483273 0.999369800 0.008417437 0.281789994 -0.198983192 -0.001388392 0.980001926 -1.447850027
5739067 0.926857550 1.657379387 0.500000000 0.500000000 0.000000000 0.000000000 0.976600289 -0.039132755 0.211472169 -2.984799929 0.038140181 0.999233902 0.008772149 0.308255973 -0.211653426 -0.000501295 0.977344632 -1.625410087
5805800 0.926857550 1.657379387 0.500000000 0.500000000 0.000000000 0.000000000 0.973049104 -0.042613000 0.226626456 -3.521299742 0.041497007 0.999091625 0.009688493 0.303271964 -0.226833463 -0.000023052 0.973933518 -1.801759621
5872533 0.926857550 1.657379387 0.500000000 0.500000000 0.000000000 0.000000000 0.969341457 -0.046403181 0.241296098 -4.042019710 0.045125965 0.998922706 0.010819566 0.287222983 -0.241538212 0.000400872 0.970391214 -1.956259940
5939267 0.926857550 1.657379387 0.500000000 0.500000000 0.000000000 0.000000000 0.965258360 -0.050735682 0.256324381 -4.597480067 0.049547143 0.998710155 0.011097064 0.312814982 -0.256556779 0.001988605 0.966527104 -2.099620088
6006000 0.926857550 1.657379387 0.500000000 0.500000000 0.000000000 0.000000000 0.961357892 -0.054585043 0.269836009 -5.089540151 0.053394992 0.998504281 0.011754199 0.305857009 -0.270074010 0.003107898 0.962834537 -2.223339975
6072733 0.926857550 1.657379387 0.500000000 0.500000000 0.000000000 0.000000000 0.956821680 -0.058526706 0.284722358 -5.648569937 0.057332527 0.998276472 0.012534400 0.286772940 -0.284965247 0.004330677 0.958528042 -2.323639662
6139467 0.926857550 1.657379387 0.500000000 0.500000000 0.000000000 0.000000000 0.951903462 -0.062172238 0.300024211 -6.229020639 0.061291803 0.998043418 0.012354713 0.302564042 -0.300205290 0.006628517 0.953851640 -2.411530309
