https://www.youtube.com/watch?v=NyBxVwt5EPQ
12312000 0.837848575 1.490017925 0.500000000 0.500000000 0.000000000 0.000000000 0.940497160 0.070216507 -0.332467735 -6.239800384 -0.088328585 0.995301485 -0.039661549 -0.775842039 0.328120708 0.066667974 0.942280293 2.496490309
12412000 0.837848575 1.490017925 0.500000000 0.500000000 0.000000000 0.000000000 0.911909461 0.083515897 -0.401803613 -5.369939443 -0.097493201 0.995131671 -0.014424104 -0.497334948 0.398642838 0.052326623 0.915612221 1.680740105
12479000 0.837848575 1.490017925 0.500000000 0.500000000 0.000000000 0.000000000 0.887705386 0.087128282 -0.452092826 -4.334510430 -0.099604264 0.995019794 -0.003815297 -0.879357931 0.449508905 0.048417218 0.891962767 1.199690142
12546000 0.837848575 1.490017925 0.500000000 0.500000000 0.000000000 0.000000000 0.872405291 0.098127156 -0.478831917 -3.507059865 -0.121905252 0.992364824 -0.018739020 -0.583831011 0.473337144 0.074720152 0.877706587 0.868823282
12612000 0.837848575 1.490017925 0.500000000 0.500000000 0.000000000 0.000000000 0.856572151 0.111090474 -0.503927767 -2.796040402 -0.143318117 0.989347875 -0.025510009 -0.283849093 0.495725960 0.094073117 0.863369048 0.527379940
12679000 0.837848575 1.490017925 0.500000000 0.500000000 0.000000000 0.000000000 0.836786270 0.133855805 -0.530915380 -2.007489429 -0.165656790 0.986104548 -0.012475576 -0.021020028 0.521868110 0.098389193 0.847332835 0.310371831
12746000 0.837848575 1.490017925 0.500000000 0.500000000 0.000000000 0.000000000 0.819298983 0.143439725 -0.555134237 -1.216459725 -0.171468183 0.985188484 0.001497783 -0.041962171 0.547126710 0.093960784 0.831759274 0.148674901
12812000 0.837848575 1.490017925 0.500000000 0.500000000 0.000000000 0.000000000 0.802186251 0.143002346 -0.579696298 -0.464781109 -0.173432514 0.984841347 0.002948828 -0.027477112 0.571330547 0.098172612 0.814827442 -0.067893899
12879000 0.837848575 1.490017925 0.500000000 0.500000000 0.000000000 0.000000000 0.783403993 0.141423911 -0.605208755 0.453368058 -0.176305979 0.984333754 0.001800254 -0.057604592 0.595982075 0.105291560 0.796064854 -0.287747010
12946000 0.837848575 1.490017925 0.500000000 0.500000000 0.000000000 0.000000000 0.773447514 0.132347047 -0.619889975 1.220130505 -0.171863317 0.985112250 -0.004114579 -0.040309320 0.610116601 0.109718651 0.784678221 -0.504479206
13013000 0.837848575 1.490017925 0.500000000 0.500000000 0.000000000 0.000000000 0.757884502 0.124948531 -0.640311599 2.066910021 -0.167342752 0.985882401 -0.005687725 0.057063364 0.630561233 0.111462146 0.768094182 -0.732301915
13079000 0.837848575 1.490017925 0.500000000 0.500000000 0.000000000 0.000000000 0.742566586 0.119719766 -0.658985496 2.834959547 -0.159866944 0.987138212 -0.000807110 0.259011894 0.650413156 0.105949357 0.752155066 -0.877968757
13146000 0.837848575 1.490017925 0.500000000 0.500000000 0.000000000 0.000000000 0.715699434 0.117232181 -0.688499272 3.758811247 -0.149033755 0.988740861 0.013433356 0.162854176 0.682322204 0.092995316 0.725112796 -0.971794399
13213000 0.837848575 1.490017925 0.500000000 0.500000000 0.000000000 0.000000000 0.691184342 0.127078459 -0.711418331 4.634413421 -0.158450380 0.987113237 0.022381183 0.240168252 0.705094635 0.097254843 0.702412844 -1.068421018
13280000 0.837848575 1.490017925 0.500000000 0.500000000 0.000000000 0.000000000 0.673146904 0.137734324 -0.726568580 5.525426962 -0.161815703 0.986126363 0.037020214 0.150482797 0.721587420 0.092650287 0.686095476 -1.128029194
13346000 0.837848575 1.490017925 0.500000000 0.500000000 0.000000000 0.000000000 0.662210703 0.137854427 -0.736527324 6.272606310 -0.165803552 0.985523760 0.035384882 0.394003805 0.730743170 0.098686725 0.675481200 -1.037969789
