https://www.youtube.com/watch?v=Ew04wyjKrcM
84784700 0.975612163 1.740904765 0.500000000 0.500000000 0.000000000 0.000000000 0.987469792 -0.039109971 0.152884975 5.221049811 0.034069803 0.998790562 0.035449985 -0.921907109 -0.154086515 -0.029797029 0.987607956 4.842569857
84851433 0.975612163 1.740904765 0.500000000 0.500000000 0.000000000 0.000000000 0.984015465 -0.035412155 0.174526811 4.969720202 0.031345762 0.999170303 0.026002094 -0.976342818 -0.175302804 -0.020115793 0.984309077 4.369160768
84918167 0.975612163 1.740904765 0.500000000 0.500000000 0.000000000 0.000000000 0.979648769 -0.038236231 0.197043702 4.711089573 0.034796514 0.999176025 0.020890610 -0.944541958 -0.197680131 -0.013609021 0.980172098 3.869119993
84984900 0.975612163 1.740904765 0.500000000 0.500000000 0.000000000 0.000000000 0.974917412 -0.034066126 0.219944283 4.416679766 0.031882361 0.999400854 0.013471788 -1.009649936 -0.220271423 -0.006121533 0.975419402 3.412159694
85051633 0.975612163 1.740904765 0.500000000 0.500000000 0.000000000 0.000000000 0.969204187 -0.036827601 0.243488997 4.111589641 0.035925165 0.999321282 0.008147324 -0.983435930 -0.243623793 0.000850971 0.969869435 2.927560110
85118367 0.975612163 1.740904765 0.500000000 0.500000000 0.000000000 0.000000000 0.962554932 -0.047042709 0.266973674 3.772389601 0.045849066 0.998890996 0.010706265 -0.885179974 -0.267181277 0.001935127 0.963644326 2.485379656
85185100 0.975612163 1.740904765 0.500000000 0.500000000 0.000000000 0.000000000 0.955511510 -0.058983911 0.288995922 3.425319721 0.059128065 0.998216391 0.008239441 -0.757687930 -0.288966477 0.009214899 0.957294822 2.038369739
85251833 0.975612163 1.740904765 0.500000000 0.500000000 0.000000000 0.000000000 0.947570264 -0.075512268 0.310497284 3.077400253 0.076650552 0.997021317 0.008552594 -0.613145037 -0.310218215 0.015695594 0.950535834 1.637519999
85318567 0.975612163 1.740904765 0.500000000 0.500000000 0.000000000 0.000000000 0.939083457 -0.095536850 0.330143929 2.685930173 0.097710170 0.995164216 0.010046672 -0.450962015 -0.329507232 0.022823740 0.943877161 1.258110033
85385300 0.975612163 1.740904765 0.500000000 0.500000000 0.000000000 0.000000000 0.931217670 -0.109920807 0.347492605 2.306799948 0.111962743 0.993610024 0.014264263 -0.280724014 -0.346840054 0.025623068 0.937574267 0.909884175
85452033 0.975612163 1.740904765 0.500000000 0.500000000 0.000000000 0.000000000 0.923928618 -0.112190917 0.365744531 1.913990005 0.113891751 0.993347764 0.016997516 -0.163857977 -0.365218461 0.025950801 0.930560052 0.598552005
85518767 0.975612163 1.740904765 0.500000000 0.500000000 0.000000000 0.000000000 0.917201281 -0.106949098 0.383801639 1.529649892 0.108736925 0.993923366 0.017106660 -0.093677997 -0.383298934 0.026043147 0.923257113 0.322493008
85585500 0.975612163 1.740904765 0.500000000 0.500000000 0.000000000 0.000000000 0.909935296 -0.102963343 0.401766479 1.151909943 0.105087802 0.994320810 0.016814461 -0.041583614 -0.401216030 0.026920686 0.915587783 0.059432692
85652233 0.975612163 1.740904765 0.500000000 0.500000000 0.000000000 0.000000000 0.901667655 -0.103520833 0.419855952 0.773123144 0.106050648 0.994208753 0.017384248 0.023559108 -0.419224083 0.028851146 0.907424331 -0.167270009
85718967 0.975612163 1.740904765 0.500000000 0.500000000 0.000000000 0.000000000 0.892181158 -0.107775018 0.438631237 0.396349038 0.110549822 0.993683279 0.019295847 0.093743108 -0.437940121 0.031275213 0.898459971 -0.356447022
85785700 0.975612163 1.740904765 0.500000000 0.500000000 0.000000000 0.000000000 0.880432665 -0.122178301 0.458160371 0.020632513 0.123944238 0.991939485 0.026342127 0.140814023 -0.457685798 0.033593837 0.888479233 -0.520487097
85852433 0.975612163 1.740904765 0.500000000 0.500000000 0.000000000 0.000000000 0.867605031 -0.134313300 0.478770673 -0.380228970 0.135209218 0.990274370 0.032789875 0.165963987 -0.478518426 0.036285568 0.877327442 -0.643526944
85919167 0.975612163 1.740904765 0.500000000 0.500000000 0.000000000 0.000000000 0.853572369 -0.147634834 0.499617815 -0.762796821 0.147355556 0.988263130 0.040277667 0.168914949 -0.499700248 0.039241597 0.865308940 -0.705474823
85985900 0.975612163 1.740904765 0.500000000 0.500000000 0.000000000 0.000000000 0.837308824 -0.158625811 0.523212731 -1.152109718 0.157983631 0.986359596 0.046216380 0.176240955 -0.523407042 0.043961737 0.850947857 -0.740346855
86052633 0.975612163 1.740904765 0.500000000 0.500000000 0.000000000 0.000000000 0.817747116 -0.165120363 0.551384866 -1.553310577 0.167366654 0.984788477 0.046691600 0.147277041 -0.550707161 0.054101434 0.832943499 -0.755083271
86119367 0.975612163 1.740904765 0.500000000 0.500000000 0.000000000 0.000000000 0.797638118 -0.174104884 0.577460647 -1.951839809 0.181316420 0.982360840 0.045732889 0.148884922 -0.575237036 0.068224847 0.815136552 -0.730696965
86186100 0.975612163 1.740904765 0.500000000 0.500000000 0.000000000 0.000000000 0.775141835 -0.184288561 0.604312181 -2.316220788 0.194866061 0.979615748 0.048787922 0.127339114 -0.600984812 0.079942271 0.795252681 -0.595964092
86252833 0.975612163 1.740904765 0.500000000 0.500000000 0.000000000 0.000000000 0.752041280 -0.195152581 0.629562736 -2.658169649 0.209664047 0.976378798 0.052205823 0.048179845 -0.624879837 0.092735775 0.775193632 -0.328842844
86319567 0.975612163 1.740904765 0.500000000 0.500000000 0.000000000 0.000000000 0.729526460 -0.204065964 0.652800322 -2.978080139 0.223818138 0.973129570 0.054076813 -0.049715575 -0.646294475 0.106658079 0.755597472 -0.010453164
86386300 0.975612163 1.740904765 0.500000000 0.500000000 0.000000000 0.000000000 0.712163806 -0.210997984 0.669553876 -3.266149460 0.235733941 0.970258653 0.055023875 -0.174534023 -0.661250353 0.118650615 0.740722537 0.295975924
86453033 0.975612163 1.740904765 0.500000000 0.500000000 0.000000000 0.000000000 0.696578026 -0.213584423 0.684953451 -3.566391869 0.244394422 0.968206286 0.053367093 -0.297589980 -0.674574614 0.130224332 0.726629972 0.496639248
86519767 0.975612163 1.740904765 0.500000000 0.500000000 0.000000000 0.000000000 0.682621598 -0.215305656 0.698334277 -3.829548518 0.252248853 0.966298938 0.051349543 -0.429263011 -0.685855567 0.141101867 0.713927150 0.684251849
86586500 0.975612163 1.740904765 0.500000000 0.500000000 0.000000000 0.000000000 0.672137141 -0.213011637 0.709124446 -4.055449123 0.254805863 0.965770721 0.048589390 -0.531045091 -0.695201755 0.148030385 0.703406990 0.872888117
86653233 0.975612163 1.740904765 0.500000000 0.500000000 0.000000000 0.000000000 0.668925643 -0.200417846 0.715801001 -4.305389587 0.248107016 0.967940986 0.039155472 -0.566618136 -0.700700521 0.151403189 0.697205603 0.947804804
86719967 0.975612163 1.740904765 0.500000000 0.500000000 0.000000000 0.000000000 0.672577620 -0.189722747 0.715293407 -4.484399834 0.241643608 0.969899952 0.030040830 -0.581905029 -0.699462414 0.152641281 0.698178291 0.959820770
86786700 0.975612163 1.740904765 0.500000000 0.500000000 0.000000000 0.000000000 0.674066901 -0.187240452 0.714545548 -4.660692259 0.240643531 0.970231593 0.027229473 -0.619776946 -0.698373139 0.153596133 0.699059188 0.964521837
86853433 0.975612163 1.740904765 0.500000000 0.500000000 0.000000000 0.000000000 0.677112699 -0.187084302 0.711701214 -4.871773709 0.236056015 0.971253514 0.030728765 -0.619080003 -0.696991146 0.147194296 0.701810420 0.941479743
86920167 0.975612163 1.740904765 0.500000000 0.500000000 0.000000000 0.000000000 0.682802439 -0.182035714 0.707561493 -5.059477211 0.227065116 0.973376334 0.031302858 -0.610806043 -0.694421887 0.139289036 0.705957711 0.911679580
