https://www.youtube.com/watch?v=9bb1qmzlrAk
140000000 0.899243320 1.599201477 0.500000000 0.500000000 0.000000000 0.000000000 0.998643398 -0.001045159 -0.052060287 -4.720479802 0.000939790 0.999997437 -0.002048425 -0.695509996 0.052062299 0.001996720 0.998641849 3.980880103
140066667 0.899243320 1.599201477 0.500000000 0.500000000 0.000000000 0.000000000 0.998419285 -0.000139798 -0.056204326 -4.670179779 0.000072829 0.999999285 -0.001193576 -0.678912947 0.056204453 0.001187596 0.998418570 3.884530108
140133333 0.899243320 1.599201477 0.500000000 0.500000000 0.000000000 0.000000000 0.998205721 0.000807790 -0.059872087 -4.624440157 -0.000834045 0.999999583 -0.000413532 -0.661018052 0.059871729 0.000462726 0.998205960 3.789799903
140200000 0.899243320 1.599201477 0.500000000 0.500000000 0.000000000 0.000000000 0.997937918 0.001436694 -0.064170152 -4.572759860 -0.001443311 0.999998927 -0.000056754 -0.639893950 0.064170003 0.000149254 0.997938991 3.693069874
140266667 0.899243320 1.599201477 0.500000000 0.500000000 0.000000000 0.000000000 0.997672558 0.002331750 -0.068146974 -4.525360356 -0.002287680 0.999997139 0.000724718 -0.620465963 0.068148464 -0.000567133 0.997675002 3.599439917
140333333 0.899243320 1.599201477 0.500000000 0.500000000 0.000000000 0.000000000 0.997399449 0.002927187 -0.072011948 -4.477709511 -0.002830063 0.999994934 0.001450720 -0.600540992 0.072015837 -0.001243149 0.997402728 3.507639974
140400000 0.899243320 1.599201477 0.500000000 0.500000000 0.000000000 0.000000000 0.997124910 0.003315567 -0.075702704 -4.427769980 -0.003159208 0.999992609 0.002185096 -0.580424988 0.075709395 -0.001939652 0.997128010 3.416949503
140466667 0.899243320 1.599201477 0.500000000 0.500000000 0.000000000 0.000000000 0.996885061 0.003619541 -0.078785256 -4.376780409 -0.003383872 0.999989390 0.003124595 -0.562690978 0.078795731 -0.002848263 0.996886730 3.326700163
140533333 0.899243320 1.599201477 0.500000000 0.500000000 0.000000000 0.000000000 0.996662259 0.003860909 -0.081543885 -4.323459990 -0.003525343 0.999984741 0.004258741 -0.547124978 0.081559084 -0.003957056 0.996660650 3.239739733
140600000 0.899243320 1.599201477 0.500000000 0.500000000 0.000000000 0.000000000 0.996456206 0.004338432 -0.084001124 -4.268609875 -0.003870176 0.999976039 0.005736438 -0.531375925 0.084023997 -0.005391010 0.996449172 3.153580084
140666667 0.899243320 1.599201477 0.500000000 0.500000000 0.000000000 0.000000000 0.996336520 0.004742050 -0.085387789 -4.218069964 -0.004158976 0.999966800 0.007005125 -0.513585996 0.085418172 -0.006624336 0.996323168 3.071739721
140733333 0.899243320 1.599201477 0.500000000 0.500000000 0.000000000 0.000000000 0.996061504 0.005128369 -0.088516295 -4.150979617 -0.004456514 0.999959767 0.007786149 -0.492479977 0.088552669 -0.007361010 0.996044278 2.974659984
140800000 0.899243320 1.599201477 0.500000000 0.500000000 0.000000000 0.000000000 0.995840311 0.005767939 -0.090933040 -4.083510322 -0.004995479 0.999949515 0.008720143 -0.471152987 0.090978742 -0.008229617 0.995818853 2.880210198
140866667 0.899243320 1.599201477 0.500000000 0.500000000 0.000000000 0.000000000 0.995656848 0.005910200 -0.092911363 -4.011979989 -0.005042373 0.999941468 0.009572362 -0.449335021 0.092962503 -0.009062293 0.995628357 2.789299773
140933333 0.899243320 1.599201477 0.500000000 0.500000000 0.000000000 0.000000000 0.995531321 0.005763201 -0.094255812 -3.937819843 -0.004797801 0.999933720 0.010465747 -0.429358984 0.094309889 -0.009966757 0.995492995 2.695169925
141000000 0.899243320 1.599201477 0.500000000 0.500000000 0.000000000 0.000000000 0.995443702 0.005381853 -0.095199384 -3.860560059 -0.004303937 0.999924302 0.011524430 -0.410891973 0.095254205 -0.011062189 0.995391488 2.604629981
141066667 0.899243320 1.599201477 0.500000000 0.500000000 0.000000000 0.000000000 0.995310307 0.005016008 -0.096603371 -3.772879824 -0.003821644 0.999913990 0.012544652 -0.392376997 0.096657984 -0.012116638 0.995243907 2.511049996
141133333 0.899243320 1.599201477 0.500000000 0.500000000 0.000000000 0.000000000 0.995093822 0.004356920 -0.098839760 -3.670919947 -0.003067435 0.999908268 0.013194430 -0.372845001 0.098888174 -0.012826511 0.995015860 2.413219790
141200000 0.899243320 1.599201477 0.500000000 0.500000000 0.000000000 0.000000000 0.994784772 0.003328806 -0.101942122 -3.557219939 -0.001913138 0.999900401 0.013981585 -0.352673976 0.101978511 -0.013713638 0.994692087 2.313940217
141266667 0.899243320 1.599201477 0.500000000 0.500000000 0.000000000 0.000000000 0.994472086 0.002940508 -0.104960091 -3.442529818 -0.001420259 0.999893069 0.014555871 -0.329598010 0.104991667 -0.014326337 0.994369924 2.216480006
141333333 0.899243320 1.599201477 0.500000000 0.500000000 0.000000000 0.000000000 0.994235396 0.002506890 -0.107189998 -3.331110048 -0.000803144 0.999872684 0.015934842 -0.313502012 0.107216299 -0.015756896 0.994110823 2.127839829
141400000 0.899243320 1.599201477 0.500000000 0.500000000 0.000000000 0.000000000 0.993924201 0.001926308 -0.110049665 -3.209180007 -0.000068575 0.999857485 0.016882136 -0.293206009 0.110066503 -0.016772017 0.993782699 2.032879925
141466667 0.899243320 1.599201477 0.500000000 0.500000000 0.000000000 0.000000000 0.993657470 0.001888259 -0.112433478 -3.087820127 0.000177710 0.999831378 0.018362178 -0.277872019 0.112449199 -0.018265696 0.993489563 1.935449951
141533333 0.899243320 1.599201477 0.500000000 0.500000000 0.000000000 0.000000000 0.993451715 0.001016658 -0.114248045 -2.967619730 0.001218127 0.999809325 0.019489301 -0.262202996 0.114246078 -0.019500850 0.993261099 1.845960206
141600000 0.899243320 1.599201477 0.500000000 0.500000000 0.000000000 0.000000000 0.993332624 -0.000045927 -0.115283594 -2.849980062 0.002432406 0.999785662 0.020560343 -0.246616019 0.115257934 -0.020703677 0.993119836 1.756940142
141666667 0.899243320 1.599201477 0.500000000 0.500000000 0.000000000 0.000000000 0.993367910 -0.001255010 -0.114972129 -2.737989797 0.003768619 0.999758542 0.021648016 -0.232120992 0.114917204 -0.021937732 0.993132830 1.669660141
141733333 0.899243320 1.599201477 0.500000000 0.500000000 0.000000000 0.000000000 0.993367016 -0.002017135 -0.114969030 -2.625180111 0.004682994 0.999726295 0.022922233 -0.218453007 0.114891320 -0.023308590 0.993104577 1.583580108
141800000 0.899243320 1.599201477 0.500000000 0.500000000 0.000000000 0.000000000 0.993530512 -0.003054125 -0.113524653 -2.523800008 0.005848128 0.999687910 0.024286566 -0.205975990 0.113415055 -0.024793351 0.993238330 1.502380056
141866667 0.899243320 1.599201477 0.500000000 0.500000000 0.000000000 0.000000000 0.993774414 -0.004308570 -0.111327916 -2.428710336 0.007241250 0.999636948 0.025951842 -0.195821989 0.111175686 -0.026596429 0.993444800 1.422690063
141933333 0.899243320 1.599201477 0.500000000 0.500000000 0.000000000 0.000000000 0.994135499 -0.005257105 -0.108013645 -2.342719908 0.008361361 0.999564290 0.028306741 -0.191877979 0.107817769 -0.029043876 0.993746340 1.346919990
142000000 0.899243320 1.599201477 0.500000000 0.500000000 0.000000000 0.000000000 0.994522691 -0.006028375 -0.104347125 -2.262350107 0.009312991 0.999475420 0.031019246 -0.189980002 0.104105383 -0.031821128 0.994057059 1.275769890
142066667 0.899243320 1.599201477 0.500000000 0.500000000 0.000000000 0.000000000 0.994897187 -0.006209984 -0.100702785 -2.184130114 0.009736139 0.999355137 0.034561884 -0.193092018 0.100423209 -0.035365980 0.994316041 1.207290047
142133333 0.899243320 1.599201477 0.500000000 0.500000000 0.000000000 0.000000000 0.995118976 -0.005945436 -0.098502919 -2.097320023 0.009754068 0.999221385 0.038228843 -0.197104989 0.098198935 -0.039003056 0.994402170 1.137289972
142200000 0.899243320 1.599201477 0.500000000 0.500000000 0.000000000 0.000000000 0.995253265 -0.005158289 -0.097181827 -2.008869818 0.009306799 0.999062300 0.042283271 -0.204481001 0.096872598 -0.042987015 0.994368017 1.071319916
142266667 0.899243320 1.599201477 0.500000000 0.500000000 0.000000000 0.000000000 0.995384097 -0.003346529 -0.095912769 -1.924259968 0.007836027 0.998888969 0.046469778 -0.211745006 0.095650688 -0.047006853 0.994304419 1.010329890
142333333 0.899243320 1.599201477 0.500000000 0.500000000 0.000000000 0.000000000 0.995573580 -0.003991641 -0.093900643 -1.836310007 0.008528646 0.998812556 0.047965478 -0.203484990 0.093597688 -0.048554007 0.994425476 0.932178113
142400000 0.899243320 1.599201477 0.500000000 0.500000000 0.000000000 0.000000000 0.995692253 -0.003945828 -0.092635877 -1.746960117 0.008560709 0.998738766 0.049473077 -0.195232980 0.092323832 -0.050052986 0.994470239 0.857463101
142466667 0.899243320 1.599201477 0.500000000 0.500000000 0.000000000 0.000000000 0.995753288 -0.004116297 -0.091969803 -1.657570050 0.008817700 0.998671353 0.050771240 -0.187045995 0.091638625 -0.051366594 0.994466603 0.783317972
142533333 0.899243320 1.599201477 0.500000000 0.500000000 0.000000000 0.000000000 0.995919585 -0.004705666 -0.090122156 -1.574529907 0.009405144 0.998613596 0.051792242 -0.177018992 0.089753486 -0.052428521 0.994583130 0.712252964
142600000 0.899243320 1.599201477 0.500000000 0.500000000 0.000000000 0.000000000 0.996050954 -0.005374899 -0.088620655 -1.490630096 0.010016253 0.998596251 0.052012049 -0.163259017 0.088216685 -0.052694298 0.994706571 0.641635041
142666667 0.899243320 1.599201477 0.500000000 0.500000000 0.000000000 0.000000000 0.996290684 -0.005666720 -0.085865125 -1.414560080 0.010198515 0.998572409 0.052431721 -0.149892996 0.085445434 -0.053112928 0.994926155 0.579710977
142733333 0.899243320 1.599201477 0.500000000 0.500000000 0.000000000 0.000000000 0.996649623 -0.005787313 -0.081584752 -1.341750002 0.010138633 0.998541892 0.053022020 -0.136905002 0.081158936 -0.053671531 0.995255053 0.508359029
142800000 0.899243320 1.599201477 0.500000000 0.500000000 0.000000000 0.000000000 0.996822476 -0.005485437 -0.079466239 -1.260550031 0.009804131 0.998489618 0.054058533 -0.127350985 0.079049677 -0.054665860 0.995370686 0.439651996
142866667 0.899243320 1.599201477 0.500000000 0.500000000 0.000000000 0.000000000 0.997040391 -0.004828180 -0.076728076 -1.183210007 0.009061178 0.998449802 0.054916855 -0.116286997 0.076343983 -0.055449571 0.995538533 0.374167000
142933333 0.899243320 1.599201477 0.500000000 0.500000000 0.000000000 0.000000000 0.997177124 -0.003670177 -0.074995235 -1.100939948 0.007948825 0.998351991 0.056833729 -0.110751993 0.074663058 -0.057269417 0.995562971 0.313040984
143000000 0.899243320 1.599201477 0.500000000 0.500000000 0.000000000 0.000000000 0.997269213 -0.002624625 -0.073805489 -1.017119982 0.006946270 0.998271525 0.058358923 -0.104167013 0.073524751 -0.058712229 0.995563626 0.249298989
143066667 0.899243320 1.599201477 0.500000000 0.500000000 0.000000000 0.000000000 0.997314870 -0.001311168 -0.073220998 -0.931243967 0.005720506 0.998179436 0.060042348 -0.098512005 0.073008969 -0.060299989 0.995506704 0.185774983
143133333 0.899243320 1.599201477 0.500000000 0.500000000 0.000000000 0.000000000 0.997316003 0.000034693 -0.073217034 -0.843973938 0.004508489 0.998073101 0.061884671 -0.094137699 0.073078096 -0.062048674 0.995394170 0.122564010
143200000 0.899243320 1.599201477 0.500000000 0.500000000 0.000000000 0.000000000 0.997124612 0.002411148 -0.075740732 -0.748435038 0.002479087 0.997920752 0.064405210 -0.093305404 0.075738542 -0.064407788 0.995045364 0.061382994
143266667 0.899243320 1.599201477 0.500000000 0.500000000 0.000000000 0.000000000 0.996608436 0.003875652 -0.082198732 -0.634110959 0.001598994 0.997789621 0.066432402 -0.087658999 0.082274519 -0.066338524 0.994399369 -0.015798101
143333333 0.899243320 1.599201477 0.500000000 0.500000000 0.000000000 0.000000000 0.995888591 0.004739794 -0.090462595 -0.518714021 0.001406849 0.997700512 0.067762323 -0.078188006 0.090575755 -0.067610987 0.993591845 -0.087131291
143400000 0.899243320 1.599201477 0.500000000 0.500000000 0.000000000 0.000000000 0.994972587 0.006766027 -0.099918537 -0.402351964 0.000142802 0.997618318 0.068976112 -0.068531800 0.100147255 -0.068643607 0.992601931 -0.161032997
143466667 0.899243320 1.599201477 0.500000000 0.500000000 0.000000000 0.000000000 0.994046986 0.008034736 -0.108655863 -0.300611006 -0.000437860 0.997563660 0.069760717 -0.057482497 0.108951651 -0.069297858 0.991628647 -0.231785994
143533333 0.899243320 1.599201477 0.500000000 0.500000000 0.000000000 0.000000000 0.991995990 0.008526444 -0.125980943 -0.157040983 0.000059833 0.997685671 0.067994893 -0.029754103 0.126269132 -0.067458197 0.989699721 -0.306525002
143600000 0.899243320 1.599201477 0.500000000 0.500000000 0.000000000 0.000000000 0.989642739 0.010084472 -0.143197626 -0.022711903 -0.000374811 0.997707546 0.067671686 -0.010781199 0.143551797 -0.066917121 0.987377822 -0.371971003
143666667 0.899243320 1.599201477 0.500000000 0.500000000 0.000000000 0.000000000 0.986664414 0.011612996 -0.162352875 0.114241998 -0.000609547 0.997708201 0.067660995 0.005812047 0.162766531 -0.066659741 0.984410226 -0.434021973
143733333 0.899243320 1.599201477 0.500000000 0.500000000 0.000000000 0.000000000 0.983199477 0.013437841 -0.182039052 0.247602010 -0.001196817 0.997739673 0.067187525 0.024459307 0.182530433 -0.065840878 0.980993152 -0.486634986
143800000 0.899243320 1.599201477 0.500000000 0.500000000 0.000000000 0.000000000 0.978782952 0.014255857 -0.204403400 0.387998027 -0.000705706 0.997805357 0.066211417 0.044108597 0.204898715 -0.064662352 0.976644933 -0.526921989
143866667 0.899243320 1.599201477 0.500000000 0.500000000 0.000000000 0.000000000 0.973732769 0.013836637 -0.227272958 0.523719993 0.000812886 0.997934282 0.064238131 0.068437301 0.227692306 -0.062735528 0.971710086 -0.557037037
143933333 0.899243320 1.599201477 0.500000000 0.500000000 0.000000000 0.000000000 0.968190134 0.014951806 -0.249768421 0.652017985 0.001047532 0.997962058 0.063801266 0.084310595 0.250213355 -0.062033396 0.966201365 -0.583899011
144000000 0.899243320 1.599201477 0.500000000 0.500000000 0.000000000 0.000000000 0.962399006 0.015994411 -0.271168590 0.772001081 0.001487207 0.997939825 0.064139992 0.094717403 0.271635830 -0.062131550 0.960392475 -0.603746010
144066667 0.899243320 1.599201477 0.500000000 0.500000000 0.000000000 0.000000000 0.956384957 0.016573116 -0.291638613 0.886301899 0.002048798 0.997984052 0.063431710 0.110782003 0.292101979 -0.061262641 0.954423010 -0.622214933
144133333 0.899243320 1.599201477 0.500000000 0.500000000 0.000000000 0.000000000 0.950224638 0.017744727 -0.311059922 0.989443034 0.002664595 0.997877479 0.065064766 0.111225984 0.311554223 -0.062654994 0.948160529 -0.630817070
144200000 0.899243320 1.599201477 0.500000000 0.500000000 0.000000000 0.000000000 0.943861723 0.018657431 -0.329813480 1.089270050 0.003114049 0.997856855 0.065360233 0.118860981 0.330326080 -0.062718078 0.941780865 -0.638299060
144266667 0.899243320 1.599201477 0.500000000 0.500000000 0.000000000 0.000000000 0.937405467 0.019653104 -0.347684771 1.183199924 0.003720607 0.997784019 0.066431604 0.122214017 0.348219901 -0.063566945 0.935255110 -0.642046994
144333333 0.899243320 1.599201477 0.500000000 0.500000000 0.000000000 0.000000000 0.930223167 0.019916032 -0.366453350 1.280419694 0.005045635 0.997738004 0.067033164 0.128619041 0.366959453 -0.064204790 0.928018510 -0.642408894
144400000 0.899243320 1.599201477 0.500000000 0.500000000 0.000000000 0.000000000 0.922681451 0.021209601 -0.384979486 1.373530193 0.005355950 0.997684419 0.067801915 0.132451957 0.385526061 -0.064621501 0.920431316 -0.631424067
144466667 0.899243320 1.599201477 0.500000000 0.500000000 0.000000000 0.000000000 0.914277732 0.022112152 -0.404484034 1.468770079 0.005944658 0.997669160 0.067977205 0.138418972 0.405044377 -0.064554572 0.912015259 -0.612962045
144533333 0.899243320 1.599201477 0.500000000 0.500000000 0.000000000 0.000000000 0.904952586 0.023536980 -0.424860716 1.565919723 0.006004455 0.997663200 0.068059236 0.143753061 0.425469816 -0.064141437 0.902696609 -0.587439888
144600000 0.899243320 1.599201477 0.500000000 0.500000000 0.000000000 0.000000000 0.893962622 0.025899168 -0.447392285 1.673329623 0.005644447 0.997598708 0.069028623 0.142220045 0.448105752 -0.064234294 0.891669750 -0.547443890
144666667 0.899243320 1.599201477 0.500000000 0.500000000 0.000000000 0.000000000 0.883897543 0.030810323 -0.466664433 1.762329847 0.003720504 0.997332811 0.072893210 0.124115021 0.467665613 -0.066166349 0.881425440 -0.514922047
144733333 0.899243320 1.599201477 0.500000000 0.500000000 0.000000000 0.000000000 0.872613370 0.036108464 -0.487075031 1.861439971 0.001319334 0.997085512 0.076280847 0.107137009 0.488409817 -0.067206308 0.870022476 -0.474193898
144800000 0.899243320 1.599201477 0.500000000 0.500000000 0.000000000 0.000000000 0.860719264 0.040770918 -0.507444918 1.963200488 -0.000821253 0.996897757 0.078703336 0.093899050 0.509079516 -0.067324750 0.858082592 -0.426055077
144866667 0.899243320 1.599201477 0.500000000 0.500000000 0.000000000 0.000000000 0.848813772 0.045010857 -0.526772380 2.060969911 -0.002916398 0.996752799 0.080469683 0.083502844 0.528683901 -0.066767499 0.846188784 -0.373101928
144933333 0.899243320 1.599201477 0.500000000 0.500000000 0.000000000 0.000000000 0.836557269 0.049138054 -0.545671582 2.157590063 -0.005141901 0.996630251 0.081864223 0.074195598 0.547855496 -0.065678328 0.833990932 -0.311659061
145000000 0.899243320 1.599201477 0.500000000 0.500000000 0.000000000 0.000000000 0.824882984 0.054055531 -0.562712967 2.248039438 -0.007096883 0.996329486 0.085306361 0.052409661 0.565258801 -0.066374242 0.822238803 -0.248400803
145066667 0.899243320 1.599201477 0.500000000 0.500000000 0.000000000 0.000000000 0.813377023 0.058458559 -0.578792453 2.335150688 -0.009094717 0.996094346 0.087825686 0.036012429 0.581665993 -0.066171467 0.810731947 -0.179115183
145133333 0.899243320 1.599201477 0.500000000 0.500000000 0.000000000 0.000000000 0.802243531 0.062131092 -0.593754947 2.419949762 -0.010789707 0.995916188 0.089635260 0.024376313 0.596899331 -0.065502860 0.799637735 -0.110303972
145200000 0.899243320 1.599201477 0.500000000 0.500000000 0.000000000 0.000000000 0.790689290 0.065013707 -0.608755887 2.507570200 -0.012244344 0.995825887 0.090448193 0.018528976 0.612095296 -0.064062603 0.788184881 -0.034629141
145266667 0.899243320 1.599201477 0.500000000 0.500000000 0.000000000 0.000000000 0.778998911 0.067962155 -0.623331428 2.598920675 -0.014413264 0.995786846 0.090558454 0.016611742 0.626859784 -0.061560705 0.776696384 0.054955972
145333333 0.899243320 1.599201477 0.500000000 0.500000000 0.000000000 0.000000000 0.767207384 0.068587720 -0.637721598 2.691670689 -0.015842214 0.995989084 0.088060990 0.029176202 0.641203701 -0.057458147 0.765216827 0.149057020
145400000 0.899243320 1.599201477 0.500000000 0.500000000 0.000000000 0.000000000 0.754891515 0.069338456 -0.652174294 2.787160879 -0.016548883 0.996092796 0.086748227 0.038011474 0.655641139 -0.054692771 0.753089488 0.256487139
145466667 0.899243320 1.599201477 0.500000000 0.500000000 0.000000000 0.000000000 0.742042005 0.069574907 -0.666733325 2.890660948 -0.017274786 0.996253788 0.084735036 0.053344836 0.670131028 -0.051359296 0.740464032 0.363079161
145533333 0.899243320 1.599201477 0.500000000 0.500000000 0.000000000 0.000000000 0.729546726 0.069527030 -0.680387676 2.992949436 -0.017304787 0.996377409 0.083262078 0.067269361 0.683711827 -0.048969604 0.728107035 0.471491939
145600000 0.899243320 1.599201477 0.500000000 0.500000000 0.000000000 0.000000000 0.717800379 0.069980219 -0.692723215 3.095430038 -0.018349886 0.996491849 0.081653357 0.081899766 0.696007192 -0.045899425 0.716566384 0.575322994
145666667 0.899243320 1.599201477 0.500000000 0.500000000 0.000000000 0.000000000 0.706674695 0.069906123 -0.704076767 3.202660352 -0.018649086 0.996601701 0.080232337 0.095704814 0.707292795 -0.043567773 0.705576897 0.673785906
145733333 0.899243320 1.599201477 0.500000000 0.500000000 0.000000000 0.000000000 0.696179211 0.071238384 -0.714324474 3.312089426 -0.020407403 0.996625721 0.079502784 0.103573059 0.717577815 -0.040770665 0.695283890 0.767732878
145800000 0.899243320 1.599201477 0.500000000 0.500000000 0.000000000 0.000000000 0.686107039 0.072864003 -0.723842263 3.425238583 -0.022377662 0.996614635 0.079110935 0.104201101 0.727156162 -0.038080659 0.685414851 0.861315787
145866667 0.899243320 1.599201477 0.500000000 0.500000000 0.000000000 0.000000000 0.675987184 0.074730411 -0.733114541 3.541710657 -0.025407776 0.996616781 0.078162774 0.105591935 0.736475408 -0.034210246 0.675598919 0.968306256
145933333 0.899243320 1.599201477 0.500000000 0.500000000 0.000000000 0.000000000 0.666662276 0.076665193 -0.741407096 3.660492242 -0.028539816 0.996592343 0.077390097 0.103666788 0.744813740 -0.030433478 0.666578531 1.068850628
146000000 0.899243320 1.599201477 0.500000000 0.500000000 0.000000000 0.000000000 0.659816742 0.078779906 -0.747285187 3.778168359 -0.031435989 0.996512353 0.077297300 0.095615886 0.750768363 -0.027510362 0.659992039 1.135119490
146066667 0.899243320 1.599201477 0.500000000 0.500000000 0.000000000 0.000000000 0.657499731 0.080966920 -0.749092102 3.884221901 -0.035914443 0.996447086 0.076179609 0.091803841 0.752598643 -0.023184886 0.658071578 1.206370513
146133333 0.899243320 1.599201477 0.500000000 0.500000000 0.000000000 0.000000000 0.651161909 0.083289444 -0.754355073 4.014442154 -0.039237317 0.996325135 0.076135971 0.077239213 0.757924199 -0.019978017 0.652037024 1.276740591
146200000 0.899243320 1.599201477 0.500000000 0.500000000 0.000000000 0.000000000 0.648418427 0.085973203 -0.756413758 4.142498237 -0.043468297 0.996162891 0.075960599 0.059102585 0.760041893 -0.016374201 0.649667501 1.311659760
146266667 0.899243320 1.599201477 0.500000000 0.500000000 0.000000000 0.000000000 0.645444572 0.089017853 -0.758601964 4.274479158 -0.047284022 0.995937228 0.076636985 0.034339080 0.762342036 -0.013595156 0.647031426 1.341879884
146333333 0.899243320 1.599201477 0.500000000 0.500000000 0.000000000 0.000000000 0.647176087 0.089262336 -0.757096410 4.395607979 -0.050212488 0.995955944 0.074501753 0.022333273 0.760684848 -0.010200024 0.649040937 1.302079446
146400000 0.899243320 1.599201477 0.500000000 0.500000000 0.000000000 0.000000000 0.644823492 0.090134114 -0.758998096 4.530218238 -0.053144380 0.995906353 0.073117934 0.003637052 0.762481391 -0.006811641 0.646973968 1.290409245
146466667 0.899243320 1.599201477 0.500000000 0.500000000 0.000000000 0.000000000 0.646659434 0.095421366 -0.756787062 4.643441305 -0.059410952 0.995431244 0.074745953 -0.037639198 0.760461807 -0.003373768 0.649374068 1.227240243
146533333 0.899243320 1.599201477 0.500000000 0.500000000 0.000000000 0.000000000 0.639960647 0.096380070 -0.762339294 4.772139669 -0.062802225 0.995344043 0.073117539 -0.059146660 0.765836895 0.001084276 0.643033862 1.219779981
146600000 0.899243320 1.599201477 0.500000000 0.500000000 0.000000000 0.000000000 0.641348958 0.099763379 -0.760735393 4.863578107 -0.069999084 0.994983554 0.071469083 -0.084631655 0.764049172 0.007414207 0.645115018 1.115749422
146666667 0.899243320 1.599201477 0.500000000 0.500000000 0.000000000 0.000000000 0.629146576 0.101418093 -0.770641744 4.990818578 -0.074123561 0.994761109 0.070398718 -0.105958971 0.773744166 0.012831625 0.633368015 1.114099641
146733333 0.899243320 1.599201477 0.500000000 0.500000000 0.000000000 0.000000000 0.624041915 0.104699366 -0.774344325 5.088676723 -0.078998260 0.994358599 0.070783071 -0.127333803 0.777386904 0.017000334 0.628792524 1.009489488
146800000 0.899243320 1.599201477 0.500000000 0.500000000 0.000000000 0.000000000 0.609612107 0.106557287 -0.785505354 5.191410485 -0.085946701 0.993967235 0.068134859 -0.132122982 0.788026869 0.025975747 0.615092695 1.038050307
146866667 0.899243320 1.599201477 0.500000000 0.500000000 0.000000000 0.000000000 0.593897104 0.108035743 -0.797254920 5.278184923 -0.091066793 0.993601561 0.066804469 -0.143458215 0.799371004 0.032928359 0.599935532 1.075871236
146933333 0.899243320 1.599201477 0.500000000 0.500000000 0.000000000 0.000000000 0.575168252 0.109526619 -0.810669422 5.355587234 -0.097833797 0.993093491 0.064760402 -0.153372910 0.812163472 0.042062804 0.581911206 1.138169693
147000000 0.899243320 1.599201477 0.500000000 0.500000000 0.000000000 0.000000000 0.553822041 0.110625342 -0.825253189 5.420468320 -0.104882911 0.992508590 0.062659718 -0.165030918 0.826002657 0.051852666 0.561275840 1.222699637
147066667 0.899243320 1.599201477 0.500000000 0.500000000 0.000000000 0.000000000 0.531518519 0.111936972 -0.839618206 5.466723129 -0.111715928 0.991834760 0.061508790 -0.183271128 0.839647651 0.061105594 0.539683700 1.315330642
147133333 0.899243320 1.599201477 0.500000000 0.500000000 0.000000000 0.000000000 0.507000089 0.113161504 -0.854485393 5.497119536 -0.115386233 0.991332173 0.062821217 -0.214624985 0.854187846 0.066745497 0.515662789 1.423019815
147200000 0.899243320 1.599201477 0.500000000 0.500000000 0.000000000 0.000000000 0.482579350 0.114642620 -0.868316174 5.514473156 -0.120606333 0.990650296 0.063765511 -0.242520704 0.867507935 0.073952690 0.491894007 1.529298157
