https://www.youtube.com/watch?v=2KjQwhPbPDc
42840000 0.683421947 1.223758296 0.500000000 0.500000000 0.000000000 0.000000000 0.994210541 0.010247679 0.106959954 2.447770132 -0.007454383 0.999621511 -0.026482590 1.203300139 -0.107190847 0.025531951 0.993910611 -5.069550609
42920000 0.683421947 1.223758296 0.500000000 0.500000000 0.000000000 0.000000000 0.993648350 0.007804094 0.112258881 2.257370018 -0.004771583 0.999617100 -0.027256915 1.084790090 -0.112428606 0.026548138 0.993305087 -4.679840232
43000000 0.683421947 1.223758296 0.500000000 0.500000000 0.000000000 0.000000000 0.992436469 0.003408158 0.122712158 2.095009985 0.000169697 0.999575496 -0.029134210 0.993348974 -0.122759365 0.028934676 0.992014587 -4.299459763
43080000 0.683421947 1.223758296 0.500000000 0.500000000 0.000000000 0.000000000 0.990143001 -0.001069852 0.140055880 1.864639805 0.005275096 0.999546170 -0.029657671 0.873479943 -0.139960602 0.030104144 0.989699304 -3.977889811
43160000 0.683421947 1.223758296 0.500000000 0.500000000 0.000000000 0.000000000 0.989688873 0.000709629 0.143232077 1.671859954 0.003664789 0.999534905 -0.030274665 0.755709978 -0.143186957 0.030487416 0.989225984 -3.629930035
43240000 0.683421947 1.223758296 0.500000000 0.500000000 0.000000000 0.000000000 0.989300132 0.004929771 0.145811319 1.529300039 -0.000346603 0.999505579 -0.031440876 0.665154037 -0.145894229 0.031053923 0.988812685 -3.254530069
43320000 0.683421947 1.223758296 0.500000000 0.500000000 0.000000000 0.000000000 0.989724636 -0.006637817 0.142832458 1.287250022 0.011114810 0.999470830 -0.030569350 0.573705021 -0.142553955 0.031842794 0.989274681 -2.925329915
43400000 0.683421947 1.223758296 0.500000000 0.500000000 0.000000000 0.000000000 0.990318954 -0.014389619 0.138062790 1.096060046 0.018856134 0.999338448 -0.031098090 0.509176020 -0.137523964 0.033400357 0.989935160 -2.545839856
43480000 0.683421947 1.223758296 0.500000000 0.500000000 0.000000000 0.000000000 0.990923941 -0.007020104 0.134240404 0.906355980 0.011763020 0.999333024 -0.034571066 0.444873047 -0.133908167 0.035836369 0.990345597 -2.190130086
43560000 0.683421947 1.223758296 0.500000000 0.500000000 0.000000000 0.000000000 0.990803897 0.001712007 0.135294870 0.713052048 0.003587161 0.999236107 -0.038914051 0.395181029 -0.135258153 0.039041515 0.990040898 -1.875269999
43640000 0.683421947 1.223758296 0.500000000 0.500000000 0.000000000 0.000000000 0.990400732 0.003005798 0.138193011 0.505640996 0.002843093 0.999109030 -0.042107202 0.347117018 -0.138196468 0.042095900 0.989509821 -1.570950098
43720000 0.683421947 1.223758296 0.500000000 0.500000000 0.000000000 0.000000000 0.989662647 0.003881099 0.143362433 0.309678972 0.001970183 0.999171495 -0.040650140 0.301964007 -0.143401414 0.040512379 0.988835096 -1.262950100
43800000 0.683421947 1.223758296 0.500000000 0.500000000 0.000000000 0.000000000 0.988367498 0.008480452 0.151847869 0.111148003 -0.002372487 0.999182403 -0.040360294 0.229096010 -0.152065992 0.039530545 0.987579465 -0.946855962
43880000 0.683421947 1.223758296 0.500000000 0.500000000 0.000000000 0.000000000 0.986399353 0.006681976 0.164230615 -0.060107211 -0.000484096 0.999287069 -0.037749983 0.168093993 -0.164365768 0.037157059 0.985699356 -0.608564957
43960000 0.683421947 1.223758296 0.500000000 0.500000000 0.000000000 0.000000000 0.982791185 0.005885180 0.184626177 -0.269581996 0.000775936 0.999351978 -0.035985988 0.066675000 -0.184718326 0.035509970 0.982149780 -0.279048996
44040000 0.683421947 1.223758296 0.500000000 0.500000000 0.000000000 0.000000000 0.980690718 0.003862847 0.195527136 -0.454118033 0.002911086 0.999405801 -0.034345258 -0.053503097 -0.195543617 0.034251269 0.980096698 0.091364311
44120000 0.683421947 1.223758296 0.500000000 0.500000000 0.000000000 0.000000000 0.978491426 0.002561386 0.206271708 -0.631474035 0.006131370 0.999119997 -0.041492037 -0.202174983 -0.206196457 0.041864328 0.977614641 0.470687014
44200000 0.683421947 1.223758296 0.500000000 0.500000000 0.000000000 0.000000000 0.977134526 -0.002246344 0.212610200 -0.786703024 0.012348471 0.998855948 -0.046198808 -0.321797991 -0.212263182 0.047767863 0.976044357 0.832399047
44280000 0.683421947 1.223758296 0.500000000 0.500000000 0.000000000 0.000000000 0.975913286 -0.005404599 0.218091875 -0.892454004 0.015926158 0.998790622 -0.046514701 -0.414652989 -0.217576742 0.048867684 0.974819124 1.186620014
44360000 0.683421947 1.223758296 0.500000000 0.500000000 0.000000000 0.000000000 0.975265861 -0.008328551 0.220878229 -0.995793014 0.017453032 0.999071479 -0.039390627 -0.498244020 -0.220345065 0.042271327 0.974505603 1.526839902
44440000 0.683421947 1.223758296 0.500000000 0.500000000 0.000000000 0.000000000 0.977060914 -0.012948668 0.212566078 -1.102069983 0.021057529 0.999132514 -0.035927888 -0.590748972 -0.211916447 0.039579850 0.976485968 1.868819892
44520000 0.683421947 1.223758296 0.500000000 0.500000000 0.000000000 0.000000000 0.977644622 -0.017929697 0.209498227 -1.182570005 0.025994943 0.999020576 -0.035807882 -0.670824045 -0.208651006 0.040453274 0.977153182 2.210709917
44600000 0.683421947 1.223758296 0.500000000 0.500000000 0.000000000 0.000000000 0.980139375 -0.024703629 0.196765170 -1.275450077 0.032157220 0.998877645 -0.034775745 -0.752283918 -0.195685253 0.040412497 0.979833722 2.548119981
44680000 0.683421947 1.223758296 0.500000000 0.500000000 0.000000000 0.000000000 0.982631743 -0.024267614 0.183972776 -1.333469904 0.031243719 0.998894751 -0.035115428 -0.807636996 -0.182917267 0.040253520 0.982303917 2.902010183
44760000 0.683421947 1.223758296 0.500000000 0.500000000 0.000000000 0.000000000 0.985589981 -0.033743065 0.165752053 -1.491089931 0.039726283 0.998668313 -0.032914765 -0.946132954 -0.164420694 0.039025180 0.985617995 3.439719780
