https://www.youtube.com/watch?v=rsOG837atVk
15298611 0.907817682 1.621102791 0.500000000 0.500000000 0.000000000 0.000000000 0.999323070 -0.023289228 0.028479088 -6.796230102 0.023194423 0.999724269 0.003654787 -0.060502007 -0.028556354 -0.002991756 0.999587715 1.916679946
15331978 0.907817682 1.621102791 0.500000000 0.500000000 0.000000000 0.000000000 0.998744190 -0.026266877 0.042663191 -6.308580598 0.026124213 0.999651134 0.003898166 -0.094537118 -0.042750698 -0.002778730 0.999081910 1.903440083
15365344 0.907817682 1.621102791 0.500000000 0.500000000 0.000000000 0.000000000 0.998247027 -0.028299412 0.051980894 -5.969930134 0.028129747 0.999596298 0.003992830 -0.109269999 -0.052072901 -0.002523621 0.998640120 1.886290008
15398711 0.907817682 1.621102791 0.500000000 0.500000000 0.000000000 0.000000000 0.997666180 -0.030297888 0.061190132 -5.621630262 0.030103954 0.999538422 0.004089012 -0.121808006 -0.061285775 -0.002237404 0.998117745 1.865910016
15432078 0.907817682 1.621102791 0.500000000 0.500000000 0.000000000 0.000000000 0.997002780 -0.032116946 0.070384353 -5.269460205 0.031889345 0.999481916 0.004355218 -0.137144000 -0.070487767 -0.002097652 0.997510433 1.839430016
15465444 0.907817682 1.621102791 0.500000000 0.500000000 0.000000000 0.000000000 0.996240437 -0.033903845 0.079721823 -4.921400536 0.033650860 0.999423444 0.004515078 -0.147678016 -0.079828933 -0.001815393 0.996806920 1.812160055
15498811 0.907817682 1.621102791 0.500000000 0.500000000 0.000000000 0.000000000 0.995029092 -0.036348063 0.092714258 -4.398079714 0.036070857 0.999338329 0.004664420 -0.152166982 -0.092822455 -0.001296948 0.995681822 1.766010040
15532178 0.907817682 1.621102791 0.500000000 0.500000000 0.000000000 0.000000000 0.994163930 -0.037993122 0.100968614 -4.061910398 0.037688937 0.999277413 0.004919201 -0.160204991 -0.101082548 -0.001085094 0.994877458 1.720559933
15565544 0.907817682 1.621102791 0.500000000 0.500000000 0.000000000 0.000000000 0.993296981 -0.039242573 0.108725101 -3.736419924 0.038931631 0.999229431 0.004981970 -0.156627007 -0.108836830 -0.000715732 0.994059384 1.674829945
15598911 0.907817682 1.621102791 0.500000000 0.500000000 0.000000000 0.000000000 0.992385566 -0.040385589 0.116360970 -3.432449960 0.040083945 0.999184132 0.004932190 -0.145809996 -0.116465218 -0.000230431 0.993194759 1.610420005
15632278 0.907817682 1.621102791 0.500000000 0.500000000 0.000000000 0.000000000 0.991496682 -0.041838184 0.123222686 -3.151049830 0.041538328 0.999124408 0.005002575 -0.128633989 -0.123324089 0.000158430 0.992366433 1.533879964
15665644 0.907817682 1.621102791 0.500000000 0.500000000 0.000000000 0.000000000 0.990710735 -0.043183465 0.128947154 -2.879569895 0.042883079 0.999067068 0.005106361 -0.110466006 -0.129047349 0.000470728 0.991638303 1.453779985
15699011 0.907817682 1.621102791 0.500000000 0.500000000 0.000000000 0.000000000 0.989663541 -0.044270549 0.136404455 -2.500309963 0.044015173 0.999018908 0.004889174 -0.066366709 -0.136487067 0.001165229 0.990641177 1.332260049
15732378 0.907817682 1.621102791 0.500000000 0.500000000 0.000000000 0.000000000 0.989033103 -0.044888210 0.140707254 -2.252209921 0.044663209 0.998990774 0.004758208 -0.040371900 -0.140778840 0.001578415 0.990039825 1.254480136
15765744 0.907817682 1.621102791 0.500000000 0.500000000 0.000000000 0.000000000 0.988472939 -0.045588601 0.144370720 -2.001559810 0.045383293 0.998958528 0.004716776 -0.016429299 -0.144435391 0.001889611 0.989512444 1.183190043
15799111 0.907817682 1.621102791 0.500000000 0.500000000 0.000000000 0.000000000 0.987951338 -0.046023909 0.147763267 -1.749709984 0.045873996 0.998937428 0.004424179 0.013158800 -0.147809878 0.002407621 0.989012837 1.115529892
15832478 0.907817682 1.621102791 0.500000000 0.500000000 0.000000000 0.000000000 0.987430274 -0.046502743 0.151059583 -1.502680031 0.046376046 0.998914540 0.004363563 0.027695891 -0.151098534 0.002696825 0.988515019 1.050490078
15865844 0.907817682 1.621102791 0.500000000 0.500000000 0.000000000 0.000000000 0.986715853 -0.046626646 0.155620605 -1.145159976 0.046596568 0.998906374 0.003843233 0.055383003 -0.155629605 0.003459213 0.987809420 0.945088012
15899211 0.907817682 1.621102791 0.500000000 0.500000000 0.000000000 0.000000000 0.986337721 -0.046809543 0.157945693 -0.915326124 0.046851743 0.998895884 0.003458277 0.073820879 -0.157933176 0.003988995 0.987441778 0.842046116
15932578 0.907817682 1.621102791 0.500000000 0.500000000 0.000000000 0.000000000 0.986028492 -0.046886962 0.159841955 -0.691769000 0.046994198 0.998890340 0.003111292 0.083934306 -0.159810454 0.004443821 0.987137735 0.734394023
