https://www.youtube.com/watch?v=NyBxVwt5EPQ
102769000 0.812093911 1.444216078 0.500000000 0.500000000 0.000000000 0.000000000 0.991762817 0.068659298 -0.108131647 -6.749270114 -0.091541506 0.970412374 -0.223427787 1.309060149 0.089591876 0.231485918 0.968704045 0.124326146
102835000 0.812093911 1.444216078 0.500000000 0.500000000 0.000000000 0.000000000 0.989768744 0.070999965 -0.123761080 -6.404899485 -0.097299144 0.970294654 -0.221497625 1.251819858 0.104358397 0.231273264 0.967275560 0.151742964
102936000 0.812093911 1.444216078 0.500000000 0.500000000 0.000000000 0.000000000 0.986227334 0.058889553 -0.154556319 -5.872129825 -0.092416555 0.971187711 -0.219667017 1.110470000 0.137167111 0.230925173 0.963254273 0.147607988
103002000 0.812093911 1.444216078 0.500000000 0.500000000 0.000000000 0.000000000 0.982653022 0.055842370 -0.176846445 -5.577909875 -0.094055876 0.971913517 -0.215725869 0.991326897 0.159832805 0.228617132 0.960306048 0.196622021
103069000 0.812093911 1.444216078 0.500000000 0.500000000 0.000000000 0.000000000 0.979145348 0.058995195 -0.194406554 -5.263569855 -0.100716643 0.972000003 -0.212301821 0.830237123 0.176438376 0.227454334 0.957671106 0.303751039
103136000 0.812093911 1.444216078 0.500000000 0.500000000 0.000000000 0.000000000 0.974957645 0.066693842 -0.212154463 -4.913440427 -0.111867011 0.971569479 -0.208658710 0.767207102 0.192206547 0.227166489 0.954699934 0.431593938
103202000 0.812093911 1.444216078 0.500000000 0.500000000 0.000000000 0.000000000 0.967239559 0.082939036 -0.239934996 -4.636730398 -0.135139018 0.968302906 -0.210064128 0.764698792 0.214907274 0.235606894 0.947789192 0.585710877
103269000 0.812093911 1.444216078 0.500000000 0.500000000 0.000000000 0.000000000 0.958724022 0.113073088 -0.260888219 -4.330849790 -0.170504838 0.962882280 -0.209250540 0.611515007 0.227544025 0.245096236 0.942417920 0.678979108
103336000 0.812093911 1.444216078 0.500000000 0.500000000 0.000000000 0.000000000 0.954311490 0.129156411 -0.269459069 -3.992509870 -0.192052871 0.955953360 -0.221966103 0.606406908 0.228921965 0.263575166 0.937082112 0.776931040
103403000 0.812093911 1.444216078 0.500000000 0.500000000 0.000000000 0.000000000 0.953901589 0.131708682 -0.269674838 -3.666969948 -0.195356876 0.954624116 -0.224785134 0.457977156 0.227831930 0.267105758 0.936347723 0.918349134
103469000 0.812093911 1.444216078 0.500000000 0.500000000 0.000000000 0.000000000 0.957486629 0.125198916 -0.259893447 -3.318170109 -0.190178201 0.951369166 -0.242340639 0.255407823 0.216913849 0.281463981 0.934733391 1.035020050
103536000 0.812093911 1.444216078 0.500000000 0.500000000 0.000000000 0.000000000 0.961764514 0.118978083 -0.246684536 -2.902070064 -0.184693456 0.946839511 -0.263407111 0.111342957 0.202231005 0.298896611 0.932611108 1.081440022
103603000 0.812093911 1.444216078 0.500000000 0.500000000 0.000000000 0.000000000 0.966153920 0.115750492 -0.230539337 -2.452189666 -0.179864317 0.942889452 -0.280371726 0.001206050 0.184919938 0.312348068 0.931795776 1.087700089
103670000 0.812093911 1.444216078 0.500000000 0.500000000 0.000000000 0.000000000 0.971318007 0.104350574 -0.213663921 -1.989219986 -0.166432351 0.940114737 -0.297463715 -0.072758826 0.169828102 0.324492455 0.930517673 1.038599978
103770000 0.812093911 1.444216078 0.500000000 0.500000000 0.000000000 0.000000000 0.977443457 0.085763618 -0.192999706 -1.223149985 -0.145460710 0.935914218 -0.320789248 -0.136129992 0.153119132 0.341627210 0.927278459 0.856926924
103836000 0.812093911 1.444216078 0.500000000 0.500000000 0.000000000 0.000000000 0.980427206 0.076391429 -0.181457549 -0.671136988 -0.134150624 0.933795094 -0.331708133 -0.153660936 0.144104481 0.349558353 0.925766051 0.700169916
103903000 0.812093911 1.444216078 0.500000000 0.500000000 0.000000000 0.000000000 0.982465267 0.076700434 -0.169938549 -0.126567012 -0.131574199 0.931004703 -0.340468228 -0.157348049 0.132099554 0.356857717 0.924771547 0.529379099
103970000 0.812093911 1.444216078 0.500000000 0.500000000 0.000000000 0.000000000 0.984023988 0.084858753 -0.156511277 0.420426985 -0.135116175 0.928403199 -0.346137255 -0.140612998 0.115932770 0.361754566 0.925036848 0.316248976
104037000 0.812093911 1.444216078 0.500000000 0.500000000 0.000000000 0.000000000 0.985280931 0.094974130 -0.142131612 0.916924989 -0.139711767 0.926494956 -0.349410355 -0.097849002 0.098499253 0.364124835 0.926126838 0.093850965
104137000 0.812093911 1.444216078 0.500000000 0.500000000 0.000000000 0.000000000 0.990359306 0.090633549 -0.104756862 1.524269979 -0.123418532 0.920717955 -0.370197535 -0.004445729 0.062899157 0.379557490 0.923027456 -0.163308038
104203000 0.812093911 1.444216078 0.500000000 0.500000000 0.000000000 0.000000000 0.993952334 0.078090370 -0.077205300 1.949689920 -0.102225199 0.914786458 -0.390788645 0.079712609 0.040109530 0.396317631 0.917236924 -0.394462026
104270000 0.812093911 1.444216078 0.500000000 0.500000000 0.000000000 0.000000000 0.996841013 0.062422656 -0.049106285 2.324409899 -0.076967545 0.911798477 -0.403360188 0.165445011 0.019596219 0.405865550 0.913722634 -0.626733979
104337000 0.812093911 1.444216078 0.500000000 0.500000000 0.000000000 0.000000000 0.998731434 0.045445435 -0.021684695 2.649310270 -0.050345317 0.909165502 -0.413380414 0.287380953 0.000928709 0.413947731 0.910300136 -0.862578944
104404000 0.812093911 1.444216078 0.500000000 0.500000000 0.000000000 0.000000000 0.999484301 0.031873580 0.003897319 2.926680137 -0.027362050 0.908894420 -0.416127741 0.398683058 -0.016805727 0.415806532 0.909297884 -1.110520221
104470000 0.812093911 1.444216078 0.500000000 0.500000000 0.000000000 0.000000000 0.999428570 0.013776500 0.030866157 3.138170160 0.000172507 0.911080599 -0.412228078 0.486502021 -0.033800621 0.411997825 0.910557628 -1.398189896
104537000 0.812093911 1.444216078 0.500000000 0.500000000 0.000000000 0.000000000 0.998222411 -0.006724955 0.059218381 3.258730161 0.029339172 0.920328140 -0.390045136 0.521725963 -0.051877301 0.391089231 0.918889523 -1.741489965
104604000 0.812093911 1.444216078 0.500000000 0.500000000 0.000000000 0.000000000 0.995713115 -0.024503011 0.089190789 3.292769734 0.054788712 0.933147669 -0.355293870 0.471165028 -0.074522428 0.358657420 0.930489898 -2.145910611
104671000 0.812093911 1.444216078 0.500000000 0.500000000 0.000000000 0.000000000 0.992385089 -0.038795240 0.116904780 3.273730020 0.074952774 0.943355799 -0.323205650 0.326898016 -0.097743943 0.329506814 0.939080060 -2.578049625
104737000 0.812093911 1.444216078 0.500000000 0.500000000 0.000000000 0.000000000 0.989683032 -0.052275188 0.133396983 3.262949637 0.091008611 0.948469818 -0.303516805 0.128002065 -0.110656604 0.312525690 0.943441987 -3.024599964
104804000 0.812093911 1.444216078 0.500000000 0.500000000 0.000000000 0.000000000 0.985667169 -0.051391222 0.160683423 3.177500030 0.096827887 0.952301443 -0.289389491 -0.122229021 -0.138146967 0.300800383 0.943628371 -3.508309791
104871000 0.812093911 1.444216078 0.500000000 0.500000000 0.000000000 0.000000000 0.982555449 -0.049236439 0.179333702 3.023199928 0.098866619 0.955050349 -0.279471308 -0.387965049 -0.157512531 0.292326182 0.943257749 -4.039659717
104938000 0.812093911 1.444216078 0.500000000 0.500000000 0.000000000 0.000000000 0.982310355 -0.054373622 0.179192498 2.965029981 0.102182999 0.957534850 -0.269602865 -0.665796996 -0.156923786 0.283144087 0.946152449 -4.470900831
105004000 0.812093911 1.444216078 0.500000000 0.500000000 0.000000000 0.000000000 0.983706295 -0.056704886 0.170606226 2.956899928 0.101502366 0.958418369 -0.266705066 -0.913276176 -0.148388684 0.279676408 0.948557854 -4.881470800
105071000 0.812093911 1.444216078 0.500000000 0.500000000 0.000000000 0.000000000 0.985185266 -0.048173368 0.164588183 2.892280040 0.090929553 0.960455775 -0.263166368 -1.158840001 -0.145402074 0.274233580 0.950607300 -5.235390164
