https://www.youtube.com/watch?v=quWLifCR1A0
18466667 0.988459092 1.759401961 0.500000000 0.500000000 0.000000000 0.000000000 0.989205897 0.034906570 0.142313689 4.399560065 -0.038961720 0.998907387 0.025807319 -0.295799976 -0.141257346 -0.031073539 0.989485145 5.189800096
18533333 0.988459092 1.759401961 0.500000000 0.500000000 0.000000000 0.000000000 0.985395491 0.030956997 0.167443857 4.322559979 -0.035814792 0.999018371 0.026069205 -0.264939965 -0.166472450 -0.031685442 0.985536873 4.984720402
18600000 0.988459092 1.759401961 0.500000000 0.500000000 0.000000000 0.000000000 0.980272293 0.025618037 0.195984602 4.241640062 -0.031581860 0.999126494 0.027365206 -0.236387018 -0.195112377 -0.033014912 0.980225086 4.763150016
18666667 0.988459092 1.759401961 0.500000000 0.500000000 0.000000000 0.000000000 0.973279953 0.018508896 0.228874534 4.152929500 -0.025928572 0.999229789 0.029453360 -0.221568959 -0.228153110 -0.034600750 0.973010242 4.501510118
18733333 0.988459092 1.759401961 0.500000000 0.500000000 0.000000000 0.000000000 0.964660466 0.009612342 0.263320595 4.059709638 -0.018599221 0.999325693 0.031657487 -0.207764026 -0.262838751 -0.035436288 0.964188814 4.275629697
18800000 0.988459092 1.759401961 0.500000000 0.500000000 0.000000000 0.000000000 0.953775644 -0.000588898 0.300518930 3.958179508 -0.010302646 0.999346197 0.034656473 -0.187240035 -0.300342858 -0.036150642 0.953145981 4.050649718
18866667 0.988459092 1.759401961 0.500000000 0.500000000 0.000000000 0.000000000 0.940314114 -0.012007010 0.340095818 3.843650203 -0.001128754 0.999261856 0.038399559 -0.159954974 -0.340305805 -0.036491532 0.939606488 3.817170247
18933333 0.988459092 1.759401961 0.500000000 0.500000000 0.000000000 0.000000000 0.924782753 -0.021634646 0.379879922 3.733269702 0.006162195 0.999102831 0.041898854 -0.136970997 -0.380445570 -0.036406435 0.924086392 3.614749246
19000000 0.988459092 1.759401961 0.500000000 0.500000000 0.000000000 0.000000000 0.906369865 -0.032875378 0.421203911 3.615709577 0.014387443 0.998791397 0.046996921 -0.098979816 -0.422239900 -0.036536537 0.905747414 3.417669444
19066667 0.988459092 1.759401961 0.500000000 0.500000000 0.000000000 0.000000000 0.886743367 -0.041032601 0.460437298 3.507169906 0.019033272 0.998448849 0.052322701 -0.089267923 -0.461870015 -0.037633181 0.886148870 3.281210099
19133333 0.988459092 1.759401961 0.500000000 0.500000000 0.000000000 0.000000000 0.866991043 -0.048249912 0.495982260 3.395279497 0.023127656 0.998124957 0.056671306 -0.076197490 -0.497786671 -0.037662603 0.866481304 3.174759679
19200000 0.988459092 1.759401961 0.500000000 0.500000000 0.000000000 0.000000000 0.848020017 -0.054850295 0.527118027 3.285669739 0.027153423 0.997820199 0.060146071 -0.066964719 -0.529268086 -0.036692008 0.847660899 3.085059702
19266667 0.988459092 1.759401961 0.500000000 0.500000000 0.000000000 0.000000000 0.830243349 -0.058499184 0.554322660 3.174979144 0.027945008 0.997595370 0.063423946 -0.072976737 -0.556699932 -0.037166741 0.829881668 3.006689364
19333333 0.988459092 1.759401961 0.500000000 0.500000000 0.000000000 0.000000000 0.813856363 -0.061583072 0.577793300 3.062859174 0.029187357 0.997445345 0.065198764 -0.082158614 -0.580332339 -0.036198150 0.813574672 2.933009335
19400000 0.988459092 1.759401961 0.500000000 0.500000000 0.000000000 0.000000000 0.798908651 -0.064512707 0.597982585 2.944930527 0.030447481 0.997294068 0.066913977 -0.090783373 -0.600681245 -0.035251103 0.798711121 2.854450530
19466667 0.988459092 1.759401961 0.500000000 0.500000000 0.000000000 0.000000000 0.785614014 -0.065141410 0.615277827 2.816138722 0.029775901 0.997270465 0.067564942 -0.106797015 -0.617999732 -0.034759492 0.785409331 2.773779328
19533333 0.988459092 1.759401961 0.500000000 0.500000000 0.000000000 0.000000000 0.772519112 -0.066565067 0.631492853 2.676669808 0.029957984 0.997203529 0.068466015 -0.113503988 -0.634284377 -0.033973046 0.772352934 2.692089625
19600000 0.988459092 1.759401961 0.500000000 0.500000000 0.000000000 0.000000000 0.760653615 -0.066506147 0.645742297 2.527710264 0.028493490 0.997200012 0.069139428 -0.135384016 -0.648532391 -0.034191713 0.760418773 2.588190282
19666667 0.988459092 1.759401961 0.500000000 0.500000000 0.000000000 0.000000000 0.749245524 -0.066533752 0.658941805 2.380009557 0.027147116 0.997190177 0.069819428 -0.156711003 -0.661735713 -0.034423523 0.748946548 2.457610066
19733333 0.988459092 1.759401961 0.500000000 0.500000000 0.000000000 0.000000000 0.738011718 -0.066229656 0.671529830 2.238549855 0.025300751 0.997187912 0.070542142 -0.171452036 -0.674313366 -0.035070717 0.737612009 2.333849774
19800000 0.988459092 1.759401961 0.500000000 0.500000000 0.000000000 0.000000000 0.726070881 -0.066853784 0.684361994 2.093509228 0.024166480 0.997128546 0.071767882 -0.186777008 -0.687194884 -0.035569921 0.725601554 2.177119118
19866667 0.988459092 1.759401961 0.500000000 0.500000000 0.000000000 0.000000000 0.713739157 -0.067178771 0.697182417 1.939639703 0.022384005 0.997069001 0.073159501 -0.191207978 -0.700053811 -0.036611050 0.713150918 2.048609710
19933333 0.988459092 1.759401961 0.500000000 0.500000000 0.000000000 0.000000000 0.699931562 -0.068551190 0.710912287 1.769779726 0.020923948 0.996923983 0.075529672 -0.174294990 -0.713903129 -0.037990496 0.699212909 1.870149412
20000000 0.988459092 1.759401961 0.500000000 0.500000000 0.000000000 0.000000000 0.685485542 -0.068269782 0.724878311 1.598739658 0.017273521 0.996838927 0.077548482 -0.164232992 -0.727881193 -0.040637158 0.684497952 1.736569669
20066667 0.988459092 1.759401961 0.500000000 0.500000000 0.000000000 0.000000000 0.668653488 -0.067251801 0.740526259 1.438089043 0.012928084 0.996802449 0.078852445 -0.161503009 -0.743461430 -0.043151338 0.667384863 1.572419184
20133333 0.988459092 1.759401961 0.500000000 0.500000000 0.000000000 0.000000000 0.652009845 -0.065307654 0.755392909 1.282990370 0.007533662 0.996792376 0.079675324 -0.149913008 -0.758173347 -0.046258233 0.650410414 1.416560489
20200000 0.988459092 1.759401961 0.500000000 0.500000000 0.000000000 0.000000000 0.635719061 -0.064466365 0.769223988 1.128360172 0.003235655 0.996720374 0.080858089 -0.129370985 -0.771913826 -0.048914082 0.633842707 1.266770106
20266667 0.988459092 1.759401961 0.500000000 0.500000000 0.000000000 0.000000000 0.619901538 -0.063582160 0.782099068 0.975180703 -0.000820681 0.996658623 0.081675611 -0.104869998 -0.784678876 -0.051272683 0.617778063 1.124949624
20333333 0.988459092 1.759401961 0.500000000 0.500000000 0.000000000 0.000000000 0.603949606 -0.062641844 0.794557035 0.819654094 -0.004444273 0.996626437 0.081950873 -0.085051578 -0.797010124 -0.053025428 0.601633787 0.991661070
20400000 0.988459092 1.759401961 0.500000000 0.500000000 0.000000000 0.000000000 0.587920725 -0.061992273 0.806539834 0.669679151 -0.007940089 0.996568859 0.082386181 -0.063293387 -0.808879793 -0.054840550 0.585411251 0.885144312
20466667 0.988459092 1.759401961 0.500000000 0.500000000 0.000000000 0.000000000 0.570533335 -0.062111385 0.818922162 0.523207882 -0.010724068 0.996487677 0.083050184 -0.048864104 -0.821204185 -0.056165062 0.567863345 0.770166677
20533333 0.988459092 1.759401961 0.500000000 0.500000000 0.000000000 0.000000000 0.551736355 -0.063509464 0.831597149 0.383268125 -0.012299007 0.996368468 0.084253132 -0.035058187 -0.833928049 -0.056713343 0.548951626 0.668941241
20600000 0.988459092 1.759401961 0.500000000 0.500000000 0.000000000 0.000000000 0.530718327 -0.066285141 0.844952345 0.244463099 -0.012947729 0.996186614 0.086281776 -0.027621192 -0.847449422 -0.056731541 0.527836323 0.575134095
20666667 0.988459092 1.759401961 0.500000000 0.500000000 0.000000000 0.000000000 0.507089972 -0.069937497 0.859051168 0.101543070 -0.013228439 0.995953441 0.088891730 -0.030187399 -0.861791790 -0.056440029 0.504112840 0.483651178
20733333 0.988459092 1.759401961 0.500000000 0.500000000 0.000000000 0.000000000 0.481579959 -0.073820829 0.873287499 -0.049950894 -0.013359275 0.995712101 0.091536671 -0.039588203 -0.876300275 -0.055748712 0.478528798 0.389413972
20800000 0.988459092 1.759401961 0.500000000 0.500000000 0.000000000 0.000000000 0.454065859 -0.080075048 0.887362123 -0.215510850 -0.012168273 0.995302916 0.096042044 -0.047663186 -0.890884638 -0.054407053 0.450958669 0.324468766
20866667 0.988459092 1.759401961 0.500000000 0.500000000 0.000000000 0.000000000 0.423978746 -0.086815029 0.901501179 -0.392926666 -0.010394391 0.994863093 0.100694269 -0.043859665 -0.905611992 -0.052062750 0.420898438 0.280733733
20933333 0.988459092 1.759401961 0.500000000 0.500000000 0.000000000 0.000000000 0.392966449 -0.093400910 0.914797544 -0.584172529 -0.008830719 0.994399011 0.105321690 -0.040586349 -0.919510841 -0.049466241 0.389940619 0.256166238
21000000 0.988459092 1.759401961 0.500000000 0.500000000 0.000000000 0.000000000 0.361360848 -0.101664372 0.926866829 -0.782751552 -0.008721381 0.993626237 0.112387121 -0.052359846 -0.932384908 -0.048695829 0.358170927 0.254976856
21066667 0.988459092 1.759401961 0.500000000 0.500000000 0.000000000 0.000000000 0.329619050 -0.109605402 0.937730014 -0.989136634 -0.006420098 0.992955089 0.118316993 -0.050985669 -0.944091976 -0.045019832 0.326593220 0.268443877
21133333 0.988459092 1.759401961 0.500000000 0.500000000 0.000000000 0.000000000 0.299376726 -0.116907783 0.946945488 -1.189029629 -0.004260890 0.992291391 0.123853132 -0.058940958 -0.954125226 -0.041113552 0.296570837 0.308860820
21200000 0.988459092 1.759401961 0.500000000 0.500000000 0.000000000 0.000000000 0.269714952 -0.123325780 0.955010593 -1.386030777 -0.001855418 0.991696477 0.128587291 -0.068017171 -0.962938726 -0.036453899 0.267246544 0.362643232
21266667 0.988459092 1.759401961 0.500000000 0.500000000 0.000000000 0.000000000 0.240977407 -0.129609674 0.961838424 -1.581433063 0.000039205 0.991044044 0.133535534 -0.074263122 -0.970531762 -0.032141469 0.238824248 0.420035900
21333333 0.988459092 1.759401961 0.500000000 0.500000000 0.000000000 0.000000000 0.213844717 -0.133829162 0.967657089 -1.777000120 0.001553297 0.990616620 0.136661246 -0.078771308 -0.976866484 -0.027721237 0.212046027 0.513023102
21400000 0.988459092 1.759401961 0.500000000 0.500000000 0.000000000 0.000000000 0.187116146 -0.137842417 0.972618699 -1.961620316 0.002737738 0.990175426 0.139803916 -0.081153826 -0.982334018 -0.023496807 0.185655177 0.593262041
21466667 0.988459092 1.759401961 0.500000000 0.500000000 0.000000000 0.000000000 0.162003517 -0.141193449 0.976636469 -2.133989025 0.003797613 0.989792466 0.142465428 -0.091748254 -0.986782610 -0.019370969 0.160886049 0.663243740
21533333 0.988459092 1.759401961 0.500000000 0.500000000 0.000000000 0.000000000 0.138778687 -0.144975156 0.979654193 -2.290069288 0.004477113 0.989308417 0.145769596 -0.105417937 -0.990313172 -0.015843667 0.137943983 0.708741834
21600000 0.988459092 1.759401961 0.500000000 0.500000000 0.000000000 0.000000000 0.116786897 -0.147528499 0.982137918 -2.450436718 0.004667066 0.988976240 0.148000628 -0.115144640 -0.993145347 -0.012700729 0.116187990 0.755314988
21666667 0.988459092 1.759401961 0.500000000 0.500000000 0.000000000 0.000000000 0.095703185 -0.150275677 0.984000564 -2.613997496 0.004520245 0.988593936 0.150537476 -0.129459798 -0.995399117 -0.009958908 0.095290899 0.771378122
21733333 0.988459092 1.759401961 0.500000000 0.500000000 0.000000000 0.000000000 0.075326443 -0.153516203 0.985271096 -2.774781278 0.003971644 0.988116443 0.153655916 -0.146789107 -0.997151256 -0.007661246 0.075040996 0.752304359
21800000 0.988459092 1.759401961 0.500000000 0.500000000 0.000000000 0.000000000 0.054869890 -0.155935496 0.986242354 -2.946271597 0.003149517 0.987752199 0.155999035 -0.171661162 -0.998488843 -0.005453505 0.054688931 0.740367551
21866667 0.988459092 1.759401961 0.500000000 0.500000000 0.000000000 0.000000000 0.034610271 -0.157937348 0.986842513 -3.107740603 0.002249673 0.987443805 0.157954693 -0.200240009 -0.999398470 -0.003246792 0.034530997 0.699932184
21933333 0.988459092 1.759401961 0.500000000 0.500000000 0.000000000 0.000000000 0.014733970 -0.160696879 0.986893594 -3.271748437 0.000794262 0.987002552 0.160702720 -0.230107870 -0.999890864 -0.001583904 0.014670134 0.654703478
22000000 0.988459092 1.759401961 0.500000000 0.500000000 0.000000000 0.000000000 -0.005155087 -0.162863165 0.986634672 -3.424576470 -0.001291610 0.986648560 0.162858635 -0.236717697 -0.999985397 -0.000434719 -0.005296588 0.604223361
22066667 0.988459092 1.759401961 0.500000000 0.500000000 0.000000000 0.000000000 -0.025091290 -0.164989144 0.985975981 -3.571528838 -0.003879659 0.986295342 0.164943814 -0.240450865 -0.999677420 0.000313431 -0.025387526 0.611343733
22133333 0.988459092 1.759401961 0.500000000 0.500000000 0.000000000 0.000000000 -0.044731617 -0.166764230 0.984980941 -3.708304914 -0.006495617 0.985996246 0.166641027 -0.240310492 -0.998977304 0.001056165 -0.045188427 0.596993195
22200000 0.988459092 1.759401961 0.500000000 0.500000000 0.000000000 0.000000000 -0.064429402 -0.169057563 0.983496904 -3.846991309 -0.009826705 0.985605419 0.168776065 -0.252274190 -0.997872710 0.001209788 -0.065163255 0.591007782
22266667 0.988459092 1.759401961 0.500000000 0.500000000 0.000000000 0.000000000 -0.084324598 -0.169582695 0.981901765 -3.986630038 -0.012694210 0.985514343 0.169116452 -0.257947012 -0.996357441 0.001796186 -0.085255742 0.567680678
22333333 0.988459092 1.759401961 0.500000000 0.500000000 0.000000000 0.000000000 -0.103291869 -0.169852063 0.980040312 -4.123141493 -0.015438512 0.985466778 0.169165194 -0.252661200 -0.994530201 0.002343185 -0.104412913 0.574369644
22400000 0.988459092 1.759401961 0.500000000 0.500000000 0.000000000 0.000000000 -0.122785330 -0.169464499 0.977857471 -4.251749025 -0.018072404 0.985531688 0.168525159 -0.234942965 -0.992268562 0.003020205 -0.124071479 0.612971961
22466667 0.988459092 1.759401961 0.500000000 0.500000000 0.000000000 0.000000000 -0.142495036 -0.169001281 0.975260615 -4.366388288 -0.020578764 0.985608339 0.167787641 -0.222577910 -0.989581347 0.003839292 -0.143922210 0.664163070
22533333 0.988459092 1.759401961 0.500000000 0.500000000 0.000000000 0.000000000 -0.162327170 -0.169512659 0.972068012 -4.470274197 -0.022628799 0.985513806 0.168078646 -0.222419433 -0.986477911 0.005286932 -0.163811564 0.720526667
22600000 0.988459092 1.759401961 0.500000000 0.500000000 0.000000000 0.000000000 -0.183745265 -0.169252306 0.968291938 -4.579080753 -0.024234377 0.985545397 0.167669177 -0.230134106 -0.982674062 0.007342629 -0.185191035 0.795124495
22666667 0.988459092 1.759401961 0.500000000 0.500000000 0.000000000 0.000000000 -0.206928134 -0.169415295 0.963575542 -4.696923791 -0.025320172 0.985490620 0.167830765 -0.241969483 -0.978027761 0.010331102 -0.208215356 0.894325968
22733333 0.988459092 1.759401961 0.500000000 0.500000000 0.000000000 0.000000000 -0.231880903 -0.170744032 0.957641542 -4.813678551 -0.026532762 0.985218287 0.169236258 -0.263391900 -0.972382009 0.013833806 -0.232983589 1.023059497
22800000 0.988459092 1.759401961 0.500000000 0.500000000 0.000000000 0.000000000 -0.258442640 -0.172997147 0.950410187 -4.928821184 -0.027450413 0.984752178 0.171783686 -0.293271132 -0.965636551 0.018307082 -0.259250879 1.175870561
22866667 0.988459092 1.759401961 0.500000000 0.500000000 0.000000000 0.000000000 -0.286756873 -0.174230412 0.942027628 -5.046799433 -0.027759612 0.984421194 0.173621237 -0.312880014 -0.957602084 0.023636617 -0.287126184 1.362282917
22933333 0.988459092 1.759401961 0.500000000 0.500000000 0.000000000 0.000000000 -0.316444159 -0.175994664 0.932141900 -5.153557582 -0.028520957 0.983959734 0.176095873 -0.338415795 -0.948182106 0.029138945 -0.316387892 1.564049610
23000000 0.988459092 1.759401961 0.500000000 0.500000000 0.000000000 0.000000000 -0.345987678 -0.178046465 0.921191156 -5.247825899 -0.029231533 0.983398199 0.179090843 -0.355234610 -0.937784255 0.035035282 -0.345448136 1.803541549
23066667 0.988459092 1.759401961 0.500000000 0.500000000 0.000000000 0.000000000 -0.375301719 -0.178600192 0.909531653 -5.348705031 -0.029773496 0.983077168 0.180756211 -0.366450235 -0.926422894 0.040758409 -0.374268055 2.007484182
23133333 0.988459092 1.759401961 0.500000000 0.500000000 0.000000000 0.000000000 -0.402196407 -0.179040730 0.897875965 -5.435962686 -0.029977493 0.982742190 0.182535186 -0.385484279 -0.915061891 0.046499014 -0.400622487 2.213576561
