https://www.youtube.com/watch?v=7S6W64ldTEM
121921800 1.028074969 1.845990800 0.500000000 0.500000000 0.000000000 0.000000000 0.997678161 -0.033056747 0.059544291 0.175305004 0.029859025 0.998104393 0.053815179 -2.978500006 -0.061210375 -0.051912293 0.996774018 6.007740267
121988533 1.028074969 1.845990800 0.500000000 0.500000000 0.000000000 0.000000000 0.997432232 -0.034400418 0.062813707 0.199724015 0.030880330 0.997943223 0.056176119 -2.826209983 -0.064617001 -0.054092161 0.996443033 5.701000599
122055267 1.028074969 1.845990800 0.500000000 0.500000000 0.000000000 0.000000000 0.996908486 -0.038018879 0.068760648 0.173126026 0.034161251 0.997821748 0.056433707 -2.621699871 -0.070756420 -0.053910293 0.996035755 5.394400358
122122000 1.028074969 1.845990800 0.500000000 0.500000000 0.000000000 0.000000000 0.996577144 -0.039522268 0.072608851 0.186022003 0.035277419 0.997643769 0.058842365 -2.457720124 -0.074763350 -0.056079503 0.995623171 5.078259727
122188733 1.028074969 1.845990800 0.500000000 0.500000000 0.000000000 0.000000000 0.996281445 -0.040933404 0.075814135 0.210209006 0.036170285 0.997347236 0.063167989 -2.328569707 -0.078198709 -0.060190875 0.995119095 4.770850537
122255467 1.028074969 1.845990800 0.500000000 0.500000000 0.000000000 0.000000000 0.995784700 -0.042900115 0.081070423 0.196318028 0.037590265 0.997116268 0.065925233 -2.160940164 -0.083664834 -0.062599875 0.994525731 4.453269898
122322200 1.028074969 1.845990800 0.500000000 0.500000000 0.000000000 0.000000000 0.995464206 -0.044047810 0.084325947 0.220718964 0.038037337 0.996707678 0.071602933 -2.048470264 -0.087202273 -0.068070628 0.993862271 4.134759957
122388933 1.028074969 1.845990800 0.500000000 0.500000000 0.000000000 0.000000000 0.994944692 -0.045840185 0.089351870 0.208915012 0.038988601 0.996270537 0.076973550 -1.926090205 -0.092547111 -0.073100723 0.993021309 3.820030096
122455667 1.028074969 1.845990800 0.500000000 0.500000000 0.000000000 0.000000000 0.994635761 -0.046984334 0.092153162 0.240780970 0.039335232 0.995761812 0.083133131 -1.817189856 -0.095668554 -0.079062313 0.992268443 3.505919740
122522400 1.028074969 1.845990800 0.500000000 0.500000000 0.000000000 0.000000000 0.994342029 -0.047906980 0.094809324 0.273106025 0.039372280 0.995169699 0.089928426 -1.715930040 -0.098659560 -0.085686751 0.991425276 3.195339945
122589133 1.028074969 1.845990800 0.500000000 0.500000000 0.000000000 0.000000000 0.993456602 -0.051137328 0.102122135 0.216123997 0.041328713 0.994527280 0.095955536 -1.586830030 -0.106470160 -0.091107085 0.990133107 2.875050153
122655867 1.028074969 1.845990800 0.500000000 0.500000000 0.000000000 0.000000000 0.992909610 -0.053138290 0.106333628 0.216217985 0.042181153 0.993810952 0.102764651 -1.477550060 -0.111136258 -0.097550735 0.989005864 2.575799906
122722600 1.028074969 1.845990800 0.500000000 0.500000000 0.000000000 0.000000000 0.991964638 -0.056485094 0.113205701 0.162228975 0.044351622 0.993272364 0.106971897 -1.315619954 -0.118486419 -0.101091482 0.987796247 2.278599667
122789333 1.028074969 1.845990800 0.500000000 0.500000000 0.000000000 0.000000000 0.991120636 -0.059133753 0.119092636 0.128475964 0.045538850 0.992458880 0.113804966 -1.208729918 -0.124924265 -0.107371107 0.986339390 1.980070071
122856067 1.028074969 1.845990800 0.500000000 0.500000000 0.000000000 0.000000000 0.990258753 -0.061878886 0.124734186 0.098282207 0.046935987 0.991740286 0.119365871 -1.082870077 -0.131090149 -0.112348571 0.984983861 1.706140133
122922800 1.028074969 1.845990800 0.500000000 0.500000000 0.000000000 0.000000000 0.988892734 -0.067053929 0.132646024 0.020403583 0.050805639 0.991192520 0.122295573 -0.893976072 -0.139678150 -0.114198029 0.983589768 1.438979858
122989533 1.028074969 1.845990800 0.500000000 0.500000000 0.000000000 0.000000000 0.987845004 -0.069723584 0.138927490 -0.023032385 0.052058835 0.990540981 0.126958296 -0.755205955 -0.146465361 -0.118182711 0.982130706 1.162990009
123056267 1.028074969 1.845990800 0.500000000 0.500000000 0.000000000 0.000000000 0.986398578 -0.074278891 0.146630451 -0.095761800 0.055331469 0.990058541 0.129315466 -0.567902947 -0.154778138 -0.119443327 0.980702341 0.889011073
123123000 1.028074969 1.845990800 0.500000000 0.500000000 0.000000000 0.000000000 0.985352159 -0.076309793 0.152505428 -0.129432999 0.055974640 0.989473641 0.133449644 -0.433142055 -0.161083609 -0.122958459 0.979251385 0.622185048
123189733 1.028074969 1.845990800 0.500000000 0.500000000 0.000000000 0.000000000 0.984136164 -0.078544565 0.159081072 -0.179676986 0.056667246 0.988855600 0.137671530 -0.307417004 -0.168121547 -0.126472831 0.977619410 0.369359963
123256467 1.028074969 1.845990800 0.500000000 0.500000000 0.000000000 0.000000000 0.982857704 -0.080143735 0.166035205 -0.232109975 0.056997657 0.988543630 0.139759421 -0.141695993 -0.175333887 -0.127900004 0.976165771 0.091581000
123323200 1.028074969 1.845990800 0.500000000 0.500000000 0.000000000 0.000000000 0.981800497 -0.080329366 0.172090039 -0.266391019 0.055640113 0.988045573 0.143771127 -0.026823802 -0.181581840 -0.131579444 0.974533141 -0.173226005
123389933 1.028074969 1.845990800 0.500000000 0.500000000 0.000000000 0.000000000 0.980655849 -0.080993205 0.178197071 -0.299590995 0.054740626 0.987531364 0.147598490 0.084464309 -0.187929675 -0.134988710 0.972862005 -0.465619002
123456667 1.028074969 1.845990800 0.500000000 0.500000000 0.000000000 0.000000000 0.979735613 -0.081377551 0.183018580 -0.310431981 0.053615954 0.986952543 0.151822343 0.184490019 -0.192985579 -0.138933048 0.971315682 -0.738496998
123523400 1.028074969 1.845990800 0.500000000 0.500000000 0.000000000 0.000000000 0.978935063 -0.081431851 0.187229767 -0.327271027 0.052207530 0.986370981 0.156034216 0.274067000 -0.197384164 -0.142972574 0.969844520 -1.007840136
123590133 1.028074969 1.845990800 0.500000000 0.500000000 0.000000000 0.000000000 0.978195310 -0.080917865 0.191275373 -0.355465001 0.050280336 0.985848606 0.159920037 0.367191989 -0.201508954 -0.146815628 0.968421042 -1.302420058
123656867 1.028074969 1.845990800 0.500000000 0.500000000 0.000000000 0.000000000 0.977730751 -0.080297522 0.193893984 -0.370427980 0.048368223 0.985253453 0.164122194 0.448897942 -0.204213336 -0.151089013 0.967196465 -1.569159959
123723600 1.028074969 1.845990800 0.500000000 0.500000000 0.000000000 0.000000000 0.977309525 -0.079082623 0.196499512 -0.397638017 0.045901988 0.984716356 0.168008119 0.532591030 -0.206782803 -0.155176222 0.966002703 -1.856400104
123790333 1.028074969 1.845990800 0.500000000 0.500000000 0.000000000 0.000000000 0.977196932 -0.077737078 0.197593406 -0.413346993 0.043307260 0.983979642 0.172941074 0.600901103 -0.207871810 -0.160440281 0.964908421 -2.121750216
123857067 1.028074969 1.845990800 0.500000000 0.500000000 0.000000000 0.000000000 0.977486551 -0.076039612 0.196819931 -0.403739956 0.040965199 0.983448386 0.176496968 0.711206968 -0.206983000 -0.164460644 0.964422524 -2.396950093
123923800 1.028074969 1.845990800 0.500000000 0.500000000 0.000000000 0.000000000 0.977919042 -0.074070685 0.195417345 -0.392430976 0.038311005 0.982775033 0.180791333 0.815277011 -0.205442637 -0.169312641 0.963912129 -2.693290163
123990533 1.028074969 1.845990800 0.500000000 0.500000000 0.000000000 0.000000000 0.978586137 -0.072189607 0.192763656 -0.374805922 0.035852149 0.981946588 0.185729787 0.915467059 -0.202691376 -0.174841627 0.963507473 -2.959110119
124057267 1.028074969 1.845990800 0.500000000 0.500000000 0.000000000 0.000000000 0.979319453 -0.070564665 0.189615399 -0.359546027 0.033656031 0.980966628 0.191237435 1.010279979 -0.199500978 -0.180900827 0.963054657 -3.234090056
124124000 1.028074969 1.845990800 0.500000000 0.500000000 0.000000000 0.000000000 0.980360210 -0.068568066 0.184911653 -0.332781022 0.031342965 0.979866922 0.197176188 1.100690068 -0.194708809 -0.187508017 0.962771654 -3.491170071
124190733 1.028074969 1.845990800 0.500000000 0.500000000 0.000000000 0.000000000 0.981362879 -0.065662831 0.180596903 -0.318400001 0.028112201 0.978754044 0.203101426 1.196280018 -0.190096155 -0.194239229 0.962358832 -3.728079762
124257467 1.028074969 1.845990800 0.500000000 0.500000000 0.000000000 0.000000000 0.982615530 -0.062038936 0.174979895 -0.288376049 0.024531929 0.977637947 0.208859369 1.301839798 -0.184024394 -0.200935856 0.962164164 -3.974450654
124324200 1.028074969 1.845990800 0.500000000 0.500000000 0.000000000 0.000000000 0.983859897 -0.059581410 0.168729693 -0.253210074 0.022141013 0.976226568 0.215618670 1.394609869 -0.177565277 -0.208402723 0.961789370 -4.221059599
124390933 1.028074969 1.845990800 0.500000000 0.500000000 0.000000000 0.000000000 0.984899342 -0.058440067 0.162966430 -0.229578061 0.020853786 0.974497914 0.223425552 1.455950132 -0.171867430 -0.216653213 0.961001039 -4.468290061
124457667 1.028074969 1.845990800 0.500000000 0.500000000 0.000000000 0.000000000 0.986062407 -0.055549644 0.156828478 -0.185239004 0.018302122 0.973111272 0.229607433 1.525730090 -0.165366158 -0.223536968 0.960565090 -4.701420170
124524400 1.028074969 1.845990800 0.500000000 0.500000000 0.000000000 0.000000000 0.987171948 -0.053491920 0.150433436 -0.129609937 0.016468218 0.971294224 0.237310573 1.546409710 -0.158809319 -0.231788978 0.959715307 -4.936890071
124591133 1.028074969 1.845990800 0.500000000 0.500000000 0.000000000 0.000000000 0.988019168 -0.050405111 0.145867884 -0.100713940 0.013584662 0.969896913 0.243136734 1.581790151 -0.153732151 -0.238242179 0.958961427 -5.219479776
124657867 1.028074969 1.845990800 0.500000000 0.500000000 0.000000000 0.000000000 0.988777041 -0.048063774 0.141456276 -0.070714387 0.011587325 0.968656600 0.248133257 1.605269856 -0.148948789 -0.243709370 0.958342314 -5.459780447
124724600 1.028074969 1.845990800 0.500000000 0.500000000 0.000000000 0.000000000 0.989308953 -0.046355814 0.138271362 -0.054473956 0.010148367 0.967720687 0.251820773 1.643479925 -0.145481408 -0.247725308 0.957845151 -5.708550114
