https://www.youtube.com/watch?v=vzqs7bvLoQ8
112033333 0.889140591 1.585728560 0.500000000 0.500000000 0.000000000 0.000000000 0.999953866 0.000089845 0.009604787 -1.497920031 -0.000273285 0.999817550 0.019099241 -1.392129899 -0.009601318 -0.019100985 0.999771476 5.710720462
112066667 0.889140591 1.585728560 0.500000000 0.500000000 0.000000000 0.000000000 0.999942064 0.000369813 0.010757219 -1.439719946 -0.000591314 0.999787748 0.020595016 -1.294399897 -0.010747319 -0.020600183 0.999730051 5.383180493
112100000 0.889140591 1.585728560 0.500000000 0.500000000 0.000000000 0.000000000 0.999933600 0.000406117 0.011515897 -1.360550061 -0.000663039 0.999750793 0.022315161 -1.203340097 -0.011503965 -0.022321315 0.999684632 5.075109628
112133333 0.889140591 1.585728560 0.500000000 0.500000000 0.000000000 0.000000000 0.999924302 0.000497200 0.012291932 -1.313119925 -0.000794137 0.999707699 0.024164010 -1.119160170 -0.012276325 -0.024171941 0.999632418 4.737389730
112166667 0.889140591 1.585728560 0.500000000 0.500000000 0.000000000 0.000000000 0.999915779 0.000742598 0.012955572 -1.246439998 -0.001083669 0.999652505 0.026339043 -1.072800229 -0.012931511 -0.026350863 0.999569118 4.436039644
112200000 0.889140591 1.585728560 0.500000000 0.500000000 0.000000000 0.000000000 0.999906242 0.001077745 0.013649344 -1.139039879 -0.001458564 0.999609053 0.027920973 -1.001899867 -0.013613917 -0.027938265 0.999516964 4.099899818
112233333 0.889140591 1.585728560 0.500000000 0.500000000 0.000000000 0.000000000 0.999891162 0.000926520 0.014724284 -1.077110148 -0.001357451 0.999570191 0.029283645 -0.926291059 -0.014690824 -0.029300446 0.999462664 3.685659740
112266667 0.889140591 1.585728560 0.500000000 0.500000000 0.000000000 0.000000000 0.999887407 0.001042097 0.014969243 -1.002669985 -0.001513956 0.999501169 0.031545218 -0.877650955 -0.014928903 -0.031564329 0.999390244 3.275970277
112300000 0.889140591 1.585728560 0.500000000 0.500000000 0.000000000 0.000000000 0.999876618 0.001321371 0.015653085 -0.938766019 -0.001842563 0.999442756 0.033328965 -0.821261991 -0.015600323 -0.033353694 0.999321878 3.046640003
112666667 0.889140591 1.585728560 0.500000000 0.500000000 0.000000000 0.000000000 0.999510109 -0.004861136 0.030917114 0.069898799 0.003211459 0.998579502 0.053185571 0.230519004 -0.031131739 -0.053060230 0.998105943 -0.934096019
112700000 0.889140591 1.585728560 0.500000000 0.500000000 0.000000000 0.000000000 0.999378860 -0.006430956 0.034647997 0.143699991 0.004520935 0.998480201 0.054925393 0.319374975 -0.034948561 -0.054734636 0.997889102 -1.312909978
112766667 0.889140591 1.585728560 0.500000000 0.500000000 0.000000000 0.000000000 0.999045014 -0.010125868 0.042502906 0.332811974 0.007651444 0.998288333 0.057981897 0.459591055 -0.043017272 -0.057601314 0.997412443 -1.943619968
112800000 0.889140591 1.585728560 0.500000000 0.500000000 0.000000000 0.000000000 0.998780072 -0.011851408 0.047936741 0.420527003 0.008974103 0.998170078 0.059798937 0.515903984 -0.048557725 -0.059295800 0.997058749 -2.320600066
112833333 0.889140591 1.585728560 0.500000000 0.500000000 0.000000000 0.000000000 0.998475909 -0.013573023 0.053494468 0.503116022 0.010250566 0.998029709 0.061900590 0.484091099 -0.054229245 -0.061257895 0.996647716 -2.697379900
112866667 0.889140591 1.585728560 0.500000000 0.500000000 0.000000000 0.000000000 0.998164892 -0.015496704 0.058538098 0.567371036 0.011749194 0.997891724 0.063828513 0.508989038 -0.059403818 -0.063023612 0.996242523 -2.935939822
112900000 0.889140591 1.585728560 0.500000000 0.500000000 0.000000000 0.000000000 0.997745693 -0.017784599 0.064709164 0.682732021 0.013552956 0.997776508 0.065255880 0.490057994 -0.065725841 -0.064231768 0.995768249 -3.348920243
112933333 0.889140591 1.585728560 0.500000000 0.500000000 0.000000000 0.000000000 0.996930420 -0.020979054 0.075429201 0.699423963 0.016062979 0.997742891 0.065200567 0.554675049 -0.076626793 -0.063788816 0.995017231 -3.737049684
112966667 0.889140591 1.585728560 0.500000000 0.500000000 0.000000000 0.000000000 0.996033847 -0.024694296 0.085479699 0.768907032 0.019009316 0.997592449 0.066693231 0.563521110 -0.086920850 -0.064803809 0.994105220 -4.111679739
113000000 0.889140591 1.585728560 0.500000000 0.500000000 0.000000000 0.000000000 0.994947493 -0.028343946 0.096312754 0.832911110 0.021960791 0.997531295 0.066700794 0.603089908 -0.097965546 -0.064248674 0.993113697 -4.481820121
113033333 0.889140591 1.585728560 0.500000000 0.500000000 0.000000000 0.000000000 0.993535161 -0.032869112 0.108662389 0.822857087 0.025634589 0.997402251 0.067317255 0.638995009 -0.110592775 -0.064096548 0.991796792 -4.847489833
113066667 0.889140591 1.585728560 0.500000000 0.500000000 0.000000000 0.000000000 0.991940558 -0.036198378 0.121423446 0.817962080 0.028000288 0.997254252 0.068556525 0.623967072 -0.123571672 -0.064604111 0.990230441 -5.263389552
113100000 0.889140591 1.585728560 0.500000000 0.500000000 0.000000000 0.000000000 0.990088582 -0.041699391 0.134110838 0.823220941 0.032817032 0.997160852 0.067773946 0.707121974 -0.136556208 -0.062701084 0.988646030 -5.657309811
113133333 0.889140591 1.585728560 0.500000000 0.500000000 0.000000000 0.000000000 0.988104224 -0.045470968 0.146909371 0.817591021 0.035680205 0.997005522 0.068607166 0.725106115 -0.149589077 -0.062549278 0.986767769 -6.023729019
113166667 0.889140591 1.585728560 0.500000000 0.500000000 0.000000000 0.000000000 0.985810399 -0.050087396 0.160215721 0.777008023 0.039445844 0.996841609 0.068926267 0.772679974 -0.163162038 -0.061628383 0.984672546 -6.522869761
