https://www.youtube.com/watch?v=WiXhzx2tNIw
423222800 0.998450096 1.778061611 0.500000000 0.500000000 0.000000000 0.000000000 0.987179697 0.053312693 -0.150446162 -0.043730424 -0.055431183 0.998413205 -0.009920083 2.081160072 0.149678573 0.018132312 0.988568425 -6.887119732
423289533 0.998450096 1.778061611 0.500000000 0.500000000 0.000000000 0.000000000 0.983878016 0.065055087 -0.166588739 0.166168082 -0.067714199 0.997651339 -0.010326097 1.700219911 0.165525720 0.021440053 0.985972404 -5.894090580
423356267 0.998450096 1.778061611 0.500000000 0.500000000 0.000000000 0.000000000 0.980318844 0.077350520 -0.181636482 0.265156975 -0.080578350 0.996693492 -0.010447871 1.392230079 0.180227757 0.024878211 0.983310223 -4.922759479
423423000 0.998450096 1.778061611 0.500000000 0.500000000 0.000000000 0.000000000 0.976712227 0.085241437 -0.196893752 0.328851960 -0.089054585 0.995970547 -0.010577951 1.096169840 0.195198715 0.027865905 0.980367780 -3.990540273
423489733 0.998450096 1.778061611 0.500000000 0.500000000 0.000000000 0.000000000 0.973191738 0.095174111 -0.209379345 0.377844018 -0.099503763 0.994984746 -0.010218070 0.833387092 0.207356751 0.030778162 0.977781117 -3.116750017
423623200 0.998450096 1.778061611 0.500000000 0.500000000 0.000000000 0.000000000 0.969133556 0.114994489 -0.218074366 0.354202994 -0.119496904 0.992806077 -0.007526066 0.356348058 0.215640083 0.033352971 0.975903153 -1.396729922
423689933 0.998450096 1.778061611 0.500000000 0.500000000 0.000000000 0.000000000 0.970918477 0.122955382 -0.205424562 0.196403980 -0.126165196 0.992005944 -0.002549115 0.083556490 0.203468964 0.028392434 0.978669643 -0.618673001
424090333 0.998450096 1.778061611 0.500000000 0.500000000 0.000000000 0.000000000 0.981986284 0.106495246 -0.156082585 -0.344947998 -0.110807538 0.993657053 -0.019167662 -1.775990160 0.153051302 0.036117490 0.987558007 3.725280035
424157067 0.998450096 1.778061611 0.500000000 0.500000000 0.000000000 0.000000000 0.982753217 0.106663957 -0.151059091 -0.228397104 -0.111220986 0.993551672 -0.022022091 -2.069690098 0.147736043 0.038443226 0.988279402 4.422440198
424223800 0.998450096 1.778061611 0.500000000 0.500000000 0.000000000 0.000000000 0.983166814 0.108010605 -0.147365704 -0.081432920 -0.112315729 0.993446648 -0.021187544 -2.372999940 0.144111499 0.037382383 0.988855124 5.150590408
