https://www.youtube.com/watch?v=Mpnm1NpJddw
58733333 0.809182942 1.441010796 0.500000000 0.500000000 0.000000000 0.000000000 0.743325949 -0.175855875 0.645399690 6.131616992 0.149230838 0.984104633 0.096271202 -0.633650942 -0.652070761 0.024752762 0.757753730 2.324179088
58800000 0.809182942 1.441010796 0.500000000 0.500000000 0.000000000 0.000000000 0.740633130 -0.181334734 0.646977961 5.884251440 0.153933614 0.983076811 0.099319689 -0.609482018 -0.654039204 0.026032142 0.756012797 2.327640448
58866667 0.809182942 1.441010796 0.500000000 0.500000000 0.000000000 0.000000000 0.736699700 -0.190923885 0.648707986 5.622052109 0.162085965 0.981205285 0.104711019 -0.552998082 -0.656507492 0.028005771 0.753799677 2.308901287
58933333 0.809182942 1.441010796 0.500000000 0.500000000 0.000000000 0.000000000 0.732368112 -0.201933876 0.650276423 5.343198803 0.170982465 0.978952467 0.111431889 -0.492348045 -0.659091592 0.029576756 0.751480758 2.338829637
59000000 0.809182942 1.441010796 0.500000000 0.500000000 0.000000000 0.000000000 0.728991508 -0.210358590 0.651399195 5.047381372 0.177915454 0.977132380 0.116440654 -0.447662045 -0.660997570 0.031009659 0.749747276 2.387890920
59066667 0.809182942 1.441010796 0.500000000 0.500000000 0.000000000 0.000000000 0.726207376 -0.217901692 0.652028680 4.770128872 0.183739975 0.975456357 0.121344708 -0.413801083 -0.662466764 0.031682365 0.748420894 2.414329731
59133333 0.809182942 1.441010796 0.500000000 0.500000000 0.000000000 0.000000000 0.723641336 -0.219899327 0.654207408 4.505679518 0.185649782 0.974967420 0.122363061 -0.407522816 -0.664738476 0.032906532 0.746351004 2.423649905
59200000 0.809182942 1.441010796 0.500000000 0.500000000 0.000000000 0.000000000 0.720529795 -0.220809668 0.657327592 4.257948687 0.187082231 0.974695206 0.122349620 -0.405726822 -0.667710006 0.034817848 0.743606567 2.425569560
59266667 0.809182942 1.441010796 0.500000000 0.500000000 0.000000000 0.000000000 0.717498422 -0.219403803 0.661103129 4.040257052 0.186375082 0.974962831 0.121292263 -0.416402809 -0.671162963 0.036186308 0.740425706 2.439518143
59333333 0.809182942 1.441010796 0.500000000 0.500000000 0.000000000 0.000000000 0.715043902 -0.211540774 0.666305184 3.834109408 0.181073979 0.976634562 0.115746036 -0.441454975 -0.675221682 0.037887055 0.736641169 2.421730038
59400000 0.809182942 1.441010796 0.500000000 0.500000000 0.000000000 0.000000000 0.711190939 -0.201245263 0.673578620 3.642021203 0.174193934 0.978716671 0.108490631 -0.460670151 -0.681075811 0.040175658 0.731110096 2.322990721
59466667 0.809182942 1.441010796 0.500000000 0.500000000 0.000000000 0.000000000 0.699052453 -0.192371145 0.688708305 3.495860451 0.168459758 0.980329454 0.102837279 -0.465968052 -0.694943905 0.044130955 0.717708468 2.206490160
59533333 0.809182942 1.441010796 0.500000000 0.500000000 0.000000000 0.000000000 0.686811864 -0.186684251 0.702452183 3.374221973 0.163987756 0.981333375 0.100463435 -0.476183221 -0.708094716 0.046193946 0.704605281 2.088551246
59600000 0.809182942 1.441010796 0.500000000 0.500000000 0.000000000 0.000000000 0.671574116 -0.183659524 0.717814326 3.263799984 0.161418408 0.981788218 0.100179590 -0.470653983 -0.723140597 0.048590429 0.688989580 1.925809935
59666667 0.809182942 1.441010796 0.500000000 0.500000000 0.000000000 0.000000000 0.652619600 -0.184459522 0.734889269 3.175739635 0.161009744 0.981523454 0.103380509 -0.473418970 -0.740380645 0.050856210 0.670261264 1.722370081
59733333 0.809182942 1.441010796 0.500000000 0.500000000 0.000000000 0.000000000 0.634838223 -0.191788852 0.748462915 3.057857737 0.166019410 0.979935944 0.110286407 -0.440523863 -0.754597425 0.054245494 0.653941512 1.465668868
59800000 0.809182942 1.441010796 0.500000000 0.500000000 0.000000000 0.000000000 0.617827654 -0.201372370 0.760091007 2.925350464 0.171977147 0.977853358 0.119275749 -0.404874036 -0.767276347 0.057026371 0.638776302 1.255210292
59866667 0.809182942 1.441010796 0.500000000 0.500000000 0.000000000 0.000000000 0.610292077 -0.215267763 0.762367129 2.780990579 0.180197939 0.974865615 0.131017953 -0.350574017 -0.771409512 0.057417721 0.633743525 1.145050308
59933333 0.809182942 1.441010796 0.500000000 0.500000000 0.000000000 0.000000000 0.603999615 -0.229173362 0.763324320 2.637449993 0.188873678 0.971641541 0.142265499 -0.277834055 -0.774281085 0.058243562 0.630155921 1.026559935
60000000 0.809182942 1.441010796 0.500000000 0.500000000 0.000000000 0.000000000 0.598258495 -0.234436497 0.766241968 2.465971116 0.193013653 0.970249712 0.146154776 -0.216282019 -0.777710021 0.060456719 0.625709534 0.853277281
60066667 0.809182942 1.441010796 0.500000000 0.500000000 0.000000000 0.000000000 0.590897322 -0.242490858 0.769440532 2.278860512 0.198929638 0.968102515 0.152330205 -0.155001019 -0.781836033 0.063052952 0.620287776 0.700359136
60133333 0.809182942 1.441010796 0.500000000 0.500000000 0.000000000 0.000000000 0.584239244 -0.243155792 0.774299860 2.086660966 0.199401245 0.967824996 0.153473154 -0.132883058 -0.786704659 0.064731151 0.613926888 0.582653351
60200000 0.809182942 1.441010796 0.500000000 0.500000000 0.000000000 0.000000000 0.578423202 -0.240516111 0.779473603 1.889260979 0.197806641 0.968381405 0.152019769 -0.124667028 -0.791390955 0.066253155 0.607709944 0.481339377
60266667 0.809182942 1.441010796 0.500000000 0.500000000 0.000000000 0.000000000 0.574570656 -0.231206134 0.785119414 1.696850337 0.192404583 0.970543325 0.145004123 -0.129889012 -0.795518279 0.067745395 0.602130830 0.397154137
60333333 0.809182942 1.441010796 0.500000000 0.500000000 0.000000000 0.000000000 0.565714180 -0.214291483 0.796269953 1.495518812 0.184862524 0.974022269 0.130791426 -0.143688991 -0.803612173 0.073210083 0.590632737 0.269820780
60400000 0.809182942 1.441010796 0.500000000 0.500000000 0.000000000 0.000000000 0.558712721 -0.205907986 0.803393900 1.260879722 0.182190463 0.975499809 0.123315684 -0.158597978 -0.809102237 0.077472709 0.582538664 0.239031046
60466667 0.809182942 1.441010796 0.500000000 0.500000000 0.000000000 0.000000000 0.554163456 -0.199502513 0.808147490 1.026590734 0.180930719 0.976511955 0.116997734 -0.143745012 -0.812507093 0.081382662 0.577243328 0.197041108
60533333 0.809182942 1.441010796 0.500000000 0.500000000 0.000000000 0.000000000 0.544291914 -0.195450127 0.815809786 0.770004989 0.180573076 0.976980567 0.113588385 -0.126130996 -0.819231212 0.085488029 0.567055643 0.142432971
60600000 0.809182942 1.441010796 0.500000000 0.500000000 0.000000000 0.000000000 0.527934432 -0.193621188 0.826919496 0.489257859 0.181340337 0.976910472 0.112967163 -0.122616996 -0.829699218 0.090314671 0.550855994 0.125856937
60666667 0.809182942 1.441010796 0.500000000 0.500000000 0.000000000 0.000000000 0.512778282 -0.197817370 0.835419655 0.180739870 0.184883580 0.975704372 0.117554076 -0.138814982 -0.838376880 0.094176345 0.536893249 0.148331877
60733333 0.809182942 1.441010796 0.500000000 0.500000000 0.000000000 0.000000000 0.501227677 -0.204557776 0.840789676 -0.121675022 0.190789372 0.973869443 0.123198062 -0.136428014 -0.844020486 0.098663375 0.527157784 0.190580067
60800000 0.809182942 1.441010796 0.500000000 0.500000000 0.000000000 0.000000000 0.488434315 -0.210006326 0.846952677 -0.462697801 0.196091801 0.972198546 0.127976313 -0.146856958 -0.850282073 0.103572540 0.516035676 0.246123920
60866667 0.809182942 1.441010796 0.500000000 0.500000000 0.000000000 0.000000000 0.480830073 -0.214367718 0.850205123 -0.768696879 0.200707972 0.970816553 0.131268680 -0.150827987 -0.853532970 0.107525058 0.509823084 0.338343930
60933333 0.809182942 1.441010796 0.500000000 0.500000000 0.000000000 0.000000000 0.475054383 -0.219002232 0.852267861 -1.052579125 0.206621870 0.969217598 0.133882999 -0.148938912 -0.855353713 0.112495653 0.505681753 0.431004704
61000000 0.809182942 1.441010796 0.500000000 0.500000000 0.000000000 0.000000000 0.467353284 -0.224064216 0.855205476 -1.323480360 0.211946204 0.967535913 0.137670338 -0.155388013 -0.858288944 0.116916806 0.499670625 0.501184000
61066667 0.809182942 1.441010796 0.500000000 0.500000000 0.000000000 0.000000000 0.462010324 -0.224650323 0.857950926 -1.557361712 0.214464307 0.966975510 0.137707934 -0.150835140 -0.860553622 0.120377101 0.494932055 0.544222525
61133333 0.809182942 1.441010796 0.500000000 0.500000000 0.000000000 0.000000000 0.460753381 -0.214706436 0.861166775 -1.774511369 0.211878851 0.968851984 0.128192201 -0.114743123 -0.861866772 0.123397879 0.491893530 0.592587406
61200000 0.809182942 1.441010796 0.500000000 0.500000000 0.000000000 0.000000000 0.457142591 -0.205944136 0.865221739 -2.004742062 0.209109411 0.970439017 0.120504826 -0.071276835 -0.864462256 0.125837892 0.486693799 0.583711780
61266667 0.809182942 1.441010796 0.500000000 0.500000000 0.000000000 0.000000000 0.453432500 -0.200929776 0.868347406 -2.192512204 0.206913307 0.971371531 0.116723150 -0.032526459 -0.866941094 0.126746342 0.482026398 0.592890630
61333333 0.809182942 1.441010796 0.500000000 0.500000000 0.000000000 0.000000000 0.448230386 -0.195963547 0.872174144 -2.380429789 0.203757480 0.972389042 0.113764577 -0.008458435 -0.870386362 0.126719296 0.475783348 0.563384157
61400000 0.809182942 1.441010796 0.500000000 0.500000000 0.000000000 0.000000000 0.443119824 -0.192842603 0.875475645 -2.556062800 0.201493233 0.973025799 0.112344839 0.005254225 -0.873525262 0.126619965 0.470023453 0.522152496
61466667 0.809182942 1.441010796 0.500000000 0.500000000 0.000000000 0.000000000 0.436228633 -0.196143448 0.878198564 -2.720251004 0.202451557 0.972325683 0.116602495 0.008379173 -0.876765788 0.126927242 0.463865876 0.446658895
61533333 0.809182942 1.441010796 0.500000000 0.500000000 0.000000000 0.000000000 0.427540481 -0.200639650 0.881449521 -2.888761231 0.203974947 0.971324325 0.122160859 0.011760058 -0.880683720 0.127564818 0.456205904 0.343742214
61600000 0.809182942 1.441010796 0.500000000 0.500000000 0.000000000 0.000000000 0.417386711 -0.209506780 0.884248912 -3.046942838 0.207217008 0.969367504 0.131862685 0.002939599 -0.884788334 0.128193483 0.448014438 0.229932286
61666667 0.809182942 1.441010796 0.500000000 0.500000000 0.000000000 0.000000000 0.399895966 -0.218191609 0.890210509 -3.190427009 0.211159453 0.967056930 0.142170742 0.008497290 -0.891904712 0.131123051 0.432795405 0.117141998
61733333 0.809182942 1.441010796 0.500000000 0.500000000 0.000000000 0.000000000 0.380337000 -0.233635306 0.894851148 -3.346120977 0.215605855 0.963304698 0.159869179 -0.023634267 -0.899365366 0.132130906 0.416753531 0.019134376
61800000 0.809182942 1.441010796 0.500000000 0.500000000 0.000000000 0.000000000 0.370096326 -0.244500980 0.896240771 -3.471448645 0.218096986 0.960648775 0.172010332 -0.027015177 -0.903029263 0.131807148 0.408857524 -0.078330075
61866667 0.809182942 1.441010796 0.500000000 0.500000000 0.000000000 0.000000000 0.364558041 -0.246726543 0.897899985 -3.579283399 0.217800349 0.960104942 0.175389811 0.002217053 -0.905351520 0.131622925 0.403751075 -0.176422400
61933333 0.809182942 1.441010796 0.500000000 0.500000000 0.000000000 0.000000000 0.358910024 -0.246348903 0.900276065 -3.702124435 0.217327669 0.960086823 0.176074073 0.041602746 -0.907718778 0.132459864 0.398123145 -0.303565506
62000000 0.809182942 1.441010796 0.500000000 0.500000000 0.000000000 0.000000000 0.352367759 -0.247012511 0.902675569 -3.826645281 0.216471300 0.959893882 0.178168476 0.053233499 -0.910482585 0.132622212 0.391706645 -0.403691428
62066667 0.809182942 1.441010796 0.500000000 0.500000000 0.000000000 0.000000000 0.345932901 -0.244837865 0.905750811 -3.952348668 0.215572163 0.960267782 0.177241251 0.080308194 -0.913158715 0.133941159 0.384968460 -0.521188861
62133333 0.809182942 1.441010796 0.500000000 0.500000000 0.000000000 0.000000000 0.332472920 -0.240075663 0.912045062 -4.062843074 0.214056894 0.961028814 0.174938172 0.096670186 -0.918500006 0.137067139 0.370905876 -0.647649576
62200000 0.809182942 1.441010796 0.500000000 0.500000000 0.000000000 0.000000000 0.313621461 -0.237636164 0.919331372 -4.221877792 0.215134993 0.960784018 0.174959868 0.101891891 -0.924855649 0.142909318 0.352446377 -0.682968623
62266667 0.809182942 1.441010796 0.500000000 0.500000000 0.000000000 0.000000000 0.302515984 -0.234067768 0.923956752 -4.343358636 0.216217101 0.960959077 0.172649235 0.117753891 -0.928296328 0.147546172 0.341314971 -0.746000896
62333333 0.809182942 1.441010796 0.500000000 0.500000000 0.000000000 0.000000000 0.292503536 -0.235582367 0.926792264 -4.467865752 0.219423011 0.959854841 0.174734831 0.114189255 -0.930750489 0.152248710 0.332453072 -0.831827059
62400000 0.809182942 1.441010796 0.500000000 0.500000000 0.000000000 0.000000000 0.278772295 -0.234898806 0.931186020 -4.596835011 0.222125262 0.959103823 0.175442874 0.147758854 -0.934315383 0.157931596 0.319548607 -0.920005119
62466667 0.809182942 1.441010796 0.500000000 0.500000000 0.000000000 0.000000000 0.264129698 -0.236644909 0.935004294 -4.746252311 0.222927257 0.958160758 0.179530874 0.157697786 -0.938369453 0.161018893 0.305833399 -0.955963382
62533333 0.809182942 1.441010796 0.500000000 0.500000000 0.000000000 0.000000000 0.253640294 -0.244410411 0.935911179 -4.878837729 0.224060521 0.956081927 0.188955531 0.154958983 -0.940990448 0.161774114 0.297263682 -0.998195652
62600000 0.809182942 1.441010796 0.500000000 0.500000000 0.000000000 0.000000000 0.246976256 -0.245878115 0.937308609 -5.000603699 0.222699478 0.955784440 0.192044526 0.179507238 -0.943084538 0.161307514 0.290812969 -1.040740865
62666667 0.809182942 1.441010796 0.500000000 0.500000000 0.000000000 0.000000000 0.242308915 -0.255555332 0.935936511 -5.080876370 0.222711802 0.953575850 0.202712834 0.158013833 -0.944290817 0.159325153 0.287975132 -1.092998999
62733333 0.809182942 1.441010796 0.500000000 0.500000000 0.000000000 0.000000000 0.233210266 -0.255697668 0.938207328 -5.207246927 0.220396295 0.953601480 0.205109268 0.182269290 -0.947121799 0.158943534 0.278744400 -1.193321644
62800000 0.809182942 1.441010796 0.500000000 0.500000000 0.000000000 0.000000000 0.219234943 -0.265321553 0.938904345 -5.282264630 0.220521450 0.950887799 0.217216000 0.171342083 -0.950424731 0.159427002 0.266976833 -1.260110988
62866667 0.809182942 1.441010796 0.500000000 0.500000000 0.000000000 0.000000000 0.203451991 -0.273663461 0.940062225 -5.329997547 0.217255533 0.948825419 0.229195282 0.106982142 -0.954677284 0.157603160 0.252495229 -1.255911846
