https://www.youtube.com/watch?v=QTDqI71dE5Q
214797922 0.809215713 1.439097919 0.500000000 0.500000000 0.000000000 0.000000000 0.999989629 0.002217422 -0.003980307 6.039580194 -0.002246338 0.999971032 -0.007274922 0.701264097 0.003964060 0.007283787 0.999965608 -1.770249944
214831289 0.809215713 1.439097919 0.500000000 0.500000000 0.000000000 0.000000000 0.999990582 0.002394455 -0.003614384 5.895339933 -0.002420982 0.999970019 -0.007352633 0.624510992 0.003596671 0.007361314 0.999966443 -1.805070139
214864656 0.809215713 1.439097919 0.500000000 0.500000000 0.000000000 0.000000000 0.999992192 0.002642033 -0.002942705 5.729450076 -0.002664560 0.999966979 -0.007677660 0.574081010 0.002922323 0.007685442 0.999966204 -1.870690153
214898022 0.809215713 1.439097919 0.500000000 0.500000000 0.000000000 0.000000000 0.999992073 0.003028179 -0.002577452 5.577959467 -0.003047967 0.999965668 -0.007708493 0.523099054 0.002554021 0.007716288 0.999966979 -1.890329857
214931389 0.809215713 1.439097919 0.500000000 0.500000000 0.000000000 0.000000000 0.999993324 0.003209813 -0.001737467 5.409119729 -0.003223803 0.999961913 -0.008109906 0.494605000 0.001711370 0.008115453 0.999965608 -1.923079965
214964756 0.809215713 1.439097919 0.500000000 0.500000000 0.000000000 0.000000000 0.999994099 0.003288532 -0.000976682 5.221559679 -0.003296562 0.999959826 -0.008337071 0.452438006 0.000949226 0.008340241 0.999964774 -1.915529970
214998122 0.809215713 1.439097919 0.500000000 0.500000000 0.000000000 0.000000000 0.999994814 0.003222339 0.000143798 4.982620191 -0.003220950 0.999956131 -0.008795798 0.450466036 -0.000172135 0.008795289 0.999961317 -1.943109969
215031489 0.809215713 1.439097919 0.500000000 0.500000000 0.000000000 0.000000000 0.999993503 0.003466404 0.001018172 4.733010501 -0.003457113 0.999953628 -0.008988821 0.423625001 -0.001049284 0.008985243 0.999959052 -1.937259965
215064856 0.809215713 1.439097919 0.500000000 0.500000000 0.000000000 0.000000000 0.999991953 0.003342974 0.002205097 4.451029403 -0.003322379 0.999951422 -0.009277840 0.388747962 -0.002236005 0.009270440 0.999954522 -1.943169991
215098222 0.809215713 1.439097919 0.500000000 0.500000000 0.000000000 0.000000000 0.999988496 0.003668991 0.003081214 4.186069565 -0.003639547 0.999948204 -0.009507968 0.349114010 -0.003115939 0.009496645 0.999950051 -1.920860023
215131589 0.809215713 1.439097919 0.500000000 0.500000000 0.000000000 0.000000000 0.999983788 0.003575354 0.004438223 3.894040392 -0.003531452 0.999945164 -0.009860440 0.318748019 -0.004473235 0.009844606 0.999941528 -1.925999908
215164956 0.809215713 1.439097919 0.500000000 0.500000000 0.000000000 0.000000000 0.999977469 0.003709891 0.005593601 3.610929925 -0.003652529 0.999940991 -0.010230515 0.312479972 -0.005631226 0.010209855 0.999932051 -1.901870131
215198322 0.809215713 1.439097919 0.500000000 0.500000000 0.000000000 0.000000000 0.999969363 0.003581835 0.006955934 3.330119825 -0.003506209 0.999934971 -0.010854162 0.308946036 -0.006994360 0.010829441 0.999916911 -1.891250039
215231689 0.809215713 1.439097919 0.500000000 0.500000000 0.000000000 0.000000000 0.999958456 0.003647058 0.008353025 3.055289989 -0.003552915 0.999930322 -0.011257820 0.289486001 -0.008393500 0.011227675 0.999901712 -1.839349783
215265056 0.809215713 1.439097919 0.500000000 0.500000000 0.000000000 0.000000000 0.999943674 0.003115234 0.010144246 2.783159794 -0.002990605 0.999920130 -0.012277788 0.317641983 -0.010181683 0.012246761 0.999873161 -1.803699960
215298422 0.809215713 1.439097919 0.500000000 0.500000000 0.000000000 0.000000000 0.999922216 0.003073509 0.012085970 2.542579746 -0.002916971 0.999911904 -0.012948354 0.335134991 -0.012124701 0.012912092 0.999843121 -1.737949997
215331789 0.809215713 1.439097919 0.500000000 0.500000000 0.000000000 0.000000000 0.999885142 0.002665835 0.014921539 2.261850162 -0.002462819 0.999904394 -0.013607411 0.320873033 -0.014956388 0.013569098 0.999796093 -1.675240184
215365156 0.809215713 1.439097919 0.500000000 0.500000000 0.000000000 0.000000000 0.999841511 0.002647259 0.017606648 1.970940127 -0.002397293 0.999896228 -0.014203208 0.288365957 -0.017642422 0.014158748 0.999744117 -1.581509849
215398522 0.809215713 1.439097919 0.500000000 0.500000000 0.000000000 0.000000000 0.999777675 0.002342950 0.020956190 1.653880127 -0.002038770 0.999892414 -0.014524628 0.230527001 -0.020987967 0.014478673 0.999674857 -1.510109949
215431889 0.809215713 1.439097919 0.500000000 0.500000000 0.000000000 0.000000000 0.999711931 0.002001302 0.023917409 1.356680126 -0.001644269 0.999887049 -0.014938083 0.166786989 -0.023944603 0.014894453 0.999602318 -1.422569907
215465256 0.809215713 1.439097919 0.500000000 0.500000000 0.000000000 0.000000000 0.999619365 0.001926085 0.027521295 1.055270017 -0.001506017 0.999882162 -0.015275960 0.091910998 -0.027547477 0.015228697 0.999504507 -1.357060012
215498622 0.809215713 1.439097919 0.500000000 0.500000000 0.000000000 0.000000000 0.999519885 0.001353360 0.030954698 0.779712960 -0.000871558 0.999878347 -0.015572933 -0.001100332 -0.030972010 0.015538478 0.999399483 -1.257899927
215531989 0.809215713 1.439097919 0.500000000 0.500000000 0.000000000 0.000000000 0.999384522 0.001057226 0.035063457 0.501864022 -0.000495557 0.999871492 -0.016023461 -0.091842199 -0.035075892 0.015996221 0.999256611 -1.162379899
215565356 0.809215713 1.439097919 0.500000000 0.500000000 0.000000000 0.000000000 0.999235332 0.000560159 0.039095435 0.251884992 0.000078927 0.999866426 -0.016343348 -0.199147997 -0.039099369 0.016333938 0.999101818 -1.015599976
215598722 0.809215713 1.439097919 0.500000000 0.500000000 0.000000000 0.000000000 0.999049306 0.000336212 0.043593571 0.024827300 0.000400463 0.999857306 -0.016888889 -0.283010012 -0.043593027 0.016890289 0.998906612 -0.880770103
215632089 0.809215713 1.439097919 0.500000000 0.500000000 0.000000000 0.000000000 0.998838782 -0.000319482 0.048175991 -0.182579979 0.001155222 0.999849319 -0.017320801 -0.367720995 -0.048163198 0.017356344 0.998688698 -0.707318039
215665456 0.809215713 1.439097919 0.500000000 0.500000000 0.000000000 0.000000000 0.998574197 -0.000400074 0.053379357 -0.391796991 0.001343163 0.999843597 -0.017632948 -0.455066979 -0.053363957 0.017679503 0.998418629 -0.565159100
215698822 0.809215713 1.439097919 0.500000000 0.500000000 0.000000000 0.000000000 0.998274267 -0.000869974 0.058717448 -0.578539044 0.001925837 0.999837399 -0.017927902 -0.536558964 -0.058692303 0.018010044 0.998113632 -0.407384959
215732189 0.809215713 1.439097919 0.500000000 0.500000000 0.000000000 0.000000000 0.997903466 -0.001221909 0.064708419 -0.757780037 0.002397965 0.999833286 -0.018100126 -0.610569944 -0.064675517 0.018217346 0.997740030 -0.260477011
215765556 0.809215713 1.439097919 0.500000000 0.500000000 0.000000000 0.000000000 0.997499764 -0.001619177 0.070651218 -0.899533962 0.002913118 0.999829829 -0.018215312 -0.699545958 -0.070609704 0.018375585 0.997334778 -0.090658810
215798922 0.809215713 1.439097919 0.500000000 0.500000000 0.000000000 0.000000000 0.997024298 -0.002222097 0.077055663 -1.015539997 0.003635096 0.999827743 -0.018201981 -0.787459034 -0.077001944 0.018427923 0.996860623 0.053737803
215832289 0.809215713 1.439097919 0.500000000 0.500000000 0.000000000 0.000000000 0.996487617 -0.002921049 0.083689392 -1.114130026 0.004455439 0.999825299 -0.018153466 -0.846646030 -0.083621740 0.018462576 0.996326506 0.222866986
215865656 0.809215713 1.439097919 0.500000000 0.500000000 0.000000000 0.000000000 0.995836794 -0.003958429 0.091068462 -1.224880011 0.005637158 0.999818742 -0.018183857 -0.904271988 -0.090979978 0.018621519 0.995678604 0.362592987
215899022 0.809215713 1.439097919 0.500000000 0.500000000 0.000000000 0.000000000 0.994915247 -0.004568587 0.100612164 -1.333010038 0.006466951 0.999807000 -0.018550085 -0.939111955 -0.100508004 0.019106416 0.994752765 0.535325991
215932389 0.809215713 1.439097919 0.500000000 0.500000000 0.000000000 0.000000000 0.993613422 -0.005693642 0.112693973 -1.454560077 0.007916984 0.999782562 -0.019291323 -0.946414944 -0.112559624 0.020060316 0.993442476 0.672787036
215965756 0.809215713 1.439097919 0.500000000 0.500000000 0.000000000 0.000000000 0.991937876 -0.006984482 0.126532614 -1.593100115 0.009566866 0.999757946 -0.019812619 -0.941792017 -0.126363605 0.020863408 0.991764545 0.836346986
215999122 0.809215713 1.439097919 0.500000000 0.500000000 0.000000000 0.000000000 0.990016520 -0.007832451 0.140733495 -1.725720045 0.010806603 0.999733865 -0.020381417 -0.931209966 -0.140536413 0.021698792 0.989837706 0.973730022
216032489 0.809215713 1.439097919 0.500000000 0.500000000 0.000000000 0.000000000 0.987994134 -0.008860408 0.154237106 -1.839359913 0.012288309 0.999697924 -0.021285692 -0.890424005 -0.154001907 0.022925453 0.987804532 1.152699827
216065856 0.809215713 1.439097919 0.500000000 0.500000000 0.000000000 0.000000000 0.985898376 -0.010542213 0.167012691 -1.937420070 0.014451246 0.999648929 -0.022207579 -0.830761056 -0.166719943 0.024307957 0.985704601 1.304759969
216099222 0.809215713 1.439097919 0.500000000 0.500000000 0.000000000 0.000000000 0.983809829 -0.011059380 0.178874120 -2.035920016 0.015500034 0.999604940 -0.023447054 -0.761772032 -0.178544149 0.025839997 0.983592510 1.505409887
216132589 0.809215713 1.439097919 0.500000000 0.500000000 0.000000000 0.000000000 0.981765509 -0.011898067 0.189723447 -2.140290040 0.016918773 0.999547601 -0.024865601 -0.667760015 -0.189341769 0.027622074 0.981522679 1.693610060
216165956 0.809215713 1.439097919 0.500000000 0.500000000 0.000000000 0.000000000 0.979757309 -0.012896905 0.199773103 -2.236460048 0.018451979 0.999492407 -0.025969973 -0.592278025 -0.199336767 0.029130479 0.979497969 1.879539909
216199322 0.809215713 1.439097919 0.500000000 0.500000000 0.000000000 0.000000000 0.977612615 -0.014790835 0.209892616 -2.374790181 0.020995257 0.999405086 -0.027362559 -0.491636017 -0.209363028 0.031156726 0.977341533 2.046900387
216232689 0.809215713 1.439097919 0.500000000 0.500000000 0.000000000 0.000000000 0.975655437 -0.016551502 0.218683526 -2.486869871 0.023369990 0.999316871 -0.028629782 -0.389433978 -0.218060270 0.033043437 0.975375712 2.234089816
216266056 0.809215713 1.439097919 0.500000000 0.500000000 0.000000000 0.000000000 0.973545432 -0.018213054 0.227766395 -2.612509860 0.025682149 0.999223769 -0.029871903 -0.303993014 -0.227045536 0.034931190 0.973257482 2.410880183
216299422 0.809215713 1.439097919 0.500000000 0.500000000 0.000000000 0.000000000 0.971535683 -0.019785486 0.236065641 -2.735969944 0.027769975 0.999147534 -0.030546181 -0.232454006 -0.235260025 0.036232240 0.971256912 2.600900057
216332789 0.809215713 1.439097919 0.500000000 0.500000000 0.000000000 0.000000000 0.969432592 -0.020854585 0.244469926 -2.866570075 0.029327445 0.999086916 -0.031068988 -0.153316005 -0.243598774 0.037288971 0.969159007 2.791640026
216366156 0.809215713 1.439097919 0.500000000 0.500000000 0.000000000 0.000000000 0.967451394 -0.021900401 0.252107471 -2.967880026 0.030763943 0.999037445 -0.031269629 -0.105713976 -0.251179963 0.038007665 0.967193902 2.996019967
216399522 0.809215713 1.439097919 0.500000000 0.500000000 0.000000000 0.000000000 0.965573907 -0.022803696 0.259127349 -3.036369753 0.031897631 0.999012053 -0.030943681 -0.091127895 -0.258165687 0.038143959 0.965347350 3.176099827
216432889 0.809215713 1.439097919 0.500000000 0.500000000 0.000000000 0.000000000 0.963669419 -0.023923460 0.266024321 -3.016769948 0.033295095 0.998971701 -0.030773936 -0.047864800 -0.265014559 0.038513198 0.963474989 3.353720086
216466256 0.809215713 1.439097919 0.500000000 0.500000000 0.000000000 0.000000000 0.961789966 -0.024883766 0.272655278 -2.942740111 0.034442842 0.998946369 -0.030328542 -0.025083603 -0.271613330 0.038560703 0.961633682 3.499030370
216499622 0.809215713 1.439097919 0.500000000 0.500000000 0.000000000 0.000000000 0.960037589 -0.025660418 0.278692335 -2.796410356 0.035440307 0.998918116 -0.030109793 0.040884102 -0.277618200 0.038783476 0.959908307 3.644359995
216532989 0.809215713 1.439097919 0.500000000 0.500000000 0.000000000 0.000000000 0.958151221 -0.026555113 0.285028130 -2.608739978 0.036512762 0.998892426 -0.029677944 0.099406119 -0.283924311 0.038843121 0.958059609 3.749560025
216566356 0.809215713 1.439097919 0.500000000 0.500000000 0.000000000 0.000000000 0.956416011 -0.027235830 0.290734470 -2.377690041 0.037397359 0.998866379 -0.029451171 0.172169027 -0.289602757 0.039040282 0.956350386 3.846629803
216599722 0.809215713 1.439097919 0.500000000 0.500000000 0.000000000 0.000000000 0.954658449 -0.028090172 0.296374917 -2.068979893 0.038542882 0.998821914 -0.029483622 0.296422014 -0.295197546 0.039569940 0.954616427 3.912349358
216633089 0.809215713 1.439097919 0.500000000 0.500000000 0.000000000 0.000000000 0.952816069 -0.028879976 0.302171171 -1.699730169 0.039606195 0.998781919 -0.029429059 0.416328052 -0.300953209 0.040008340 0.952799261 3.949389699
216666456 0.809215713 1.439097919 0.500000000 0.500000000 0.000000000 0.000000000 0.951112092 -0.029927742 0.307392240 -1.236990020 0.040969867 0.998723924 -0.029530261 0.553587093 -0.306116223 0.040680420 0.951124549 3.928969836
216699822 0.809215713 1.439097919 0.500000000 0.500000000 0.000000000 0.000000000 0.949386299 -0.030859292 0.312591285 -0.714705037 0.042215079 0.998669267 -0.029623955 0.723635911 -0.311261147 0.041320644 0.949425697 3.886020172
