https://www.youtube.com/watch?v=dZ7rE8yHs7I
41941900 1.007578490 1.794317728 0.500000000 0.500000000 0.000000000 0.000000000 0.996553004 -0.030384716 0.077193961 -6.856959824 0.028493322 0.999269009 0.025486475 -1.522500027 -0.077911928 -0.023199113 0.996690273 1.630929764
42008633 1.007578490 1.794317728 0.500000000 0.500000000 0.000000000 0.000000000 0.996359825 -0.033390690 0.078435540 -6.766939989 0.031377796 0.999149382 0.026757170 -1.510710066 -0.079262257 -0.024198633 0.996560037 1.604709937
42075367 1.007578490 1.794317728 0.500000000 0.500000000 0.000000000 0.000000000 0.996405900 -0.035558660 0.076881982 -6.675089576 0.033388931 0.999012113 0.029325468 -1.502509993 -0.077848800 -0.026653064 0.996608853 1.570160141
42142100 1.007578490 1.794317728 0.500000000 0.500000000 0.000000000 0.000000000 0.996289074 -0.037441190 0.077499583 -6.590739646 0.035076294 0.998883188 0.031654965 -1.492560067 -0.078598231 -0.028819095 0.996489704 1.549499945
42208833 1.007578490 1.794317728 0.500000000 0.500000000 0.000000000 0.000000000 0.996376932 -0.039575797 0.075277872 -6.494569360 0.037143197 0.998750091 0.033445504 -1.483159961 -0.076507412 -0.030528272 0.996601522 1.517339879
42275567 1.007578490 1.794317728 0.500000000 0.500000000 0.000000000 0.000000000 0.996499002 -0.040541522 0.073117107 -6.401309800 0.038026579 0.998647153 0.035466719 -1.474410180 -0.074456066 -0.032562155 0.996692538 1.483210005
42342300 1.007578490 1.794317728 0.500000000 0.500000000 0.000000000 0.000000000 0.996654510 -0.041522533 0.070396461 -6.294300025 0.038883455 0.998503566 0.038453966 -1.466940036 -0.071887828 -0.035588056 0.996777594 1.459739928
42409033 1.007578490 1.794317728 0.500000000 0.500000000 0.000000000 0.000000000 0.996887088 -0.041040685 0.067318305 -6.186299168 0.038383473 0.998450041 0.040302306 -1.444049981 -0.068867996 -0.037592940 0.996917248 1.433469927
42475767 1.007578490 1.794317728 0.500000000 0.500000000 0.000000000 0.000000000 0.997274876 -0.038895857 0.062689409 -6.073670051 0.036198769 0.998393059 0.043599550 -1.416340003 -0.064284518 -0.041211452 0.997080266 1.402999907
42542500 1.007578490 1.794317728 0.500000000 0.500000000 0.000000000 0.000000000 0.997744441 -0.034808006 0.057397049 -5.966370230 0.032199334 0.998433173 0.045764752 -1.369169879 -0.058900099 -0.043813385 0.997301936 1.378819899
42609233 1.007578490 1.794317728 0.500000000 0.500000000 0.000000000 0.000000000 0.998353362 -0.027282987 0.050460201 -5.848780333 0.024839409 0.998517454 0.048434813 -1.303069894 -0.051706839 -0.047101658 0.997550905 1.353160040
42675967 1.007578490 1.794317728 0.500000000 0.500000000 0.000000000 0.000000000 0.998899698 -0.017776929 0.043398067 -5.734360419 0.015552561 0.998574197 0.051065285 -1.229699852 -0.044243976 -0.050334144 0.997751951 1.319880153
42742700 1.007578490 1.794317728 0.500000000 0.500000000 0.000000000 0.000000000 0.999367476 -0.007437799 0.034775592 -5.619049841 0.005593644 0.998587847 0.052829880 -1.154119975 -0.035119422 -0.052601945 0.997997820 1.287719929
42809433 1.007578490 1.794317728 0.500000000 0.500000000 0.000000000 0.000000000 0.999676406 0.002347583 0.025329281 -5.510139933 -0.003696415 0.998569727 0.053337280 -1.086999990 -0.025167838 -0.053413648 0.998255253 1.255299948
42876167 1.007578490 1.794317728 0.500000000 0.500000000 0.000000000 0.000000000 0.999810278 0.011276872 0.015883826 -5.406750459 -0.012109117 0.998504460 0.053312901 -1.020810049 -0.015258868 -0.053495128 0.998451531 1.218819913
42942900 1.007578490 1.794317728 0.500000000 0.500000000 0.000000000 0.000000000 0.999794424 0.018590417 0.008092375 -5.308030213 -0.019007050 0.998312056 0.054879554 -0.971133956 -0.007058482 -0.055022083 0.998460174 1.196069910
43009633 1.007578490 1.794317728 0.500000000 0.500000000 0.000000000 0.000000000 0.999729335 0.023125054 0.002536433 -5.210939681 -0.023231072 0.998149931 0.056187306 -0.928778024 -0.001232406 -0.056231026 0.998417020 1.175030000
43076367 1.007578490 1.794317728 0.500000000 0.500000000 0.000000000 0.000000000 0.999654412 0.026195470 -0.002194221 -5.116730280 -0.026021518 0.997935057 0.058724139 -0.900470968 0.003727995 -0.058646750 0.998271823 1.154430041
43143100 1.007578490 1.794317728 0.500000000 0.500000000 0.000000000 0.000000000 0.999641418 0.026531197 -0.003630308 -5.021180259 -0.026256960 0.997749865 0.061690681 -0.881059902 0.005258867 -0.061573237 0.998088717 1.147590019
43209833 1.007578490 1.794317728 0.500000000 0.500000000 0.000000000 0.000000000 0.999665737 0.025498239 -0.004272434 -4.924610067 -0.025167687 0.997576177 0.064871915 -0.867672030 0.005916197 -0.064742707 0.997884452 1.139790127
43276567 1.007578490 1.794317728 0.500000000 0.500000000 0.000000000 0.000000000 0.999717236 0.023461981 -0.003878304 -4.829290231 -0.023138067 0.997340262 0.069116279 -0.861096933 0.005489594 -0.069006994 0.997601092 1.134020039
43343300 1.007578490 1.794317728 0.500000000 0.500000000 0.000000000 0.000000000 0.999770701 0.020874441 -0.004779877 -4.731270083 -0.020482685 0.997265875 0.071001649 -0.858355000 0.006248930 -0.070887461 0.997464716 1.105309805
43410033 1.007578490 1.794317728 0.500000000 0.500000000 0.000000000 0.000000000 0.999814928 0.018399568 -0.005621610 -4.632670078 -0.017949609 0.997265935 0.071683094 -0.853230001 0.006925179 -0.071568921 0.997411609 1.070410017
43476767 1.007578490 1.794317728 0.500000000 0.500000000 0.000000000 0.000000000 0.999794662 0.019562077 -0.005292487 -4.539100020 -0.019120980 0.997117043 0.073429830 -0.830621953 0.006713670 -0.073313557 0.997286320 1.037099854
43543500 1.007578490 1.794317728 0.500000000 0.500000000 0.000000000 0.000000000 0.999711215 0.023804309 -0.003297424 -4.441639996 -0.023482392 0.996791422 0.076520555 -0.790047992 0.005108364 -0.076421030 0.997062564 1.008410061
43610233 1.007578490 1.794317728 0.500000000 0.500000000 0.000000000 0.000000000 0.999611914 0.027736409 -0.002590998 -4.343930166 -0.027455414 0.996664286 0.076854020 -0.745810955 0.004714010 -0.076753050 0.997038960 0.974507873
43676967 1.007578490 1.794317728 0.500000000 0.500000000 0.000000000 0.000000000 0.999488056 0.031228248 -0.006954581 -4.249430173 -0.030616343 0.996686280 0.075359926 -0.698745030 0.009284894 -0.075108424 0.997132123 0.905758907
43743700 1.007578490 1.794317728 0.500000000 0.500000000 0.000000000 0.000000000 0.999313593 0.034509234 -0.013469520 -4.154769873 -0.033431977 0.996746182 0.073344395 -0.651910026 0.015956752 -0.072843745 0.997215688 0.840423927
43810433 1.007578490 1.794317728 0.500000000 0.500000000 0.000000000 0.000000000 0.999035537 0.039381083 -0.019419499 -4.069150135 -0.037849788 0.996558011 0.073753104 -0.606396038 0.022257131 -0.072946951 0.997087419 0.776476956
43877167 1.007578490 1.794317728 0.500000000 0.500000000 0.000000000 0.000000000 0.998672485 0.043802511 -0.027103322 -3.984820046 -0.041683119 0.996360242 0.074355982 -0.562667025 0.030261653 -0.073127516 0.996863365 0.713676022
43943900 1.007578490 1.794317728 0.500000000 0.500000000 0.000000000 0.000000000 0.998269320 0.046336718 -0.036211792 -3.895250089 -0.043599911 0.996376634 0.073025145 -0.520768023 0.039464328 -0.071319930 0.996672451 0.647154946
44010633 1.007578490 1.794317728 0.500000000 0.500000000 0.000000000 0.000000000 0.997903109 0.046819586 -0.044691361 -3.803920113 -0.043495689 0.996408403 0.072652645 -0.495062002 0.047932416 -0.070556425 0.996355474 0.592432914
44077367 1.007578490 1.794317728 0.500000000 0.500000000 0.000000000 0.000000000 0.997280300 0.049741093 -0.054385949 -3.716289990 -0.045474220 0.995988786 0.077060819 -0.487088974 0.058000889 -0.074378073 0.995541930 0.539834906
44144100 1.007578490 1.794317728 0.500000000 0.500000000 0.000000000 0.000000000 0.996787310 0.047214381 -0.064698331 -3.624080149 -0.042314559 0.996276498 0.075117275 -0.476320969 0.068004049 -0.072138265 0.995073617 0.486406970
44210833 1.007578490 1.794317728 0.500000000 0.500000000 0.000000000 0.000000000 0.996306241 0.043751668 -0.073889874 -3.531980209 -0.038355310 0.996598840 0.072935924 -0.467563016 0.076829635 -0.069832444 0.994595706 0.446822971
44277567 1.007578490 1.794317728 0.500000000 0.500000000 0.000000000 0.000000000 0.995686650 0.042060059 -0.082698233 -3.430349871 -0.035991233 0.996641576 0.073554367 -0.469698047 0.085514195 -0.070260689 0.993856490 0.414612023
44344300 1.007578490 1.794317728 0.500000000 0.500000000 0.000000000 0.000000000 0.994835794 0.043008607 -0.091934934 -3.330260093 -0.036139403 0.996519446 0.075119808 -0.473233051 0.094845742 -0.071409389 0.992927492 0.385782982
44411033 1.007578490 1.794317728 0.500000000 0.500000000 0.000000000 0.000000000 0.993794262 0.044458762 -0.101962626 -3.221229803 -0.036973201 0.996560335 0.074165180 -0.462085001 0.104909196 -0.069935039 0.992019713 0.367282039
44477767 1.007578490 1.794317728 0.500000000 0.500000000 0.000000000 0.000000000 0.992262721 0.048970535 -0.114090197 -3.105070234 -0.040717088 0.996457636 0.073582225 -0.447356021 0.117289402 -0.068367474 0.990741670 0.344687031
44544500 1.007578490 1.794317728 0.500000000 0.500000000 0.000000000 0.000000000 0.990218341 0.056331065 -0.127649501 -2.993219771 -0.047135990 0.996147692 0.073945664 -0.426698056 0.131323203 -0.067205466 0.989058971 0.337720020
44611233 1.007578490 1.794317728 0.500000000 0.500000000 0.000000000 0.000000000 0.988174975 0.063295364 -0.139656365 -2.864350117 -0.053372927 0.995852113 0.073688254 -0.407724005 0.143741190 -0.065363020 0.987454355 0.342745006
44677967 1.007578490 1.794317728 0.500000000 0.500000000 0.000000000 0.000000000 0.986450374 0.070954725 -0.147922739 -2.739880275 -0.060474787 0.995409191 0.074184708 -0.397522970 0.152507409 -0.064233936 0.986212730 0.367553018
44744700 1.007578490 1.794317728 0.500000000 0.500000000 0.000000000 0.000000000 0.984109879 0.076576903 -0.160198987 -2.617710116 -0.066332713 0.995453596 0.068352953 -0.389488027 0.164704919 -0.056640390 0.984715283 0.379348955
44811433 1.007578490 1.794317728 0.500000000 0.500000000 0.000000000 0.000000000 0.980937541 0.082907900 -0.175749391 -2.495599873 -0.073326036 0.995480895 0.060341448 -0.388908009 0.179957956 -0.046304181 0.982583880 0.382609964
44878167 1.007578490 1.794317728 0.500000000 0.500000000 0.000000000 0.000000000 0.977391362 0.089243591 -0.191681221 -2.376410032 -0.080727279 0.995389044 0.051804505 -0.385756918 0.195420608 -0.035159364 0.980089068 0.386383976
44944900 1.007578490 1.794317728 0.500000000 0.500000000 0.000000000 0.000000000 0.974001467 0.095978282 -0.205205560 -2.272800003 -0.087763764 0.994945943 0.048786096 -0.382118997 0.208850831 -0.029508131 0.977502227 0.407181991
45011633 1.007578490 1.794317728 0.500000000 0.500000000 0.000000000 0.000000000 0.971267700 0.100308381 -0.215817615 -2.169579966 -0.092386134 0.994636178 0.046514601 -0.375434962 0.219325826 -0.025239557 0.975325108 0.419906924
45078367 1.007578490 1.794317728 0.500000000 0.500000000 0.000000000 0.000000000 0.970042825 0.100817852 -0.221026301 -2.066440043 -0.093608923 0.994685233 0.042878903 -0.368318960 0.224174559 -0.020904325 0.974324763 0.429700979
45145100 1.007578490 1.794317728 0.500000000 0.500000000 0.000000000 0.000000000 0.970016181 0.100807495 -0.221147940 -1.968849919 -0.093447424 0.994672477 0.043522585 -0.371634008 0.224357173 -0.021551896 0.974268615 0.457094008
45211833 1.007578490 1.794317728 0.500000000 0.500000000 0.000000000 0.000000000 0.969819427 0.099244356 -0.222712591 -1.869490125 -0.091756001 0.994819999 0.043749318 -0.370427012 0.225900814 -0.021993725 0.973901987 0.468151984
45278567 1.007578490 1.794317728 0.500000000 0.500000000 0.000000000 0.000000000 0.968821406 0.097156979 -0.227915958 -1.769220110 -0.089386888 0.995015979 0.044195324 -0.370520051 0.231073901 -0.022444695 0.972677290 0.464190040
45345300 1.007578490 1.794317728 0.500000000 0.500000000 0.000000000 0.000000000 0.967010736 0.096220776 -0.235863790 -1.673519875 -0.088652819 0.995155096 0.042509124 -0.373333993 0.238811299 -0.020196773 0.970855892 0.440612989
45412033 1.007578490 1.794317728 0.500000000 0.500000000 0.000000000 0.000000000 0.964247584 0.098494858 -0.246019095 -1.579089959 -0.091220170 0.994993687 0.040821783 -0.370516033 0.248808175 -0.016920423 0.968405008 0.404959055
45478767 1.007578490 1.794317728 0.500000000 0.500000000 0.000000000 0.000000000 0.960974276 0.102178924 -0.257075638 -1.487020017 -0.096056186 0.994713843 0.036297739 -0.355555974 0.259425551 -0.010187492 0.965709388 0.358418056
45545500 1.007578490 1.794317728 0.500000000 0.500000000 0.000000000 0.000000000 0.957180560 0.109350815 -0.268044502 -1.397130090 -0.104291350 0.993996263 0.033086531 -0.337909020 0.270053297 -0.003715089 0.962838233 0.313041030
45612233 1.007578490 1.794317728 0.500000000 0.500000000 0.000000000 0.000000000 0.953184605 0.115946025 -0.279277146 -1.304370153 -0.112746954 0.993241787 0.027548894 -0.326330037 0.280583918 0.005228450 0.959815264 0.266581957
45678967 1.007578490 1.794317728 0.500000000 0.500000000 0.000000000 0.000000000 0.948003173 0.119312085 -0.295050025 -1.209219975 -0.119428970 0.992685080 0.017692871 -0.308154997 0.295002759 0.018464636 0.955317974 0.208205995
45745700 1.007578490 1.794317728 0.500000000 0.500000000 0.000000000 0.000000000 0.941740990 0.123642705 -0.312788248 -1.116150108 -0.126727253 0.991881669 0.010533254 -0.297509990 0.311551273 0.029719166 0.949764490 0.164078036
45812433 1.007578490 1.794317728 0.500000000 0.500000000 0.000000000 0.000000000 0.934059322 0.126019254 -0.334143937 -1.020069797 -0.133130416 0.991097152 0.001632933 -0.266244967 0.331374884 0.042959511 0.942520559 0.112606992
45879167 1.007578490 1.794317728 0.500000000 0.500000000 0.000000000 0.000000000 0.926539660 0.128480047 -0.353577584 -0.926568955 -0.139926314 0.990137994 -0.006884770 -0.235841031 0.349206060 0.055853814 0.935379863 0.064472680
45945900 1.007578490 1.794317728 0.500000000 0.500000000 0.000000000 0.000000000 0.921058953 0.132281363 -0.366267800 -0.829883010 -0.145722240 0.989283144 -0.009160163 -0.217617033 0.361130834 0.061810397 0.930464447 0.045319703
46012633 1.007578490 1.794317728 0.500000000 0.500000000 0.000000000 0.000000000 0.916279197 0.132978126 -0.377821803 -0.734287090 -0.148150876 0.988900959 -0.011236463 -0.197437020 0.372134149 0.066270351 0.925810158 0.019501761
46079367 1.007578490 1.794317728 0.500000000 0.500000000 0.000000000 0.000000000 0.909894824 0.129879013 -0.393983305 -0.639447997 -0.147283241 0.988993585 -0.014119256 -0.178241025 0.387813151 0.070874184 0.919009149 0.005270595
46146100 1.007578490 1.794317728 0.500000000 0.500000000 0.000000000 0.000000000 0.903436303 0.127377197 -0.409362644 -0.547462922 -0.145998970 0.989179671 -0.014417088 -0.166876003 0.403096825 0.072791472 0.912257791 -0.004159655
46212833 1.007578490 1.794317728 0.500000000 0.500000000 0.000000000 0.000000000 0.896853566 0.127148375 -0.423659056 -0.453586042 -0.145993605 0.989210606 -0.012175744 -0.159381988 0.417539924 0.072771348 0.905739903 0.000299889
46279567 1.007578490 1.794317728 0.500000000 0.500000000 0.000000000 0.000000000 0.890935659 0.128780350 -0.435487479 -0.360174027 -0.147837207 0.988961160 -0.009999555 -0.152973992 0.429392487 0.073290184 0.900139332 0.010582398
46346300 1.007578490 1.794317728 0.500000000 0.500000000 0.000000000 0.000000000 0.883980215 0.133215457 -0.448143333 -0.262264951 -0.151759177 0.988402009 -0.005537681 -0.150280998 0.442208022 0.072905101 0.893944502 0.033817495
46413033 1.007578490 1.794317728 0.500000000 0.500000000 0.000000000 0.000000000 0.875448406 0.139601380 -0.462711304 -0.162945042 -0.157578230 0.987506509 -0.000203934 -0.147569030 0.456901938 0.073091716 0.886509061 0.069476300
46479767 1.007578490 1.794317728 0.500000000 0.500000000 0.000000000 0.000000000 0.864594579 0.148436278 -0.480044842 -0.060771310 -0.166281432 0.986063480 0.005419377 -0.149508032 0.474159122 0.075136930 0.877227306 0.116332023
46546500 1.007578490 1.794317728 0.500000000 0.500000000 0.000000000 0.000000000 0.854056656 0.158915311 -0.495310962 0.046976101 -0.176910073 0.984168649 0.010717008 -0.160752974 0.489172637 0.078472629 0.868649542 0.179028970
46613233 1.007578490 1.794317728 0.500000000 0.500000000 0.000000000 0.000000000 0.844913363 0.169515863 -0.507331848 0.156402977 -0.187553361 0.982127190 0.015807822 -0.173290988 0.500944018 0.081795633 0.861605644 0.252242927
46679967 1.007578490 1.794317728 0.500000000 0.500000000 0.000000000 0.000000000 0.835650504 0.180242091 -0.518845916 0.267998006 -0.198004901 0.979964674 0.021524653 -0.189298006 0.512330294 0.084746927 0.854596734 0.339315980
46746700 1.007578490 1.794317728 0.500000000 0.500000000 0.000000000 0.000000000 0.827736318 0.189505488 -0.528147995 0.379212049 -0.207946151 0.977822006 0.024951417 -0.202042024 0.521163166 0.089173138 0.848785698 0.429365066
46813433 1.007578490 1.794317728 0.500000000 0.500000000 0.000000000 0.000000000 0.820427477 0.198909357 -0.536035478 0.488849135 -0.218315795 0.975481153 0.027834047 -0.221370022 0.528428972 0.094189137 0.843736529 0.525428100
46880167 1.007578490 1.794317728 0.500000000 0.500000000 0.000000000 0.000000000 0.813918948 0.209193841 -0.542009115 0.588406019 -0.228369310 0.973028123 0.032614548 -0.244494992 0.534212828 0.097232655 0.839739501 0.620092937
46946900 1.007578490 1.794317728 0.500000000 0.500000000 0.000000000 0.000000000 0.806130171 0.217983782 -0.550124824 0.675656053 -0.236768961 0.970832884 0.037735447 -0.259528032 0.542304933 0.099832773 0.834229469 0.703100962
47013633 1.007578490 1.794317728 0.500000000 0.500000000 0.000000000 0.000000000 0.801116228 0.226304159 -0.554074824 0.758433682 -0.241557345 0.969265759 0.046624348 -0.272358881 0.547596991 0.096489444 0.831160069 0.781730662
47080367 1.007578490 1.794317728 0.500000000 0.500000000 0.000000000 0.000000000 0.799256504 0.230210617 -0.555150330 0.840164785 -0.241791353 0.968843818 0.053651810 -0.269935893 0.550205171 0.091349065 0.830017745 0.841899786
47147100 1.007578490 1.794317728 0.500000000 0.500000000 0.000000000 0.000000000 0.798285425 0.232512549 -0.555588365 0.920688117 -0.239991859 0.968878686 0.060646437 -0.270175079 0.552398801 0.084923454 0.829242826 0.897813110
47213833 1.007578490 1.794317728 0.500000000 0.500000000 0.000000000 0.000000000 0.798599720 0.231879398 -0.555400908 1.004219722 -0.236965880 0.969407737 0.063998424 -0.268249897 0.553249896 0.080502026 0.829116285 0.932509913
47280567 1.007578490 1.794317728 0.500000000 0.500000000 0.000000000 0.000000000 0.796970010 0.229573622 -0.558689833 1.081889454 -0.234399840 0.970016539 0.064222731 -0.273924835 0.556682229 0.079773374 0.826886177 0.968637615
47347300 1.007578490 1.794317728 0.500000000 0.500000000 0.000000000 0.000000000 0.792350054 0.228310406 -0.565735161 1.161170567 -0.234817296 0.970022440 0.062588885 -0.281597164 0.563065469 0.083251938 0.822208464 0.990197357
47414033 1.007578490 1.794317728 0.500000000 0.500000000 0.000000000 0.000000000 0.786937237 0.229204237 -0.572883427 1.243550212 -0.237981349 0.969356894 0.060927417 -0.290607058 0.569293320 0.088389456 0.817369282 1.008490135
47480767 1.007578490 1.794317728 0.500000000 0.500000000 0.000000000 0.000000000 0.781133413 0.233648479 -0.578998446 1.325890203 -0.243261397 0.967950284 0.062419023 -0.302296119 0.575025797 0.092090294 0.812935948 1.026360121
47547500 1.007578490 1.794317728 0.500000000 0.500000000 0.000000000 0.000000000 0.775630653 0.238364682 -0.584448338 1.413860604 -0.247818962 0.966600537 0.065339305 -0.302689143 0.580502629 0.094158046 0.808796227 1.046100408
47614233 1.007578490 1.794317728 0.500000000 0.500000000 0.000000000 0.000000000 0.771351755 0.242618546 -0.588347554 1.506580201 -0.251765847 0.965394497 0.068025418 -0.302042029 0.584491730 0.095654257 0.805741787 1.063940181
47680967 1.007578490 1.794317728 0.500000000 0.500000000 0.000000000 0.000000000 0.765146732 0.246647000 -0.594739795 1.600169603 -0.256031275 0.964098990 0.070435219 -0.297932911 0.590760708 0.098378830 0.800826550 1.079079776
47747700 1.007578490 1.794317728 0.500000000 0.500000000 0.000000000 0.000000000 0.756347239 0.252745360 -0.603372753 1.680050121 -0.261212558 0.962311447 0.075661950 -0.287308004 0.599755704 0.100381829 0.793861866 1.120010044
47814433 1.007578490 1.794317728 0.500000000 0.500000000 0.000000000 0.000000000 0.749134600 0.262159437 -0.608334005 1.761180913 -0.263454586 0.960511327 0.089497186 -0.271237250 0.607774198 0.093222760 0.788619280 1.159470356
47881167 1.007578490 1.794317728 0.500000000 0.500000000 0.000000000 0.000000000 0.748118877 0.268029273 -0.607024014 1.849329475 -0.261328101 0.959871352 0.101757333 -0.248259933 0.609938920 0.082505941 0.788141549 1.205809729
47947900 1.007578490 1.794317728 0.500000000 0.500000000 0.000000000 0.000000000 0.740995347 0.265252978 -0.616901398 1.919631129 -0.256324440 0.960843086 0.105253875 -0.224617249 0.620664358 0.080134064 0.779971004 1.245500547
48014633 1.007578490 1.794317728 0.500000000 0.500000000 0.000000000 0.000000000 0.728271604 0.259835958 -0.634117782 1.985689314 -0.251993239 0.962038100 0.104795329 -0.206041867 0.637275040 0.083474062 0.766101956 1.299969498
48081367 1.007578490 1.794317728 0.500000000 0.500000000 0.000000000 0.000000000 0.718137145 0.258194149 -0.646231532 2.056450581 -0.250372052 0.962302327 0.106245741 -0.194848141 0.649302125 0.085499182 0.755709589 1.351250456
48148100 1.007578490 1.794317728 0.500000000 0.500000000 0.000000000 0.000000000 0.708360612 0.260544181 -0.656004488 2.132469748 -0.251542270 0.961543322 0.110276468 -0.198431898 0.659508646 0.086897396 0.746657312 1.399299892
48214833 1.007578490 1.794317728 0.500000000 0.500000000 0.000000000 0.000000000 0.695895433 0.265571177 -0.667234004 2.205859391 -0.256636918 0.959722400 0.114325896 -0.216281795 0.670721114 0.091678113 0.736021817 1.467779777
48281567 1.007578490 1.794317728 0.500000000 0.500000000 0.000000000 0.000000000 0.683250308 0.276110500 -0.675967455 2.287820126 -0.265447825 0.956333876 0.122323252 -0.256347091 0.680225372 0.095856674 0.726708353 1.535110128
48348300 1.007578490 1.794317728 0.500000000 0.500000000 0.000000000 0.000000000 0.675845325 0.287729889 -0.678560734 2.377610128 -0.275951773 0.952471614 0.129028738 -0.290556057 0.683435321 0.100046553 0.723123074 1.606580189
48415033 1.007578490 1.794317728 0.500000000 0.500000000 0.000000000 0.000000000 0.670077026 0.299579501 -0.679152846 2.486819297 -0.286023080 0.948495448 0.136187732 -0.334213804 0.684972405 0.102997229 0.721251726 1.671759399
48481767 1.007578490 1.794317728 0.500000000 0.500000000 0.000000000 0.000000000 0.663008273 0.306486368 -0.682998121 2.590650776 -0.294009030 0.945649683 0.138943732 -0.380455115 0.688461363 0.108686671 0.717083335 1.734720548
48548500 1.007578490 1.794317728 0.500000000 0.500000000 0.000000000 0.000000000 0.649557590 0.308215767 -0.695038617 2.671201923 -0.301739901 0.943577468 0.136435598 -0.413622441 0.697874367 0.121097863 0.705908775 1.816601127
48615233 1.007578490 1.794317728 0.500000000 0.500000000 0.000000000 0.000000000 0.635231733 0.309591830 -0.707554519 2.734729677 -0.309640408 0.941376984 0.133910835 -0.435006909 0.707533300 0.134023130 0.693854690 1.903229809
48681967 1.007578490 1.794317728 0.500000000 0.500000000 0.000000000 0.000000000 0.624396086 0.309999853 -0.716959000 2.796751920 -0.313513249 0.940157115 0.133469433 -0.453588471 0.715429664 0.141438156 0.684219360 1.985411394
48748700 1.007578490 1.794317728 0.500000000 0.500000000 0.000000000 0.000000000 0.615242600 0.309430748 -0.725072086 2.851411149 -0.313627154 0.939901948 0.134990409 -0.453418355 0.723266900 0.144350305 0.675313473 2.063241049
48815433 1.007578490 1.794317728 0.500000000 0.500000000 0.000000000 0.000000000 0.608641863 0.306940645 -0.731671274 2.906010934 -0.311606497 0.940522850 0.135344818 -0.441938254 0.729696333 0.145616904 0.668086231 2.128240690
48882167 1.007578490 1.794317728 0.500000000 0.500000000 0.000000000 0.000000000 0.605155408 0.304882348 -0.735414326 2.965351642 -0.308251262 0.941440463 0.136642262 -0.426581572 0.734008610 0.144002393 0.663698077 2.167851165
48948900 1.007578490 1.794317728 0.500000000 0.500000000 0.000000000 0.000000000 0.604704499 0.304245144 -0.736048281 3.027489068 -0.304539829 0.942260444 0.139286429 -0.410928662 0.735926449 0.139928997 0.662443936 2.190259580
49015633 1.007578490 1.794317728 0.500000000 0.500000000 0.000000000 0.000000000 0.606810510 0.304621547 -0.734156907 3.088508946 -0.301983923 0.942742944 0.141567573 -0.394768765 0.735245764 0.135799006 0.664057195 2.194189170
49082367 1.007578490 1.794317728 0.500000000 0.500000000 0.000000000 0.000000000 0.608163714 0.304145187 -0.733233988 3.146908452 -0.302210301 0.942840695 0.140428752 -0.388408713 0.734033644 0.136187375 0.665317416 2.183119344
49149100 1.007578490 1.794317728 0.500000000 0.500000000 0.000000000 0.000000000 0.608038485 0.303923726 -0.733429968 3.196429639 -0.304682791 0.942413568 0.137931332 -0.395728907 0.733114898 0.139595941 0.665624082 2.169919523
49215833 1.007578490 1.794317728 0.500000000 0.500000000 0.000000000 0.000000000 0.605629504 0.304926813 -0.735004783 3.250658068 -0.307978153 0.941502869 0.136827394 -0.412732425 0.733731389 0.143498883 0.664112806 2.154428630
49282567 1.007578490 1.794317728 0.500000000 0.500000000 0.000000000 0.000000000 0.604438424 0.307001114 -0.735122502 3.304241843 -0.312076926 0.940261841 0.136072755 -0.421978481 0.732982099 0.147166938 0.664138258 2.116921136
49349300 1.007578490 1.794317728 0.500000000 0.500000000 0.000000000 0.000000000 0.603548169 0.308552355 -0.735203922 3.353499145 -0.314846426 0.939380944 0.135776192 -0.427503750 0.732530653 0.149528950 0.664108276 2.075219803
49416033 1.007578490 1.794317728 0.500000000 0.500000000 0.000000000 0.000000000 0.600917220 0.310366243 -0.736594260 3.404769149 -0.317125887 0.938477218 0.136717394 -0.431504920 0.733709395 0.151437297 0.662372351 2.028339635
49482767 1.007578490 1.794317728 0.500000000 0.500000000 0.000000000 0.000000000 0.597907186 0.313807130 -0.737585127 3.462418943 -0.319118202 0.937303543 0.140091598 -0.431397783 0.735302866 0.151615173 0.660562098 1.977419519
49549500 1.007578490 1.794317728 0.500000000 0.500000000 0.000000000 0.000000000 0.596090257 0.318140358 -0.737199485 3.529719909 -0.322380811 0.935724914 0.143141419 -0.419695970 0.735354960 0.152333796 0.660338879 1.905029843
49616233 1.007578490 1.794317728 0.500000000 0.500000000 0.000000000 0.000000000 0.593928754 0.323169440 -0.736756623 3.606460872 -0.326835066 0.933721721 0.146091074 -0.413154210 0.735137880 0.154030144 0.660187244 1.836030750
49682967 1.007578490 1.794317728 0.500000000 0.500000000 0.000000000 0.000000000 0.590743184 0.326180488 -0.737989545 3.678989302 -0.330553919 0.932202578 0.147419184 -0.397180870 0.736041069 0.156858563 0.658512592 1.754359725
49749700 1.007578490 1.794317728 0.500000000 0.500000000 0.000000000 0.000000000 0.585450888 0.328642607 -0.741108716 3.761823160 -0.333529830 0.930842042 0.149301976 -0.377167420 0.738922179 0.159772605 0.654574275 1.707881575
49816433 1.007578490 1.794317728 0.500000000 0.500000000 0.000000000 0.000000000 0.583173752 0.332868665 -0.741018116 3.839323845 -0.337973982 0.928915918 0.151291102 -0.351355643 0.738703549 0.162215471 0.654220164 1.643991369
49883167 1.007578490 1.794317728 0.500000000 0.500000000 0.000000000 0.000000000 0.578983545 0.336073905 -0.742854416 3.919481063 -0.340924770 0.927415550 0.153852940 -0.337361247 0.740640700 0.164178997 0.651534259 1.587610438
49949900 1.007578490 1.794317728 0.500000000 0.500000000 0.000000000 0.000000000 0.575016141 0.338150769 -0.744990468 3.995381214 -0.344376773 0.926028430 0.154518768 -0.316824108 0.742133021 0.167706504 0.648932517 1.531950342
50016633 1.007578490 1.794317728 0.500000000 0.500000000 0.000000000 0.000000000 0.573669314 0.340105236 -0.745138288 4.069056284 -0.346925616 0.924979448 0.155098438 -0.296582552 0.741987348 0.169532716 0.648623645 1.473148935
50083367 1.007578490 1.794317728 0.500000000 0.500000000 0.000000000 0.000000000 0.570715904 0.341171533 -0.746917486 4.137821344 -0.350271314 0.923843801 0.154346108 -0.283291283 0.742693543 0.173535824 0.646754861 1.427700471
50150100 1.007578490 1.794317728 0.500000000 0.500000000 0.000000000 0.000000000 0.565424621 0.340522707 -0.751225412 4.191181720 -0.356342494 0.922261894 0.149843529 -0.267243016 0.743851721 0.182968184 0.642812252 1.387630354
50216833 1.007578490 1.794317728 0.500000000 0.500000000 0.000000000 0.000000000 0.559827387 0.337291420 -0.756853998 4.247380567 -0.361987352 0.921184778 0.142771646 -0.239462116 0.745358050 0.194044039 0.637799621 1.351500441
50283567 1.007578490 1.794317728 0.500000000 0.500000000 0.000000000 0.000000000 0.557159007 0.335908741 -0.759433568 4.313860734 -0.363920301 0.920803666 0.140294731 -0.215532996 0.746415436 0.198206753 0.635278046 1.310810022
50350300 1.007578490 1.794317728 0.500000000 0.500000000 0.000000000 0.000000000 0.554284394 0.335538536 -0.761697710 4.381983053 -0.366631299 0.920002937 0.138478070 -0.195422357 0.747228920 0.202505738 0.632962108 1.263530971
50417033 1.007578490 1.794317728 0.500000000 0.500000000 0.000000000 0.000000000 0.548575699 0.335621744 -0.765782237 4.452838542 -0.369913489 0.918805540 0.137696534 -0.180281904 0.749818921 0.207736313 0.628185451 1.219559661
50483767 1.007578490 1.794317728 0.500000000 0.500000000 0.000000000 0.000000000 0.541563272 0.337112725 -0.770106256 4.530397083 -0.372914195 0.917346358 0.139321730 -0.165417778 0.753421247 0.211732253 0.622515321 1.181879034
50550500 1.007578490 1.794317728 0.500000000 0.500000000 0.000000000 0.000000000 0.533856392 0.340397626 -0.774033070 4.611661907 -0.375327021 0.915666938 0.143818289 -0.152093165 0.757711887 0.213737071 0.616595030 1.144090086
50617233 1.007578490 1.794317728 0.500000000 0.500000000 0.000000000 0.000000000 0.525835872 0.345461845 -0.777272105 4.699016113 -0.376660705 0.913900197 0.151370406 -0.145858798 0.762641788 0.213172197 0.610683560 1.100738914
50683967 1.007578490 1.794317728 0.500000000 0.500000000 0.000000000 0.000000000 0.521328986 0.351473153 -0.777613521 4.792680174 -0.380713701 0.911324084 0.156670183 -0.131695965 0.763723254 0.214371383 0.608910322 1.049249915
50750700 1.007578490 1.794317728 0.500000000 0.500000000 0.000000000 0.000000000 0.516330361 0.356075168 -0.778854191 4.892322176 -0.383580744 0.909290910 0.161418572 -0.132367204 0.765682161 0.215407982 0.606078029 1.002260205
50817433 1.007578490 1.794317728 0.500000000 0.500000000 0.000000000 0.000000000 0.511699557 0.360062242 -0.780075908 4.974398612 -0.387728214 0.907009780 0.164316893 -0.117835129 0.766700745 0.218376696 0.603722811 0.958486568
50884167 1.007578490 1.794317728 0.500000000 0.500000000 0.000000000 0.000000000 0.508198917 0.363249451 -0.780886352 5.046968903 -0.389425129 0.905636072 0.167843103 -0.103158005 0.768167794 0.218799144 0.601701796 0.912226875
50950900 1.007578490 1.794317728 0.500000000 0.500000000 0.000000000 0.000000000 0.503461421 0.364959091 -0.783155203 5.118113198 -0.390959531 0.904536307 0.170190632 -0.085279577 0.770504951 0.220497370 0.598083258 0.887954711
51017633 1.007578490 1.794317728 0.500000000 0.500000000 0.000000000 0.000000000 0.501261473 0.364318669 -0.784862518 5.178911369 -0.392659068 0.904048204 0.168866232 -0.059288277 0.771074653 0.223537102 0.596217513 0.834553199
51084367 1.007578490 1.794317728 0.500000000 0.500000000 0.000000000 0.000000000 0.500930548 0.362651855 -0.785845160 5.244172231 -0.395594448 0.903520823 0.164788425 -0.028942849 0.769788265 0.228328288 0.596064210 0.792879096
51151100 1.007578490 1.794317728 0.500000000 0.500000000 0.000000000 0.000000000 0.503292680 0.364419371 -0.783514738 5.311291641 -0.402175337 0.901318550 0.160872549 -0.011901308 0.764821410 0.234144181 0.600187421 0.714598298
51217833 1.007578490 1.794317728 0.500000000 0.500000000 0.000000000 0.000000000 0.509553373 0.367595911 -0.777964115 5.372247554 -0.408723235 0.899036050 0.157096833 0.002996646 0.757165909 0.237922966 0.608351946 0.612126821
