https://www.youtube.com/watch?v=O8-Gxzh9K40
305004700 0.864029690 1.549294785 0.500000000 0.500000000 0.000000000 0.000000000 0.953868568 0.184117749 0.237139881 5.524029855 -0.101732239 0.941367269 -0.321680069 1.404130104 -0.282462776 0.282715738 0.916671395 -3.262609592
305071433 0.864029690 1.549294785 0.500000000 0.500000000 0.000000000 0.000000000 0.954562545 0.188803375 0.230572522 5.461310169 -0.109078079 0.941369653 -0.319257140 1.305139979 -0.277330816 0.279600501 0.919190526 -3.230730325
305138167 0.864029690 1.549294785 0.500000000 0.500000000 0.000000000 0.000000000 0.956759453 0.191120639 0.219281331 5.413710513 -0.115616426 0.941610038 -0.316233039 1.208820032 -0.266916156 0.277206421 0.922990978 -3.158329900
305204900 0.864029690 1.549294785 0.500000000 0.500000000 0.000000000 0.000000000 0.959288538 0.191780657 0.207329869 5.366779845 -0.120983548 0.942373276 -0.311922312 1.122800069 -0.255202800 0.274140000 0.927210212 -3.071739843
305271633 0.864029690 1.549294785 0.500000000 0.500000000 0.000000000 0.000000000 0.961546779 0.192097738 0.196281135 5.284490381 -0.125762597 0.943321943 -0.307127744 1.039870178 -0.244154841 0.270632833 0.931206882 -2.994959837
305338367 0.864029690 1.549294785 0.500000000 0.500000000 0.000000000 0.000000000 0.964726090 0.192279562 0.179811463 5.212950132 -0.131958678 0.944223523 -0.301709861 0.952190146 -0.227794871 0.267339677 0.936290026 -2.883730203
305405100 0.864029690 1.549294785 0.500000000 0.500000000 0.000000000 0.000000000 0.967980146 0.192579687 0.161020502 5.121480470 -0.138794780 0.945071697 -0.295931578 0.866975674 -0.209166303 0.264107108 0.941539705 -2.770400081
305471833 0.864029690 1.549294785 0.500000000 0.500000000 0.000000000 0.000000000 0.971444905 0.190983489 0.140783757 5.037809879 -0.144340441 0.946632385 -0.288189083 0.798110130 -0.188309848 0.259638995 0.947167873 -2.631960021
305538567 0.864029690 1.549294785 0.500000000 0.500000000 0.000000000 0.000000000 0.974561036 0.188073069 0.121898599 4.924890021 -0.147916228 0.948354483 -0.280614555 0.732468181 -0.168379158 0.255445182 0.952048361 -2.501009856
305605300 0.864029690 1.549294785 0.500000000 0.500000000 0.000000000 0.000000000 0.977831781 0.183733881 0.100433595 4.820210419 -0.150141805 0.949554384 -0.275325119 0.687376979 -0.145953715 0.254142344 0.956090569 -2.344810135
305672033 0.864029690 1.549294785 0.500000000 0.500000000 0.000000000 0.000000000 0.981385171 0.176315904 0.076130375 4.710499766 -0.149737537 0.950702488 -0.271557212 0.661034016 -0.120257229 0.255102634 0.959406495 -2.178440291
305738767 0.864029690 1.549294785 0.500000000 0.500000000 0.000000000 0.000000000 0.985143542 0.164408565 0.049618647 4.607159845 -0.145410419 0.952288687 -0.268331975 0.657692051 -0.091367349 0.257130474 0.962047756 -2.000299802
305805500 0.864029690 1.549294785 0.500000000 0.500000000 0.000000000 0.000000000 0.988280594 0.150912911 0.022950968 4.508510173 -0.139383674 0.953447759 -0.267412692 0.666528122 -0.062238596 0.261079758 0.963308692 -1.827760040
305872233 0.864029690 1.549294785 0.500000000 0.500000000 0.000000000 0.000000000 0.990489960 0.137577116 -0.001493121 4.391790079 -0.132913142 0.953994751 -0.268752813 0.681657038 -0.035549819 0.266395390 0.963208020 -1.678750157
305938967 0.864029690 1.549294785 0.500000000 0.500000000 0.000000000 0.000000000 0.991699576 0.125555485 -0.027708471 4.281540053 -0.128354967 0.954081416 -0.270653993 0.692474898 -0.007545996 0.271963984 0.962277770 -1.538119932
306005700 0.864029690 1.549294785 0.500000000 0.500000000 0.000000000 0.000000000 0.992016852 0.115711719 -0.050133254 4.177189952 -0.125041664 0.954102576 -0.272126496 0.695734872 0.016344044 0.276222825 0.960954666 -1.416910206
306072433 0.864029690 1.549294785 0.500000000 0.500000000 0.000000000 0.000000000 0.991834700 0.108499795 -0.067019746 4.061550200 -0.122858539 0.953854620 -0.273983598 0.692494726 0.034199901 0.279980421 0.959396303 -1.325260068
306139167 0.864029690 1.549294785 0.500000000 0.500000000 0.000000000 0.000000000 0.990991116 0.104178540 -0.084163204 3.939190099 -0.123593979 0.953441322 -0.275089324 0.670888942 0.051586255 0.283013165 0.957727730 -1.253190147
306205900 0.864029690 1.549294785 0.500000000 0.500000000 0.000000000 0.000000000 0.989056885 0.102802984 -0.105820693 3.821219867 -0.128452018 0.952853441 -0.274900854 0.634031109 0.072571002 0.285485446 0.955631495 -1.178799911
306272633 0.864029690 1.549294785 0.500000000 0.500000000 0.000000000 0.000000000 0.985985816 0.103386976 -0.130931437 3.712989657 -0.136141241 0.952246368 -0.273299068 0.587727924 0.096423395 0.287294179 0.952976644 -1.095619994
306339367 0.864029690 1.549294785 0.500000000 0.500000000 0.000000000 0.000000000 0.981937468 0.105241738 -0.157235414 3.604519957 -0.145266041 0.951804876 -0.270120829 0.542819974 0.121229440 0.288082749 0.949900925 -1.013359992
306406100 0.864029690 1.549294785 0.500000000 0.500000000 0.000000000 0.000000000 0.977467299 0.107630774 -0.181585416 3.498770021 -0.153938308 0.952068627 -0.264325976 0.505244747 0.144432142 0.286322951 0.947184443 -0.937939873
306472833 0.864029690 1.549294785 0.500000000 0.500000000 0.000000000 0.000000000 0.973384440 0.110389985 -0.200840071 3.390779842 -0.160979658 0.953086555 -0.256342709 0.472405020 0.163120314 0.281851172 0.945490181 -0.880737962
306539567 0.864029690 1.549294785 0.500000000 0.500000000 0.000000000 0.000000000 0.970566154 0.113900207 -0.212198347 3.282330331 -0.166271925 0.954315901 -0.248263717 0.444756147 0.174226999 0.276238978 0.945165098 -0.843545950
306606300 0.864029690 1.549294785 0.500000000 0.500000000 0.000000000 0.000000000 0.969864845 0.117107362 -0.213654280 3.154070159 -0.168560356 0.955690622 -0.241335705 0.429680222 0.175925255 0.270076632 0.946630359 -0.857872027
306673033 0.864029690 1.549294785 0.500000000 0.500000000 0.000000000 0.000000000 0.970319510 0.116900578 -0.211693838 3.016329935 -0.166568056 0.957710326 -0.234618813 0.429145994 0.175314322 0.262916654 0.948756933 -0.881284938
306739767 0.864029690 1.549294785 0.500000000 0.500000000 0.000000000 0.000000000 0.970968246 0.115494311 -0.209479794 2.879820200 -0.163527489 0.959616542 -0.228899330 0.432309137 0.174583718 0.256509662 0.950643659 -0.896068997
306806500 0.864029690 1.549294785 0.500000000 0.500000000 0.000000000 0.000000000 0.971630335 0.112282470 -0.208151639 2.737459924 -0.158905968 0.961793482 -0.222939804 0.437502922 0.175166637 0.249691620 0.952350080 -0.910529057
306873233 0.864029690 1.549294785 0.500000000 0.500000000 0.000000000 0.000000000 0.970807135 0.108300515 -0.214020103 2.598259982 -0.155121207 0.964035451 -0.215808064 0.437390141 0.182950854 0.242707044 0.952692151 -0.895117043
306939967 0.864029690 1.549294785 0.500000000 0.500000000 0.000000000 0.000000000 0.968016744 0.105647892 -0.227556676 2.461970049 -0.154720575 0.965387225 -0.209973842 0.428397837 0.197496980 0.238465935 0.950856924 -0.864229917
307006700 0.864029690 1.549294785 0.500000000 0.500000000 0.000000000 0.000000000 0.962885141 0.103335455 -0.249347076 2.352519953 -0.157015309 0.965860248 -0.206058621 0.428050022 0.219541267 0.237562090 0.946237743 -0.801794912
307073433 0.864029690 1.549294785 0.500000000 0.500000000 0.000000000 0.000000000 0.957121730 0.102530412 -0.270934522 2.248480024 -0.160671487 0.966118693 -0.201988444 0.426525051 0.241044953 0.236858979 0.941166937 -0.741431113
307140167 0.864029690 1.549294785 0.500000000 0.500000000 0.000000000 0.000000000 0.951546073 0.101707079 -0.290199250 2.152109894 -0.163542137 0.966567159 -0.197488815 0.423650825 0.260411054 0.235379547 0.936366618 -0.691157905
307206900 0.864029690 1.549294785 0.500000000 0.500000000 0.000000000 0.000000000 0.947339654 0.100635782 -0.304006487 2.052019913 -0.164917216 0.967084825 -0.193776235 0.418483878 0.274499208 0.233707830 0.932754397 -0.660069029
307273633 0.864029690 1.549294785 0.500000000 0.500000000 0.000000000 0.000000000 0.942987442 0.099978469 -0.317457020 1.951769858 -0.167172700 0.967048109 -0.192018837 0.421885888 0.287798405 0.234141529 0.928627849 -0.634171949
307340367 0.864029690 1.549294785 0.500000000 0.500000000 0.000000000 0.000000000 0.938829720 0.099522114 -0.329688013 1.845740151 -0.168922961 0.967334032 -0.189023644 0.425209137 0.300106406 0.233152866 0.924973488 -0.612502998
307407100 0.864029690 1.549294785 0.500000000 0.500000000 0.000000000 0.000000000 0.934706807 0.099515103 -0.341203690 1.740340030 -0.170113176 0.968161762 -0.183641836 0.423581103 0.312065244 0.229694501 0.921876252 -0.592255059
307473833 0.864029690 1.549294785 0.500000000 0.500000000 0.000000000 0.000000000 0.932261288 0.100496516 -0.347547621 1.630260065 -0.170471475 0.969338834 -0.176979393 0.426726954 0.319105595 0.224238008 0.920808852 -0.577462968
307540567 0.864029690 1.549294785 0.500000000 0.500000000 0.000000000 0.000000000 0.932588398 0.103480890 -0.345789909 1.501120122 -0.170870438 0.970443368 -0.170419917 0.441085084 0.317934334 0.218016878 0.922706068 -0.581008048
307607300 0.864029690 1.549294785 0.500000000 0.500000000 0.000000000 0.000000000 0.935477912 0.105169222 -0.337372869 1.371330020 -0.167908356 0.972320437 -0.162480071 0.448387018 0.310946614 0.208644256 0.927243114 -0.582607050
307674033 0.864029690 1.549294785 0.500000000 0.500000000 0.000000000 0.000000000 0.940041304 0.105490059 -0.324336588 1.218750005 -0.162813246 0.974411666 -0.154963836 0.459036056 0.299690187 0.198478684 0.933162391 -0.587459101
307740767 0.864029690 1.549294785 0.500000000 0.500000000 0.000000000 0.000000000 0.945055962 0.104951940 -0.309603393 1.064609913 -0.155728370 0.977234900 -0.144085407 0.460125001 0.287433207 0.184382796 0.939885676 -0.589226923
307807500 0.864029690 1.549294785 0.500000000 0.500000000 0.000000000 0.000000000 0.950305879 0.103683770 -0.293544590 0.913101046 -0.147824585 0.980115354 -0.132370099 0.461557040 0.273982942 0.169185176 0.946736336 -0.583986944
307874233 0.864029690 1.549294785 0.500000000 0.500000000 0.000000000 0.000000000 0.956881285 0.103553280 -0.271394491 0.750097999 -0.141371131 0.982200682 -0.123677231 0.461979062 0.253756702 0.156711757 0.954488873 -0.576951980
307940967 0.864029690 1.549294785 0.500000000 0.500000000 0.000000000 0.000000000 0.962925315 0.101665929 -0.249877781 0.594267019 -0.134538293 0.983837247 -0.118168145 0.472261977 0.233825386 0.147405237 0.961039722 -0.570223983
308007700 0.864029690 1.549294785 0.500000000 0.500000000 0.000000000 0.000000000 0.969258308 0.098323077 -0.225545704 0.425606988 -0.125887632 0.985786796 -0.111250304 0.472363964 0.211401492 0.136223704 0.967859745 -0.546058973
308074433 0.864029690 1.549294785 0.500000000 0.500000000 0.000000000 0.000000000 0.973478854 0.096543960 -0.207408234 0.271772001 -0.120755769 0.986853778 -0.107413277 0.454555929 0.194311485 0.129610315 0.972339511 -0.507860946
308141167 0.864029690 1.549294785 0.500000000 0.500000000 0.000000000 0.000000000 0.976353109 0.091097459 -0.196050525 0.112345993 -0.113561139 0.987800837 -0.106552213 0.429699006 0.183952212 0.126296327 0.974787533 -0.470976914
308207900 0.864029690 1.549294785 0.500000000 0.500000000 0.000000000 0.000000000 0.976007819 0.086828709 -0.199673533 -0.053625103 -0.109670922 0.988264978 -0.106323123 0.373623013 0.188098460 0.125670567 0.974076927 -0.454821977
308274633 0.864029690 1.549294785 0.500000000 0.500000000 0.000000000 0.000000000 0.972815633 0.083463430 -0.216017336 -0.168692964 -0.109111115 0.987963438 -0.109649338 0.340523983 0.204265505 0.130238503 0.970213115 -0.427306964
308341367 0.864029690 1.549294785 0.500000000 0.500000000 0.000000000 0.000000000 0.968893766 0.082884103 -0.233184651 -0.291851023 -0.111620069 0.987322688 -0.112848938 0.319454993 0.220875099 0.135366723 0.965862334 -0.401703990
308408100 0.864029690 1.549294785 0.500000000 0.500000000 0.000000000 0.000000000 0.962941766 0.088321164 -0.254838437 -0.414861040 -0.120358899 0.986281693 -0.112969980 0.304345998 0.241364852 0.139455572 0.960362017 -0.379962031
308474833 0.864029690 1.549294785 0.500000000 0.500000000 0.000000000 0.000000000 0.956694782 0.095696785 -0.274913132 -0.536021986 -0.130832747 0.985010326 -0.112416245 0.292410996 0.260034382 0.143515661 0.954874575 -0.363698030
308541567 0.864029690 1.549294785 0.500000000 0.500000000 0.000000000 0.000000000 0.951009035 0.103354879 -0.291375458 -0.662212107 -0.141192764 0.983634830 -0.111924842 0.281473002 0.275039077 0.147581622 0.950038552 -0.341186032
308608300 0.864029690 1.549294785 0.500000000 0.500000000 0.000000000 0.000000000 0.946423054 0.111366570 -0.303118646 -0.768551007 -0.151382089 0.982130110 -0.111820951 0.276959047 0.285248816 0.151716664 0.946369469 -0.326350997
308675033 0.864029690 1.549294785 0.500000000 0.500000000 0.000000000 0.000000000 0.944339097 0.118518881 -0.306882620 -0.859434000 -0.159339339 0.980908275 -0.111489631 0.267997996 0.287810087 0.154182494 0.945194781 -0.302552048
308741767 0.864029690 1.549294785 0.500000000 0.500000000 0.000000000 0.000000000 0.949688137 0.122919448 -0.288068116 -0.931329024 -0.161555231 0.980216801 -0.114345789 0.252897009 0.268313885 0.155131757 0.950758517 -0.241315014
308808500 0.864029690 1.549294785 0.500000000 0.500000000 0.000000000 0.000000000 0.960342705 0.124192238 -0.249636173 -1.029670081 -0.158099324 0.980024874 -0.120647766 0.248330015 0.229666144 0.155330509 0.960794389 -0.167771990
308875233 0.864029690 1.549294785 0.500000000 0.500000000 0.000000000 0.000000000 0.969384551 0.122805096 -0.212632403 -1.132800040 -0.151509970 0.980597913 -0.124388352 0.230489011 0.193231359 0.152796075 0.969182611 -0.081292195
308941967 0.864029690 1.549294785 0.500000000 0.500000000 0.000000000 0.000000000 0.975503445 0.123774394 -0.181859687 -1.254620047 -0.147951886 0.980936527 -0.125991449 0.203361021 0.162798300 0.149811551 0.975219607 0.012341877
309008700 0.864029690 1.549294785 0.500000000 0.500000000 0.000000000 0.000000000 0.979623675 0.124574773 -0.157539248 -1.382039982 -0.145286545 0.981126487 -0.127603382 0.185066976 0.138669789 0.147891611 0.979233801 0.105945992
309075433 0.864029690 1.549294785 0.500000000 0.500000000 0.000000000 0.000000000 0.981185615 0.123874843 -0.148087144 -1.507649964 -0.142898679 0.981737375 -0.125585318 0.179299988 0.129825830 0.144383967 0.980968177 0.177853016
309142167 0.864029690 1.549294785 0.500000000 0.500000000 0.000000000 0.000000000 0.981205881 0.124652751 -0.147297874 -1.632279912 -0.142844513 0.982425213 -0.120150164 0.170108998 0.129732087 0.138932750 0.981767416 0.245870007
309208900 0.864029690 1.549294785 0.500000000 0.500000000 0.000000000 0.000000000 0.980471909 0.126888633 -0.150246859 -1.751280008 -0.144485772 0.983075321 -0.112635799 0.169514979 0.133411795 0.132144764 0.982211351 0.307255024
309275633 0.864029690 1.549294785 0.500000000 0.500000000 0.000000000 0.000000000 0.980387866 0.130443275 -0.147730172 -1.867539986 -0.146377146 0.983888388 -0.102651730 0.168546007 0.131959766 0.122262836 0.983686149 0.384329057
309342367 0.864029690 1.549294785 0.500000000 0.500000000 0.000000000 0.000000000 0.981445789 0.136117786 -0.135041222 -1.933350083 -0.149641335 0.984107494 -0.095602743 0.164453013 0.119881853 0.114036657 0.986217022 0.500070941
309409100 0.864029690 1.549294785 0.500000000 0.500000000 0.000000000 0.000000000 0.984954000 0.140278324 -0.100933775 -1.982200073 -0.150147423 0.983804047 -0.097904868 0.130410053 0.085565105 0.111586742 0.990064144 0.654914962
309475833 0.864029690 1.549294785 0.500000000 0.500000000 0.000000000 0.000000000 0.987576723 0.144347385 -0.062096562 -2.054259922 -0.150295958 0.983030915 -0.105172567 0.094120584 0.045861442 0.113198854 0.992513359 0.803934017
309542567 0.864029690 1.549294785 0.500000000 0.500000000 0.000000000 0.000000000 0.988876820 0.146403357 -0.026243482 -2.105950127 -0.148433909 0.982635736 -0.111329794 0.044803403 0.009488727 0.113986880 0.993436933 0.943961931
309609300 0.864029690 1.549294785 0.500000000 0.500000000 0.000000000 0.000000000 0.988489449 0.151100710 0.007560119 -2.155419965 -0.149173722 0.981774807 -0.117751434 -0.004958880 -0.025214668 0.115268275 0.993014336 1.086290012
309676033 0.864029690 1.549294785 0.500000000 0.500000000 0.000000000 0.000000000 0.986867607 0.156750023 0.039010249 -2.202019893 -0.150961757 0.980917513 -0.122521140 -0.061675291 -0.057471015 0.115023099 0.991698921 1.231520027
309742767 0.864029690 1.549294785 0.500000000 0.500000000 0.000000000 0.000000000 0.984453082 0.161563292 0.068916105 -2.230190085 -0.152058378 0.980301619 -0.126043424 -0.120497997 -0.087922581 0.113604546 0.989628017 1.386269970
309809500 0.864029690 1.549294785 0.500000000 0.500000000 0.000000000 0.000000000 0.981211305 0.165546983 0.099088728 -2.255670224 -0.152464151 0.980038345 -0.127591237 -0.185696972 -0.118233100 0.110086478 0.986864686 1.546420093
309876233 0.864029690 1.549294785 0.500000000 0.500000000 0.000000000 0.000000000 0.977349699 0.167647183 0.129158840 -2.270029943 -0.151457012 0.980348349 -0.126403943 -0.271307000 -0.147811905 0.103978850 0.983534455 1.705070002
309942967 0.864029690 1.549294785 0.500000000 0.500000000 0.000000000 0.000000000 0.972564101 0.171714857 0.156949311 -2.291589932 -0.151820794 0.979680061 -0.131062493 -0.371001003 -0.176265508 0.103638507 0.978871584 1.857540015
310009700 0.864029690 1.549294785 0.500000000 0.500000000 0.000000000 0.000000000 0.967653036 0.177954316 0.178828955 -2.327850141 -0.154293686 0.978257895 -0.138581797 -0.465222068 -0.199602067 0.106506899 0.974071503 1.993160077
310076433 0.864029690 1.549294785 0.500000000 0.500000000 0.000000000 0.000000000 0.964251041 0.184491143 0.190218195 -2.381290103 -0.158251211 0.976683319 -0.145073086 -0.554040016 -0.212547645 0.109784611 0.970963895 2.098360393
310143167 0.864029690 1.549294785 0.500000000 0.500000000 0.000000000 0.000000000 0.961969912 0.193561256 0.192738160 -2.450589932 -0.165776610 0.974494994 -0.151253775 -0.631999928 -0.217099205 0.113550141 0.969522715 2.178410086
310209900 0.864029690 1.549294785 0.500000000 0.500000000 0.000000000 0.000000000 0.959517658 0.202735960 0.195509538 -2.505559924 -0.173835069 0.972458780 -0.155258670 -0.702566040 -0.221601501 0.114987001 0.968334019 2.267039923
310276633 0.864029690 1.549294785 0.500000000 0.500000000 0.000000000 0.000000000 0.956426382 0.211671516 0.201106280 -2.547499728 -0.181529328 0.970570803 -0.158238426 -0.759777173 -0.228682458 0.114836700 0.966704130 2.369920086
310343367 0.864029690 1.549294785 0.500000000 0.500000000 0.000000000 0.000000000 0.953187108 0.214400083 0.213229522 -2.565709890 -0.183502436 0.970618784 -0.155647054 -0.830963188 -0.240335330 0.109232590 0.964524269 2.491939740
310410100 0.864029690 1.549294785 0.500000000 0.500000000 0.000000000 0.000000000 0.949671566 0.217080683 0.225831404 -2.575849981 -0.184825987 0.970383584 -0.155547500 -0.916334059 -0.252909452 0.105979480 0.961667895 2.616800066
310476833 0.864029690 1.549294785 0.500000000 0.500000000 0.000000000 0.000000000 0.945677221 0.218391374 0.240831792 -2.579510191 -0.183924809 0.970223725 -0.157599762 -1.008589869 -0.268079102 0.104743615 0.957686007 2.744080179
310543567 0.864029690 1.549294785 0.500000000 0.500000000 0.000000000 0.000000000 0.942748547 0.220204562 0.250470072 -2.605150166 -0.183816165 0.969737232 -0.160690486 -1.099309953 -0.278274924 0.105450332 0.954695463 2.861240071
310610300 0.864029690 1.549294785 0.500000000 0.500000000 0.000000000 0.000000000 0.941500723 0.221243441 0.254219800 -2.642159811 -0.183903813 0.969406724 -0.162573054 -1.179380251 -0.282410592 0.106310643 0.953384638 2.973350204
310677033 0.864029690 1.549294785 0.500000000 0.500000000 0.000000000 0.000000000 0.941089928 0.218877092 0.257764429 -2.678349750 -0.181214139 0.969999850 -0.162054598 -1.264490178 -0.285501510 0.105797343 0.952520728 3.087909785
310743767 0.864029690 1.549294785 0.500000000 0.500000000 0.000000000 0.000000000 0.942495346 0.214425579 0.256367356 -2.739310156 -0.177405640 0.971047819 -0.159979373 -1.350830089 -0.283248633 0.105298795 0.953248322 3.187230353
310810500 0.864029690 1.549294785 0.500000000 0.500000000 0.000000000 0.000000000 0.946139038 0.207037300 0.248910770 -2.814699895 -0.172009677 0.972776651 -0.155300647 -1.429669711 -0.274287581 0.104121000 0.955994368 3.273060038
310877233 0.864029690 1.549294785 0.500000000 0.500000000 0.000000000 0.000000000 0.950852513 0.198879734 0.237331778 -2.899219843 -0.166578725 0.974651098 -0.149354473 -1.503289989 -0.261019230 0.102479681 0.959878623 3.349930339
310943967 0.864029690 1.549294785 0.500000000 0.500000000 0.000000000 0.000000000 0.954635143 0.190084219 0.229215547 -2.970710158 -0.159624279 0.976475060 -0.144970804 -1.582880065 -0.251379937 0.101805843 0.962519467 3.426470253
311010700 0.864029690 1.549294785 0.500000000 0.500000000 0.000000000 0.000000000 0.957298636 0.181084484 0.225361347 -3.023540018 -0.151740611 0.978242815 -0.141477183 -1.659110176 -0.246077448 0.101239413 0.963948369 3.510420021
311077433 0.864029690 1.549294785 0.500000000 0.500000000 0.000000000 0.000000000 0.960055113 0.172236085 0.220519826 -3.100420115 -0.144757777 0.980167687 -0.135338455 -1.727989988 -0.239456549 0.098010428 0.965947509 3.583010095
311144167 0.864029690 1.549294785 0.500000000 0.500000000 0.000000000 0.000000000 0.962849855 0.167347834 0.211931467 -3.190680345 -0.141723558 0.981211305 -0.130915403 -1.786319757 -0.229857951 0.096016198 0.968476236 3.647879776
311210900 0.864029690 1.549294785 0.500000000 0.500000000 0.000000000 0.000000000 0.963842511 0.166635290 0.207943127 -3.272550384 -0.141609445 0.981346250 -0.130024582 -1.838750029 -0.225730881 0.095876545 0.969460309 3.724630051
311277633 0.864029690 1.549294785 0.500000000 0.500000000 0.000000000 0.000000000 0.962485611 0.169850528 0.211594313 -3.336539703 -0.144084543 0.980741262 -0.131856531 -1.892040007 -0.229915202 0.096422516 0.968422234 3.824149951
311344367 0.864029690 1.549294785 0.500000000 0.500000000 0.000000000 0.000000000 0.959602356 0.175380066 0.220011771 -3.393330205 -0.147676364 0.979539633 -0.136725217 -1.938340071 -0.239489138 0.098711304 0.965868056 3.932610678
311411100 0.864029690 1.549294785 0.500000000 0.500000000 0.000000000 0.000000000 0.956758142 0.179402769 0.228972584 -3.456369974 -0.150565416 0.978938460 -0.137874916 -1.965830034 -0.248885214 0.097437575 0.963619232 4.050319993
311477833 0.864029690 1.549294785 0.500000000 0.500000000 0.000000000 0.000000000 0.953688264 0.181479633 0.239882886 -3.500369669 -0.151891887 0.978898048 -0.136702284 -1.992870046 -0.259629577 0.093935110 0.961128891 4.190450441
311544567 0.864029690 1.549294785 0.500000000 0.500000000 0.000000000 0.000000000 0.948321700 0.184246242 0.258339554 -3.509990285 -0.152288318 0.978532851 -0.138858736 -2.028339987 -0.278377920 0.092340671 0.956022441 4.353269974
311611300 0.864029690 1.549294785 0.500000000 0.500000000 0.000000000 0.000000000 0.942266941 0.185814649 0.278578579 -3.515310368 -0.150837123 0.978260756 -0.142316625 -2.069129865 -0.298967004 0.092080280 0.949810505 4.513620288
311678033 0.864029690 1.549294785 0.500000000 0.500000000 0.000000000 0.000000000 0.938163221 0.186748192 0.291504472 -3.554059648 -0.149454996 0.977998257 -0.145542324 -2.099189857 -0.312270612 0.092975669 0.945432484 4.645540017
311744767 0.864029690 1.549294785 0.500000000 0.500000000 0.000000000 0.000000000 0.936174870 0.184851289 0.299009413 -3.600620209 -0.146883607 0.978465557 -0.145018458 -2.113169734 -0.319377273 0.091843054 0.943166494 4.772689845
