https://www.youtube.com/watch?v=KIWkpEiNY_g
77766667 0.915678141 1.628428941 0.500000000 0.500000000 0.000000000 0.000000000 0.989717603 -0.069722518 0.124891087 -2.442989792 0.071833059 0.997338712 -0.012470694 -1.889669922 -0.123689219 0.021313777 0.992092073 5.420509759
77833333 0.915678141 1.628428941 0.500000000 0.500000000 0.000000000 0.000000000 0.987090945 -0.078753531 0.139460936 -2.350699979 0.081578612 0.996559262 -0.014648942 -1.822160048 -0.137827441 0.025836864 0.990119219 5.016160462
77900000 0.915678141 1.628428941 0.500000000 0.500000000 0.000000000 0.000000000 0.984622478 -0.086643770 0.151694953 -2.265079806 0.090601072 0.995699048 -0.019359466 -1.770359879 -0.149365157 0.032805495 0.988237739 4.593939517
77966667 0.915678141 1.628428941 0.500000000 0.500000000 0.000000000 0.000000000 0.982692182 -0.092058852 0.160752341 -2.185090251 0.097507685 0.994886518 -0.026325751 -1.700490046 -0.157506809 0.041544687 0.986643612 4.162220365
78033333 0.915678141 1.628428941 0.500000000 0.500000000 0.000000000 0.000000000 0.981062353 -0.097719125 0.167235270 -2.092720103 0.104682125 0.993947446 -0.033318378 -1.617320048 -0.162967220 0.050193951 0.985353887 3.734960064
78100000 0.915678141 1.628428941 0.500000000 0.500000000 0.000000000 0.000000000 0.979909122 -0.103071019 0.170746952 -1.981340227 0.111233056 0.993031979 -0.038919970 -1.505890136 -0.165545672 0.057130732 0.984545946 3.331239905
78166667 0.915678141 1.628428941 0.500000000 0.500000000 0.000000000 0.000000000 0.979221106 -0.106671534 0.172473833 -1.873070112 0.115677916 0.992355108 -0.043010648 -1.400539932 -0.166567281 0.062068347 0.984074593 2.903949939
78233333 0.915678141 1.628428941 0.500000000 0.500000000 0.000000000 0.000000000 0.979395628 -0.107030362 0.171256095 -1.743619931 0.116569147 0.992087841 -0.046619028 -1.269209925 -0.164911449 0.065621659 0.984122932 2.453069573
78300000 0.915678141 1.628428941 0.500000000 0.500000000 0.000000000 0.000000000 0.980310857 -0.105486579 0.166922867 -1.586830121 0.115153842 0.992123067 -0.049309555 -1.119519935 -0.160406530 0.067560494 0.984736145 1.981849828
78366667 0.915678141 1.628428941 0.500000000 0.500000000 0.000000000 0.000000000 0.981970191 -0.101989187 0.159162596 -1.385669839 0.111439116 0.992430747 -0.051599354 -0.929891966 -0.152695283 0.068405956 0.985903025 1.536640040
78433333 0.915678141 1.628428941 0.500000000 0.500000000 0.000000000 0.000000000 0.984295249 -0.095919259 0.148196861 -1.159270040 0.104772799 0.993076503 -0.053119972 -0.698641020 -0.142075583 0.067812741 0.987530231 1.065329946
78500000 0.915678141 1.628428941 0.500000000 0.500000000 0.000000000 0.000000000 0.986648977 -0.087617680 0.137284175 -0.865152006 0.095873579 0.993888617 -0.054713860 -0.438867947 -0.131651267 0.067145310 0.989019454 0.641713037
78566667 0.915678141 1.628428941 0.500000000 0.500000000 0.000000000 0.000000000 0.988602400 -0.079078659 0.128108591 -0.558247980 0.086833179 0.994641304 -0.056113206 -0.185271988 -0.122984737 0.066597730 0.990171432 0.199158998
78633333 0.915678141 1.628428941 0.500000000 0.500000000 0.000000000 0.000000000 0.990545452 -0.068543166 0.118834272 -0.209106012 0.075622410 0.995556056 -0.056119062 0.060823993 -0.114459604 0.064575009 0.991326928 -0.151197992
78700000 0.915678141 1.628428941 0.500000000 0.500000000 0.000000000 0.000000000 0.991978705 -0.057268757 0.112688027 0.140586022 0.063779935 0.996444643 -0.055047441 0.228929996 -0.109134875 0.061793122 0.992104411 -0.572641992
78766667 0.915678141 1.628428941 0.500000000 0.500000000 0.000000000 0.000000000 0.993216455 -0.049338888 0.105293743 0.462314991 0.055425804 0.996908724 -0.055686563 0.362120026 -0.102220736 0.061144806 0.992880762 -1.000599976
78833333 0.915678141 1.628428941 0.500000000 0.500000000 0.000000000 0.000000000 0.994210601 -0.043899901 0.098072000 0.772783994 0.049723387 0.997092247 -0.057746015 0.490519992 -0.095251791 0.062288173 0.993502557 -1.341890007
78900000 0.915678141 1.628428941 0.500000000 0.500000000 0.000000000 0.000000000 0.994983971 -0.036592875 0.093101621 1.079240018 0.042345222 0.997264802 -0.060579315 0.609210078 -0.090630189 0.064217858 0.993811965 -1.629219983
78966667 0.915678141 1.628428941 0.500000000 0.500000000 0.000000000 0.000000000 0.995304942 -0.032112952 0.091306016 1.316750014 0.038044918 0.997225225 -0.063987494 0.700563030 -0.088997841 0.067160800 0.993764937 -1.964389915
79033333 0.915678141 1.628428941 0.500000000 0.500000000 0.000000000 0.000000000 0.995512307 -0.031174883 0.089349620 1.524929962 0.037357539 0.996959627 -0.068380743 0.816350979 -0.086946197 0.071411759 0.993650198 -2.269209962
79100000 0.915678141 1.628428941 0.500000000 0.500000000 0.000000000 0.000000000 0.995666444 -0.031170540 0.087616861 1.683679973 0.037548020 0.996689737 -0.072108865 0.930533984 -0.085079163 0.075086221 0.993540943 -2.546400322
79166667 0.915678141 1.628428941 0.500000000 0.500000000 0.000000000 0.000000000 0.995763421 -0.032643802 0.085962631 1.832179936 0.039180316 0.996376991 -0.075483821 1.051809975 -0.083187111 0.078532077 0.993434727 -2.842059817
79233333 0.915678141 1.628428941 0.500000000 0.500000000 0.000000000 0.000000000 0.995702684 -0.034328882 0.086010158 1.951490098 0.041113492 0.996074319 -0.078394160 1.173990024 -0.082981318 0.081593454 0.993205249 -3.144050061
79300000 0.915678141 1.628428941 0.500000000 0.500000000 0.000000000 0.000000000 0.995428145 -0.035684790 0.088596970 2.050320099 0.042903084 0.995794117 -0.080953397 1.318930110 -0.085335538 0.084384374 0.992772460 -3.447000320
79366667 0.915678141 1.628428941 0.500000000 0.500000000 0.000000000 0.000000000 0.994846940 -0.037102100 0.094355732 2.110249966 0.044881370 0.995645285 -0.081707448 1.472619925 -0.090913326 0.085521221 0.992179871 -3.781260338
79433333 0.915678141 1.628428941 0.500000000 0.500000000 0.000000000 0.000000000 0.994026721 -0.040100187 0.101503015 2.144779894 0.048367649 0.995592892 -0.080345191 1.642510013 -0.097833827 0.084774725 0.991585493 -4.156899774
79500000 0.915678141 1.628428941 0.500000000 0.500000000 0.000000000 0.000000000 0.992778361 -0.044669859 0.111335896 2.159309970 0.053443089 0.995589793 -0.077102594 1.812980068 -0.107400723 0.082495920 0.990787327 -4.542519882
79566667 0.915678141 1.628428941 0.500000000 0.500000000 0.000000000 0.000000000 0.990762770 -0.052662607 0.124963231 2.150520074 0.062320489 0.995258510 -0.074677229 2.034409936 -0.120438017 0.081775188 0.989346981 -4.980539725
