https://www.youtube.com/watch?v=uSHbKOxmvr0
235585356 0.762810035 1.360292395 0.500000000 0.500000000 0.000000000 0.000000000 0.999456167 -0.021429017 -0.025064286 -1.214610069 0.021748602 0.999684691 0.012548302 0.418107944 0.024787486 -0.013086592 0.999607086 5.896920216
235618722 0.762810035 1.360292395 0.500000000 0.500000000 0.000000000 0.000000000 0.997909188 -0.024205962 -0.059927199 -1.353589945 0.025146680 0.999571323 0.014993467 0.346069978 0.059538577 -0.016469089 0.998090148 5.230450342
235652089 0.762810035 1.360292395 0.500000000 0.500000000 0.000000000 0.000000000 0.995655537 -0.031160889 -0.087744355 -1.400299977 0.032662887 0.999342561 0.015734104 0.304523987 0.087196380 -0.018531734 0.996018767 4.621679629
235685456 0.762810035 1.360292395 0.500000000 0.500000000 0.000000000 0.000000000 0.992916167 -0.037186597 -0.112847976 -1.384540000 0.039075267 0.999130011 0.014570173 0.263004948 0.112207986 -0.018876527 0.993505418 4.059099920
235718822 0.762810035 1.360292395 0.500000000 0.500000000 0.000000000 0.000000000 0.989581406 -0.044252124 -0.137004912 -1.334859897 0.045777816 0.998919606 0.008003801 0.174667986 0.136502713 -0.014192203 0.990538001 3.515799740
235752189 0.762810035 1.360292395 0.500000000 0.500000000 0.000000000 0.000000000 0.985058546 -0.050897580 -0.164527118 -1.244040196 0.051927682 0.998648942 0.001963178 0.067596209 0.164204895 -0.010477353 0.986370623 2.978020052
235785556 0.762810035 1.360292395 0.500000000 0.500000000 0.000000000 0.000000000 0.976675034 -0.054152701 -0.207782194 -1.133730218 0.055006552 0.998484612 -0.001670541 -0.004099866 0.207557783 -0.009797797 0.978173733 2.426810302
235818922 0.762810035 1.360292395 0.500000000 0.500000000 0.000000000 0.000000000 0.965234816 -0.052849472 -0.255985796 -0.971411005 0.052964352 0.998575568 -0.006450177 -0.044223773 0.255962074 -0.007332174 0.966659069 1.902960131
235852289 0.762810035 1.360292395 0.500000000 0.500000000 0.000000000 0.000000000 0.953921676 -0.052478936 -0.295430690 -0.732118989 0.049702454 0.998620987 -0.016905196 -0.079774221 0.295910448 0.001442590 0.955214560 1.417799882
235885656 0.762810035 1.360292395 0.500000000 0.500000000 0.000000000 0.000000000 0.941270351 -0.054911625 -0.333158821 -0.460418995 0.046295095 0.998357415 -0.033753350 -0.117633015 0.334464997 0.016347403 0.942266345 0.936794905
235919022 0.762810035 1.360292395 0.500000000 0.500000000 0.000000000 0.000000000 0.931861758 -0.055458803 -0.358550042 -0.148980015 0.040719260 0.997991085 -0.048536278 -0.167591001 0.360521525 0.030629233 0.932247937 0.455311054
235952389 0.762810035 1.360292395 0.500000000 0.500000000 0.000000000 0.000000000 0.935996413 -0.051706113 -0.348191351 0.203681993 0.035118699 0.997934639 -0.053787541 -0.209294004 0.350253373 0.038116928 0.935879111 -0.073595306
235985756 0.762810035 1.360292395 0.500000000 0.500000000 0.000000000 0.000000000 0.947071016 -0.048243109 -0.317378640 0.480939031 0.032899152 0.998024046 -0.053532142 -0.206281008 0.319334090 0.040257256 0.946786761 -0.646737030
236019122 0.762810035 1.360292395 0.500000000 0.500000000 0.000000000 0.000000000 0.959410250 -0.045736223 -0.278280705 0.696738001 0.032419942 0.998106658 -0.052269503 -0.181849001 0.280144423 0.041126050 0.959076464 -1.226759997
236052489 0.762810035 1.360292395 0.500000000 0.500000000 0.000000000 0.000000000 0.971929967 -0.044826921 -0.230960414 0.834609030 0.034359176 0.998200297 -0.049149260 -0.168567991 0.232747957 0.039834030 0.971720994 -1.817140005
236085856 0.762810035 1.360292395 0.500000000 0.500000000 0.000000000 0.000000000 0.982571125 -0.042783979 -0.180896461 0.891845988 0.035355691 0.998401642 -0.044092115 -0.188669974 0.182493776 0.036927912 0.982513249 -2.448059997
236119222 0.762810035 1.360292395 0.500000000 0.500000000 0.000000000 0.000000000 0.989422500 -0.040195305 -0.139382467 0.915556974 0.036117945 0.998845875 -0.031661130 -0.212531002 0.140494242 0.026292024 0.989732325 -3.126399935
236152589 0.762810035 1.360292395 0.500000000 0.500000000 0.000000000 0.000000000 0.993837714 -0.035575274 -0.104981057 0.923613003 0.033449393 0.999199510 -0.021942286 -0.178488971 0.105677627 0.018295513 0.994232118 -3.818939887
236185956 0.762810035 1.360292395 0.500000000 0.500000000 0.000000000 0.000000000 0.997045279 -0.027877344 -0.071578957 0.865847960 0.027771903 0.999611259 -0.002468072 -0.118839000 0.071619935 0.000472897 0.997431874 -4.472380125
236219322 0.762810035 1.360292395 0.500000000 0.500000000 0.000000000 0.000000000 0.999131203 -0.019138608 -0.037021652 0.745072023 0.020290703 0.999313474 0.030998204 -0.138014999 0.036402971 -0.031722467 0.998833597 -5.123240037
236252689 0.762810035 1.360292395 0.500000000 0.500000000 0.000000000 0.000000000 0.999968588 -0.006639063 0.004333576 0.500378037 0.006299153 0.997221589 0.074225649 -0.311890938 -0.004814324 -0.074196026 0.997232080 -5.692850086
236286056 0.762810035 1.360292395 0.500000000 0.500000000 0.000000000 0.000000000 0.999007761 0.001539184 0.044509493 0.197905003 -0.006002109 0.994938076 0.100310266 -0.426196009 -0.044129796 -0.100477889 0.993960142 -6.251689974
