https://www.youtube.com/watch?v=1cmY0SWxjLw
1833333 0.979014774 1.743224714 0.500000000 0.500000000 0.000000000 0.000000000 0.994352579 0.026183777 -0.102846064 -1.168029997 -0.024295866 0.999513328 0.019566869 -0.390524002 0.103308342 -0.016957631 0.994504809 5.932619921
1900000 0.979014774 1.743224714 0.500000000 0.500000000 0.000000000 0.000000000 0.993512452 0.031577159 -0.109251499 -1.173719962 -0.028562605 0.999169827 0.029048964 -0.265611006 0.110078081 -0.025740005 0.993589580 5.711099899
1966667 0.979014774 1.743224714 0.500000000 0.500000000 0.000000000 0.000000000 0.992483795 0.037263077 -0.116564624 -1.208599871 -0.033016514 0.998726308 0.038152721 -0.152547002 0.117837854 -0.034017395 0.992449999 5.387579636
2033333 0.979014774 1.743224714 0.500000000 0.500000000 0.000000000 0.000000000 0.991269350 0.041450884 -0.125167429 -1.222979916 -0.036352400 0.998424351 0.042747200 -0.082418411 0.126742125 -0.037823856 0.991214335 5.086760024
2100000 0.979014774 1.743224714 0.500000000 0.500000000 0.000000000 0.000000000 0.990257502 0.043044873 -0.132428184 -1.185050013 -0.037464648 0.998313487 0.044345751 -0.107460980 0.134113714 -0.038952336 0.990200102 4.770180519
2166667 0.979014774 1.743224714 0.500000000 0.500000000 0.000000000 0.000000000 0.989537597 0.042785808 -0.137785062 -1.104340033 -0.037011325 0.998336732 0.044203274 -0.142573008 0.139447168 -0.038641199 0.989475310 4.494780237
2233333 0.979014774 1.743224714 0.500000000 0.500000000 0.000000000 0.000000000 0.988885820 0.043946624 -0.142033309 -1.010889870 -0.038484246 0.998418510 0.040980496 -0.182537970 0.143609643 -0.035058983 0.989013195 4.225489490
2300000 0.979014774 1.743224714 0.500000000 0.500000000 0.000000000 0.000000000 0.988248169 0.048764046 -0.144871309 -0.905394083 -0.044114430 0.998408377 0.035137624 -0.227051022 0.146354184 -0.028333781 0.988826394 3.942410133
2366667 0.979014774 1.743224714 0.500000000 0.500000000 0.000000000 0.000000000 0.987556756 0.051231012 -0.148684308 -0.784702018 -0.047252834 0.998427272 0.030168496 -0.273316007 0.149996027 -0.022767350 0.988424420 3.681619853
2433333 0.979014774 1.743224714 0.500000000 0.500000000 0.000000000 0.000000000 0.986725628 0.052211002 -0.153774321 -0.676047981 -0.048456162 0.998430848 0.028067987 -0.297191993 0.154998481 -0.020244088 0.987707257 3.383590020
2500000 0.979014774 1.743224714 0.500000000 0.500000000 0.000000000 0.000000000 0.985532463 0.052229244 -0.161238492 -0.596494980 -0.048300121 0.998434842 0.028195260 -0.309888963 0.162458748 -0.019999502 0.986512601 3.118730126
2566667 0.979014774 1.743224714 0.500000000 0.500000000 0.000000000 0.000000000 0.984354317 0.052061658 -0.168333665 -0.528553992 -0.047991823 0.998450756 0.028158633 -0.306764053 0.169538870 -0.019639438 0.985327780 2.811409970
2633333 0.979014774 1.743224714 0.500000000 0.500000000 0.000000000 0.000000000 0.982970476 0.052338861 -0.176152438 -0.465330014 -0.047856592 0.998415530 0.029601160 -0.296148030 0.177422613 -0.020667020 0.983917713 2.553109857
2700000 0.979014774 1.743224714 0.500000000 0.500000000 0.000000000 0.000000000 0.981658399 0.051456720 -0.183572829 -0.400626046 -0.046683125 0.998452067 0.030234259 -0.274765014 0.184844434 -0.021109972 0.982541084 2.277330250
2766667 0.979014774 1.743224714 0.500000000 0.500000000 0.000000000 0.000000000 0.980143428 0.050316382 -0.191799492 -0.327923025 -0.045104753 0.998487234 0.031444982 -0.265756966 0.193091542 -0.022169517 0.980930269 2.001350069
2833333 0.979014774 1.743224714 0.500000000 0.500000000 0.000000000 0.000000000 0.978416741 0.050429881 -0.200393364 -0.262110973 -0.044830218 0.998469532 0.032386612 -0.251756008 0.201719925 -0.022703923 0.979180038 1.728549811
2900000 0.979014774 1.743224714 0.500000000 0.500000000 0.000000000 0.000000000 0.976324975 0.051367160 -0.210121155 -0.192798999 -0.045522455 0.998432517 0.032561824 -0.216887013 0.211464405 -0.022225691 0.977132976 1.449160102
2966667 0.979014774 1.743224714 0.500000000 0.500000000 0.000000000 0.000000000 0.973902225 0.053882651 -0.220479444 -0.123758024 -0.047945999 0.998331010 0.032193519 -0.180411004 0.221846119 -0.020782238 0.974860191 1.164699961
3033333 0.979014774 1.743224714 0.500000000 0.500000000 0.000000000 0.000000000 0.971503735 0.056714930 -0.230138883 -0.055419503 -0.050894298 0.998218000 0.031154498 -0.162846006 0.231495693 -0.018553946 0.972658932 0.854281983
3100000 0.979014774 1.743224714 0.500000000 0.500000000 0.000000000 0.000000000 0.969056845 0.059573978 -0.239540651 0.024561314 -0.054133862 0.998105705 0.029232349 -0.152616990 0.240828380 -0.015360534 0.970446110 0.581897877
3166667 0.979014774 1.743224714 0.500000000 0.500000000 0.000000000 0.000000000 0.966602087 0.062195983 -0.248620287 0.120174004 -0.057486642 0.998003364 0.026164763 -0.147392025 0.249751225 -0.010998566 0.968247533 0.307394981
3233333 0.979014774 1.743224714 0.500000000 0.500000000 0.000000000 0.000000000 0.964144349 0.064741604 -0.257360041 0.228011992 -0.060900055 0.997881651 0.022878505 -0.154584997 0.258296072 -0.006384938 0.966044724 -0.015826893
3300000 0.979014774 1.743224714 0.500000000 0.500000000 0.000000000 0.000000000 0.961629391 0.067274079 -0.265975654 0.375802961 -0.064376578 0.997733057 0.019607671 -0.183529009 0.266691804 -0.001732701 0.963780284 -0.295906984
3366667 0.979014774 1.743224714 0.500000000 0.500000000 0.000000000 0.000000000 0.959090114 0.069855027 -0.274347365 0.512238027 -0.067556448 0.997556150 0.017829889 -0.181176008 0.274922431 0.001433466 0.961465359 -0.559159962
3433333 0.979014774 1.743224714 0.500000000 0.500000000 0.000000000 0.000000000 0.956434369 0.072695620 -0.282751918 0.635372999 -0.070340924 0.997351706 0.018484831 -0.139730991 0.283346891 0.002209506 0.959014952 -0.847009018
3500000 0.979014774 1.743224714 0.500000000 0.500000000 0.000000000 0.000000000 0.953436077 0.076532640 -0.291723162 0.769545982 -0.073712252 0.997065425 0.020663869 -0.073967092 0.292448550 0.001801892 0.956279576 -1.150370068
3566667 0.979014774 1.743224714 0.500000000 0.500000000 0.000000000 0.000000000 0.950139880 0.079782784 -0.301444590 0.913625957 -0.076428801 0.996811450 0.022924082 0.005609654 0.302312374 0.001257967 0.953208089 -1.422160069
3633333 0.979014774 1.743224714 0.500000000 0.500000000 0.000000000 0.000000000 0.946512640 0.082835838 -0.311852485 1.064789825 -0.079013258 0.996562600 0.024896529 0.079371610 0.312842876 0.001075608 0.949804246 -1.685399725
3700000 0.979014774 1.743224714 0.500000000 0.500000000 0.000000000 0.000000000 0.942239583 0.085515544 -0.323838860 1.196859788 -0.081407115 0.996335506 0.026238862 0.163601969 0.324896008 0.001639512 0.945748270 -1.956409773
3766667 0.979014774 1.743224714 0.500000000 0.500000000 0.000000000 0.000000000 0.937255383 0.088561788 -0.337207973 1.298710127 -0.084485784 0.996064901 0.026774378 0.229596002 0.338252187 0.003394846 0.941049397 -2.278350222
3833333 0.979014774 1.743224714 0.500000000 0.500000000 0.000000000 0.000000000 0.931525946 0.090989850 -0.352108359 1.385589938 -0.087290712 0.995832920 0.026404176 0.280022002 0.353043616 0.006139606 0.935586751 -2.589690138
3900000 0.979014774 1.743224714 0.500000000 0.500000000 0.000000000 0.000000000 0.925350010 0.094378546 -0.367178738 1.471970196 -0.091506392 0.995483935 0.025265329 0.333989071 0.367905021 0.010219895 0.929807305 -2.904150684
3966667 0.979014774 1.743224714 0.500000000 0.500000000 0.000000000 0.000000000 0.919147372 0.098130353 -0.381495267 1.520200204 -0.096048839 0.995073915 0.024545303 0.374528060 0.382024616 0.014081405 0.924044907 -3.230280120
4033333 0.979014774 1.743224714 0.500000000 0.500000000 0.000000000 0.000000000 0.912666798 0.101426773 -0.395919323 1.624060294 -0.100102611 0.994686067 0.024064165 0.376498090 0.396256208 0.017669965 0.917970002 -3.537100548
4100000 0.979014774 1.743224714 0.500000000 0.500000000 0.000000000 0.000000000 0.906210303 0.105669774 -0.409410357 1.752320242 -0.105498426 0.994151652 0.023077168 0.400354961 0.409454525 0.022279382 0.912058473 -3.827760139
4166667 0.979014774 1.743224714 0.500000000 0.500000000 0.000000000 0.000000000 0.899815917 0.110660024 -0.422001690 1.906889583 -0.111666955 0.993492782 0.022417519 0.420525762 0.421736389 0.026952051 0.906317711 -4.082019011
4233333 0.979014774 1.743224714 0.500000000 0.500000000 0.000000000 0.000000000 0.893167615 0.115972251 -0.434513599 2.095570137 -0.118214756 0.992745042 0.021967757 0.460293996 0.433908850 0.031745039 0.900397301 -4.303429878
4300000 0.979014774 1.743224714 0.500000000 0.500000000 0.000000000 0.000000000 0.886856079 0.121811047 -0.445699722 2.241069609 -0.125435725 0.991869032 0.021487949 0.492675882 0.444693238 0.036849976 0.894924521 -4.516418992
4366667 0.979014774 1.743224714 0.500000000 0.500000000 0.000000000 0.000000000 0.880271852 0.126669183 -0.457248777 2.389060184 -0.131611124 0.991075099 0.021181284 0.514172029 0.455850869 0.041533716 0.889086604 -4.755770440
4433333 0.979014774 1.743224714 0.500000000 0.500000000 0.000000000 0.000000000 0.873214364 0.132586583 -0.468953729 2.513900272 -0.139172718 0.990050316 0.020769171 0.565298220 0.467041492 0.047129586 0.882978559 -5.009160294
4500000 0.979014774 1.743224714 0.500000000 0.500000000 0.000000000 0.000000000 0.865779281 0.138768002 -0.480800778 2.625609355 -0.147124693 0.988905728 0.020488685 0.597970675 0.478309840 0.052999049 0.876590312 -5.266368390
4566667 0.979014774 1.743224714 0.500000000 0.500000000 0.000000000 0.000000000 0.857837081 0.145113185 -0.493008941 2.728270466 -0.155363098 0.987647295 0.020373693 0.627160174 0.489875466 0.059118062 0.869785726 -5.502501156
4633333 0.979014774 1.743224714 0.500000000 0.500000000 0.000000000 0.000000000 0.849247217 0.152162686 -0.505594194 2.845369610 -0.164509222 0.986163139 0.020467466 0.674430737 0.501712739 0.065793008 0.862528563 -5.746409557
