https://www.youtube.com/watch?v=_BRqRdyLKZE
84250833 1.001452739 1.780969359 0.500000000 0.500000000 0.000000000 0.000000000 0.969295561 -0.034111980 0.243521005 2.996109883 0.042196799 0.998715222 -0.028059250 -0.190065998 -0.242250979 0.037473511 0.969489694 2.031850058
84317567 1.001452739 1.780969359 0.500000000 0.500000000 0.000000000 0.000000000 0.963713884 -0.022736005 0.265967429 2.378599998 0.032578103 0.998935699 -0.032651253 -0.219933039 -0.264941990 0.040131174 0.963428915 1.625250191
84384300 1.001452739 1.780969359 0.500000000 0.500000000 0.000000000 0.000000000 0.956875861 -0.013390875 0.290188342 1.741440002 0.025544994 0.998946011 -0.038136031 -0.223271025 -0.289371818 0.043904308 0.956209421 1.204880089
84451033 1.001452739 1.780969359 0.500000000 0.500000000 0.000000000 0.000000000 0.948111057 -0.012143468 0.317707509 1.077640128 0.026822541 0.998762965 -0.041869696 -0.189267023 -0.316806048 0.048218835 0.947263956 0.814302162
84517767 1.001452739 1.780969359 0.500000000 0.500000000 0.000000000 0.000000000 0.936041355 -0.012264077 0.351676345 0.412550040 0.031330951 0.998327911 -0.048577331 -0.143360001 -0.350492537 0.056488745 0.934860408 0.477571032
84584500 1.001452739 1.780969359 0.500000000 0.500000000 0.000000000 0.000000000 0.922561646 -0.019399766 0.385361701 -0.255681010 0.046784017 0.996990800 -0.061811388 -0.067737205 -0.383002907 0.075053588 0.920693040 0.164345987
84651233 1.001452739 1.780969359 0.500000000 0.500000000 0.000000000 0.000000000 0.905937433 -0.031701926 0.422223359 -0.896273193 0.062817946 0.996220708 -0.059984945 0.014293834 -0.418725997 0.080865793 0.904505074 -0.170395078
84717967 1.001452739 1.780969359 0.500000000 0.500000000 0.000000000 0.000000000 0.892638206 -0.031586807 0.449665725 -1.529059920 0.068663463 0.995428979 -0.066380873 0.071888299 -0.445513546 0.090129703 0.890726864 -0.362813082
84784700 1.001452739 1.780969359 0.500000000 0.500000000 0.000000000 0.000000000 0.877561629 -0.023536656 0.478885770 -2.112959991 0.068631262 0.994675398 -0.076880172 0.127770994 -0.474526405 0.100333616 0.874504328 -0.621320992
84851433 1.001452739 1.780969359 0.500000000 0.500000000 0.000000000 0.000000000 0.861508608 -0.021601140 0.507283330 -2.684720211 0.073508218 0.993875027 -0.082516320 0.170892087 -0.502393842 0.108378001 0.857819796 -0.898137093
84918167 1.001452739 1.780969359 0.500000000 0.500000000 0.000000000 0.000000000 0.845496595 -0.024039131 0.533439219 -3.280119252 0.080356985 0.993337750 -0.082600862 0.197986849 -0.527899683 0.112704337 0.841795385 -1.151679822
84984900 1.001452739 1.780969359 0.500000000 0.500000000 0.000000000 0.000000000 0.835229695 -0.020135952 0.549532235 -3.906589195 0.080263905 0.993090987 -0.085603572 0.251092805 -0.544011772 0.115606271 0.831075311 -1.393910100
85051633 1.001452739 1.780969359 0.500000000 0.500000000 0.000000000 0.000000000 0.827356935 -0.020880111 0.561288238 -4.530910096 0.083667897 0.992741108 -0.086398885 0.339161066 -0.555409908 0.118444517 0.823098302 -1.722680349
85118367 1.001452739 1.780969359 0.500000000 0.500000000 0.000000000 0.000000000 0.819430232 -0.019339271 0.572852790 -5.154981428 0.085417353 0.992390811 -0.088681571 0.457897275 -0.566778839 0.121599905 0.814846873 -2.145729900
