https://www.youtube.com/watch?v=mkR18ImKpdQ
27300000 0.797909753 1.420935083 0.500000000 0.500000000 0.000000000 0.000000000 0.999616563 -0.003650151 -0.027447630 -3.022769850 0.003145871 0.999825895 -0.018393230 -0.280657992 0.027509987 0.018299829 0.999454021 -0.037960691
27366667 0.797909753 1.420935083 0.500000000 0.500000000 0.000000000 0.000000000 0.999475539 -0.010689400 -0.030567903 -2.720880243 0.009978985 0.999678731 -0.023299446 -0.331464021 0.030807141 0.022982189 0.999261081 -0.074001909
27633333 0.797909753 1.420935083 0.500000000 0.500000000 0.000000000 0.000000000 0.999628246 0.020475490 -0.018003032 -1.436169965 -0.020771267 0.999649763 -0.016398689 -0.077210803 0.017660957 0.016766539 0.999703467 -0.520921973
27700000 0.797909753 1.420935083 0.500000000 0.500000000 0.000000000 0.000000000 0.999175727 0.026567504 -0.030692814 -1.069009958 -0.026997715 0.999541759 -0.013688246 -0.042977502 0.030315088 0.014505599 0.999435127 -0.692004012
27766667 0.797909753 1.420935083 0.500000000 0.500000000 0.000000000 0.000000000 0.998482883 0.036247749 -0.041448627 -0.694359952 -0.036810402 0.999239087 -0.012892828 -0.048069597 0.040949751 0.014399010 0.999057472 -0.705752018
27833333 0.797909753 1.420935083 0.500000000 0.500000000 0.000000000 0.000000000 0.997245014 0.045630351 -0.058483295 -0.361592036 -0.046935588 0.998674154 -0.021141529 0.025630001 0.057441063 0.023828231 0.998064518 -0.761363091
27900000 0.797909753 1.420935083 0.500000000 0.500000000 0.000000000 0.000000000 0.995436728 0.055190336 -0.077844076 -0.034792502 -0.056863036 0.998192787 -0.019435761 0.110391006 0.076630734 0.023773523 0.996776104 -0.765005018
27966667 0.797909753 1.420935083 0.500000000 0.500000000 0.000000000 0.000000000 0.993599653 0.065139249 -0.092285424 0.284764005 -0.066544816 0.997708440 -0.012232990 0.178693992 0.091277093 0.018295815 0.995657444 -0.689158973
28033333 0.797909753 1.420935083 0.500000000 0.500000000 0.000000000 0.000000000 0.991694808 0.069028303 -0.108519509 0.497727989 -0.070405617 0.997478664 -0.008907322 0.173320002 0.107631043 0.016473731 0.994054437 -0.646822033
28100000 0.797909753 1.420935083 0.500000000 0.500000000 0.000000000 0.000000000 0.988676071 0.070986539 -0.132214129 0.765668975 -0.073325515 0.997224629 -0.012900768 0.177314020 0.130931407 0.022449343 0.991137207 -0.599412020
28166667 0.797909753 1.420935083 0.500000000 0.500000000 0.000000000 0.000000000 0.985569239 0.074031562 -0.152225509 0.992925012 -0.077548802 0.996838570 -0.017291486 0.194225978 0.150464162 0.028846852 0.988194525 -0.519027010
28233333 0.797909753 1.420935083 0.500000000 0.500000000 0.000000000 0.000000000 0.981432915 0.079820178 -0.174408033 1.270310096 -0.084086396 0.996310055 -0.017198212 0.224805001 0.172391698 0.031544238 0.984523237 -0.368287977
28300000 0.797909753 1.420935083 0.500000000 0.500000000 0.000000000 0.000000000 0.977882266 0.088869303 -0.189337015 1.502439987 -0.092569798 0.995647907 -0.010773499 0.228877998 0.187555581 0.028062113 0.981853068 -0.182599959
28366667 0.797909753 1.420935083 0.500000000 0.500000000 0.000000000 0.000000000 0.973191440 0.095965795 -0.209019110 1.715670017 -0.098690934 0.995114684 -0.002622764 0.159143028 0.207746282 0.023180746 0.977908015 0.065857534
28433333 0.797909753 1.420935083 0.500000000 0.500000000 0.000000000 0.000000000 0.965723872 0.103256606 -0.238150284 1.985760128 -0.106296457 0.994334459 0.000077996 0.079976779 0.236809090 0.025239188 0.971228361 0.377718012
28500000 0.797909753 1.420935083 0.500000000 0.500000000 0.000000000 0.000000000 0.959265590 0.111389540 -0.259618580 2.300029834 -0.116358437 0.993200004 -0.003799991 -0.097020207 0.257429898 0.033854030 0.965703726 0.802222937
28566667 0.797909753 1.420935083 0.500000000 0.500000000 0.000000000 0.000000000 0.951598048 0.116184182 -0.284538835 2.483130066 -0.125085980 0.992057443 -0.013250224 -0.154924005 0.280739397 0.048200704 0.958572924 1.088180029
28633333 0.797909753 1.420935083 0.500000000 0.500000000 0.000000000 0.000000000 0.942106783 0.125146568 -0.311083704 2.730039883 -0.138006270 0.990237772 -0.019582409 -0.308926010 0.305596143 0.061380241 0.950180709 1.489219807
28700000 0.797909753 1.420935083 0.500000000 0.500000000 0.000000000 0.000000000 0.935473740 0.135770515 -0.326274991 2.878380212 -0.148960426 0.988719165 -0.015660599 -0.408458046 0.320468068 0.063252106 0.945145190 1.761669979
28766667 0.797909753 1.420935083 0.500000000 0.500000000 0.000000000 0.000000000 0.927732825 0.143899158 -0.344390482 3.052579855 -0.157119378 0.987522423 -0.010630840 -0.579426957 0.338563532 0.063973010 0.938766301 2.127539937
28833333 0.797909753 1.420935083 0.500000000 0.500000000 0.000000000 0.000000000 0.921121716 0.148480147 -0.359845161 3.210730436 -0.162621617 0.986645997 -0.009162173 -0.713669139 0.353679359 0.066958033 0.932967067 2.434990133
28900000 0.797909753 1.420935083 0.500000000 0.500000000 0.000000000 0.000000000 0.912902951 0.150056735 -0.379593492 3.341530165 -0.165925160 0.986095130 -0.009229215 -0.850142968 0.372930408 0.071409494 0.925107360 2.727580181
29033333 0.797909753 1.420935083 0.500000000 0.500000000 0.000000000 0.000000000 0.893853784 0.155488446 -0.420534104 3.600050620 -0.177108422 0.984110951 -0.012582000 -1.118650261 0.411895841 0.085726544 0.907189548 3.179710336
29100000 0.797909753 1.420935083 0.500000000 0.500000000 0.000000000 0.000000000 0.888360500 0.158416122 -0.430952311 3.768850063 -0.181220621 0.983368218 -0.012084514 -1.235470032 0.421870410 0.088832870 0.902293742 3.365859808
29166667 0.797909753 1.420935083 0.500000000 0.500000000 0.000000000 0.000000000 0.881286263 0.160216048 -0.444595873 3.925630813 -0.183959052 0.982878327 -0.010453779 -1.289250261 0.435308814 0.091000155 0.895670354 3.462910715
29233333 0.797909753 1.420935083 0.500000000 0.500000000 0.000000000 0.000000000 0.874014139 0.166412339 -0.456515342 4.110040224 -0.189489231 0.981870770 -0.004864819 -1.362490090 0.447429508 0.090756662 0.889702201 3.586559943
