https://www.youtube.com/watch?v=1eS0yrnHst8
42042000 0.692518533 1.245192315 0.500000000 0.500000000 0.000000000 0.000000000 0.998290837 -0.002529972 0.058386777 4.247809885 0.001909225 0.999941111 0.010684972 -0.750279025 -0.058410373 -0.010555235 0.998236835 4.195279778
42108733 0.692518533 1.245192315 0.500000000 0.500000000 0.000000000 0.000000000 0.998426974 -0.011709237 0.054831356 3.978450025 0.011019732 0.999856591 0.012860504 -0.679479998 -0.054974079 -0.012236047 0.998412788 4.068130070
42175467 0.692518533 1.245192315 0.500000000 0.500000000 0.000000000 0.000000000 0.998377740 -0.025739454 0.050787259 3.718499652 0.025069643 0.999590695 0.013781937 -0.600975997 -0.051121209 -0.012486361 0.998614371 3.932280064
42242200 0.692518533 1.245192315 0.500000000 0.500000000 0.000000000 0.000000000 0.998251736 -0.030912645 0.050377473 3.479660115 0.030259326 0.999448478 0.013680159 -0.560278011 -0.050772578 -0.012131854 0.998636544 3.785460028
42308933 0.692518533 1.245192315 0.500000000 0.500000000 0.000000000 0.000000000 0.997571468 -0.033199310 0.061228819 3.288440100 0.031970240 0.999269307 0.020945273 -0.488638983 -0.061879449 -0.018936906 0.997903943 3.612260104
42375667 0.692518533 1.245192315 0.500000000 0.500000000 0.000000000 0.000000000 0.996003449 -0.027851462 0.084861375 3.143019997 0.025379252 0.999225438 0.030073345 -0.438562994 -0.085633226 -0.027799435 0.995938838 3.430300073
42442400 0.692518533 1.245192315 0.500000000 0.500000000 0.000000000 0.000000000 0.994687438 -0.027367072 0.099236630 2.944239863 0.023602402 0.998963773 0.038914070 -0.365219958 -0.100198768 -0.036365114 0.994302690 3.242940242
42509133 0.692518533 1.245192315 0.500000000 0.500000000 0.000000000 0.000000000 0.993963301 -0.027186219 0.106291227 2.722089805 0.022785582 0.998840868 0.042399302 -0.330785987 -0.107320704 -0.039721444 0.993430674 3.099149991
42575867 0.692518533 1.245192315 0.500000000 0.500000000 0.000000000 0.000000000 0.992586911 -0.031588372 0.117360249 2.504909932 0.027071435 0.998837471 0.039884884 -0.322875983 -0.118483722 -0.036412101 0.992288172 2.943950002
42642600 0.692518533 1.245192315 0.500000000 0.500000000 0.000000000 0.000000000 0.991564095 -0.025778797 0.127027810 2.289700040 0.022567842 0.999390006 0.026652463 -0.374506016 -0.127637386 -0.023560878 0.991541028 2.788570206
42709333 0.692518533 1.245192315 0.500000000 0.500000000 0.000000000 0.000000000 0.990799904 -0.034928463 0.130749986 2.062740022 0.031859599 0.999167264 0.025490526 -0.349507021 -0.131531462 -0.021090366 0.991087615 2.649639803
42776067 0.692518533 1.245192315 0.500000000 0.500000000 0.000000000 0.000000000 0.989904642 -0.047026079 0.133706436 1.855410121 0.044007529 0.998707116 0.025443980 -0.313297008 -0.134730116 -0.019303026 0.990694284 2.526379986
42842800 0.692518533 1.245192315 0.500000000 0.500000000 0.000000000 0.000000000 0.988581657 -0.060012765 0.138219982 1.659739836 0.056968763 0.998040497 0.025878256 -0.279395993 -0.139502168 -0.017708542 0.990063429 2.405350023
42909533 0.692518533 1.245192315 0.500000000 0.500000000 0.000000000 0.000000000 0.988437831 -0.070663013 0.134154245 1.454489988 0.067671664 0.997349381 0.026734028 -0.246243988 -0.135687754 -0.017346486 0.990599811 2.293060391
42976267 0.692518533 1.245192315 0.500000000 0.500000000 0.000000000 0.000000000 0.989764988 -0.063555673 0.127773181 1.280429968 0.060764026 0.997823000 0.025632970 -0.239657998 -0.129124150 -0.017606601 0.991472125 2.189389942
43043000 0.692518533 1.245192315 0.500000000 0.500000000 0.000000000 0.000000000 0.990886867 -0.058197398 0.121475317 1.073730005 0.055447590 0.998125672 0.025898505 -0.217988987 -0.122754849 -0.018926978 0.992256522 2.041080071
43109733 0.692518533 1.245192315 0.500000000 0.500000000 0.000000000 0.000000000 0.991936862 -0.058237493 0.112559482 0.873341999 0.055313833 0.998049855 0.028927766 -0.194784985 -0.114024654 -0.022468422 0.993223786 1.864089980
43176467 0.692518533 1.245192315 0.500000000 0.500000000 0.000000000 0.000000000 0.991934896 -0.050458238 0.116272025 0.695250006 0.047083937 0.998391330 0.031588573 -0.169942007 -0.117678888 -0.025859263 0.992714942 1.624159947
43243200 0.692518533 1.245192315 0.500000000 0.500000000 0.000000000 0.000000000 0.990321457 -0.039235078 0.133131653 0.579370948 0.035099484 0.998829842 0.033270806 -0.173091986 -0.134281248 -0.028275941 0.990539730 1.421469926
43309933 0.692518533 1.245192315 0.500000000 0.500000000 0.000000000 0.000000000 0.989544153 -0.042058975 0.137961447 0.392597990 0.037747912 0.998718262 0.033718415 -0.191267013 -0.139202774 -0.028158102 0.989863455 1.164649845
43376667 0.692518533 1.245192315 0.500000000 0.500000000 0.000000000 0.000000000 0.989477694 -0.048828084 0.136197492 0.235531000 0.044856612 0.998478234 0.032079604 -0.153726988 -0.137556627 -0.025632691 0.990162194 0.933036992
43443400 0.692518533 1.245192315 0.500000000 0.500000000 0.000000000 0.000000000 0.988452435 -0.046157017 0.144330412 0.110414006 0.042461224 0.998689115 0.028584482 -0.113697003 -0.145460576 -0.022125958 0.989116609 0.715840978
43510133 0.692518533 1.245192315 0.500000000 0.500000000 0.000000000 0.000000000 0.985429764 -0.054349188 0.161165521 -0.036075202 0.050328132 0.998313606 0.028931100 -0.073750195 -0.162466124 -0.020398408 0.986503243 0.474413019
43576867 0.692518533 1.245192315 0.500000000 0.500000000 0.000000000 0.000000000 0.982822299 -0.049898844 0.177680939 -0.147788023 0.045246620 0.998521030 0.030142024 -0.022370206 -0.178922206 -0.021584798 0.983626425 0.291543987
43643600 0.692518533 1.245192315 0.500000000 0.500000000 0.000000000 0.000000000 0.978904903 -0.051629197 0.197685778 -0.272511001 0.046773132 0.998479843 0.029158732 -0.033051099 -0.198890716 -0.019297248 0.979831696 0.114731009
43710333 0.692518533 1.245192315 0.500000000 0.500000000 0.000000000 0.000000000 0.976948023 -0.060340796 0.204771802 -0.456889938 0.055831570 0.998054981 0.027732763 -0.033227998 -0.206046924 -0.015660729 0.978416741 -0.118210000
43777067 0.692518533 1.245192315 0.500000000 0.500000000 0.000000000 0.000000000 0.975273669 -0.072818011 0.208659649 -0.599376047 0.068250939 0.997246206 0.029014461 -0.009797052 -0.210197806 -0.014055822 0.977557838 -0.315654026
43843800 0.692518533 1.245192315 0.500000000 0.500000000 0.000000000 0.000000000 0.971223891 -0.079661518 0.224450752 -0.775738928 0.073148638 0.996627092 0.037198015 0.032408294 -0.226656958 -0.019709321 0.973775208 -0.548852966
43910533 0.692518533 1.245192315 0.500000000 0.500000000 0.000000000 0.000000000 0.964706123 -0.088798076 0.247905374 -0.909829051 0.079818636 0.995744646 0.046060652 0.032838315 -0.250940531 -0.024647534 0.967688680 -0.699439023
43977267 0.692518533 1.245192315 0.500000000 0.500000000 0.000000000 0.000000000 0.961480319 -0.095668174 0.257688016 -1.064659867 0.086346366 0.995142698 0.047278669 0.048234293 -0.260959417 -0.023207072 0.965070784 -0.862689979
44044000 0.692518533 1.245192315 0.500000000 0.500000000 0.000000000 0.000000000 0.958222389 -0.110107563 0.263981283 -1.237069868 0.102435894 0.993822873 0.042696353 0.025611189 -0.267051816 -0.013871431 0.963582337 -1.050130086
44110733 0.692518533 1.245192315 0.500000000 0.500000000 0.000000000 0.000000000 0.960117400 -0.105405390 0.258967847 -1.347170048 0.099806622 0.994401217 0.034711573 0.056597295 -0.261176735 -0.007480488 0.965262055 -1.218300146
44177467 0.692518533 1.245192315 0.500000000 0.500000000 0.000000000 0.000000000 0.961618900 -0.100542113 0.255304486 -1.480149890 0.095365763 0.994908154 0.032606736 0.055370542 -0.257282883 -0.007007959 0.966310740 -1.421949991
44244200 0.692518533 1.245192315 0.500000000 0.500000000 0.000000000 0.000000000 0.961273372 -0.095045879 0.258688390 -1.639089738 0.090347752 0.995457768 0.030017819 0.101782986 -0.260366440 -0.005483394 0.965494275 -1.627759949
44310933 0.692518533 1.245192315 0.500000000 0.500000000 0.000000000 0.000000000 0.962421060 -0.095373668 0.254262626 -1.748359981 0.091389574 0.995436430 0.027464386 0.102388987 -0.255721629 -0.003195330 0.966745138 -1.804959997
44377667 0.692518533 1.245192315 0.500000000 0.500000000 0.000000000 0.000000000 0.964848518 -0.092652291 0.245932847 -1.892850249 0.090291232 0.995696425 0.020884536 0.136063019 -0.246809453 0.002055156 0.969061852 -2.053690015
44444400 0.692518533 1.245192315 0.500000000 0.500000000 0.000000000 0.000000000 0.966425538 -0.087986618 0.241412595 -2.053230070 0.086095765 0.996117115 0.018391049 0.170239970 -0.242093369 0.003011033 0.970248282 -2.325360128
44511133 0.692518533 1.245192315 0.500000000 0.500000000 0.000000000 0.000000000 0.967646956 -0.089877971 0.235756665 -2.201589870 0.087617420 0.995952010 0.020069061 0.173596927 -0.236606091 0.001236642 0.971604824 -2.605849626
44577867 0.692518533 1.245192315 0.500000000 0.500000000 0.000000000 0.000000000 0.971163750 -0.093136139 0.219469130 -2.295550258 0.089890994 0.995644093 0.024748722 0.206582018 -0.220818132 -0.004306773 0.975305498 -2.894079846
44644600 0.692518533 1.245192315 0.500000000 0.500000000 0.000000000 0.000000000 0.973104298 -0.089692779 0.212186903 -2.402580059 0.086593501 0.995957613 0.023873772 0.240183962 -0.213470459 -0.004857664 0.976937413 -3.161229833
44711333 0.692518533 1.245192315 0.500000000 0.500000000 0.000000000 0.000000000 0.974053085 -0.069962248 0.215234458 -2.581110223 0.067054361 0.997532666 0.020791860 0.343395049 -0.216158032 -0.005819982 0.976341069 -3.439080275
44778067 0.692518533 1.245192315 0.500000000 0.500000000 0.000000000 0.000000000 0.975115299 -0.052876763 0.215300351 -2.726919829 0.047345594 0.998404503 0.030770913 0.356461979 -0.216583908 -0.019811668 0.976062953 -3.679369725
44844800 0.692518533 1.245192315 0.500000000 0.500000000 0.000000000 0.000000000 0.974431098 -0.041511130 0.220818520 -2.923109975 0.036144312 0.998946011 0.028291274 0.420049010 -0.221760184 -0.019586563 0.974904478 -3.902050044
44911533 0.692518533 1.245192315 0.500000000 0.500000000 0.000000000 0.000000000 0.975443900 -0.042148974 0.216177300 -3.080229813 0.037188616 0.998944402 0.026964329 0.447177961 -0.217085615 -0.018262859 0.975981712 -4.128150195
44978267 0.692518533 1.245192315 0.500000000 0.500000000 0.000000000 0.000000000 0.975489140 -0.047203723 0.214925081 -3.315000310 0.043997299 0.998837769 0.019681165 0.508128982 -0.215604305 -0.009742642 0.976432204 -4.422100117
45045000 0.692518533 1.245192315 0.500000000 0.500000000 0.000000000 0.000000000 0.975028992 -0.054391898 0.215313643 -3.523760077 0.051570423 0.998494208 0.018704511 0.559822010 -0.216006786 -0.007133617 0.976365805 -4.672669670
45111733 0.692518533 1.245192315 0.500000000 0.500000000 0.000000000 0.000000000 0.972816110 -0.060837772 0.223444849 -3.776460082 0.057600338 0.998119175 0.020984195 0.564290026 -0.224301219 -0.007543269 0.974490702 -4.904980506
45178467 0.692518533 1.245192315 0.500000000 0.500000000 0.000000000 0.000000000 0.971006751 -0.059097666 0.231631875 -3.996439751 0.054477576 0.998168647 0.026297517 0.601369087 -0.232761800 -0.012916323 0.972447991 -5.103530130
45245200 0.692518533 1.245192315 0.500000000 0.500000000 0.000000000 0.000000000 0.967096806 -0.063123152 0.246453255 -4.262800132 0.057890467 0.997918129 0.028427491 0.597681969 -0.247734606 -0.013224827 0.968737662 -5.294300025
