https://www.youtube.com/watch?v=cG_RniNiBBk
104170733 1.017439728 1.809400348 0.500000000 0.500000000 0.000000000 0.000000000 0.999780655 0.015414232 -0.014177808 -4.998319928 -0.016598793 0.996015131 -0.087626055 2.136069949 0.012770624 0.087842166 0.996052563 -0.731733117
104237467 1.017439728 1.809400348 0.500000000 0.500000000 0.000000000 0.000000000 0.999701798 0.017260920 -0.017272659 -4.906659823 -0.018832952 0.995258331 -0.095426030 2.044629936 0.015543616 0.095722876 0.995286644 -0.638024948
104304200 1.017439728 1.809400348 0.500000000 0.500000000 0.000000000 0.000000000 0.999617040 0.018651444 -0.020442760 -4.819739947 -0.020665936 0.994443238 -0.103225604 1.956029977 0.018403856 0.103608534 0.994447887 -0.570869951
104370933 1.017439728 1.809400348 0.500000000 0.500000000 0.000000000 0.000000000 0.999502599 0.019919435 -0.024450531 -4.730250498 -0.022510746 0.993594170 -0.110742562 1.872800121 0.022087974 0.111237876 0.993548334 -0.502064010
104437667 1.017439728 1.809400348 0.500000000 0.500000000 0.000000000 0.000000000 0.999379933 0.021195637 -0.028115112 -4.638349870 -0.024349945 0.992825806 -0.117064126 1.782220015 0.025432162 0.117676146 0.992726326 -0.432557980
104504400 1.017439728 1.809400348 0.500000000 0.500000000 0.000000000 0.000000000 0.999285042 0.021026531 -0.031421781 -4.559679775 -0.024768269 0.991988182 -0.123878695 1.688129894 0.028565297 0.124568380 0.991799772 -0.368149035
104571133 1.017439728 1.809400348 0.500000000 0.500000000 0.000000000 0.000000000 0.999194980 0.021161236 -0.034082934 -4.492119764 -0.025427092 0.991183400 -0.130034536 1.593799947 0.031030744 0.130796492 0.990923524 -0.300199038
104637867 1.017439728 1.809400348 0.500000000 0.500000000 0.000000000 0.000000000 0.999118447 0.021149362 -0.036263831 -4.419129793 -0.025897184 0.990383565 -0.135903358 1.493889986 0.033040836 0.136722684 0.990058184 -0.262840016
104704600 1.017439728 1.809400348 0.500000000 0.500000000 0.000000000 0.000000000 0.999127448 0.020170137 -0.036571287 -4.356899730 -0.025194805 0.989458740 -0.142606378 1.383380043 0.033309385 0.143403351 0.989103615 -0.221788967
104771333 1.017439728 1.809400348 0.500000000 0.500000000 0.000000000 0.000000000 0.999107897 0.019892888 -0.037251074 -4.285890069 -0.025231263 0.988541961 -0.148822606 1.280600016 0.033863742 0.149629742 0.988162041 -0.153352018
104838067 1.017439728 1.809400348 0.500000000 0.500000000 0.000000000 0.000000000 0.999183178 0.018757543 -0.035792626 -4.225869927 -0.024079246 0.987685919 -0.154585481 1.143629952 0.032452233 0.155321062 0.987330854 -0.143384010
104904800 1.017439728 1.809400348 0.500000000 0.500000000 0.000000000 0.000000000 0.999260545 0.017487187 -0.034243569 -4.163740544 -0.022753276 0.986853898 -0.160005391 1.019720039 0.030995356 0.160666227 0.986522019 -0.094498220
104971533 1.017439728 1.809400348 0.500000000 0.500000000 0.000000000 0.000000000 0.999351978 0.016496863 -0.031991743 -4.092629787 -0.021574158 0.985973418 -0.165502310 0.898330027 0.028812734 0.166085243 0.985690355 -0.078871670
105038267 1.017439728 1.809400348 0.500000000 0.500000000 0.000000000 0.000000000 0.999494076 0.014056522 -0.028529830 -4.018949901 -0.018736627 0.985082388 -0.171060234 0.772968963 0.025699724 0.171508253 0.984847426 -0.053901916
105105000 1.017439728 1.809400348 0.500000000 0.500000000 0.000000000 0.000000000 0.999630749 0.012219592 -0.024269376 -3.957129611 -0.016327163 0.984071732 -0.177020580 0.660476972 0.021719687 0.177351475 0.983907878 -0.011746987
105171733 1.017439728 1.809400348 0.500000000 0.500000000 0.000000000 0.000000000 0.999754965 0.009690228 -0.019902024 -3.875580088 -0.013144433 0.983297348 -0.181531221 0.543076004 0.017810531 0.181748331 0.983183801 -0.001847761
105238467 1.017439728 1.809400348 0.500000000 0.500000000 0.000000000 0.000000000 0.999875546 0.006513719 -0.014367521 -3.788469757 -0.009073930 0.982498288 -0.186050221 0.438020957 0.012904186 0.186157450 0.982435167 0.008895419
105305200 1.017439728 1.809400348 0.500000000 0.500000000 0.000000000 0.000000000 0.999958813 0.004026291 -0.008137514 -3.681250305 -0.005498601 0.981785536 -0.189912796 0.341684957 0.007224648 0.189949721 0.981767237 0.011657699
105371933 1.017439728 1.809400348 0.500000000 0.500000000 0.000000000 0.000000000 0.999997675 0.001678307 -0.001353942 -3.563940085 -0.001908569 0.981099844 -0.193492979 0.246624010 0.001003612 0.193495125 0.981100738 0.029849902
105438667 1.017439728 1.809400348 0.500000000 0.500000000 0.000000000 0.000000000 0.999982059 -0.001477931 0.005802287 -3.440759806 0.002583985 0.980693579 -0.195533648 0.156514989 -0.005401281 0.195545122 0.980679870 0.036026600
105505400 1.017439728 1.809400348 0.500000000 0.500000000 0.000000000 0.000000000 0.999906361 -0.003522882 0.013222832 -3.309779791 0.006068801 0.980230987 -0.197763592 0.084018207 -0.012264732 0.197825313 0.980160594 0.008586806
105572133 1.017439728 1.809400348 0.500000000 0.500000000 0.000000000 0.000000000 0.999761105 -0.005523375 0.021148339 -3.161000266 0.009629696 0.979888916 -0.199311286 0.019473005 -0.019622155 0.199467331 0.979708016 -0.030362595
105638867 1.017439728 1.809400348 0.500000000 0.500000000 0.000000000 0.000000000 0.999535680 -0.007317487 0.029577758 -3.003409945 0.013116539 0.979519367 -0.200922132 -0.033893006 -0.027501743 0.201216787 0.979160607 -0.068471793
105705600 1.017439728 1.809400348 0.500000000 0.500000000 0.000000000 0.000000000 0.999226213 -0.008233245 0.038460746 -2.820120154 0.015830135 0.979334116 -0.201628625 -0.074757796 -0.036005862 0.202081442 0.978706598 -0.101302984
105772333 1.017439728 1.809400348 0.500000000 0.500000000 0.000000000 0.000000000 0.998827517 -0.009146621 0.047539305 -2.626740051 0.018565157 0.979281783 -0.201649487 -0.102316979 -0.044709969 0.202295631 0.978303373 -0.143025978
105839067 1.017439728 1.809400348 0.500000000 0.500000000 0.000000000 0.000000000 0.998369157 -0.009333399 0.056320075 -2.427730158 0.020490523 0.979392529 -0.200923786 -0.120031995 -0.053284157 0.201750144 0.977986515 -0.219686001
105905800 1.017439728 1.809400348 0.500000000 0.500000000 0.000000000 0.000000000 0.997779548 -0.009199703 0.065964602 -2.211159894 0.022297641 0.979402602 -0.200682223 -0.120879997 -0.062759690 0.201707482 0.977433026 -0.317600007
105972533 1.017439728 1.809400348 0.500000000 0.500000000 0.000000000 0.000000000 0.997100830 -0.008770924 0.075584210 -1.991929948 0.023804635 0.979430258 -0.200373963 -0.101503017 -0.072271995 0.201592311 0.976799488 -0.412752940
106039267 1.017439728 1.809400348 0.500000000 0.500000000 0.000000000 0.000000000 0.996278346 -0.008736549 0.085750654 -1.776420109 0.025748001 0.979591131 -0.199344650 -0.071390392 -0.082258999 0.200810656 0.976170361 -0.480576037
106106000 1.017439728 1.809400348 0.500000000 0.500000000 0.000000000 0.000000000 0.995446920 -0.008599650 0.094928905 -1.568259973 0.027289908 0.979944110 -0.197394967 -0.032353891 -0.091327503 0.199086815 0.975717068 -0.564046984
106172733 1.017439728 1.809400348 0.500000000 0.500000000 0.000000000 0.000000000 0.994554460 -0.008419418 0.103877380 -1.356849940 0.028728161 0.980262756 -0.195600465 0.017268770 -0.100180283 0.197519526 0.975166619 -0.659824023
106239467 1.017439728 1.809400348 0.500000000 0.500000000 0.000000000 0.000000000 0.993557990 -0.008961760 0.112969741 -1.164399881 0.030757084 0.980775177 -0.192701906 0.060222123 -0.109070972 0.194935143 0.974732697 -0.702568016
106306200 1.017439728 1.809400348 0.500000000 0.500000000 0.000000000 0.000000000 0.992590904 -0.009284796 0.121149205 -0.984769017 0.032241054 0.981459856 -0.188936472 0.102134983 -0.117148839 0.191442609 0.974487484 -0.729631008
106372933 1.017439728 1.809400348 0.500000000 0.500000000 0.000000000 0.000000000 0.991687715 -0.010530042 0.128236502 -0.811543016 0.034426861 0.982023239 -0.185594022 0.149221978 -0.123976909 0.188466102 0.974222898 -0.784704937
106439667 1.017439728 1.809400348 0.500000000 0.500000000 0.000000000 0.000000000 0.990666687 -0.011820265 0.135793000 -0.660277006 0.036538575 0.982801378 -0.181014895 0.187623967 -0.131317884 0.184287131 0.974060476 -0.806449988
106506400 1.017439728 1.809400348 0.500000000 0.500000000 0.000000000 0.000000000 0.989826560 -0.013212116 0.141664550 -0.506851026 0.038313225 0.983651400 -0.175960273 0.222121009 -0.137023732 0.179597765 0.974150479 -0.830220989
106573133 1.017439728 1.809400348 0.500000000 0.500000000 0.000000000 0.000000000 0.989009142 -0.015197627 0.147071093 -0.362760996 0.040534239 0.984462738 -0.170850992 0.257271999 -0.142189473 0.174934626 0.974258721 -0.854146009
106639867 1.017439728 1.809400348 0.500000000 0.500000000 0.000000000 0.000000000 0.988329649 -0.016925491 0.151386872 -0.223354992 0.042291421 0.985227168 -0.165948436 0.299480998 -0.146341696 0.170414135 0.974445045 -0.889047029
106706600 1.017439728 1.809400348 0.500000000 0.500000000 0.000000000 0.000000000 0.987705231 -0.018194800 0.155265406 -0.092636302 0.043508045 0.985956967 -0.161232501 0.336346001 -0.150151417 0.166005492 0.974626482 -0.851880029
106773333 1.017439728 1.809400348 0.500000000 0.500000000 0.000000000 0.000000000 0.987246335 -0.018824466 0.158083022 0.054283694 0.043953262 0.986618936 -0.157006785 0.366291958 -0.153012127 0.161952659 0.974863350 -0.825566894
106840067 1.017439728 1.809400348 0.500000000 0.500000000 0.000000000 0.000000000 0.986885965 -0.019378286 0.160251617 0.212040983 0.044310641 0.987153113 -0.153510019 0.382407993 -0.155218124 0.158597723 0.975066185 -0.782340043
106906800 1.017439728 1.809400348 0.500000000 0.500000000 0.000000000 0.000000000 0.986644566 -0.018425159 0.161842719 0.393382001 0.043236177 0.987564683 -0.151151225 0.391174981 -0.157045171 0.156130001 0.975171924 -0.743425029
106973533 1.017439728 1.809400348 0.500000000 0.500000000 0.000000000 0.000000000 0.986522377 -0.017190937 0.162720606 0.599934908 0.041995026 0.987755895 -0.150248766 0.395221002 -0.158145323 0.155057222 0.975165248 -0.669042976
107040267 1.017439728 1.809400348 0.500000000 0.500000000 0.000000000 0.000000000 0.986473143 -0.014747621 0.163258329 0.826591036 0.039613135 0.987873733 -0.150120944 0.395303057 -0.159064695 0.154557437 0.975095093 -0.600293074
107107000 1.017439728 1.809400348 0.500000000 0.500000000 0.000000000 0.000000000 0.986454368 -0.012309252 0.163573489 1.048939973 0.037464742 0.987730443 -0.151607856 0.384452002 -0.159700349 0.155682459 0.974812150 -0.520878983
107173733 1.017439728 1.809400348 0.500000000 0.500000000 0.000000000 0.000000000 0.986442745 -0.008937122 0.163862333 1.273310042 0.034628697 0.987368286 -0.154611558 0.366327991 -0.160410687 0.158189774 0.974291742 -0.467933034
107240467 1.017439728 1.809400348 0.500000000 0.500000000 0.000000000 0.000000000 0.986351490 -0.005824558 0.164550483 1.486990146 0.032402929 0.986697614 -0.159304306 0.341508029 -0.161433697 0.162461951 0.973419368 -0.381149013
107307200 1.017439728 1.809400348 0.500000000 0.500000000 0.000000000 0.000000000 0.986325443 -0.001621210 0.164801255 1.705929969 0.029216602 0.985833645 -0.165161669 0.298640964 -0.162198856 0.167718083 0.972400248 -0.299680998
107373933 1.017439728 1.809400348 0.500000000 0.500000000 0.000000000 0.000000000 0.986288607 0.001439019 0.165023163 1.922669837 0.027442578 0.984609485 -0.172600910 0.237614053 -0.162731752 0.174762979 0.971069634 -0.227448974
107440667 1.017439728 1.809400348 0.500000000 0.500000000 0.000000000 0.000000000 0.986278236 0.004139693 0.165039763 2.120949969 0.026172450 0.983122587 -0.181066230 0.158600025 -0.163003877 0.182901189 0.969524026 -0.146609986
107507400 1.017439728 1.809400348 0.500000000 0.500000000 0.000000000 0.000000000 0.986158490 0.007159652 0.165650591 2.312759990 0.024749538 0.981518030 -0.189762577 0.058469729 -0.163947687 0.191235766 0.967755139 -0.060760732
107574133 1.017439728 1.809400348 0.500000000 0.500000000 0.000000000 0.000000000 0.986162961 0.009448056 0.165509284 2.514669959 0.024086047 0.979615152 -0.199434072 -0.053486098 -0.164019674 0.200660974 0.965832651 0.003771905
107640867 1.017439728 1.809400348 0.500000000 0.500000000 0.000000000 0.000000000 0.986115217 0.009980807 0.165762410 2.717780261 0.025317168 0.977487862 -0.209467247 -0.164628088 -0.164121404 0.210755482 0.963662982 0.059606394
107707600 1.017439728 1.809400348 0.500000000 0.500000000 0.000000000 0.000000000 0.986048698 0.010306758 0.166137621 2.906539853 0.026795566 0.975236237 -0.219536543 -0.278499074 -0.164286152 0.220925480 0.961354256 0.146661938
107774333 1.017439728 1.809400348 0.500000000 0.500000000 0.000000000 0.000000000 0.985995770 0.009167665 0.166517928 3.075769612 0.029717036 0.972849607 -0.229522407 -0.387519874 -0.164101079 0.231256545 0.958953142 0.218802979
107841067 1.017439728 1.809400348 0.500000000 0.500000000 0.000000000 0.000000000 0.985856712 0.007504450 0.167422235 3.239509959 0.033261195 0.970363021 -0.239351913 -0.493661067 -0.164256543 0.241535351 0.956389308 0.279605067
107907800 1.017439728 1.809400348 0.500000000 0.500000000 0.000000000 0.000000000 0.985621393 0.005582292 0.168876782 3.387190119 0.037173938 0.967802465 -0.248950809 -0.597488083 -0.164829090 0.251649052 0.953679264 0.306012994
107974533 1.017439728 1.809400348 0.500000000 0.500000000 0.000000000 0.000000000 0.985238969 0.003090225 0.171156645 3.530959838 0.041840378 0.965165138 -0.258274287 -0.703228039 -0.165992558 0.261623174 0.950789034 0.321584025
108041267 1.017439728 1.809400348 0.500000000 0.500000000 0.000000000 0.000000000 0.984733820 0.000087664 0.174067035 3.668260370 0.047170442 0.962447643 -0.267337710 -0.794489886 -0.167553857 0.271467298 0.947750568 0.294353906
108108000 1.017439728 1.809400348 0.500000000 0.500000000 0.000000000 0.000000000 0.984198213 -0.002809899 0.177048072 3.802410163 0.052393936 0.959721982 -0.276022911 -0.879857124 -0.169141337 0.280937493 0.944703877 0.286700955
108174733 1.017439728 1.809400348 0.500000000 0.500000000 0.000000000 0.000000000 0.983572841 -0.005113471 0.180439174 3.928189996 0.057105970 0.957074165 -0.284162015 -0.960518296 -0.171240628 0.289798170 0.941644192 0.212983007
108241467 1.017439728 1.809400348 0.500000000 0.500000000 0.000000000 0.000000000 0.983045816 -0.006584641 0.183241844 4.064179860 0.061082814 0.954032838 -0.293411344 -1.030040012 -0.172886729 0.299629718 0.938260198 0.145184045
108308200 1.017439728 1.809400348 0.500000000 0.500000000 0.000000000 0.000000000 0.982503712 -0.009302732 0.186010584 4.220450065 0.066207975 0.950958490 -0.302149713 -1.104859878 -0.174077526 0.309178591 0.934936166 0.067806775
108374933 1.017439728 1.809400348 0.500000000 0.500000000 0.000000000 0.000000000 0.981995583 -0.011704456 0.188541085 4.373900252 0.071108282 0.947570205 -0.311535627 -1.175670280 -0.175009578 0.319333404 0.931342006 -0.017095338
108441667 1.017439728 1.809400348 0.500000000 0.500000000 0.000000000 0.000000000 0.981589794 -0.013433574 0.190528259 4.542739905 0.075170711 0.944192290 -0.320702970 -1.240170460 -0.175587133 0.329120934 0.927819312 -0.126666130
108508400 1.017439728 1.809400348 0.500000000 0.500000000 0.000000000 0.000000000 0.981275976 -0.014994130 0.192022458 4.732240414 0.079010986 0.940556407 -0.330319315 -1.292469747 -0.175655082 0.339306325 0.924130082 -0.252198050
108575133 1.017439728 1.809400348 0.500000000 0.500000000 0.000000000 0.000000000 0.981023192 -0.016757827 0.193164945 4.927510158 0.082945123 0.936766386 -0.339983433 -1.331319715 -0.175253034 0.349553734 0.920379519 -0.374763994
108641867 1.017439728 1.809400348 0.500000000 0.500000000 0.000000000 0.000000000 0.980847836 -0.018573578 0.193888023 5.128330444 0.086747319 0.932922840 -0.349470735 -1.368819762 -0.174391642 0.359596848 0.916666567 -0.518371900
108708600 1.017439728 1.809400348 0.500000000 0.500000000 0.000000000 0.000000000 0.980814099 -0.020566616 0.193857491 5.334370510 0.090579852 0.928635836 -0.359765083 -1.390450495 -0.172623873 0.370422274 0.912681997 -0.684966312
108775333 1.017439728 1.809400348 0.500000000 0.500000000 0.000000000 0.000000000 0.980711758 -0.021771058 0.194243252 5.554549626 0.093939006 0.923979223 -0.370725870 -1.396339183 -0.171405613 0.381822228 0.908202410 -0.879129648
108842067 1.017439728 1.809400348 0.500000000 0.500000000 0.000000000 0.000000000 0.980619729 -0.024372410 0.194399044 5.775650237 0.098768204 0.918420553 -0.383077860 -1.366140303 -0.169203565 0.394854128 0.903028488 -1.026820076
108908800 1.017439728 1.809400348 0.500000000 0.500000000 0.000000000 0.000000000 0.980548084 -0.026978802 0.194415957 5.975789875 0.103436410 0.912832975 -0.395014793 -1.331399483 -0.166812241 0.407440692 0.897867262 -1.139029574
108975533 1.017439728 1.809400348 0.500000000 0.500000000 0.000000000 0.000000000 0.980559826 -0.030119121 0.193895176 6.178110704 0.108325288 0.907015443 -0.406926036 -1.302790708 -0.163609698 0.420019031 0.892645538 -1.261440322
109042267 1.017439728 1.809400348 0.500000000 0.500000000 0.000000000 0.000000000 0.980581164 -0.033041090 0.193310231 6.379479388 0.113002881 0.900812209 -0.419246435 -1.286779409 -0.160283834 0.432949781 0.887053251 -1.372529553
109109000 1.017439728 1.809400348 0.500000000 0.500000000 0.000000000 0.000000000 0.980425477 -0.035765916 0.193614811 6.556459552 0.117867351 0.894305766 -0.431652963 -1.265619399 -0.157712340 0.446024418 0.881015778 -1.471779381
