https://www.youtube.com/watch?v=NptGIrE-3kQ
326133333 1.001730080 1.781462381 0.500000000 0.500000000 0.000000000 0.000000000 0.999886394 -0.015019948 0.001283459 1.416349992 0.015041538 0.999708116 -0.018904861 -1.896879858 -0.000999134 0.018922020 0.999820471 5.513539485
326200000 1.001730080 1.781462381 0.500000000 0.500000000 0.000000000 0.000000000 0.999955475 -0.009032189 0.002728993 1.415559917 0.009082899 0.999774814 -0.019179519 -1.874709973 -0.002555145 0.019203454 0.999812305 5.374619146
326266667 1.001730080 1.781462381 0.500000000 0.500000000 0.000000000 0.000000000 0.999974549 -0.000338421 0.007124819 1.427799961 0.000481088 0.999799252 -0.020031800 -1.848130050 -0.007116610 0.020034717 0.999773979 5.236219925
326333333 1.001730080 1.781462381 0.500000000 0.500000000 0.000000000 0.000000000 0.999865472 0.007103507 0.014785910 1.455220046 -0.006766773 0.999719381 -0.022700734 -1.833279852 -0.014943017 0.022597626 0.999632955 5.065290094
326400000 1.001730080 1.781462381 0.500000000 0.500000000 0.000000000 0.000000000 0.999708533 0.011620586 0.021161932 1.491630002 -0.011116202 0.999655008 -0.023798103 -1.790170064 -0.021431178 0.023555925 0.999492764 4.937309852
326466667 1.001730080 1.781462381 0.500000000 0.500000000 0.000000000 0.000000000 0.999495387 0.015867092 0.027516380 1.508099873 -0.015227664 0.999612689 -0.023293925 -1.748140003 -0.027875330 0.022863163 0.999349892 4.804199641
326533333 1.001730080 1.781462381 0.500000000 0.500000000 0.000000000 0.000000000 0.999273598 0.017399782 0.033904102 1.529829961 -0.016617613 0.999592304 -0.023216872 -1.707289949 -0.034294251 0.022636602 0.999155402 4.680810137
326600000 1.001730080 1.781462381 0.500000000 0.500000000 0.000000000 0.000000000 0.999031484 0.013939390 0.041735109 1.560060017 -0.013038235 0.999677598 -0.021787174 -1.665969873 -0.042025354 0.021221921 0.998891115 4.564649967
326666667 1.001730080 1.781462381 0.500000000 0.500000000 0.000000000 0.000000000 0.998679280 0.004374551 0.051191665 1.599410020 -0.003062264 0.999665380 -0.025685197 -1.652379891 -0.051286899 0.025494510 0.998358488 4.436890020
326733333 1.001730080 1.781462381 0.500000000 0.500000000 0.000000000 0.000000000 0.998115361 -0.007083414 0.060955446 1.638710127 0.009331202 0.999283850 -0.036670644 -1.669219979 -0.060652036 0.037170317 0.997466624 4.283640223
326800000 1.001730080 1.781462381 0.500000000 0.500000000 0.000000000 0.000000000 0.997326851 -0.013658111 0.071781255 1.667249994 0.016906971 0.998850644 -0.044849619 -1.667039802 -0.071086191 0.045943335 0.996411562 4.131639780
326866667 1.001730080 1.781462381 0.500000000 0.500000000 0.000000000 0.000000000 0.996244252 -0.015182645 0.085246041 1.685650071 0.019217707 0.998723388 -0.046714954 -1.638260093 -0.084427953 0.048177741 0.995264173 3.985399554
326933333 1.001730080 1.781462381 0.500000000 0.500000000 0.000000000 0.000000000 0.995020568 -0.016568350 0.098282918 1.689949914 0.020891389 0.998851418 -0.043120854 -1.587680024 -0.097455591 0.044959404 0.994223833 3.846279853
327000000 1.001730080 1.781462381 0.500000000 0.500000000 0.000000000 0.000000000 0.994067669 -0.020264871 0.106858902 1.679000023 0.024496514 0.998960674 -0.038437404 -1.522039934 -0.105968915 0.040827051 0.993530929 3.697609779
327066667 1.001730080 1.781462381 0.500000000 0.500000000 0.000000000 0.000000000 0.992769837 -0.025613299 0.117268793 1.657069975 0.030175300 0.998848677 -0.037293095 -1.463060014 -0.116178580 0.040562082 0.992399752 3.541400012
327133333 1.001730080 1.781462381 0.500000000 0.500000000 0.000000000 0.000000000 0.990679443 -0.032323781 0.132323250 1.650190019 0.038010877 0.998448968 -0.040680286 -1.419640081 -0.130803064 0.045330849 0.990371466 3.382519932
327200000 1.001730080 1.781462381 0.500000000 0.500000000 0.000000000 0.000000000 0.988144577 -0.039975401 0.148230493 1.646070172 0.047047127 0.997900486 -0.044511009 -1.377810050 -0.146139920 0.050957132 0.987950623 3.231749733
327266667 1.001730080 1.781462381 0.500000000 0.500000000 0.000000000 0.000000000 0.985950768 -0.048042677 0.159978002 1.626740048 0.056427076 0.997238517 -0.048283644 -1.339119977 -0.157216549 0.056632377 0.985939026 3.100650362
327333333 1.001730080 1.781462381 0.500000000 0.500000000 0.000000000 0.000000000 0.984466314 -0.057405833 0.165923640 1.598510023 0.066922516 0.996384323 -0.052341536 -1.314720061 -0.162319019 0.062632501 0.984748542 2.986069876
327400000 1.001730080 1.781462381 0.500000000 0.500000000 0.000000000 0.000000000 0.983768761 -0.062124822 0.168343529 1.551759954 0.074145466 0.995055616 -0.066081174 -1.334899953 -0.163405910 0.077490501 0.983510911 2.865120029
327466667 1.001730080 1.781462381 0.500000000 0.500000000 0.000000000 0.000000000 0.983846724 -0.062323257 0.167813554 1.488379919 0.076985404 0.993627369 -0.082327858 -1.358889922 -0.161613181 0.093917191 0.982375026 2.754970065
327533333 1.001730080 1.781462381 0.500000000 0.500000000 0.000000000 0.000000000 0.983863771 -0.060715184 0.168302670 1.429469968 0.077522561 0.992438912 -0.095159061 -1.374850007 -0.161252514 0.106670804 0.981131494 2.644210288
327600000 1.001730080 1.781462381 0.500000000 0.500000000 0.000000000 0.000000000 0.983253002 -0.060564198 0.171888188 1.382030076 0.079263009 0.991404295 -0.104090862 -1.379799912 -0.164106503 0.115972020 0.979601741 2.548039980
327666667 1.001730080 1.781462381 0.500000000 0.500000000 0.000000000 0.000000000 0.981713057 -0.060825121 0.180387959 1.345520096 0.081916928 0.990339875 -0.111877650 -1.376870057 -0.171840414 0.124608576 0.977212131 2.436680064
327733333 1.001730080 1.781462381 0.500000000 0.500000000 0.000000000 0.000000000 0.979851723 -0.061827693 0.189915568 1.314559990 0.085646808 0.989086390 -0.119886190 -1.364079829 -0.180430621 0.133736342 0.974453390 2.323910125
327800000 1.001730080 1.781462381 0.500000000 0.500000000 0.000000000 0.000000000 0.977402806 -0.063083686 0.201752856 1.280209987 0.089016221 0.988510728 -0.122158341 -1.328399956 -0.191728666 0.137357190 0.971788585 2.207999565
327900000 1.001730080 1.781462381 0.500000000 0.500000000 0.000000000 0.000000000 0.972029686 -0.068936214 0.224513069 1.238729904 0.096604973 0.988694668 -0.114675090 -1.221200000 -0.214069620 0.133156657 0.967700124 2.066659759
327966667 1.001730080 1.781462381 0.500000000 0.500000000 0.000000000 0.000000000 0.968525827 -0.070806295 0.238629952 1.198930116 0.098658666 0.989367127 -0.106860302 -1.150730048 -0.228526250 0.127039865 0.965213299 1.978910021
328033333 1.001730080 1.781462381 0.500000000 0.500000000 0.000000000 0.000000000 0.966151893 -0.072302088 0.247634619 1.144869989 0.098558158 0.990556240 -0.095313206 -1.064429922 -0.238404661 0.116493464 0.964153767 1.922010055
328100000 1.001730080 1.781462381 0.500000000 0.500000000 0.000000000 0.000000000 0.964908063 -0.070156366 0.253042430 1.078770103 0.093803063 0.992157102 -0.082615376 -0.999085005 -0.245261833 0.103452399 0.963921309 1.868320142
328166667 1.001730080 1.781462381 0.500000000 0.500000000 0.000000000 0.000000000 0.964624822 -0.068395823 0.254599601 1.008330045 0.091340214 0.992649019 -0.079403140 -0.960106026 -0.247297198 0.099849410 0.963781238 1.807950247
328233333 1.001730080 1.781462381 0.500000000 0.500000000 0.000000000 0.000000000 0.964854956 -0.063381396 0.255025119 0.918445145 0.087943934 0.992398858 -0.086083852 -0.952491137 -0.247630522 0.105486326 0.963094950 1.726250260
328300000 1.001730080 1.781462381 0.500000000 0.500000000 0.000000000 0.000000000 0.965431690 -0.056743462 0.254404753 0.829031983 0.082974941 0.992147565 -0.093586102 -0.944717993 -0.247096673 0.111460209 0.962558985 1.657289995
328366667 1.001730080 1.781462381 0.500000000 0.500000000 0.000000000 0.000000000 0.965203404 -0.050233148 0.256630182 0.739527022 0.077785738 0.992106080 -0.098361179 -0.926599960 -0.249663368 0.114900708 0.961491585 1.587769926
328433333 1.001730080 1.781462381 0.500000000 0.500000000 0.000000000 0.000000000 0.964051008 -0.045943514 0.261715353 0.651102033 0.073922284 0.992429197 -0.098080531 -0.895174015 -0.255227804 0.113901228 0.960148573 1.509529942
328566667 1.001730080 1.781462381 0.500000000 0.500000000 0.000000000 0.000000000 0.956768453 -0.054275263 0.285741776 0.484232028 0.080445603 0.993490636 -0.080652781 -0.773564033 -0.279504329 0.100152694 0.954906702 1.383250019
328633333 1.001730080 1.781462381 0.500000000 0.500000000 0.000000000 0.000000000 0.950710773 -0.066507064 0.302862734 0.406334057 0.092413999 0.993113220 -0.072012655 -0.715100048 -0.295987636 0.096451961 0.950309634 1.309990167
328700000 1.001730080 1.781462381 0.500000000 0.500000000 0.000000000 0.000000000 0.943476915 -0.079191707 0.321838260 0.331929939 0.106581293 0.991950870 -0.068365708 -0.668712968 -0.313833773 0.098803416 0.944323123 1.229809749
328766667 1.001730080 1.781462381 0.500000000 0.500000000 0.000000000 0.000000000 0.935834527 -0.089804590 0.340806305 0.256868978 0.120825037 0.990140736 -0.070870355 -0.638574033 -0.331081748 0.107500851 0.937458515 1.146289982
328833333 1.001730080 1.781462381 0.500000000 0.500000000 0.000000000 0.000000000 0.928002000 -0.101033077 0.358614743 0.187764000 0.135675609 0.988080919 -0.072719708 -0.611697872 -0.346993268 0.116139337 0.930648804 1.076679748
328900000 1.001730080 1.781462381 0.500000000 0.500000000 0.000000000 0.000000000 0.921377718 -0.110899292 0.372510970 0.119727994 0.147142693 0.986619413 -0.070222393 -0.583924001 -0.359738946 0.119513601 0.925367177 1.009179970
328966667 1.001730080 1.781462381 0.500000000 0.500000000 0.000000000 0.000000000 0.917334557 -0.115984350 0.380847901 0.049810014 0.151865929 0.986232102 -0.065444499 -0.550511043 -0.368013889 0.117872268 0.922318816 0.949468098
329033333 1.001730080 1.781462381 0.500000000 0.500000000 0.000000000 0.000000000 0.915503025 -0.116512954 0.385070115 -0.020721256 0.151172400 0.986630797 -0.060881168 -0.516082995 -0.372828573 0.113948867 0.920877039 0.877359995
329100000 1.001730080 1.781462381 0.500000000 0.500000000 0.000000000 0.000000000 0.915466905 -0.115166284 0.385560960 -0.091772641 0.149155080 0.987032533 -0.059325762 -0.483895059 -0.373728901 0.111819096 0.920773208 0.808725132
329166667 1.001730080 1.781462381 0.500000000 0.500000000 0.000000000 0.000000000 0.916229129 -0.113492824 0.384244233 -0.158600023 0.146157742 0.987629294 -0.056800157 -0.451099983 -0.373044461 0.108202219 0.921482563 0.728616997
329233333 1.001730080 1.781462381 0.500000000 0.500000000 0.000000000 0.000000000 0.918081820 -0.112356834 0.380133808 -0.226410006 0.143667132 0.988100767 -0.054923557 -0.418791974 -0.369439483 0.105037071 0.923299313 0.643796932
329300000 1.001730080 1.781462381 0.500000000 0.500000000 0.000000000 0.000000000 0.920637131 -0.111089401 0.374281168 -0.289954962 0.140525639 0.988699794 -0.052204240 -0.382129008 -0.364252388 0.100657269 0.925844669 0.545791056
329366667 1.001730080 1.781462381 0.500000000 0.500000000 0.000000000 0.000000000 0.923819363 -0.109762028 0.366756201 -0.348004026 0.137390718 0.989253640 -0.050010707 -0.344158007 -0.357325613 0.096589729 0.928971946 0.428730049
329433333 1.001730080 1.781462381 0.500000000 0.500000000 0.000000000 0.000000000 0.926187813 -0.109102704 0.360933155 -0.404434029 0.133784890 0.990031421 -0.044038180 -0.281843988 -0.352530509 0.089075014 0.931551337 0.309291028
329500000 1.001730080 1.781462381 0.500000000 0.500000000 0.000000000 0.000000000 0.928201914 -0.105258897 0.356877714 -0.452205985 0.126672104 0.991250694 -0.037097685 -0.223469996 -0.349850446 0.079640597 0.933414221 0.206700017
329566667 1.001730080 1.781462381 0.500000000 0.500000000 0.000000000 0.000000000 0.930370569 -0.100662217 0.352530509 -0.493038992 0.118533567 0.992514133 -0.029420070 -0.151571008 -0.346929997 0.069158256 0.935337782 0.094818187
329666667 1.001730080 1.781462381 0.500000000 0.500000000 0.000000000 0.000000000 0.933586717 -0.091554761 0.346458584 -0.550614979 0.103586867 0.994486332 -0.016329145 -0.062330791 -0.343053311 0.051133223 0.937923133 -0.062648307
329733333 1.001730080 1.781462381 0.500000000 0.500000000 0.000000000 0.000000000 0.934463024 -0.086382233 0.345422685 -0.589853941 0.095108561 0.995431781 -0.008360235 -0.018376905 -0.343122542 0.040665008 0.938409925 -0.157309005
329800000 1.001730080 1.781462381 0.500000000 0.500000000 0.000000000 0.000000000 0.935250640 -0.081689253 0.344431698 -0.627799017 0.088245884 0.996093035 -0.003373453 0.018045303 -0.342810452 0.033549689 0.938805342 -0.249804985
329866667 1.001730080 1.781462381 0.500000000 0.500000000 0.000000000 0.000000000 0.935251534 -0.078633875 0.345139354 -0.661566865 0.083286688 0.996524692 0.001351895 0.051089803 -0.344046205 0.027481170 0.938550472 -0.336598029
329933333 1.001730080 1.781462381 0.500000000 0.500000000 0.000000000 0.000000000 0.934394121 -0.076705016 0.347885132 -0.700224079 0.079995312 0.996783078 0.004918602 0.086546391 -0.347143292 0.023233254 0.937524319 -0.426040053
330000000 1.001730080 1.781462381 0.500000000 0.500000000 0.000000000 0.000000000 0.932934642 -0.074126802 0.352332413 -0.740841972 0.076871611 0.997021616 0.006215250 0.119736992 -0.351743758 0.021285951 0.935854256 -0.521286000
330066667 1.001730080 1.781462381 0.500000000 0.500000000 0.000000000 0.000000000 0.930580437 -0.074294373 0.358469367 -0.790640937 0.076210216 0.997052908 0.008803207 0.151517993 -0.358066976 0.019126955 0.933499932 -0.623830922
330133333 1.001730080 1.781462381 0.500000000 0.500000000 0.000000000 0.000000000 0.928252757 -0.077485941 0.363789231 -0.836874920 0.077186324 0.996897936 0.015385722 0.184071989 -0.363852948 0.013797731 0.931354165 -0.735232968
330200000 1.001730080 1.781462381 0.500000000 0.500000000 0.000000000 0.000000000 0.925353169 -0.082949944 0.369919926 -0.903864886 0.079056658 0.996538758 0.025701515 0.228144002 -0.370771497 0.005461671 0.928708017 -0.845416937
330266667 1.001730080 1.781462381 0.500000000 0.500000000 0.000000000 0.000000000 0.922242999 -0.089353509 0.376143396 -0.981470078 0.082692437 0.995999992 0.033852980 0.278113024 -0.377663672 -0.000116475 0.925942898 -0.954533153
330333333 1.001730080 1.781462381 0.500000000 0.500000000 0.000000000 0.000000000 0.919316232 -0.097225018 0.381319910 -1.054409914 0.087748520 0.995248079 0.042207018 0.322755933 -0.383611470 -0.005341321 0.923479080 -1.070319949
330400000 1.001730080 1.781462381 0.500000000 0.500000000 0.000000000 0.000000000 0.916334033 -0.108850338 0.385335654 -1.128489943 0.096319295 0.994004846 0.051739626 0.369398026 -0.388657361 -0.010295540 0.921324849 -1.174350169
330466667 1.001730080 1.781462381 0.500000000 0.500000000 0.000000000 0.000000000 0.914493740 -0.120367058 0.386281133 -1.190290137 0.104757808 0.992607057 0.061294325 0.400462037 -0.390803218 -0.015587339 0.920342326 -1.290140099
330533333 1.001730080 1.781462381 0.500000000 0.500000000 0.000000000 0.000000000 0.913655639 -0.129567653 0.385286301 -1.253349836 0.112943850 0.991434932 0.065577462 0.435770941 -0.390483052 -0.016399471 0.920463979 -1.402359758
330600000 1.001730080 1.781462381 0.500000000 0.500000000 0.000000000 0.000000000 0.915208399 -0.133601874 0.380189598 -1.299149973 0.116470911 0.990875304 0.067828365 0.481094063 -0.385782480 -0.017796075 0.922418118 -1.521929949
330666667 1.001730080 1.781462381 0.500000000 0.500000000 0.000000000 0.000000000 0.918462992 -0.133503646 0.372293562 -1.338899948 0.116059698 0.990843296 0.068990320 0.526438936 -0.378095061 -0.020156760 0.925547302 -1.647989819
330733333 1.001730080 1.781462381 0.500000000 0.500000000 0.000000000 0.000000000 0.921685040 -0.132977575 0.364435911 -1.369609823 0.114296973 0.990800261 0.072463751 0.561948896 -0.370719254 -0.025134794 0.928404748 -1.774639749
330800000 1.001730080 1.781462381 0.500000000 0.500000000 0.000000000 0.000000000 0.923999488 -0.134461701 0.357973635 -1.397650172 0.113258645 0.990367115 0.079658195 0.584665079 -0.365236282 -0.033060566 0.930327654 -1.903310146
330866667 1.001730080 1.781462381 0.500000000 0.500000000 0.000000000 0.000000000 0.925746620 -0.137776986 0.352151483 -1.417449852 0.113553181 0.989569008 0.088650338 0.600072096 -0.360692173 -0.042079829 0.931735158 -2.035170016
330933333 1.001730080 1.781462381 0.500000000 0.500000000 0.000000000 0.000000000 0.926914155 -0.138278931 0.348868281 -1.449169950 0.110580444 0.989003658 0.098202616 0.611566012 -0.358611375 -0.052447379 0.932012439 -2.168479911
331000000 1.001730080 1.781462381 0.500000000 0.500000000 0.000000000 0.000000000 0.927763104 -0.134118766 0.348235160 -1.480319872 0.103606239 0.989070833 0.104903013 0.642455011 -0.358498722 -0.061245814 0.931518972 -2.304779969
331066667 1.001730080 1.781462381 0.500000000 0.500000000 0.000000000 0.000000000 0.927142084 -0.127943501 0.352190375 -1.527730018 0.094216242 0.989302933 0.111368880 0.677995064 -0.362671912 -0.070072740 0.929278731 -2.433540323
331133333 1.001730080 1.781462381 0.500000000 0.500000000 0.000000000 0.000000000 0.925774515 -0.121825144 0.357911110 -1.575010113 0.085194528 0.989535689 0.116451956 0.714282018 -0.368352592 -0.077316232 0.926465750 -2.568500631
331200000 1.001730080 1.781462381 0.500000000 0.500000000 0.000000000 0.000000000 0.924295485 -0.115365312 0.363825232 -1.620880129 0.076579258 0.989896119 0.119337074 0.757804039 -0.373916537 -0.082441293 0.923791111 -2.704760545
331266667 1.001730080 1.781462381 0.500000000 0.500000000 0.000000000 0.000000000 0.923789501 -0.109289885 0.366972387 -1.665220220 0.068381250 0.990082324 0.122723430 0.794954021 -0.376745284 -0.088276580 0.922101021 -2.833850135
331333333 1.001730080 1.781462381 0.500000000 0.500000000 0.000000000 0.000000000 0.925005198 -0.104354650 0.365343124 -1.691780220 0.063159630 0.990397394 0.122979224 0.830899074 -0.374668330 -0.090681523 0.922713757 -2.975830553
331400000 1.001730080 1.781462381 0.500000000 0.500000000 0.000000000 0.000000000 0.928422093 -0.099175438 0.358045846 -1.711070227 0.060776602 0.991273046 0.116978437 0.877078026 -0.366522580 -0.086844578 0.926347315 -3.120190370
331466667 1.001730080 1.781462381 0.500000000 0.500000000 0.000000000 0.000000000 0.933567166 -0.095294490 0.345501453 -1.709009900 0.060605466 0.992096007 0.109875068 0.929696110 -0.353241116 -0.081636474 0.931963623 -3.272919565
331533333 1.001730080 1.781462381 0.500000000 0.500000000 0.000000000 0.000000000 0.938648522 -0.091440246 0.332532018 -1.705509703 0.059679057 0.992730081 0.104524657 0.983666945 -0.339672297 -0.078266680 0.937281668 -3.433499513
331600000 1.001730080 1.781462381 0.500000000 0.500000000 0.000000000 0.000000000 0.941984236 -0.084756106 0.324779928 -1.723569824 0.054449897 0.993363976 0.101307660 1.031730135 -0.331211150 -0.077745959 0.940348148 -3.579249760
331666667 1.001730080 1.781462381 0.500000000 0.500000000 0.000000000 0.000000000 0.943205535 -0.078484774 0.322805583 -1.777509886 0.048577577 0.993831575 0.099694699 1.073010030 -0.328638911 -0.078351483 0.941200018 -3.723109708
331733333 1.001730080 1.781462381 0.500000000 0.500000000 0.000000000 0.000000000 0.943788588 -0.075538538 0.321802825 -1.829520133 0.046087675 0.994100511 0.098184004 1.121779970 -0.327321023 -0.077833802 0.941702127 -3.866960533
331800000 1.001730080 1.781462381 0.500000000 0.500000000 0.000000000 0.000000000 0.943858624 -0.076533668 0.321361929 -1.913819978 0.046315294 0.993842602 0.100656994 1.155840183 -0.327086836 -0.080122001 0.941591561 -3.998630200
331866667 1.001730080 1.781462381 0.500000000 0.500000000 0.000000000 0.000000000 0.944380879 -0.079873644 0.319006205 -1.965089986 0.049472235 0.993522227 0.102304019 1.190600149 -0.325111151 -0.080832027 0.942214906 -4.149869988
331933333 1.001730080 1.781462381 0.500000000 0.500000000 0.000000000 0.000000000 0.943512499 -0.084079131 0.320491731 -2.042290287 0.053999573 0.993355751 0.101628944 1.232250000 -0.326907158 -0.078581780 0.941783786 -4.264680646
332000000 1.001730080 1.781462381 0.500000000 0.500000000 0.000000000 0.000000000 0.941554487 -0.089088328 0.324866861 -2.135390328 0.059720702 0.993264198 0.099295974 1.276029990 -0.331524700 -0.074091315 0.940532804 -4.365430608
332066667 1.001730080 1.781462381 0.500000000 0.500000000 0.000000000 0.000000000 0.939518452 -0.095366143 0.328953475 -2.211220078 0.066784568 0.993027151 0.097143956 1.304670091 -0.335923940 -0.069299527 0.939336300 -4.469979750
332133333 1.001730080 1.781462381 0.500000000 0.500000000 0.000000000 0.000000000 0.936880589 -0.099730685 0.335124612 -2.283209766 0.072284579 0.992998481 0.093429074 1.342249950 -0.342095971 -0.063307509 0.937529922 -4.561029285
332200000 1.001730080 1.781462381 0.500000000 0.500000000 0.000000000 0.000000000 0.934260905 -0.098622717 0.342680901 -2.349120168 0.072958700 0.993530810 0.087026320 1.391660027 -0.349046797 -0.056303747 0.935412347 -4.648370081
332266667 1.001730080 1.781462381 0.500000000 0.500000000 0.000000000 0.000000000 0.932838082 -0.095949039 0.347285181 -2.390769992 0.071293607 0.993986011 0.083120815 1.438620121 -0.353171974 -0.052779067 0.934068501 -4.750370043
332333333 1.001730080 1.781462381 0.500000000 0.500000000 0.000000000 0.000000000 0.933617175 -0.096555844 0.345015764 -2.387579944 0.071052194 0.993771434 0.085847944 1.449549804 -0.351155937 -0.055634987 0.934662640 -4.877990004
332400000 1.001730080 1.781462381 0.500000000 0.500000000 0.000000000 0.000000000 0.934996128 -0.100343943 0.340166569 -2.380629901 0.072334230 0.992933452 0.094079271 1.419959964 -0.347203076 -0.063358054 0.935647249 -5.021149822
332466667 1.001730080 1.781462381 0.500000000 0.500000000 0.000000000 0.000000000 0.937475681 -0.102692813 0.332556218 -2.345590154 0.071828499 0.991996646 0.103842527 1.392909948 -0.340558559 -0.073462844 0.937349021 -5.181820759
332533333 1.001730080 1.781462381 0.500000000 0.500000000 0.000000000 0.000000000 0.939647198 -0.099793375 0.327268183 -2.312780109 0.065378949 0.991263866 0.114549607 1.371970320 -0.335840404 -0.086239785 0.937962711 -5.348850369
332600000 1.001730080 1.781462381 0.500000000 0.500000000 0.000000000 0.000000000 0.940794706 -0.094247602 0.325611264 -2.302129958 0.056319170 0.990679383 0.124026313 1.342929847 -0.334265560 -0.098345131 0.937333822 -5.498969585
332666667 1.001730080 1.781462381 0.500000000 0.500000000 0.000000000 0.000000000 0.941461384 -0.086667448 0.325790077 -2.296829888 0.047953218 0.990990698 0.125051409 1.389999915 -0.333692819 -0.102108374 0.937135458 -5.639449536
332733333 1.001730080 1.781462381 0.500000000 0.500000000 0.000000000 0.000000000 0.942619324 -0.078232527 0.324574172 -2.266730101 0.039772555 0.991548717 0.123487823 1.449389916 -0.331491888 -0.103492849 0.937764525 -5.785539843
