https://www.youtube.com/watch?v=8dr5SbNinWo
46466667 0.708626676 1.293840740 0.500000000 0.500000000 0.000000000 0.000000000 0.989518106 0.033201098 -0.140540406 2.272209946 -0.032573722 0.999446452 0.006762717 -1.370059996 0.140687153 -0.002113911 0.990051866 4.899189805
46533333 0.708626676 1.293840740 0.500000000 0.500000000 0.000000000 0.000000000 0.988121986 0.035074916 -0.149615347 1.972210171 -0.034443978 0.999383450 0.006807053 -1.251759962 0.149761856 -0.001572853 0.988720834 4.506380260
46600000 0.708626676 1.293840740 0.500000000 0.500000000 0.000000000 0.000000000 0.986628234 0.036451615 -0.158858314 1.659229933 -0.035723314 0.999334037 0.007438783 -1.131099987 0.159023687 -0.001664370 0.987273395 3.932260290
46666667 0.708626676 1.293840740 0.500000000 0.500000000 0.000000000 0.000000000 0.984954238 0.038045883 -0.168575376 1.409969965 -0.037293740 0.999275267 0.007626764 -1.006220000 0.168743372 -0.001225209 0.985659242 3.426159995
46733333 0.708626676 1.293840740 0.500000000 0.500000000 0.000000000 0.000000000 0.983078539 0.040056244 -0.178751498 1.098620130 -0.039218836 0.999196827 0.008217420 -0.888859962 0.178937107 -0.001067944 0.983859956 2.828640225
46800000 0.708626676 1.293840740 0.500000000 0.500000000 0.000000000 0.000000000 0.980888903 0.042040233 -0.189972401 0.886301924 -0.041208919 0.999115884 0.008325901 -0.756560999 0.190154463 -0.000338221 0.981754124 2.291680260
46933333 0.708626676 1.293840740 0.500000000 0.500000000 0.000000000 0.000000000 0.975760102 0.046115093 -0.213929161 0.479339041 -0.045294143 0.998935461 0.008740216 -0.422567998 0.214104488 0.001161378 0.976810098 1.165400182
47000000 0.708626676 1.293840740 0.500000000 0.500000000 0.000000000 0.000000000 0.972944021 0.048349053 -0.225925237 0.262837965 -0.047577254 0.998828232 0.008863091 -0.235587986 0.226089031 0.002125624 0.974104285 0.569925035
47266667 0.708626676 1.293840740 0.500000000 0.500000000 0.000000000 0.000000000 0.956764817 0.058215063 -0.284977227 -0.467649033 -0.057578940 0.998284519 0.010617301 0.390504007 0.285106450 0.006250445 0.958475411 -1.842769696
47333333 0.708626676 1.293840740 0.500000000 0.500000000 0.000000000 0.000000000 0.951235056 0.062246438 -0.302121282 -0.610542051 -0.061449338 0.998036206 0.012152191 0.497789025 0.302284420 0.007005550 0.953192055 -2.396490269
47400000 0.708626676 1.293840740 0.500000000 0.500000000 0.000000000 0.000000000 0.945190787 0.065589309 -0.319863230 -0.728135062 -0.064916775 0.997808874 0.012776884 0.635792037 0.320000380 0.008687894 0.947377563 -2.987279736
47466667 0.708626676 1.293840740 0.500000000 0.500000000 0.000000000 0.000000000 0.939156532 0.068438210 -0.336602420 -0.829556779 -0.067820169 0.997604728 0.013608119 0.747494866 0.336727470 0.010048290 0.941548526 -3.605170119
47533333 0.708626676 1.293840740 0.500000000 0.500000000 0.000000000 0.000000000 0.932547688 0.071721077 -0.353851378 -0.922586998 -0.071232691 0.997355461 0.014422790 0.887092062 0.353950024 0.011755851 0.935190439 -4.192769987
47600000 0.708626676 1.293840740 0.500000000 0.500000000 0.000000000 0.000000000 0.925902545 0.074902639 -0.370262295 -1.023080269 -0.074550301 0.997100115 0.015284080 1.019990093 0.370333403 0.013451578 0.928801537 -4.731289980
47666667 0.708626676 1.293840740 0.500000000 0.500000000 0.000000000 0.000000000 0.918866694 0.078422934 -0.386696279 -1.150720116 -0.077924803 0.996814430 0.016991641 1.077290228 0.386796951 0.014520142 0.922050655 -5.398270879
47733333 0.708626676 1.293840740 0.500000000 0.500000000 0.000000000 0.000000000 0.911105096 0.081402563 -0.404055983 -1.248590093 -0.081094764 0.996545494 0.017907172 1.142710031 0.404117852 0.016451485 0.914559007 -6.069320950
