https://www.youtube.com/watch?v=3ZNzTa6JnWc
2469133 0.876136462 1.558565260 0.500000000 0.500000000 0.000000000 0.000000000 0.963333786 0.069277219 -0.259207755 -5.831190163 -0.073094375 0.997311950 -0.005105088 0.274297037 0.258157343 0.023864534 0.965808094 1.573739906
2535867 0.876136462 1.558565260 0.500000000 0.500000000 0.000000000 0.000000000 0.957211673 0.066663623 -0.281605572 -5.228549451 -0.070149496 0.997533858 -0.002303547 0.309150076 0.280757517 0.021959476 0.959527493 1.308400019
2602600 0.876136462 1.558565260 0.500000000 0.500000000 0.000000000 0.000000000 0.949705720 0.063143983 -0.306711316 -4.639599525 -0.065744951 0.997834742 0.001854855 0.336092039 0.306164324 0.018403176 0.951800764 0.941791011
2669333 0.876136462 1.558565260 0.500000000 0.500000000 0.000000000 0.000000000 0.941446245 0.060732171 -0.331648141 -3.901159581 -0.060110167 0.998117864 0.012143514 0.263770998 0.331761450 0.008502976 0.943324924 0.682209909
2736067 0.876136462 1.558565260 0.500000000 0.500000000 0.000000000 0.000000000 0.932082355 0.057334181 -0.357680321 -3.202049789 -0.053524170 0.998355031 0.020551683 0.070812596 0.358270288 -0.000011319 0.933617890 0.318994993
2802800 0.876136462 1.558565260 0.500000000 0.500000000 0.000000000 0.000000000 0.920238435 0.065734036 -0.385798216 -2.272950089 -0.058865104 0.997826874 0.029604232 0.010137409 0.386905849 -0.004532898 0.922108054 -0.027516602
2869533 0.876136462 1.558565260 0.500000000 0.500000000 0.000000000 0.000000000 0.907603145 0.076541133 -0.412792772 -1.337569838 -0.065336548 0.997011840 0.041213792 -0.069351718 0.414713830 -0.010435303 0.909892023 -0.331510969
2936267 0.876136462 1.558565260 0.500000000 0.500000000 0.000000000 0.000000000 0.896925211 0.094793275 -0.431901962 -0.293720963 -0.080846488 0.995442092 0.050585449 -0.062698012 0.434728533 -0.010453580 0.900500774 -0.416550889
3003000 0.876136462 1.558565260 0.500000000 0.500000000 0.000000000 0.000000000 0.885735989 0.107845686 -0.451487482 0.728450923 -0.092752673 0.994140923 0.055504143 -0.082235410 0.454828084 -0.007285321 0.890549421 -0.571544993
3069733 0.876136462 1.558565260 0.500000000 0.500000000 0.000000000 0.000000000 0.875481844 0.113663003 -0.469693631 1.743959725 -0.097184375 0.993499696 0.059274815 -0.115002014 0.473377854 -0.006247098 0.880837202 -0.688584738
3136467 0.876136462 1.558565260 0.500000000 0.500000000 0.000000000 0.000000000 0.868739545 0.099428877 -0.485185742 2.681179241 -0.082242116 0.995001137 0.056648098 -0.438590979 0.488392830 -0.009309700 0.872574091 -0.636495938
3203200 0.876136462 1.558565260 0.500000000 0.500000000 0.000000000 0.000000000 0.855939686 0.087142773 -0.509679973 3.716490983 -0.073867075 0.996193886 0.046274826 -0.426703046 0.511772573 -0.001959931 0.859118879 -0.492644253
3269933 0.876136462 1.558565260 0.500000000 0.500000000 0.000000000 0.000000000 0.844664335 0.075493820 -0.529946268 4.485890934 -0.069434248 0.997093081 0.031372499 -0.232261018 0.530774176 0.010297152 0.847450852 -0.475033230
3336667 0.876136462 1.558565260 0.500000000 0.500000000 0.000000000 0.000000000 0.833054781 0.072424635 -0.548428774 5.213348598 -0.068587363 0.997265637 0.027514188 -0.114459067 0.548921824 0.014694495 0.835744321 -0.288066165
3403400 0.876136462 1.558565260 0.500000000 0.500000000 0.000000000 0.000000000 0.821874499 0.070597552 -0.565276861 5.907667875 -0.069006778 0.997322023 0.024224551 0.007206381 0.565473318 0.019098429 0.824545264 -0.093130330
