https://www.youtube.com/watch?v=3sTY7DqkgsM
72272200 0.825749716 1.482699973 0.500000000 0.500000000 0.000000000 0.000000000 0.982961595 -0.108465739 0.148397177 -3.618020154 0.116534255 0.992084563 -0.046776660 -0.258644003 -0.142148882 0.063272998 0.987820983 1.245880167
72305567 0.825749716 1.482699973 0.500000000 0.500000000 0.000000000 0.000000000 0.981256366 -0.106768534 0.160425991 -3.277590184 0.116486564 0.991808057 -0.052418523 -0.253708984 -0.153515130 0.070123464 0.985655010 1.279060071
72338933 0.825749716 1.482699973 0.500000000 0.500000000 0.000000000 0.000000000 0.979384899 -0.105317213 0.172375858 -2.930149909 0.116848968 0.991445780 -0.058150806 -0.261965016 -0.164777040 0.077093981 0.983313262 1.284729852
72372300 0.825749716 1.482699973 0.500000000 0.500000000 0.000000000 0.000000000 0.977388322 -0.103837349 0.184200644 -2.579930071 0.117342748 0.991028905 -0.063971527 -0.307629015 -0.175905526 0.084139653 0.980804622 1.286679993
72405667 0.825749716 1.482699973 0.500000000 0.500000000 0.000000000 0.000000000 0.975168645 -0.102226123 0.196458489 -2.245240058 0.118013158 0.990514994 -0.070377246 -0.327005021 -0.187400669 0.091814384 0.977983177 1.275829986
72439033 0.825749716 1.482699973 0.500000000 0.500000000 0.000000000 0.000000000 0.972834647 -0.100418501 0.208587691 -1.906269981 0.118738227 0.989918530 -0.077216983 -0.340633981 -0.198730811 0.099886715 0.974950612 1.234850014
72472400 0.825749716 1.482699973 0.500000000 0.500000000 0.000000000 0.000000000 0.970337629 -0.098601431 0.220732033 -1.564689981 0.119636118 0.989256442 -0.084017433 -0.374686020 -0.210076362 0.107932784 0.971709073 1.177030063
72505767 0.825749716 1.482699973 0.500000000 0.500000000 0.000000000 0.000000000 0.967707276 -0.096968427 0.232679352 -1.255579931 0.120931968 0.988480270 -0.091006607 -0.387619989 -0.221174166 0.116206139 0.968286157 1.131649823
72539133 0.825749716 1.482699973 0.500000000 0.500000000 0.000000000 0.000000000 0.965087295 -0.095243409 0.243998453 -0.997844994 0.122324198 0.987608016 -0.098321937 -0.412547991 -0.231610313 0.124736138 0.964778543 1.065070051
72572500 0.825749716 1.482699973 0.500000000 0.500000000 0.000000000 0.000000000 0.963263154 -0.094035827 0.251557797 -0.735613958 0.123899780 0.986658752 -0.105609246 -0.438246961 -0.238270655 0.132897452 0.962063074 0.989785072
72605867 0.825749716 1.482699973 0.500000000 0.500000000 0.000000000 0.000000000 0.961521804 -0.092879996 0.258552045 -0.483608020 0.125641778 0.985597610 -0.113188148 -0.443972027 -0.244315356 0.141317785 0.959343195 0.910178067
72639233 0.825749716 1.482699973 0.500000000 0.500000000 0.000000000 0.000000000 0.959897399 -0.092042312 0.264811456 -0.222357969 0.127703235 0.984436274 -0.120735720 -0.445733944 -0.249577209 0.149711207 0.956711948 0.806393960
72672600 0.825749716 1.482699973 0.500000000 0.500000000 0.000000000 0.000000000 0.958262622 -0.091273524 0.270927608 0.025177415 0.129948825 0.983171582 -0.128401577 -0.445652012 -0.254648626 0.158249170 0.953997493 0.674987930
72705967 0.825749716 1.482699973 0.500000000 0.500000000 0.000000000 0.000000000 0.956571698 -0.090873174 0.276970357 0.241106981 0.132659644 0.981780350 -0.136046842 -0.419135957 -0.259561032 0.166881368 0.951198518 0.552153985
72739333 0.825749716 1.482699973 0.500000000 0.500000000 0.000000000 0.000000000 0.955007195 -0.090976223 0.282284677 0.425858039 0.135724366 0.980339527 -0.143224820 -0.383579013 -0.263704777 0.175093636 0.948578954 0.438643062
72772700 0.825749716 1.482699973 0.500000000 0.500000000 0.000000000 0.000000000 0.953763485 -0.090980411 0.286457151 0.613492957 0.138516158 0.978890181 -0.150290489 -0.364061966 -0.266736597 0.183020562 0.946232021 0.320612034
72806067 0.825749716 1.482699973 0.500000000 0.500000000 0.000000000 0.000000000 0.952680409 -0.091497734 0.289876133 0.780845986 0.141867727 0.977228165 -0.157793000 -0.327878001 -0.268837422 0.191450372 0.943966746 0.190129037
72839433 0.825749716 1.482699973 0.500000000 0.500000000 0.000000000 0.000000000 0.951955140 -0.092568539 0.291911632 0.943019875 0.145382941 0.975562453 -0.164747134 -0.275797933 -0.269527584 0.199270889 0.942149639 0.055064470
72872800 0.825749716 1.482699973 0.500000000 0.500000000 0.000000000 0.000000000 0.951569796 -0.094064102 0.292688966 1.096289983 0.148992807 0.973867714 -0.171414241 -0.224859969 -0.268916428 0.206721172 0.940717995 -0.072782927
72906167 0.825749716 1.482699973 0.500000000 0.500000000 0.000000000 0.000000000 0.951485217 -0.096059173 0.292315871 1.251540029 0.152760431 0.972142339 -0.177773982 -0.152042069 -0.267095834 0.213803589 0.939653099 -0.211055035
72939533 0.825749716 1.482699973 0.500000000 0.500000000 0.000000000 0.000000000 0.951557994 -0.098432139 0.291287661 1.394389921 0.156213060 0.970760882 -0.182265520 -0.055408765 -0.264829874 0.218939155 0.939111710 -0.342595950
72972900 0.825749716 1.482699973 0.500000000 0.500000000 0.000000000 0.000000000 0.951820850 -0.101518571 0.289363116 1.534349953 0.159810305 0.969558179 -0.185519889 0.035104098 -0.261720628 0.222824916 0.939069390 -0.488493963
73006267 0.825749716 1.482699973 0.500000000 0.500000000 0.000000000 0.000000000 0.952294767 -0.104783371 0.286627293 1.683470155 0.163077071 0.968590498 -0.187718764 0.131003934 -0.257954717 0.225505903 0.939471424 -0.646908127
73039633 0.825749716 1.482699973 0.500000000 0.500000000 0.000000000 0.000000000 0.952884614 -0.108650118 0.283206761 1.831130043 0.166356981 0.967899919 -0.188401371 0.227988031 -0.253645957 0.226638198 0.940371633 -0.791292948
73073000 0.825749716 1.482699973 0.500000000 0.500000000 0.000000000 0.000000000 0.953636408 -0.112215236 0.279258430 1.980629894 0.169175193 0.967289567 -0.189025417 0.328230025 -0.248912215 0.227505162 0.941426575 -0.959476858
73106367 0.825749716 1.482699973 0.500000000 0.500000000 0.000000000 0.000000000 0.954520047 -0.115547672 0.274845749 2.124710002 0.171629623 0.966738343 -0.189631879 0.425770070 -0.243792385 0.228179127 0.942602515 -1.154070045
73139733 0.825749716 1.482699973 0.500000000 0.500000000 0.000000000 0.000000000 0.955500007 -0.118955463 0.269943178 2.271569768 0.174057633 0.966164529 -0.190342069 0.527555960 -0.238167286 0.228857517 0.943875313 -1.316279962
73173100 0.825749716 1.482699973 0.500000000 0.500000000 0.000000000 0.000000000 0.956496835 -0.122170068 0.264930576 2.404369778 0.176372111 0.965509117 -0.191533357 0.618748016 -0.232393235 0.229927421 0.945053816 -1.473949857
73206467 0.825749716 1.482699973 0.500000000 0.500000000 0.000000000 0.000000000 0.957442999 -0.125797600 0.259764820 2.547639761 0.179131448 0.964695513 -0.193065956 0.713092952 -0.226306677 0.231381729 0.946175277 -1.623849618
73239833 0.825749716 1.482699973 0.500000000 0.500000000 0.000000000 0.000000000 0.958418846 -0.129212275 0.254435658 2.686160133 0.181640282 0.963896394 -0.194706202 0.792119989 -0.220091164 0.232825875 0.947286606 -1.745569736
73273200 0.825749716 1.482699973 0.500000000 0.500000000 0.000000000 0.000000000 0.959501386 -0.132276356 0.248716727 2.828089999 0.183660477 0.963197351 -0.196264446 0.858007081 -0.213602141 0.233995438 0.948483109 -1.846819891
73306567 0.825749716 1.482699973 0.500000000 0.500000000 0.000000000 0.000000000 0.960717142 -0.135331318 0.242297441 2.955120278 0.185496703 0.962509215 -0.197906509 0.917393080 -0.206430614 0.235077515 0.949802637 -1.922130333
73339933 0.825749716 1.482699973 0.500000000 0.500000000 0.000000000 0.000000000 0.962148607 -0.138086081 0.234951571 3.088029973 0.186771840 0.961933672 -0.199498847 0.968518967 -0.198459789 0.235829905 0.951313794 -1.981959835
73373300 0.825749716 1.482699973 0.500000000 0.500000000 0.000000000 0.000000000 0.963819325 -0.140697047 0.226399377 3.237130210 0.187619194 0.961402357 -0.201257288 1.023210015 -0.189344600 0.236452550 0.953015625 -2.039740193
73406667 0.825749716 1.482699973 0.500000000 0.500000000 0.000000000 0.000000000 0.965488732 -0.143304110 0.217475340 3.413670536 0.188312948 0.960939050 -0.202816308 1.084440123 -0.179916158 0.236770242 0.954761803 -2.131820306
73440033 0.825749716 1.482699973 0.500000000 0.500000000 0.000000000 0.000000000 0.967077136 -0.146083891 0.208377838 3.611720290 0.189069927 0.960519671 -0.204094499 1.145600001 -0.170336127 0.236773103 0.956516683 -2.199800515
73473400 0.825749716 1.482699973 0.500000000 0.500000000 0.000000000 0.000000000 0.968649864 -0.148453116 0.199196070 3.816930013 0.189410865 0.960152268 -0.205501959 1.198909977 -0.160751134 0.236789361 0.958170056 -2.241459958
73506767 0.825749716 1.482699973 0.500000000 0.500000000 0.000000000 0.000000000 0.970157206 -0.150960505 0.189752355 4.042400033 0.189822763 0.959756017 -0.206968069 1.245910099 -0.150871947 0.236810863 0.959769905 -2.254940020
73540133 0.825749716 1.482699973 0.500000000 0.500000000 0.000000000 0.000000000 0.971706212 -0.153488308 0.179522693 4.280530322 0.190002650 0.959475875 -0.208098590 1.292730062 -0.140307009 0.236320466 0.961491823 -2.247880077
73573500 0.825749716 1.482699973 0.500000000 0.500000000 0.000000000 0.000000000 0.973310173 -0.155958518 0.168357372 4.546249565 0.189879641 0.959282517 -0.209099904 1.334320035 -0.128891379 0.235486701 0.963292837 -2.217740351
73606867 0.825749716 1.482699973 0.500000000 0.500000000 0.000000000 0.000000000 0.974902868 -0.157913134 0.156932533 4.826199707 0.189171866 0.959236443 -0.209950894 1.358549978 -0.117381364 0.234368950 0.965035081 -2.181589467
