https://www.youtube.com/watch?v=gHPcTZH90lk
105240000 0.964761610 1.717845492 0.500000000 0.500000000 0.000000000 0.000000000 0.584500194 -0.004322488 0.811381400 0.223076753 0.085781232 0.994710922 -0.056495510 0.001867769 -0.806845725 0.102622993 0.581779480 0.193933772
105320000 0.964761610 1.717845492 0.500000000 0.500000000 0.000000000 0.000000000 0.597419798 0.002398472 0.801925123 0.195861009 0.080787450 0.994728208 -0.063160345 0.037186099 -0.797849000 0.102518722 0.594076514 -0.354918990
105400000 0.964761610 1.717845492 0.500000000 0.500000000 0.000000000 0.000000000 0.605501533 0.007513192 0.795809090 0.155490129 0.079160333 0.994427919 -0.069618583 0.031360004 -0.791897833 0.105150640 0.601532817 -0.707928405
105480000 0.964761610 1.717845492 0.500000000 0.500000000 0.000000000 0.000000000 0.614059091 0.010029491 0.789196134 0.081106993 0.079258516 0.994081080 -0.074302830 0.030406802 -0.785270214 0.108176850 0.609629571 -1.115499719
105560000 0.964761610 1.717845492 0.500000000 0.500000000 0.000000000 0.000000000 0.625018954 0.013338767 0.780495763 -0.069986926 0.080371261 0.993440688 -0.081339166 0.079409928 -0.776461244 0.113567933 0.619847238 -1.730150502
105640000 0.964761610 1.717845492 0.500000000 0.500000000 0.000000000 0.000000000 0.630447984 0.016712055 0.776051402 -0.189129027 0.079387575 0.993137598 -0.085879706 0.095194949 -0.772161007 0.115751542 0.624794841 -2.089789287
105720000 0.964761610 1.717845492 0.500000000 0.500000000 0.000000000 0.000000000 0.636657000 0.015087526 0.770999491 -0.368026925 0.081206262 0.992937803 -0.086487100 0.141477996 -0.766859472 0.117672607 0.630935609 -2.658600140
105800000 0.964761610 1.717845492 0.500000000 0.500000000 0.000000000 0.000000000 0.638908863 0.015209179 0.769131958 -0.519285715 0.081033185 0.992911756 -0.086947568 0.185617921 -0.765002549 0.117876790 0.633147597 -3.040819013
105880000 0.964761610 1.717845492 0.500000000 0.500000000 0.000000000 0.000000000 0.639987350 0.016070578 0.768217206 -0.684963423 0.079986006 0.992956340 -0.087406754 0.247439934 -0.764210820 0.117385849 0.634194016 -3.427078751
105960000 0.964761610 1.717845492 0.500000000 0.500000000 0.000000000 0.000000000 0.642622769 0.013695013 0.766060293 -0.897777024 0.081429139 0.992956698 -0.086059488 0.361129958 -0.761843264 0.117683418 0.636981428 -4.011359648
106040000 0.964761610 1.717845492 0.500000000 0.500000000 0.000000000 0.000000000 0.643914580 0.014353245 0.764962792 -1.010070018 0.081090279 0.992912233 -0.086888850 0.409923957 -0.760788083 0.117980048 0.638186753 -4.347590430
106120000 0.964761610 1.717845492 0.500000000 0.500000000 0.000000000 0.000000000 0.646400928 0.014427274 0.762861013 -1.112239375 0.083068050 0.992547512 -0.089157693 0.466466692 -0.758462071 0.121001028 0.640385270 -4.815786527
106200000 0.964761610 1.717845492 0.500000000 0.500000000 0.000000000 0.000000000 0.647519231 0.013723616 0.761925876 -1.149670546 0.084899783 0.992314219 -0.090025082 0.497367087 -0.757305324 0.122980297 0.641377330 -5.125551770
106280000 0.964761610 1.717845492 0.500000000 0.500000000 0.000000000 0.000000000 0.648115039 0.012817077 0.761434972 -1.179730775 0.086779460 0.992102504 -0.090564527 0.540908204 -0.756582320 0.124773122 0.641884267 -5.477703342
106360000 0.964761610 1.717845492 0.500000000 0.500000000 0.000000000 0.000000000 0.647764564 0.012003735 0.761746347 -1.214170540 0.088377684 0.991941273 -0.090784803 0.608534218 -0.756697357 0.126128525 0.641483545 -6.005122719
