https://www.youtube.com/watch?v=R1XwsqrDxvQ
60660600 0.723682927 1.291356434 0.500000000 0.500000000 0.000000000 0.000000000 0.984213054 0.021188088 0.175714880 -0.168215102 -0.017269682 0.999567568 -0.023799241 -0.053901970 -0.176143169 0.020388987 0.984153390 5.581530071
60727333 0.723682927 1.291356434 0.500000000 0.500000000 0.000000000 0.000000000 0.984641135 0.022395330 0.173147961 -0.180371909 -0.017518943 0.999407113 -0.029640393 -0.059722522 -0.173709109 0.026151778 0.984449685 5.427869602
60794067 0.723682927 1.291356434 0.500000000 0.500000000 0.000000000 0.000000000 0.984500110 0.023122376 0.173852950 -0.171390031 -0.017204614 0.999222636 -0.035469402 -0.072116196 -0.174537957 0.031928558 0.984132648 5.288889975
60860800 0.723682927 1.291356434 0.500000000 0.500000000 0.000000000 0.000000000 0.983173490 0.025832539 0.180838615 -0.137497930 -0.017421084 0.998697877 -0.047948595 -0.120911992 -0.181841761 0.043991383 0.982343316 5.137290124
60927533 0.723682927 1.291356434 0.500000000 0.500000000 0.000000000 0.000000000 0.982724071 0.023740435 0.183547691 -0.132967814 -0.014462126 0.998556674 -0.051724337 -0.138454046 -0.184510723 0.048176259 0.981649041 4.987620185
61061000 0.723682927 1.291356434 0.500000000 0.500000000 0.000000000 0.000000000 0.979176521 0.030534558 0.200701341 -0.079469255 -0.022844378 0.998917460 -0.040522046 -0.088076794 -0.201721385 0.035093337 0.978814065 4.689919920
61594867 0.723682927 1.291356434 0.500000000 0.500000000 0.000000000 0.000000000 0.960910201 0.020017624 0.276135683 0.045399383 0.001058840 0.997109771 -0.075967088 -0.196380006 -0.276858270 0.073289931 0.958111763 3.398370161
61661600 0.723682927 1.291356434 0.500000000 0.500000000 0.000000000 0.000000000 0.963092506 0.014065023 0.268802851 0.007249408 0.003415623 0.997914851 -0.064453334 -0.160522001 -0.269148916 0.062992647 0.961036265 3.242259553
61728333 0.723682927 1.291356434 0.500000000 0.500000000 0.000000000 0.000000000 0.964381158 0.006143507 0.264445007 -0.009581651 0.008963193 0.998397171 -0.055881523 -0.142836991 -0.264364481 0.056261361 0.962780356 3.091609648
61795067 0.723682927 1.291356434 0.500000000 0.500000000 0.000000000 0.000000000 0.966327071 0.006334559 0.257238835 -0.032795607 0.008709588 0.998318911 -0.057301663 -0.154156005 -0.257169396 0.057612590 0.964647412 2.923389784
61861800 0.723682927 1.291356434 0.500000000 0.500000000 0.000000000 0.000000000 0.968935609 0.016787715 0.246742621 -0.053591332 -0.004187990 0.998664200 -0.051500615 -0.124601022 -0.247277603 0.048867423 0.967711627 2.766240140
61928533 0.723682927 1.291356434 0.500000000 0.500000000 0.000000000 0.000000000 0.968445957 0.033090018 0.247017249 -0.037743855 -0.021522615 0.998547971 -0.049383141 -0.085933877 -0.248292670 0.042508453 0.967751920 2.599159850
61995267 0.723682927 1.291356434 0.500000000 0.500000000 0.000000000 0.000000000 0.967607617 0.027893405 0.250913262 -0.026776775 -0.020302761 0.999256015 -0.032790411 -0.026057108 -0.251641214 0.026634023 0.967454076 2.422310477
62062000 0.723682927 1.291356434 0.500000000 0.500000000 0.000000000 0.000000000 0.968148291 0.029655745 0.248614982 -0.015960544 -0.026906731 0.999533534 -0.014448874 0.053471508 -0.248927489 0.007299237 0.968494594 2.255239712
62128733 0.723682927 1.291356434 0.500000000 0.500000000 0.000000000 0.000000000 0.968635380 0.033302832 0.246244743 -0.016290481 -0.032305669 0.999445319 -0.008089302 0.074805305 -0.246377543 -0.000119514 0.969173908 2.111169970
62195467 0.723682927 1.291356434 0.500000000 0.500000000 0.000000000 0.000000000 0.970034540 0.032405924 0.240796253 -0.022054812 -0.029487181 0.999441624 -0.015715534 0.067761600 -0.241171077 0.008144205 0.970448434 1.954839977
62262200 0.723682927 1.291356434 0.500000000 0.500000000 0.000000000 0.000000000 0.970718741 0.030244239 0.238307536 -0.032422894 -0.023777734 0.999268115 -0.029963873 0.029153907 -0.239039361 0.023420084 0.970727444 1.780740172
62328933 0.723682927 1.291356434 0.500000000 0.500000000 0.000000000 0.000000000 0.971923769 0.018509086 0.234566987 -0.042282948 -0.009532004 0.999180138 -0.039347108 -0.006048001 -0.235102952 0.036006499 0.971303344 1.598090101
62395667 0.723682927 1.291356434 0.500000000 0.500000000 0.000000000 0.000000000 0.972634852 0.019808250 0.231493264 -0.053473636 -0.011656569 0.999264598 -0.036528509 -0.021072296 -0.232046604 0.032830488 0.972150505 1.408280113
62462400 0.723682927 1.291356434 0.500000000 0.500000000 0.000000000 0.000000000 0.972771704 0.021576134 0.230758816 -0.043759027 -0.014379387 0.999357700 -0.032823943 -0.024752412 -0.231318802 0.028612031 0.972457170 1.231060176
62529133 0.723682927 1.291356434 0.500000000 0.500000000 0.000000000 0.000000000 0.969402492 0.027630849 0.243916690 -0.041085102 -0.020829422 0.999320149 -0.030420095 -0.055197103 -0.244591385 0.024408672 0.969318986 1.072780075
62595867 0.723682927 1.291356434 0.500000000 0.500000000 0.000000000 0.000000000 0.968722284 0.028327877 0.246525303 -0.036673608 -0.023371646 0.999462068 -0.023007801 -0.040064900 -0.247044459 0.016526470 0.968863249 0.884264059
62662600 0.723682927 1.291356434 0.500000000 0.500000000 0.000000000 0.000000000 0.965038002 0.019826759 0.261359215 -0.038725696 -0.014558628 0.999650240 -0.022077657 -0.048140596 -0.261705518 0.017500751 0.964989126 0.722658994
62729333 0.723682927 1.291356434 0.500000000 0.500000000 0.000000000 0.000000000 0.967417359 0.011977610 0.252903491 -0.043871297 -0.004478025 0.999533594 -0.030208776 -0.039503997 -0.253147334 0.028091988 0.967019796 0.558786943
62796067 0.723682927 1.291356434 0.500000000 0.500000000 0.000000000 0.000000000 0.967758358 0.003046040 0.251862049 -0.049256704 0.009621730 0.998749971 -0.049049620 -0.046543197 -0.251696646 0.049891528 0.966519356 0.404882014
62862800 0.723682927 1.291356434 0.500000000 0.500000000 0.000000000 0.000000000 0.969718099 0.000606064 0.244226277 -0.045331899 0.015407100 0.997853279 -0.063651286 -0.039315905 -0.243740559 0.065486617 0.967627048 0.254054031
62929533 0.723682927 1.291356434 0.500000000 0.500000000 0.000000000 0.000000000 0.971042514 0.001497365 0.238902107 -0.049020599 0.018537797 0.996493220 -0.081594519 -0.032608300 -0.238186494 0.083660461 0.967609465 0.080850101
62996267 0.723682927 1.291356434 0.500000000 0.500000000 0.000000000 0.000000000 0.973621011 -0.007210014 0.228057429 -0.043259102 0.024811869 0.996919096 -0.074409224 -0.032569999 -0.226818308 0.078104906 0.970800281 -0.083033811
63063000 0.723682927 1.291356434 0.500000000 0.500000000 0.000000000 0.000000000 0.975268781 -0.015277201 0.220493704 -0.038490604 0.029856564 0.997570574 -0.062941030 -0.027405497 -0.218996465 0.067967594 0.973355532 -0.267465010
63129733 0.723682927 1.291356434 0.500000000 0.500000000 0.000000000 0.000000000 0.978946328 -0.015900146 0.203497693 -0.012735602 0.025036655 0.998786867 -0.042401884 -0.040180996 -0.202576622 0.046604071 0.978156805 -0.417184000
63196467 0.723682927 1.291356434 0.500000000 0.500000000 0.000000000 0.000000000 0.982838809 -0.011871409 0.184084222 0.021192602 0.018970164 0.999140739 -0.036849476 -0.045491197 -0.183488593 0.039709203 0.982219517 -0.560065983
63263200 0.723682927 1.291356434 0.500000000 0.500000000 0.000000000 0.000000000 0.982467651 -0.015787693 0.185763374 0.046448993 0.020761954 0.999475241 -0.024862509 -0.045230803 -0.185273364 0.028283421 0.982279897 -0.708855906
63463400 0.723682927 1.291356434 0.500000000 0.500000000 0.000000000 0.000000000 0.985531151 0.000244715 0.169494212 0.113702956 0.006098518 0.999300241 -0.036902897 0.006908734 -0.169384629 0.037402615 0.984840035 -1.155020070
63530133 0.723682927 1.291356434 0.500000000 0.500000000 0.000000000 0.000000000 0.985948324 -0.000876239 0.167048186 0.129786992 0.008599947 0.998926461 -0.045518599 0.037261997 -0.166828960 0.046315596 0.984897435 -1.301889948
63596867 0.723682927 1.291356434 0.500000000 0.500000000 0.000000000 0.000000000 0.984814107 -0.000506022 0.173611283 0.118724980 0.009763459 0.998574615 -0.052472930 0.048990006 -0.173337281 0.053371128 0.983415365 -1.457680108
63663600 0.723682927 1.291356434 0.500000000 0.500000000 0.000000000 0.000000000 0.983226240 -0.003293414 0.182360247 0.104514996 0.012639362 0.998663664 -0.050111450 0.053189406 -0.181951508 0.051575810 0.981953979 -1.620170009
63730333 0.723682927 1.291356434 0.500000000 0.500000000 0.000000000 0.000000000 0.979925394 -0.011201808 0.199049473 0.067543091 0.020035516 0.998898923 -0.042420801 0.043271597 -0.198355108 0.045557279 0.979070902 -1.791610027
63863800 0.723682927 1.291356434 0.500000000 0.500000000 0.000000000 0.000000000 0.968832493 -0.040486380 0.244385883 -0.042327041 0.043201692 0.999049783 -0.005758489 -0.018821012 -0.243920520 0.016136900 0.969660938 -2.107129725
63930533 0.723682927 1.291356434 0.500000000 0.500000000 0.000000000 0.000000000 0.962941468 -0.039538018 0.266796619 -0.111145953 0.043440484 0.999017775 -0.008738686 -0.011482517 -0.266189069 0.020004626 0.963713169 -2.263289595
63997267 0.723682927 1.291356434 0.500000000 0.500000000 0.000000000 0.000000000 0.959241152 -0.040457003 0.279677719 -0.165070998 0.046589307 0.998796761 -0.015310684 0.007286227 -0.278721780 0.027716635 0.959971845 -2.416709875
64064000 0.723682927 1.291356434 0.500000000 0.500000000 0.000000000 0.000000000 0.956866264 -0.044023339 0.287174046 -0.203144077 0.055695068 0.997915566 -0.032597490 0.060463381 -0.285140395 0.047185622 0.957323611 -2.564120083
64130733 0.723682927 1.291356434 0.500000000 0.500000000 0.000000000 0.000000000 0.954794586 -0.040152855 0.294542044 -0.238500976 0.059446238 0.996611893 -0.056841198 0.138398991 -0.291261762 0.071781091 0.953946531 -2.713890021
64197467 0.723682927 1.291356434 0.500000000 0.500000000 0.000000000 0.000000000 0.953128099 -0.043614104 0.299407065 -0.281619007 0.064584471 0.996076584 -0.060500477 0.168386942 -0.295593679 0.077001765 0.952205360 -2.889479840
64264200 0.723682927 1.291356434 0.500000000 0.500000000 0.000000000 0.000000000 0.955745757 -0.049463823 0.290005952 -0.261616097 0.069347531 0.995864868 -0.058686171 0.166192024 -0.285903901 0.076200247 0.955223799 -3.037040250
64330933 0.723682927 1.291356434 0.500000000 0.500000000 0.000000000 0.000000000 0.956172526 -0.042367451 0.289722472 -0.272339912 0.060518749 0.996706545 -0.053977329 0.151513971 -0.286481410 0.069145285 0.955587447 -3.195489885
64397667 0.723682927 1.291356434 0.500000000 0.500000000 0.000000000 0.000000000 0.958940029 -0.046163421 0.279826552 -0.250669021 0.061012279 0.997140825 -0.044583637 0.123098998 -0.276968330 0.059825893 0.959014773 -3.365699818
64464400 0.723682927 1.291356434 0.500000000 0.500000000 0.000000000 0.000000000 0.961489797 -0.046675507 0.270848185 -0.206275973 0.058169845 0.997708201 -0.034562442 0.092412714 -0.268614262 0.048986632 0.962001383 -3.506010135
64531133 0.723682927 1.291356434 0.500000000 0.500000000 0.000000000 0.000000000 0.962299347 -0.037622795 0.269377887 -0.193976933 0.049702384 0.998034775 -0.038160928 0.121847972 -0.267412782 0.050110966 0.962278187 -3.667819878
64597867 0.723682927 1.291356434 0.500000000 0.500000000 0.000000000 0.000000000 0.965134919 -0.030901972 0.259922415 -0.154748953 0.040010724 0.998754025 -0.029825393 0.102053030 -0.258676916 0.039185207 0.965168834 -3.832180399
64664600 0.723682927 1.291356434 0.500000000 0.500000000 0.000000000 0.000000000 0.969393909 -0.018601239 0.244804978 -0.083911250 0.027869854 0.999017715 -0.034451533 0.135136031 -0.243923664 0.040219780 0.968960106 -3.978650468
64731333 0.723682927 1.291356434 0.500000000 0.500000000 0.000000000 0.000000000 0.971706569 -0.015113155 0.235707372 -0.042816405 0.026155151 0.998698294 -0.043790095 0.187525010 -0.234738737 0.048716083 0.970836997 -4.117780409
64798067 0.723682927 1.291356434 0.500000000 0.500000000 0.000000000 0.000000000 0.975025773 -0.016385509 0.221486509 0.022271564 0.027446037 0.998520017 -0.046952497 0.217424018 -0.220389366 0.051858816 0.974032462 -4.248340100
64864800 0.723682927 1.291356434 0.500000000 0.500000000 0.000000000 0.000000000 0.974797785 -0.013902105 0.222656801 0.020508378 0.027069565 0.998052776 -0.056195535 0.273941014 -0.221441999 0.060806505 0.973275900 -4.374050297
64931533 0.723682927 1.291356434 0.500000000 0.500000000 0.000000000 0.000000000 0.975058615 -0.020973174 0.220954537 0.026284580 0.032320812 0.998330653 -0.047867469 0.252952028 -0.219581753 0.053815015 0.974108756 -4.497220566
64998267 0.723682927 1.291356434 0.500000000 0.500000000 0.000000000 0.000000000 0.973705590 -0.023991778 0.226543128 0.001056259 0.036006898 0.998146892 -0.049053784 0.262696009 -0.224946439 0.055921059 0.972765088 -4.604699674
65065000 0.723682927 1.291356434 0.500000000 0.500000000 0.000000000 0.000000000 0.971310198 -0.027170248 0.236258835 -0.055654001 0.039413102 0.998105168 -0.047251478 0.257963996 -0.234527320 0.055207536 0.970540583 -4.730519666
65131733 0.723682927 1.291356434 0.500000000 0.500000000 0.000000000 0.000000000 0.970591247 -0.029217631 0.238954008 -0.080177301 0.041328944 0.998093903 -0.045831341 0.249988075 -0.237159461 0.054359209 0.969948709 -4.852930510
65198467 0.723682927 1.291356434 0.500000000 0.500000000 0.000000000 0.000000000 0.968073606 -0.029743532 0.248894960 -0.142939161 0.042143852 0.998113751 -0.044640958 0.242863958 -0.247097701 0.053705133 0.967501104 -4.976279875
65265200 0.723682927 1.291356434 0.500000000 0.500000000 0.000000000 0.000000000 0.965468585 -0.033721164 0.258327842 -0.213316075 0.046179175 0.998036802 -0.042308919 0.238345965 -0.256393969 0.052777305 0.965130389 -5.113079923
65331933 0.723682927 1.291356434 0.500000000 0.500000000 0.000000000 0.000000000 0.964229345 -0.041680962 0.261771679 -0.247206767 0.053776212 0.997782886 -0.039209887 0.235868951 -0.259557009 0.051884420 0.964332998 -5.242729438
65398667 0.723682927 1.291356434 0.500000000 0.500000000 0.000000000 0.000000000 0.962904096 -0.040695179 0.266757637 -0.289574977 0.052790735 0.997869849 -0.038326636 0.235168972 -0.264629692 0.050987206 0.963001251 -5.367939704
65465400 0.723682927 1.291356434 0.500000000 0.500000000 0.000000000 0.000000000 0.961281002 -0.046123691 0.271682441 -0.334058991 0.057928413 0.997686207 -0.035587508 0.235712949 -0.269412398 0.049947735 0.961728692 -5.490869549
65532133 0.723682927 1.291356434 0.500000000 0.500000000 0.000000000 0.000000000 0.962109029 -0.042963449 0.269258857 -0.338039117 0.054617967 0.997860312 -0.035939056 0.243466997 -0.267138660 0.049283665 0.962397039 -5.614230408
65598867 0.723682927 1.291356434 0.500000000 0.500000000 0.000000000 0.000000000 0.964456975 -0.037326578 0.261590421 -0.309838831 0.048675161 0.998127759 -0.037036564 0.248781053 -0.259718239 0.048453119 0.964468122 -5.740440008
65665600 0.723682927 1.291356434 0.500000000 0.500000000 0.000000000 0.000000000 0.968422413 -0.037691314 0.246449620 -0.235279031 0.048208591 0.998159885 -0.036779627 0.246388061 -0.244609863 0.047499195 0.968457460 -5.873959996
65732333 0.723682927 1.291356434 0.500000000 0.500000000 0.000000000 0.000000000 0.971516967 -0.037882857 0.233922347 -0.166377072 0.048771225 0.997970700 -0.040937103 0.269336066 -0.231896833 0.051179759 0.971393108 -6.000580442
