https://www.youtube.com/watch?v=vaT0byPxja8
1208874333 0.904568985 1.608672550 0.500000000 0.500000000 0.000000000 0.000000000 0.998612165 -0.002589251 -0.052602142 0.187209990 0.002236845 0.999974668 -0.006757237 -0.026053899 0.052618302 0.006630196 0.998592675 1.327610020
1209141267 0.904568985 1.608672550 0.500000000 0.500000000 0.000000000 0.000000000 0.996814549 0.006620083 -0.079479180 0.092421001 -0.007873746 0.999849319 -0.015470441 -0.069930305 0.079364784 0.016046960 0.996716499 -0.057391798
1209208000 0.904568985 1.608672550 0.500000000 0.500000000 0.000000000 0.000000000 0.996966660 0.006810386 -0.077530935 0.070476706 -0.008145580 0.999823689 -0.016918221 -0.048915500 0.077402040 0.017498439 0.996846378 -0.439126040
1209274733 0.904568985 1.608672550 0.500000000 0.500000000 0.000000000 0.000000000 0.997286737 0.006080807 -0.073363416 0.050991894 -0.007428685 0.999808311 -0.018113749 -0.002660460 0.073239215 0.018609596 0.997140765 -0.749818014
1209341467 0.904568985 1.608672550 0.500000000 0.500000000 0.000000000 0.000000000 0.997811377 0.004750166 -0.065954015 0.034636310 -0.006022151 0.999799430 -0.019100530 0.054804100 0.065850049 0.019455912 0.997639835 -1.028630053
1209408200 0.904568985 1.608672550 0.500000000 0.500000000 0.000000000 0.000000000 0.998350978 0.002026670 -0.057369262 0.017215592 -0.003268954 0.999761999 -0.021568615 0.107081992 0.057311900 0.021720584 0.998120010 -1.337419903
1209474933 0.904568985 1.608672550 0.500000000 0.500000000 0.000000000 0.000000000 0.998657346 -0.000385697 -0.051801689 -0.004897586 -0.000851215 0.999715090 -0.023853654 0.131377999 0.051796131 0.023865720 0.998372495 -1.650140150
1209541667 0.904568985 1.608672550 0.500000000 0.500000000 0.000000000 0.000000000 0.998828948 -0.003061049 -0.048284713 -0.027542710 0.001810919 0.999662578 -0.025913369 0.126456025 0.048347745 0.025795583 0.998497427 -1.958940173
1209608400 0.904568985 1.608672550 0.500000000 0.500000000 0.000000000 0.000000000 0.998837173 -0.005283304 -0.047920071 -0.037496988 0.003941115 0.999598444 -0.028060293 0.109718999 0.048049077 0.027838806 0.998456955 -2.275099958
1209675133 0.904568985 1.608672550 0.500000000 0.500000000 0.000000000 0.000000000 0.998779595 -0.007150531 -0.048868686 -0.033882003 0.005687633 0.999533474 -0.030009031 0.097980301 0.049060464 0.029694460 0.998354316 -2.598380079
1209741867 0.904568985 1.608672550 0.500000000 0.500000000 0.000000000 0.000000000 0.998601079 -0.008290154 -0.052221868 -0.011428789 0.006704311 0.999513209 -0.030469684 0.098919199 0.052449044 0.030076949 0.998170555 -2.895360018
1209808600 0.904568985 1.608672550 0.500000000 0.500000000 0.000000000 0.000000000 0.998351157 -0.008545867 -0.056761738 0.015264287 0.006810085 0.999505341 -0.030703455 0.126447999 0.056996051 0.030266277 0.997915506 -3.245989821
1209875333 0.904568985 1.608672550 0.500000000 0.500000000 0.000000000 0.000000000 0.998068273 -0.007281625 -0.061698973 0.037539117 0.005292395 0.999462783 -0.032343220 0.174038007 0.061901338 0.031954203 0.997570634 -3.525000377
1209942067 0.904568985 1.608672550 0.500000000 0.500000000 0.000000000 0.000000000 0.997889161 -0.005547280 -0.064702600 0.038716040 0.003365872 0.999423802 -0.033774823 0.230420001 0.064852670 0.033485748 0.997332871 -3.817910135
1210008800 0.904568985 1.608672550 0.500000000 0.500000000 0.000000000 0.000000000 0.997813821 -0.003245892 -0.066008210 0.025893200 0.000949818 0.999394298 -0.034786325 0.284094973 0.066081136 0.034647580 0.997212529 -4.100829932
1210075533 0.904568985 1.608672550 0.500000000 0.500000000 0.000000000 0.000000000 0.997978389 0.000560603 -0.063551866 0.002522291 -0.002861331 0.999343455 -0.036117170 0.331659981 0.063489892 0.036226001 0.997324765 -4.358979766
1210142267 0.904568985 1.608672550 0.500000000 0.500000000 0.000000000 0.000000000 0.998537183 0.004187013 -0.053906567 -0.045058760 -0.006119751 0.999342442 -0.035738476 0.351422996 0.053721480 0.036016092 0.997906208 -4.603610101
1210209000 0.904568985 1.608672550 0.500000000 0.500000000 0.000000000 0.000000000 0.999357820 0.008194434 -0.034882382 -0.139592019 -0.009402434 0.999356687 -0.034608673 0.358299979 0.034576342 0.034914430 0.998791993 -4.854329618
1210275733 0.904568985 1.608672550 0.500000000 0.500000000 0.000000000 0.000000000 0.999897122 0.011493127 -0.008582690 -0.286087000 -0.011771522 0.999381959 -0.033123378 0.358914012 0.008196694 0.033221003 0.999414444 -5.125600460
