https://www.youtube.com/watch?v=glSYRMBFHvk
99732967 0.714963168 1.274968649 0.500000000 0.500000000 0.000000000 0.000000000 0.943459809 0.001472414 0.331483513 7.414289101 -0.011069440 0.999572396 0.027065551 2.462039998 -0.331301898 -0.029204598 0.943072677 4.624779563
99799700 0.714963168 1.274968649 0.500000000 0.500000000 0.000000000 0.000000000 0.935595453 -0.001492517 0.353070587 7.113979192 -0.009291264 0.999540687 0.028846035 2.443229819 -0.352951497 -0.030268693 0.935151815 4.327959658
99866433 0.714963168 1.274968649 0.500000000 0.500000000 0.000000000 0.000000000 0.925758719 -0.005675786 0.378072083 6.789690052 -0.006586005 0.999493599 0.031131523 2.411459815 -0.378057301 -0.031310264 0.925252557 4.058530045
99933167 0.714963168 1.274968649 0.500000000 0.500000000 0.000000000 0.000000000 0.914369643 -0.010074939 0.404754907 6.461839756 -0.003769130 0.999435246 0.033392105 2.383150202 -0.404862732 -0.032058302 0.913815260 3.801079384
99999900 0.714963168 1.274968649 0.500000000 0.500000000 0.000000000 0.000000000 0.901294589 -0.014519310 0.432963312 6.131470186 -0.000847082 0.999377191 0.035277206 2.367849944 -0.433205843 -0.032161910 0.900720954 3.591319905
100066633 0.714963168 1.274968649 0.500000000 0.500000000 0.000000000 0.000000000 0.886464179 -0.019566394 0.462383598 5.802351325 0.002729055 0.999309480 0.037055142 2.404990112 -0.462789327 -0.031586193 0.885905504 3.361680567
100133367 0.714963168 1.274968649 0.500000000 0.500000000 0.000000000 0.000000000 0.870608866 -0.024665842 0.491356909 5.482618579 0.006447703 0.999228656 0.038736351 2.462849969 -0.491933346 -0.030556081 0.870096385 3.146489521
100200100 0.714963168 1.274968649 0.500000000 0.500000000 0.000000000 0.000000000 0.853253365 -0.029327838 0.520671189 5.185259464 0.009834474 0.999144793 0.040162489 2.520819999 -0.521403730 -0.029148251 0.852812052 2.943600112
100266833 0.714963168 1.274968649 0.500000000 0.500000000 0.000000000 0.000000000 0.834955275 -0.034695432 0.549222946 4.900919593 0.013536046 0.999003470 0.042530742 2.571589968 -0.550151229 -0.028076958 0.834592819 2.743739360
100333567 0.714963168 1.274968649 0.500000000 0.500000000 0.000000000 0.000000000 0.814578533 -0.039937206 0.578676939 4.617540901 0.016943939 0.998839498 0.045083359 2.605129797 -0.579805851 -0.026918879 0.814309955 2.525020474
100400300 0.714963168 1.274968649 0.500000000 0.500000000 0.000000000 0.000000000 0.792646766 -0.045582905 0.607974827 4.330870548 0.020578248 0.998633265 0.048043650 2.625120062 -0.609333813 -0.025570590 0.792501450 2.315120558
100467033 0.714963168 1.274968649 0.500000000 0.500000000 0.000000000 0.000000000 0.769556344 -0.051151089 0.636526883 4.031639624 0.023934036 0.998396695 0.051294740 2.623800000 -0.638130128 -0.024239529 0.769546807 2.094180108
100533767 0.714963168 1.274968649 0.500000000 0.500000000 0.000000000 0.000000000 0.745922804 -0.056364372 0.663643241 3.719690403 0.026985390 0.998152137 0.054443721 2.615810133 -0.665485620 -0.022702146 0.746065378 1.860659694
100600500 0.714963168 1.274968649 0.500000000 0.500000000 0.000000000 0.000000000 0.722002089 -0.061407574 0.689160585 3.370820844 0.029828055 0.997890174 0.057667416 2.626110298 -0.691247821 -0.021079693 0.722310424 1.605560191
100667233 0.714963168 1.274968649 0.500000000 0.500000000 0.000000000 0.000000000 0.699406624 -0.065305926 0.711733818 2.991208383 0.032022178 0.997680068 0.060075641 2.649889859 -0.714005947 -0.019225998 0.699875236 1.351999288
100733967 0.714963168 1.274968649 0.500000000 0.500000000 0.000000000 0.000000000 0.678841293 -0.069433287 0.730995417 2.624292212 0.034560699 0.997437239 0.062646300 2.683770034 -0.733471751 -0.017263232 0.679501235 1.119760860
100800700 0.714963168 1.274968649 0.500000000 0.500000000 0.000000000 0.000000000 0.659000456 -0.072292171 0.748660326 2.287470169 0.036161356 0.997264445 0.064467236 2.708499836 -0.751272798 -0.015411366 0.659811854 0.933982044
100867433 0.714963168 1.274968649 0.500000000 0.500000000 0.000000000 0.000000000 0.638270259 -0.075231358 0.766127825 1.952751027 0.037642639 0.997072875 0.066548936 2.733660085 -0.768891811 -0.013637168 0.639233828 0.762242207
100934167 0.714963168 1.274968649 0.500000000 0.500000000 0.000000000 0.000000000 0.616414428 -0.078271978 0.783521414 1.625148251 0.039232001 0.996864319 0.068719655 2.753220071 -0.786443353 -0.011620605 0.617552340 0.601116734
101000900 0.714963168 1.274968649 0.500000000 0.500000000 0.000000000 0.000000000 0.591639996 -0.082078233 0.802013278 1.296429974 0.040981412 0.996579766 0.071758494 2.735539908 -0.805160046 -0.009587569 0.592980146 0.465197989
101067633 0.714963168 1.274968649 0.500000000 0.500000000 0.000000000 0.000000000 0.564412594 -0.085914589 0.821009457 0.935763357 0.042133324 0.996271133 0.075289771 2.687239866 -0.824416578 -0.007902589 0.565927863 0.338500925
101134367 0.714963168 1.274968649 0.500000000 0.500000000 0.000000000 0.000000000 0.536230206 -0.089945041 0.839265764 0.557338971 0.043156497 0.995927274 0.079160742 2.590339931 -0.842967808 -0.006228618 0.537927985 0.223194957
101201100 0.714963168 1.274968649 0.500000000 0.500000000 0.000000000 0.000000000 0.506516337 -0.093750238 0.857118249 0.168160905 0.042801008 0.995579660 0.083601534 2.412839829 -0.861167192 -0.005659990 0.508289993 0.145507023
101267833 0.714963168 1.274968649 0.500000000 0.500000000 0.000000000 0.000000000 0.474872828 -0.098342419 0.874542534 -0.230438027 0.042620942 0.995140672 0.088760704 2.192610035 -0.879021823 -0.004876230 0.476756692 0.067830487
101334567 0.714963168 1.274968649 0.500000000 0.500000000 0.000000000 0.000000000 0.442928910 -0.102901712 0.890631676 -0.599707814 0.041438449 0.994679630 0.094314992 1.921100070 -0.895598292 -0.004868403 0.444836438 -0.004667418
103403300 0.714963168 1.274968649 0.500000000 0.500000000 0.000000000 0.000000000 0.136074245 -0.147293180 0.979687691 -0.678118557 0.027737081 0.989064693 0.144850388 -1.913079851 -0.990309954 0.007463321 0.138671696 0.568085605
