https://www.youtube.com/watch?v=9bb1qmzlrAk
171466667 0.941320900 1.674031609 0.500000000 0.500000000 0.000000000 0.000000000 0.809204400 -0.079191223 0.582165658 6.313149088 0.107471690 0.994107366 -0.014157459 0.008590716 -0.577614009 0.074022621 0.812946856 0.211380946
171533333 0.941320900 1.674031609 0.500000000 0.500000000 0.000000000 0.000000000 0.799118280 -0.079558618 0.595886230 5.465520062 0.109217517 0.993922532 -0.013765389 0.056140751 -0.591169596 0.076081395 0.802950859 0.239337901
171600000 0.941320900 1.674031609 0.500000000 0.500000000 0.000000000 0.000000000 0.789484382 -0.077883519 0.608809292 4.610661055 0.108098902 0.994054973 -0.013012137 -0.062575465 -0.604176462 0.076084465 0.793210030 0.069993983
171700000 0.941320900 1.674031609 0.500000000 0.500000000 0.000000000 0.000000000 0.772691607 -0.079001412 0.629846573 3.261220717 0.110828817 0.993775070 -0.011315245 -0.036932831 -0.625031948 0.078548312 0.776637316 0.167233043
171766667 0.941320900 1.674031609 0.500000000 0.500000000 0.000000000 0.000000000 0.761688173 -0.076195970 0.643448234 2.335330712 0.108694285 0.994014800 -0.010958537 -0.168368053 -0.638762116 0.078286089 0.765411377 0.077972446
171833333 0.941320900 1.674031609 0.500000000 0.500000000 0.000000000 0.000000000 0.749802232 -0.077592134 0.657096744 1.441310173 0.111661732 0.993695199 -0.010076575 -0.083083314 -0.652171969 0.080927990 0.753738940 0.176888010
171900000 0.941320900 1.674031609 0.500000000 0.500000000 0.000000000 0.000000000 0.738019586 -0.076650143 0.670411587 0.563681952 0.111702666 0.993697643 -0.009354971 -0.124885980 -0.665469408 0.081790939 0.741930366 0.212390963
171966667 0.941320900 1.674031609 0.500000000 0.500000000 0.000000000 0.000000000 0.726450443 -0.076006308 0.683002412 -0.321706878 0.112161577 0.993651688 -0.008720316 -0.147683976 -0.678003728 0.082941577 0.730363727 0.095385247
172033333 0.941320900 1.674031609 0.500000000 0.500000000 0.000000000 0.000000000 0.715165436 -0.074850626 0.694935858 -1.122060005 0.112091355 0.993663013 -0.008328199 -0.157192007 -0.689908683 0.083852336 0.719023526 0.117724967
172100000 0.941320900 1.674031609 0.500000000 0.500000000 0.000000000 0.000000000 0.704096913 -0.074385524 0.706196845 -1.837179318 0.113064244 0.993554890 -0.008074343 -0.111667017 -0.701044738 0.085530765 0.707969308 0.211538957
172166667 0.941320900 1.674031609 0.500000000 0.500000000 0.000000000 0.000000000 0.692948461 -0.072965302 0.717285693 -2.585510634 0.112716906 0.993596375 -0.007819712 -0.114013950 -0.712121904 0.086268850 0.696735501 0.189458079
172233333 0.941320900 1.674031609 0.500000000 0.500000000 0.000000000 0.000000000 0.681575537 -0.073030576 0.728094101 -3.260028915 0.113791406 0.993480921 -0.006871291 -0.059754720 -0.722845793 0.087534189 0.685442567 0.310562962
172300000 0.941320900 1.674031609 0.500000000 0.500000000 0.000000000 0.000000000 0.670270979 -0.074212633 0.738396823 -3.903662393 0.115922473 0.993243575 -0.005401272 -0.005955900 -0.733007014 0.089217022 0.674345255 0.314659175
172366667 0.941320900 1.674031609 0.500000000 0.500000000 0.000000000 0.000000000 0.658890367 -0.075066358 0.748484373 -4.518981526 0.117365003 0.993081868 -0.003719036 0.019539227 -0.743027091 0.090296268 0.663142204 0.370883301
172433333 0.941320900 1.674031609 0.500000000 0.500000000 0.000000000 0.000000000 0.647594154 -0.074624956 0.758322477 -5.154410063 0.117884591 0.993022919 -0.002950035 0.027538891 -0.752811432 0.091304950 0.651872993 0.334843881
172500000 0.941320900 1.674031609 0.500000000 0.500000000 0.000000000 0.000000000 0.635522962 -0.074913755 0.768438935 -5.819709339 0.118823767 0.992914259 -0.001473486 0.043351484 -0.762883544 0.092245258 0.639921308 0.242824836
