https://www.youtube.com/watch?v=qPuZqUe53ZM
20420400 1.009127575 1.809470268 0.500000000 0.500000000 0.000000000 0.000000000 0.999858141 0.005646753 -0.015868438 0.729375005 -0.005597991 0.999979496 0.003115643 -0.845350012 0.015885705 -0.003026370 0.999869227 3.314019822
20487133 1.009127575 1.809470268 0.500000000 0.500000000 0.000000000 0.000000000 0.999977648 0.002563713 -0.006170482 0.601310008 -0.002557536 0.999996245 0.001008632 -0.760224988 0.006173044 -0.000992828 0.999980450 2.980520217
20887533 1.009127575 1.809470268 0.500000000 0.500000000 0.000000000 0.000000000 0.999916792 0.004313115 0.012155682 -0.088000090 -0.003937538 0.999519229 -0.030753540 -0.466672007 -0.012282481 0.030703118 0.999453068 1.132740059
20954267 1.009127575 1.809470268 0.500000000 0.500000000 0.000000000 0.000000000 0.999951959 0.006880431 0.006977582 -0.166355996 -0.006617086 0.999290109 -0.037087154 -0.416218007 -0.007227804 0.037039202 0.999287665 0.768504064
21021000 1.009127575 1.809470268 0.500000000 0.500000000 0.000000000 0.000000000 0.999979496 0.005810631 0.002688210 -0.224748001 -0.005691906 0.999091148 -0.042243656 -0.331795058 -0.002931229 0.042227488 0.999103725 0.379211015
21087733 1.009127575 1.809470268 0.500000000 0.500000000 0.000000000 0.000000000 0.999988317 0.004809025 -0.000453234 -0.258639988 -0.004825169 0.998850286 -0.047694691 -0.218514978 0.000223348 0.047696322 0.998861849 -0.041107501
21154467 1.009127575 1.809470268 0.500000000 0.500000000 0.000000000 0.000000000 0.999970317 0.007032971 -0.003139780 -0.286101971 -0.007191883 0.998522997 -0.053852770 -0.084124103 0.002756398 0.053873751 0.998543978 -0.494340044
21221200 1.009127575 1.809470268 0.500000000 0.500000000 0.000000000 0.000000000 0.999915898 0.011573378 -0.005848426 -0.290529003 -0.011904368 0.998118579 -0.060146783 0.099438507 0.005141322 0.060211349 0.998172402 -0.960938984
21287933 1.009127575 1.809470268 0.500000000 0.500000000 0.000000000 0.000000000 0.999813139 0.017366417 -0.008494166 -0.297296009 -0.017877907 0.997764409 -0.064394116 0.306760033 0.007356881 0.064533934 0.997888386 -1.437549918
21354667 1.009127575 1.809470268 0.500000000 0.500000000 0.000000000 0.000000000 0.999678910 0.022997957 -0.010638888 -0.289389994 -0.023645248 0.997581840 -0.065355487 0.517902991 0.009110118 0.065586068 0.997805357 -1.911820088
21421400 1.009127575 1.809470268 0.500000000 0.500000000 0.000000000 0.000000000 0.999569774 0.027087251 -0.011251877 -0.296286005 -0.027728083 0.997730732 -0.061355852 0.724781941 0.009564382 0.061641447 0.998052537 -2.379370021
21488133 1.009127575 1.809470268 0.500000000 0.500000000 0.000000000 0.000000000 0.999490142 0.029992325 -0.010949078 -0.306921006 -0.030509634 0.998252153 -0.050613821 0.860323976 0.009411915 0.050922066 0.998658299 -2.843000048
21554867 1.009127575 1.809470268 0.500000000 0.500000000 0.000000000 0.000000000 0.999457479 0.031294260 -0.010268831 -0.368133037 -0.031712566 0.998551011 -0.043476045 0.970355999 0.008893399 0.043778107 0.999001682 -3.281769717
21621600 1.009127575 1.809470268 0.500000000 0.500000000 0.000000000 0.000000000 0.999585867 0.026958808 -0.010067576 -0.474631061 -0.027371857 0.998681307 -0.043432947 1.069239966 0.008883399 0.043690529 0.999005616 -3.701280251
21688333 1.009127575 1.809470268 0.500000000 0.500000000 0.000000000 0.000000000 0.999595523 0.026799023 -0.009518358 -0.600705037 -0.027243976 0.998368382 -0.050183054 1.197769950 0.008157969 0.050422076 0.998694658 -4.126739705
21755067 1.009127575 1.809470268 0.500000000 0.500000000 0.000000000 0.000000000 0.999607265 0.027207481 -0.006709611 -0.719810988 -0.027536629 0.998097897 -0.055157524 1.332440053 0.005196151 0.055320624 0.998455107 -4.542559761
21821800 1.009127575 1.809470268 0.500000000 0.500000000 0.000000000 0.000000000 0.999679685 0.025028409 0.003753673 -0.917293983 -0.024761183 0.997923613 -0.059458572 1.465769963 -0.005234033 0.059346583 0.998223722 -4.956170214
21888533 1.009127575 1.809470268 0.500000000 0.500000000 0.000000000 0.000000000 0.999684453 0.021128582 0.013585748 -1.116480063 -0.020239150 0.997835279 -0.062571339 1.579419990 -0.014878383 0.062276632 0.997948050 -5.354750339
21955267 1.009127575 1.809470268 0.500000000 0.500000000 0.000000000 0.000000000 0.999428868 0.014151292 0.030687360 -1.382079994 -0.012103418 0.997751355 -0.065921754 1.687419839 -0.031551234 0.065512687 0.997352779 -5.730559272
22022000 1.009127575 1.809470268 0.500000000 0.500000000 0.000000000 0.000000000 0.998879313 0.012860298 0.045549709 -1.633210048 -0.009635549 0.997477829 -0.070321292 1.799569916 -0.046339180 0.069803581 0.996483862 -6.064339934
