https://www.youtube.com/watch?v=lSZsVlmQYBI
9209200 0.952151296 1.693292214 0.500000000 0.500000000 0.000000000 0.000000000 0.996766567 -0.001376415 0.080340296 -6.494570143 0.006150837 0.998226583 -0.059210293 -0.533197015 -0.080116317 0.059513003 0.995007336 2.699209938
9275933 0.952151296 1.693292214 0.500000000 0.500000000 0.000000000 0.000000000 0.995191336 -0.003091549 0.097901262 -6.320650120 0.009264158 0.997992098 -0.062657684 -0.558813006 -0.097510971 0.063263357 0.993221700 2.745929938
9342667 0.952151296 1.693292214 0.500000000 0.500000000 0.000000000 0.000000000 0.993337333 -0.004444035 0.115157120 -6.149909741 0.012137454 0.997732997 -0.066193312 -0.582381047 -0.114601888 0.067149997 0.991139412 2.786470017
9409400 0.952151296 1.693292214 0.500000000 0.500000000 0.000000000 0.000000000 0.991300881 -0.006406692 0.131459266 -5.972119670 0.015607136 0.997489274 -0.069076642 -0.609579051 -0.130686641 0.070527434 0.988911986 2.813270106
9476133 0.952151296 1.693292214 0.500000000 0.500000000 0.000000000 0.000000000 0.989159584 -0.008873951 0.146576017 -5.784979635 0.019598583 0.997220218 -0.071886584 -0.637733925 -0.145530641 0.073979989 0.986583889 2.819089771
9542867 0.952151296 1.693292214 0.500000000 0.500000000 0.000000000 0.000000000 0.986846387 -0.010996718 0.161286309 -5.600570177 0.023279063 0.996952116 -0.074461810 -0.662942935 -0.159975901 0.077236958 0.984094620 2.821980108
9609600 0.952151296 1.693292214 0.500000000 0.500000000 0.000000000 0.000000000 0.984404802 -0.013116004 0.175428495 -5.412819593 0.026957246 0.996685803 -0.076750912 -0.685477036 -0.173840418 0.080283038 0.981495857 2.805989892
9676333 0.952151296 1.693292214 0.500000000 0.500000000 0.000000000 0.000000000 0.981875718 -0.014530230 0.188968122 -5.225850136 0.030222874 0.996302009 -0.080429479 -0.693769003 -0.187100649 0.084682912 0.978683889 2.790689998
9743067 0.952151296 1.693292214 0.500000000 0.500000000 0.000000000 0.000000000 0.979267418 -0.015135757 0.202005535 -5.040440110 0.032749478 0.995915711 -0.084139004 -0.697617028 -0.199906975 0.089010164 0.975763440 2.762859712
9809800 0.952151296 1.693292214 0.500000000 0.500000000 0.000000000 0.000000000 0.976164639 -0.015349732 0.216487929 -4.864670032 0.035226792 0.995474517 -0.088258386 -0.695900987 -0.214153484 0.093780890 0.972287714 2.752949760
9876533 0.952151296 1.693292214 0.500000000 0.500000000 0.000000000 0.000000000 0.972181797 -0.015745103 0.233697876 -4.706490248 0.038115188 0.995073795 -0.091517098 -0.698189053 -0.231105700 0.097878687 0.967992723 2.744060170
9943267 0.952151296 1.693292214 0.500000000 0.500000000 0.000000000 0.000000000 0.968249261 -0.015657533 0.249495924 -4.541430265 0.040296678 0.994760454 -0.093956403 -0.698286951 -0.246717542 0.101027079 0.963807046 2.723289983
10010000 0.952151296 1.693292214 0.500000000 0.500000000 0.000000000 0.000000000 0.964083314 -0.015819343 0.265128464 -4.375720276 0.042660780 0.994487047 -0.095789179 -0.696968899 -0.262151510 0.103659332 0.959443271 2.703560340
10076733 0.952151296 1.693292214 0.500000000 0.500000000 0.000000000 0.000000000 0.959293962 -0.015975563 0.281957328 -4.216800141 0.045001402 0.994288802 -0.096770860 -0.699512974 -0.278801084 0.105520166 0.954534173 2.683820165
10143467 0.952151296 1.693292214 0.500000000 0.500000000 0.000000000 0.000000000 0.953658104 -0.015980482 0.300467849 -4.066760607 0.047478192 0.994070828 -0.097821638 -0.701889899 -0.297123075 0.107554063 0.948762417 2.665480194
10210200 0.952151296 1.693292214 0.500000000 0.500000000 0.000000000 0.000000000 0.947625875 -0.015416093 0.319010019 -3.918539248 0.049839050 0.993735850 -0.100025751 -0.698064123 -0.315469682 0.110686161 0.942458153 2.651809691
10276933 0.952151296 1.693292214 0.500000000 0.500000000 0.000000000 0.000000000 0.940963745 -0.014482990 0.338197500 -3.774700091 0.051779553 0.993484974 -0.101520739 -0.696928963 -0.334523827 0.113039039 0.935583234 2.633980223
10343667 0.952151296 1.693292214 0.500000000 0.500000000 0.000000000 0.000000000 0.934188545 -0.013589760 0.356521040 -3.625290448 0.053841144 0.993200183 -0.103221029 -0.690771903 -0.352694005 0.115623385 0.928567886 2.617340440
10410400 0.952151296 1.693292214 0.500000000 0.500000000 0.000000000 0.000000000 0.926452279 -0.012574861 0.376202345 -3.483490501 0.055754095 0.993001759 -0.104110666 -0.685267950 -0.372260392 0.117428370 0.920669794 2.591610285
10477133 0.952151296 1.693292214 0.500000000 0.500000000 0.000000000 0.000000000 0.917888701 -0.012327755 0.396646440 -3.344660396 0.057923347 0.992974699 -0.103180155 -0.684594003 -0.392587900 0.117682979 0.912154317 2.564050160
10543867 0.952151296 1.693292214 0.500000000 0.500000000 0.000000000 0.000000000 0.908779204 -0.012061743 0.417103082 -3.201730310 0.060159482 0.992926478 -0.102361523 -0.673387894 -0.412918061 0.118116714 0.903076589 2.525280353
10610600 0.952151296 1.693292214 0.500000000 0.500000000 0.000000000 0.000000000 0.898765504 -0.011520790 0.438278377 -3.068810401 0.062544867 0.992799640 -0.102161892 -0.657142982 -0.433945596 0.119231634 0.893014610 2.490560081
10677333 0.952151296 1.693292214 0.500000000 0.500000000 0.000000000 0.000000000 0.888538897 -0.011118291 0.458666503 -2.933029642 0.065170772 0.992627978 -0.102188475 -0.632159005 -0.454149008 0.120690085 0.882713139 2.464139517
10744067 0.952151296 1.693292214 0.500000000 0.500000000 0.000000000 0.000000000 0.877819479 -0.010486294 0.478876680 -2.800239850 0.067176491 0.992574632 -0.101404771 -0.608362072 -0.474257499 0.121184349 0.872005820 2.432439986
10810800 0.952151296 1.693292214 0.500000000 0.500000000 0.000000000 0.000000000 0.866700411 -0.010128550 0.498726457 -2.668530918 0.069098920 0.992592871 -0.099923685 -0.585896940 -0.494020253 0.121065333 0.860980511 2.397840630
10877533 0.952151296 1.693292214 0.500000000 0.500000000 0.000000000 0.000000000 0.855447769 -0.010254608 0.517787635 -2.533459996 0.070893623 0.992710829 -0.097464539 -0.567857098 -0.513013899 0.120083652 0.849939227 2.359830099
10944267 0.952151296 1.693292214 0.500000000 0.500000000 0.000000000 0.000000000 0.843938947 -0.010337543 0.536339760 -2.401030655 0.072192490 0.992907763 -0.094458513 -0.548853973 -0.531559467 0.118436910 0.838699818 2.308450427
11011000 0.952151296 1.693292214 0.500000000 0.500000000 0.000000000 0.000000000 0.832530975 -0.010939674 0.553870499 -2.263670031 0.073144637 0.993222475 -0.090327345 -0.534604019 -0.549128473 0.115712963 0.827688634 2.252550054
11077733 0.952151296 1.693292214 0.500000000 0.500000000 0.000000000 0.000000000 0.821019769 -0.010821549 0.570797563 -2.128540963 0.073072635 0.993588507 -0.086268723 -0.518980943 -0.566204309 0.112537980 0.816546559 2.190980787
11144467 0.952151296 1.693292214 0.500000000 0.500000000 0.000000000 0.000000000 0.809447527 -0.010562161 0.587097168 -1.994130065 0.072409280 0.994002581 -0.081950113 -0.504176093 -0.582710505 0.108845606 0.805357695 2.119749867
11211200 0.952151296 1.693292214 0.500000000 0.500000000 0.000000000 0.000000000 0.797477663 -0.010288049 0.603260636 -1.859129775 0.071550965 0.994411588 -0.077627674 -0.487637021 -0.599090695 0.105070218 0.793757141 2.038799481
11277933 0.952151296 1.693292214 0.500000000 0.500000000 0.000000000 0.000000000 0.785681486 -0.010275774 0.618545532 -1.723549162 0.071405180 0.994685590 -0.074174821 -0.468100044 -0.614496112 0.102445170 0.782239795 1.962969128
11344667 0.952151296 1.693292214 0.500000000 0.500000000 0.000000000 0.000000000 0.774416924 -0.010183100 0.632593393 -1.580639411 0.072042346 0.994786382 -0.072180256 -0.435244007 -0.628560305 0.101471156 0.771112978 1.870449514
11411400 0.952151296 1.693292214 0.500000000 0.500000000 0.000000000 0.000000000 0.761773884 -0.011500780 0.647740722 -1.445859534 0.073691905 0.994891167 -0.069000632 -0.406215017 -0.643637896 0.100296140 0.758729637 1.790019328
11478133 0.952151296 1.693292214 0.500000000 0.500000000 0.000000000 0.000000000 0.750488818 -0.013634162 0.660742462 -1.319259894 0.075706676 0.994979203 -0.065458640 -0.380146023 -0.656532586 0.099148586 0.747753024 1.733720062
11544867 0.952151296 1.693292214 0.500000000 0.500000000 0.000000000 0.000000000 0.743237197 -0.014226284 0.668876529 -1.203719695 0.075626135 0.995152414 -0.062867820 -0.358651029 -0.664739728 0.097310275 0.740710139 1.658719624
11611600 0.952151296 1.693292214 0.500000000 0.500000000 0.000000000 0.000000000 0.737242222 -0.015817231 0.675443530 -1.118000374 0.076373152 0.995269120 -0.060054086 -0.337527978 -0.671298265 0.095860146 0.734962463 1.554460688
11678333 0.952151296 1.693292214 0.500000000 0.500000000 0.000000000 0.000000000 0.735251784 -0.015854964 0.677608967 -1.049720533 0.075653858 0.995398998 -0.058798917 -0.315881993 -0.673559070 0.094495706 0.733068347 1.451460749
11745067 0.952151296 1.693292214 0.500000000 0.500000000 0.000000000 0.000000000 0.738403916 -0.015158601 0.674188435 -0.980352111 0.073918030 0.995542645 -0.058574632 -0.292199002 -0.670295417 0.093086407 0.736232996 1.312000128
11811800 0.952151296 1.693292214 0.500000000 0.500000000 0.000000000 0.000000000 0.744029641 -0.013316538 0.668013990 -0.937593224 0.071116775 0.995700121 -0.059360608 -0.271524027 -0.664351165 0.091673046 0.741777420 1.178590290
11878533 0.952151296 1.693292214 0.500000000 0.500000000 0.000000000 0.000000000 0.752922297 -0.010551538 0.658024907 -0.905677971 0.067640081 0.995817065 -0.061426766 -0.249794019 -0.654624224 0.090758435 0.750486612 1.054280086
11945267 0.952151296 1.693292214 0.500000000 0.500000000 0.000000000 0.000000000 0.764890492 -0.007550640 0.644116044 -0.883069980 0.063485704 0.995946765 -0.063714564 -0.231083986 -0.641024232 0.089626834 0.762269616 0.910359992
12012000 0.952151296 1.693292214 0.500000000 0.500000000 0.000000000 0.000000000 0.780883372 -0.003178822 0.624669135 -0.859821404 0.057928927 0.996046484 -0.067346916 -0.209947965 -0.621985376 0.088776469 0.777980328 0.747075339
12078733 0.952151296 1.693292214 0.500000000 0.500000000 0.000000000 0.000000000 0.799572408 0.000403760 0.600569785 -0.835907268 0.052946605 0.996058643 -0.071160495 -0.191421993 -0.598231494 0.088696092 0.796399593 0.575763184
12145467 0.952151296 1.693292214 0.500000000 0.500000000 0.000000000 0.000000000 0.820007741 0.004699253 0.572333217 -0.807662075 0.047936782 0.995889008 -0.076858178 -0.164626002 -0.570341587 0.090460107 0.816411436 0.409429102
12212200 0.952151296 1.693292214 0.500000000 0.500000000 0.000000000 0.000000000 0.839520454 0.010170007 0.543233216 -0.772867315 0.042186648 0.995586276 -0.083834566 -0.133162973 -0.541688144 0.093298011 0.835385978 0.256527122
12278933 0.952151296 1.693292214 0.500000000 0.500000000 0.000000000 0.000000000 0.857914567 0.014295514 0.513593674 -0.730146138 0.037200734 0.995260954 -0.089843117 -0.106888974 -0.512444019 0.096183769 0.853317022 0.118810976
12345667 0.952151296 1.693292214 0.500000000 0.500000000 0.000000000 0.000000000 0.875906110 0.017964575 0.482147187 -0.663566095 0.032735385 0.994791090 -0.096535139 -0.076296687 -0.481369942 0.100338988 0.870755494 0.014337513
12412400 0.952151296 1.693292214 0.500000000 0.500000000 0.000000000 0.000000000 0.894110203 0.019360648 0.447428375 -0.571580045 0.029437562 0.994363785 -0.101853065 -0.051397900 -0.446878523 0.104239069 0.888500869 -0.076080587
12479133 0.952151296 1.693292214 0.500000000 0.500000000 0.000000000 0.000000000 0.909303069 0.022432372 0.415529341 -0.481337953 0.024720348 0.993870676 -0.107749633 -0.026706814 -0.415399522 0.108249106 0.903175116 -0.175641000
12545867 0.952151296 1.693292214 0.500000000 0.500000000 0.000000000 0.000000000 0.922102392 0.024619063 0.386161804 -0.375373943 0.020716717 0.993401587 -0.112801179 -0.005900878 -0.386390805 0.112014234 0.915507913 -0.253177923
12612600 0.952151296 1.693292214 0.500000000 0.500000000 0.000000000 0.000000000 0.931692421 0.026846083 0.362254679 -0.272405000 0.016601657 0.993076146 -0.116293363 0.006657506 -0.362868488 0.114363678 0.924795806 -0.321771991
12679333 0.952151296 1.693292214 0.500000000 0.500000000 0.000000000 0.000000000 0.938321710 0.030071406 0.344453514 -0.174232041 0.012060976 0.992757976 -0.119524814 0.016205303 -0.345553219 0.116307177 0.931163669 -0.379270055
12746067 0.952151296 1.693292214 0.500000000 0.500000000 0.000000000 0.000000000 0.944266856 0.034064509 0.327413648 -0.032234990 0.006606770 0.992469728 -0.122311823 0.020632498 -0.329114646 0.117658146 0.936931252 -0.452127997
12812800 0.952151296 1.693292214 0.500000000 0.500000000 0.000000000 0.000000000 0.949409604 0.040361710 0.311436027 0.144221016 -0.000643175 0.991954267 -0.126595318 0.032128302 -0.314039916 0.119990498 0.941796839 -0.528886977
12879533 0.952151296 1.693292214 0.500000000 0.500000000 0.000000000 0.000000000 0.952590525 0.045117348 0.300891429 0.316655006 -0.005571917 0.991365314 -0.131010726 0.047692702 -0.304204196 0.123123035 0.944616616 -0.576529015
12946267 0.952151296 1.693292214 0.500000000 0.500000000 0.000000000 0.000000000 0.954059899 0.051660910 0.295128375 0.489739966 -0.011335606 0.990541399 -0.136745200 0.069638830 -0.299401253 0.127117649 0.945621431 -0.621260998
13013000 0.952151296 1.693292214 0.500000000 0.500000000 0.000000000 0.000000000 0.952950060 0.057417531 0.297639608 0.619435983 -0.015093286 0.989666462 -0.142592028 0.094901222 -0.302751243 0.131390706 0.943969369 -0.643742036
13079733 0.952151296 1.693292214 0.500000000 0.500000000 0.000000000 0.000000000 0.950268090 0.062991932 0.304996043 0.739893073 -0.018256303 0.988913953 -0.147363275 0.115916016 -0.310897559 0.134466499 0.940883338 -0.669550031
13146467 0.952151296 1.693292214 0.500000000 0.500000000 0.000000000 0.000000000 0.948120773 0.070475265 0.310000539 0.873154991 -0.023445513 0.987964094 -0.152896151 0.137299973 -0.317044795 0.137695894 0.938361585 -0.699958029
13346667 0.952151296 1.693292214 0.500000000 0.500000000 0.000000000 0.000000000 0.941357732 0.087060891 0.325984538 1.256579901 -0.035518393 0.986338854 -0.160854220 0.148125047 -0.335535347 0.139842898 0.931589961 -0.831497971
13413400 0.952151296 1.693292214 0.500000000 0.500000000 0.000000000 0.000000000 0.939965487 0.091859102 0.328674167 1.377489999 -0.039132182 0.985752225 -0.163588658 0.150331097 -0.339018375 0.140905932 0.930167675 -0.876624866
13480133 0.952151296 1.693292214 0.500000000 0.500000000 0.000000000 0.000000000 0.940692306 0.101273522 0.323792666 1.505670029 -0.049689677 0.985241890 -0.163796842 0.119673996 -0.335602373 0.137993276 0.931841671 -0.938781985
13546867 0.952151296 1.693292214 0.500000000 0.500000000 0.000000000 0.000000000 0.943549275 0.109578028 0.312581867 1.634560026 -0.060289279 0.984745383 -0.163222939 0.092838944 -0.325699180 0.135163546 0.935762167 -0.983131986
13613600 0.952151296 1.693292214 0.500000000 0.500000000 0.000000000 0.000000000 0.947911859 0.115786068 0.296743363 1.755509856 -0.069446526 0.984306633 -0.162226960 0.078238476 -0.310870081 0.133169040 0.941076875 -1.002939970
13680333 0.952151296 1.693292214 0.500000000 0.500000000 0.000000000 0.000000000 0.954201996 0.118043587 0.274889529 1.880300128 -0.075463340 0.984121799 -0.160653651 0.081421762 -0.289488912 0.132551968 0.947958946 -0.992818078
13747067 0.952151296 1.693292214 0.500000000 0.500000000 0.000000000 0.000000000 0.961097181 0.119106963 0.249210209 1.994189945 -0.081004232 0.984119117 -0.157948926 0.089245142 -0.264065355 0.131617174 0.955482244 -0.959940917
13813800 0.952151296 1.693292214 0.500000000 0.500000000 0.000000000 0.000000000 0.969413936 0.117365524 0.215550348 2.118679802 -0.085071474 0.984488189 -0.153446704 0.102545028 -0.230216131 0.130416185 0.964361012 -0.901385005
13880533 0.952151296 1.693292214 0.500000000 0.500000000 0.000000000 0.000000000 0.978141069 0.115785547 0.172724545 2.279659962 -0.090742089 0.985047221 -0.146450892 0.099162737 -0.187098742 0.127576247 0.974021733 -0.851101036
13947267 0.952151296 1.693292214 0.500000000 0.500000000 0.000000000 0.000000000 0.984378994 0.113181449 0.134862944 2.388380047 -0.093881868 0.985439181 -0.141759530 0.111947992 -0.148943767 0.126883909 0.980671287 -0.766926871
14014000 0.952151296 1.693292214 0.500000000 0.500000000 0.000000000 0.000000000 0.989353597 0.112630345 0.092162475 2.508040069 -0.099575691 0.985731423 -0.135713741 0.101687961 -0.106132925 0.125091746 0.986452162 -0.680022970
14080733 0.952151296 1.693292214 0.500000000 0.500000000 0.000000000 0.000000000 0.992421865 0.114254802 0.045217589 2.638039882 -0.107604325 0.985769153 -0.129152685 0.072247206 -0.059330426 0.123308338 0.990593255 -0.591824031
14147467 0.952151296 1.693292214 0.500000000 0.500000000 0.000000000 0.000000000 0.993419111 0.114324741 -0.006951696 2.773399978 -0.114318110 0.985960960 -0.121705890 0.038416018 -0.007059896 0.121699661 0.992541850 -0.479119967
14214200 0.952151296 1.693292214 0.500000000 0.500000000 0.000000000 0.000000000 0.991599798 0.111664921 -0.065274261 2.919219682 -0.118642643 0.986234009 -0.115179688 0.010641168 0.051514152 0.121956468 0.991197705 -0.336056029
14280933 0.952151296 1.693292214 0.500000000 0.500000000 0.000000000 0.000000000 0.986599326 0.108679384 -0.121698566 3.042730013 -0.122252762 0.986355901 -0.110255614 -0.011933765 0.108055599 0.123656094 0.986424446 -0.175762967
14347667 0.952151296 1.693292214 0.500000000 0.500000000 0.000000000 0.000000000 0.977881074 0.105842367 -0.180404976 3.169839944 -0.126413345 0.986232817 -0.106604487 -0.039640379 0.166638032 0.127052128 0.977798283 0.003321224
14414400 0.952151296 1.693292214 0.500000000 0.500000000 0.000000000 0.000000000 0.965959013 0.102355048 -0.237584919 3.281769885 -0.130446419 0.985809088 -0.105660431 -0.058747792 0.223398477 0.133055776 0.965603054 0.197200939
14481133 0.952151296 1.693292214 0.500000000 0.500000000 0.000000000 0.000000000 0.950970352 0.099601105 -0.292805463 3.376739879 -0.135143593 0.985381365 -0.103729278 -0.088240782 0.278193504 0.138214231 0.950528920 0.396998917
14547867 0.952151296 1.693292214 0.500000000 0.500000000 0.000000000 0.000000000 0.932716668 0.096789286 -0.347378075 3.462090266 -0.140243351 0.984833181 -0.102153867 -0.117842001 0.332222044 0.143998057 0.932144344 0.604724031
14614600 0.952151296 1.693292214 0.500000000 0.500000000 0.000000000 0.000000000 0.914067030 0.095853329 -0.394073159 3.512550197 -0.146404728 0.984135747 -0.100212522 -0.148504935 0.378215760 0.149295121 0.913599372 0.785373954
14681333 0.952151296 1.693292214 0.500000000 0.500000000 0.000000000 0.000000000 0.893646240 0.095472097 -0.438498944 3.564919624 -0.152584270 0.983536303 -0.096821286 -0.186370165 0.422035903 0.153432071 0.893501043 0.956513032
14748067 0.952151296 1.693292214 0.500000000 0.500000000 0.000000000 0.000000000 0.873130441 0.094735749 -0.478192568 3.608029240 -0.157188773 0.983253717 -0.092215911 -0.225911161 0.461448491 0.155683070 0.873400152 1.113789776
14814800 0.952151296 1.693292214 0.500000000 0.500000000 0.000000000 0.000000000 0.852499723 0.093917266 -0.514221609 3.648900408 -0.161304787 0.982983589 -0.087886594 -0.262244949 0.497217357 0.157869667 0.853142560 1.258590234
14881533 0.952151296 1.693292214 0.500000000 0.500000000 0.000000000 0.000000000 0.833209038 0.095374614 -0.544671118 3.685630911 -0.166561991 0.982552767 -0.082747981 -0.301159837 0.527276099 0.159667805 0.834557652 1.405830551
14948267 0.952151296 1.693292214 0.500000000 0.500000000 0.000000000 0.000000000 0.816237390 0.098845080 -0.569197714 3.703179716 -0.171817258 0.982206643 -0.075821385 -0.345638024 0.551575243 0.159686267 0.818697095 1.518589751
15015000 0.952151296 1.693292214 0.500000000 0.500000000 0.000000000 0.000000000 0.798753798 0.101953045 -0.592957020 3.744260405 -0.177327707 0.981653035 -0.070087157 -0.382079995 0.574932456 0.161130071 0.802178144 1.656850093
15081733 0.952151296 1.693292214 0.500000000 0.500000000 0.000000000 0.000000000 0.780510366 0.104370996 -0.616368711 3.801660521 -0.181895629 0.981220961 -0.064183071 -0.413088996 0.598095000 0.162210286 0.784837723 1.796680129
15148467 0.952151296 1.693292214 0.500000000 0.500000000 0.000000000 0.000000000 0.763782918 0.106676489 -0.636597157 3.838370602 -0.186162502 0.980745316 -0.059009522 -0.434412907 0.618044734 0.163580954 0.768935680 1.925170091
15215200 0.952151296 1.693292214 0.500000000 0.500000000 0.000000000 0.000000000 0.746939182 0.108623445 -0.655959547 3.867230490 -0.191119909 0.980005205 -0.055344008 -0.442788930 0.636832178 0.166705519 0.752764404 2.062930524
15281933 0.952151296 1.693292214 0.500000000 0.500000000 0.000000000 0.000000000 0.727601826 0.110611804 -0.677023709 3.905582183 -0.195365787 0.979458272 -0.049937595 -0.459636021 0.657592833 0.168601841 0.734265327 2.219021409
15348667 0.952151296 1.693292214 0.500000000 0.500000000 0.000000000 0.000000000 0.709112287 0.113046467 -0.695974708 3.928352146 -0.198478967 0.979153395 -0.043182760 -0.477012974 0.676584363 0.168757662 0.716766953 2.352821277
15415400 0.952151296 1.693292214 0.500000000 0.500000000 0.000000000 0.000000000 0.690431714 0.116210140 -0.714002013 3.930958551 -0.200153828 0.979168177 -0.034178101 -0.503250995 0.695156217 0.166507959 0.699308634 2.451379050
15482133 0.952151296 1.693292214 0.500000000 0.500000000 0.000000000 0.000000000 0.672022521 0.115903944 -0.731404424 3.946451697 -0.200483263 0.979267120 -0.029024146 -0.508246099 0.712876320 0.166139126 0.681326330 2.611331265
15548867 0.952151296 1.693292214 0.500000000 0.500000000 0.000000000 0.000000000 0.653783858 0.114100829 -0.748029172 3.989050039 -0.199044809 0.979683340 -0.024530590 -0.507367049 0.730032742 0.164929032 0.663212299 2.771729932
15615600 0.952151296 1.693292214 0.500000000 0.500000000 0.000000000 0.000000000 0.638587952 0.113597907 -0.761118412 4.038601239 -0.197123855 0.980192661 -0.019094408 -0.508388035 0.743873596 0.162228003 0.648332000 2.911470738
15682333 0.952151296 1.693292214 0.500000000 0.500000000 0.000000000 0.000000000 0.625449657 0.114383936 -0.771835148 4.110251813 -0.196627498 0.980377674 -0.014046006 -0.504719079 0.755083263 0.160548985 0.635667920 3.030510928
15749067 0.952151296 1.693292214 0.500000000 0.500000000 0.000000000 0.000000000 0.616071224 0.115163356 -0.779226363 4.197690366 -0.195400715 0.980676949 -0.009551406 -0.500951996 0.763069332 0.158145726 0.626669824 3.142019855
15815800 0.952151296 1.693292214 0.500000000 0.500000000 0.000000000 0.000000000 0.609785497 0.115539968 -0.784099579 4.302810356 -0.193853974 0.981010795 -0.006202511 -0.492418978 0.768493533 0.155783027 0.620604038 3.244259999
15882533 0.952151296 1.693292214 0.500000000 0.500000000 0.000000000 0.000000000 0.606317520 0.116455883 -0.786649227 4.427289804 -0.192177713 0.981356025 -0.002842471 -0.485234996 0.771651983 0.152899921 0.617393553 3.326340206
15949267 0.952151296 1.693292214 0.500000000 0.500000000 0.000000000 0.000000000 0.606290638 0.117893316 -0.786455512 4.568637584 -0.191399157 0.981512189 -0.000419259 -0.471101858 0.771866202 0.150781214 0.617646337 3.398327550
16016000 0.952151296 1.693292214 0.500000000 0.500000000 0.000000000 0.000000000 0.608920395 0.119349048 -0.784200907 4.723416914 -0.190284386 0.981727600 0.001658082 -0.458120773 0.770069599 0.148211673 0.620504260 3.456997890
16082733 0.952151296 1.693292214 0.500000000 0.500000000 0.000000000 0.000000000 0.611225247 0.121402934 -0.782089949 4.877428633 -0.189253762 0.981917858 0.004514888 -0.452429041 0.768496156 0.145253897 0.623148978 3.503028822
