https://www.youtube.com/watch?v=Yj73_MuFV8Y
108675233 0.753741910 1.344121218 0.500000000 0.500000000 0.000000000 0.000000000 0.999700785 0.005797351 -0.023763381 -0.447669978 -0.005750943 0.999981403 0.002020801 -0.728335041 0.023774654 -0.001883534 0.999715567 6.502359587
108708600 0.753741910 1.344121218 0.500000000 0.500000000 0.000000000 0.000000000 0.999716878 0.005443220 -0.023163263 -0.475442000 -0.005392810 0.999982953 0.002238240 -0.718901921 0.023175050 -0.002112691 0.999729216 6.413060428
108741967 0.753741910 1.344121218 0.500000000 0.500000000 0.000000000 0.000000000 0.999728918 0.005744024 -0.022563457 -0.499150030 -0.005687267 0.999980509 0.002578798 -0.710025008 0.022577830 -0.002449775 0.999742091 6.328039842
108775333 0.753741910 1.344121218 0.500000000 0.500000000 0.000000000 0.000000000 0.999740839 0.005609551 -0.022062510 -0.516931988 -0.005550752 0.999980867 0.002725429 -0.701288988 0.022077378 -0.002602259 0.999752879 6.238970302
108808700 0.753741910 1.344121218 0.500000000 0.500000000 0.000000000 0.000000000 0.999752462 0.005887427 -0.021455580 -0.532345999 -0.005825355 0.999978662 0.002954377 -0.692939967 0.021472516 -0.002828659 0.999765456 6.153570332
108842067 0.753741910 1.344121218 0.500000000 0.500000000 0.000000000 0.000000000 0.999763906 0.005995382 -0.020885026 -0.541778035 -0.005930062 0.999977350 0.003188153 -0.685781983 0.020903667 -0.003063551 0.999776781 6.069849837
108875433 0.753741910 1.344121218 0.500000000 0.500000000 0.000000000 0.000000000 0.999776840 0.005886443 -0.020288618 -0.551568962 -0.005818291 0.999977231 0.003416532 -0.676690003 0.020308269 -0.003297725 0.999788344 5.989719987
108908800 0.753741910 1.344121218 0.500000000 0.500000000 0.000000000 0.000000000 0.999790132 0.005815648 -0.019643672 -0.558675995 -0.005746247 0.999977052 0.003587605 -0.669310978 0.019664086 -0.003473974 0.999800622 5.912099841
108942167 0.753741910 1.344121218 0.500000000 0.500000000 0.000000000 0.000000000 0.999803424 0.005610486 -0.019016739 -0.563866958 -0.005538465 0.999977291 0.003837846 -0.663146917 0.019037839 -0.003731768 0.999811828 5.836180972
108975533 0.753741910 1.344121218 0.500000000 0.500000000 0.000000000 0.000000000 0.999819815 0.005478237 -0.018174984 -0.568340019 -0.005404970 0.999977052 0.004077876 -0.655094020 0.018196907 -0.003978906 0.999826491 5.752110164
109008900 0.753741910 1.344121218 0.500000000 0.500000000 0.000000000 0.000000000 0.999834597 0.005290883 -0.017401697 -0.567299061 -0.005216256 0.999976993 0.004331076 -0.649061924 0.017424213 -0.004239587 0.999839187 5.669429827
109042267 0.753741910 1.344121218 0.500000000 0.500000000 0.000000000 0.000000000 0.999851465 0.005052186 -0.016477484 -0.562660990 -0.004978173 0.999977350 0.004529630 -0.642720990 0.016499996 -0.004446930 0.999853969 5.580840187
109075633 0.753741910 1.344121218 0.500000000 0.500000000 0.000000000 0.000000000 0.999869108 0.004670815 -0.015492025 -0.555834006 -0.004597941 0.999978185 0.004736281 -0.636947945 0.015513810 -0.004664430 0.999868751 5.487699988
109109000 0.753741910 1.344121218 0.500000000 0.500000000 0.000000000 0.000000000 0.999886572 0.004387352 -0.014409483 -0.545257980 -0.004316378 0.999978423 0.004952967 -0.630761031 0.014430902 -0.004890208 0.999883890 5.392299781
109142367 0.753741910 1.344121218 0.500000000 0.500000000 0.000000000 0.000000000 0.999902844 0.003697683 -0.013441156 -0.531330023 -0.003629192 0.999980330 0.005116457 -0.627322968 0.013459810 -0.005067179 0.999896586 5.297299906
109175733 0.753741910 1.344121218 0.500000000 0.500000000 0.000000000 0.000000000 0.999920785 0.003227582 -0.012163489 -0.513860971 -0.003163511 0.999981046 0.005283068 -0.621108932 0.012180311 -0.005244170 0.999912083 5.199079780
109209100 0.753741910 1.344121218 0.500000000 0.500000000 0.000000000 0.000000000 0.999936759 0.002787501 -0.010896018 -0.496535004 -0.002728715 0.999981642 0.005406355 -0.614844002 0.010910887 -0.005376280 0.999926031 5.104169811
109242467 0.753741910 1.344121218 0.500000000 0.500000000 0.000000000 0.000000000 0.999951839 0.002075872 -0.009590001 -0.474227013 -0.002022062 0.999982178 0.005617341 -0.609895031 0.009601492 -0.005597679 0.999938250 5.009990394
109275833 0.753741910 1.344121218 0.500000000 0.500000000 0.000000000 0.000000000 0.999965370 0.001485936 -0.008188867 -0.451406981 -0.001438114 0.999981880 0.005842634 -0.605338015 0.008197400 -0.005830655 0.999949396 4.916079801
109309200 0.753741910 1.344121218 0.500000000 0.500000000 0.000000000 0.000000000 0.999976993 0.000746873 -0.006743463 -0.430767993 -0.000705833 0.999981225 0.006086269 -0.601189974 0.006747882 -0.006081369 0.999958754 4.816260054
109342567 0.753741910 1.344121218 0.500000000 0.500000000 0.000000000 0.000000000 0.999986053 0.000203475 -0.005281494 -0.411498998 -0.000170498 0.999980509 0.006243524 -0.596332041 0.005282661 -0.006242536 0.999966562 4.718780161
109375933 0.753741910 1.344121218 0.500000000 0.500000000 0.000000000 0.000000000 0.999993145 -0.000635530 -0.003645153 -0.391481988 0.000658713 0.999979556 0.006362217 -0.590541999 0.003641036 -0.006364574 0.999973118 4.615480369
109409300 0.753741910 1.344121218 0.500000000 0.500000000 0.000000000 0.000000000 0.999997318 -0.000946770 -0.002126072 -0.368166026 0.000960679 0.999978065 0.006550728 -0.585102006 0.002119823 -0.006552753 0.999976277 4.511870319
109442667 0.753741910 1.344121218 0.500000000 0.500000000 0.000000000 0.000000000 0.999998689 -0.001545172 -0.000433781 -0.342113976 0.001548069 0.999975979 0.006759828 -0.580943004 0.000423326 -0.006760491 0.999977052 4.406819544
109476033 0.753741910 1.344121218 0.500000000 0.500000000 0.000000000 0.000000000 0.999997020 -0.002055309 0.001301454 -0.320885974 0.002046142 0.999973357 0.007006753 -0.576306976 -0.001315820 -0.007004069 0.999974608 4.306400090
109509400 0.753741910 1.344121218 0.500000000 0.500000000 0.000000000 0.000000000 0.999991238 -0.002919853 0.002991405 -0.300495004 0.002898700 0.999970913 0.007051410 -0.570085997 -0.003011907 -0.007042677 0.999970675 4.205440195
109542767 0.753741910 1.344121218 0.500000000 0.500000000 0.000000000 0.000000000 0.999983788 -0.003330592 0.004619478 -0.281498008 0.003296455 0.999967337 0.007377892 -0.564465990 -0.004643900 -0.007362545 0.999962091 4.110649702
109576133 0.753741910 1.344121218 0.500000000 0.500000000 0.000000000 0.000000000 0.999972582 -0.003758429 0.006384989 -0.264304039 0.003711066 0.999965608 0.007413566 -0.557966946 -0.006412632 -0.007389667 0.999952137 4.017610240
109609500 0.753741910 1.344121218 0.500000000 0.500000000 0.000000000 0.000000000 0.999955475 -0.004466186 0.008311995 -0.247501983 0.004402495 0.999960959 0.007665209 -0.550903049 -0.008345905 -0.007628275 0.999936104 3.922000014
109642867 0.753741910 1.344121218 0.500000000 0.500000000 0.000000000 0.000000000 0.999935210 -0.004952108 0.010246836 -0.230726989 0.004871696 0.999957263 0.007857666 -0.539730025 -0.010285310 -0.007807238 0.999916613 3.828340036
109676233 0.753741910 1.344121218 0.500000000 0.500000000 0.000000000 0.000000000 0.999909043 -0.005513806 0.012307185 -0.217162973 0.005414375 0.999952555 0.008097797 -0.531023018 -0.012351251 -0.008030425 0.999891460 3.731719829
109709600 0.753741910 1.344121218 0.500000000 0.500000000 0.000000000 0.000000000 0.999878943 -0.005711263 0.014474527 -0.202788022 0.005591576 0.999949932 0.008295768 -0.518329952 -0.014521183 -0.008213828 0.999860823 3.633190033
109742967 0.753741910 1.344121218 0.500000000 0.500000000 0.000000000 0.000000000 0.999838352 -0.006186666 0.016881168 -0.192806999 0.006043654 0.999945521 0.008509625 -0.505184989 -0.016932894 -0.008406226 0.999821305 3.534329919
109776333 0.753741910 1.344121218 0.500000000 0.500000000 0.000000000 0.000000000 0.999792337 -0.006302472 0.019379755 -0.181889012 0.006135330 0.999943554 0.008671945 -0.489551971 -0.019433318 -0.008551244 0.999774575 3.432969977
109809700 0.753741910 1.344121218 0.500000000 0.500000000 0.000000000 0.000000000 0.999730587 -0.006920441 0.022154426 -0.170531987 0.006723589 0.999937356 0.008947620 -0.476853028 -0.022214958 -0.008796252 0.999714494 3.330679854
109843067 0.753741910 1.344121218 0.500000000 0.500000000 0.000000000 0.000000000 0.999659896 -0.007077081 0.025100188 -0.160706999 0.006848796 0.999934494 0.009169289 -0.461200975 -0.025163436 -0.008994264 0.999642909 3.228620128
109876433 0.753741910 1.344121218 0.500000000 0.500000000 0.000000000 0.000000000 0.999571562 -0.007507562 0.028290840 -0.150739004 0.007246337 0.999930263 0.009324771 -0.443619019 -0.028358875 -0.009115771 0.999556243 3.124450104
109909800 0.753741910 1.344121218 0.500000000 0.500000000 0.000000000 0.000000000 0.999466300 -0.007985740 0.031674981 -0.142692971 0.007686107 0.999924660 0.009570092 -0.427018960 -0.031749018 -0.009321528 0.999452412 3.013500295
109943167 0.753741910 1.344121218 0.500000000 0.500000000 0.000000000 0.000000000 0.999342740 -0.008238871 0.035302043 -0.136559007 0.007896008 0.999920428 0.009840679 -0.409639003 -0.035380311 -0.009555466 0.999328256 2.905299863
109976533 0.753741910 1.344121218 0.500000000 0.500000000 0.000000000 0.000000000 0.999198496 -0.008833143 0.039042622 -0.134598986 0.008452472 0.999915242 0.009904468 -0.390585990 -0.039126799 -0.009566522 0.999188483 2.792870316
110009900 0.753741910 1.344121218 0.500000000 0.500000000 0.000000000 0.000000000 0.999034166 -0.009219171 0.042962614 -0.130461000 0.008790654 0.999909818 0.010152448 -0.370445021 -0.043052334 -0.009764973 0.999025106 2.678560060
110043267 0.753741910 1.344121218 0.500000000 0.500000000 0.000000000 0.000000000 0.998834491 -0.009726333 0.047276232 -0.135731973 0.009247658 0.999903858 0.010333266 -0.348188021 -0.047372188 -0.009884028 0.998828411 2.563390212
110076633 0.753741910 1.344121218 0.500000000 0.500000000 0.000000000 0.000000000 0.998615742 -0.010137128 0.051612679 -0.136658993 0.009603582 0.999897957 0.010575027 -0.326610007 -0.051714610 -0.010064722 0.998611212 2.448820232
110110000 0.753741910 1.344121218 0.500000000 0.500000000 0.000000000 0.000000000 0.998361409 -0.010675299 0.056218613 -0.143765009 0.010084174 0.999890983 0.010787966 -0.304257990 -0.056327645 -0.010203369 0.998360217 2.333480117
110143367 0.753741910 1.344121218 0.500000000 0.500000000 0.000000000 0.000000000 0.998064578 -0.011364222 0.061139256 -0.154366019 0.010711620 0.999882221 0.010991219 -0.281097994 -0.061256960 -0.010315046 0.998068750 2.225179861
110176733 0.753741910 1.344121218 0.500000000 0.500000000 0.000000000 0.000000000 0.997729719 -0.011854806 0.066293508 -0.169676996 0.011140884 0.999876022 0.011128458 -0.261384041 -0.066417217 -0.010364627 0.997738123 2.119270033
110210100 0.753741910 1.344121218 0.500000000 0.500000000 0.000000000 0.000000000 0.997356594 -0.012309280 0.071611978 -0.179257999 0.011520800 0.999868512 0.011413107 -0.240147998 -0.071743049 -0.010557910 0.997367263 2.012859987
110243467 0.753741910 1.344121218 0.500000000 0.500000000 0.000000000 0.000000000 0.996925056 -0.012930823 0.077286832 -0.190963055 0.012071001 0.999860048 0.011581924 -0.218509002 -0.077425785 -0.010613382 0.996941626 1.905619865
110276833 0.753741910 1.344121218 0.500000000 0.500000000 0.000000000 0.000000000 0.996427178 -0.013637929 0.083347984 -0.200116012 0.012692089 0.999849021 0.011867442 -0.198918015 -0.083497249 -0.010767181 0.996449828 1.799099936
110310200 0.753741910 1.344121218 0.500000000 0.500000000 0.000000000 0.000000000 0.995860279 -0.014479141 0.089736596 -0.212083003 0.013444572 0.999836147 0.012122742 -0.181870004 -0.089897424 -0.010866088 0.995891750 1.686280007
110343567 0.753741910 1.344121218 0.500000000 0.500000000 0.000000000 0.000000000 0.995249450 -0.015092469 0.096180707 -0.221902996 0.013951584 0.999824226 0.012523408 -0.166960003 -0.096352816 -0.011122041 0.995285094 1.573389983
110376933 0.753741910 1.344121218 0.500000000 0.500000000 0.000000000 0.000000000 0.994560957 -0.015875312 0.102939203 -0.235158985 0.014642107 0.999811828 0.012724545 -0.149101995 -0.103121847 -0.011148088 0.994606256 1.458539979
110410300 0.753741910 1.344121218 0.500000000 0.500000000 0.000000000 0.000000000 0.993806064 -0.016714793 0.109864183 -0.246294005 0.015375253 0.999796927 0.013028632 -0.134786989 -0.110059641 -0.011258745 0.993861198 1.343919955
110443667 0.753741910 1.344121218 0.500000000 0.500000000 0.000000000 0.000000000 0.992967367 -0.018162537 0.116986826 -0.257950984 0.016710792 0.999770880 0.013378477 -0.123156017 -0.117203012 -0.011329448 0.993043363 1.233610121
110477033 0.753741910 1.344121218 0.500000000 0.500000000 0.000000000 0.000000000 0.992060542 -0.019164639 0.124292485 -0.269307999 0.017598150 0.999751449 0.013689041 -0.111079005 -0.124523930 -0.011393039 0.992151201 1.128859974
110510400 0.753741910 1.344121218 0.500000000 0.500000000 0.000000000 0.000000000 0.991097033 -0.019775383 0.131664798 -0.278875022 0.018104229 0.999739766 0.013877598 -0.098162593 -0.131904975 -0.011370358 0.991197169 1.026490031
110543767 0.753741910 1.344121218 0.500000000 0.500000000 0.000000000 0.000000000 0.990036190 -0.020841731 0.139262140 -0.291276962 0.019049885 0.999717891 0.014187436 -0.086760607 -0.139518529 -0.011393146 0.990153909 0.933366981
110577133 0.753741910 1.344121218 0.500000000 0.500000000 0.000000000 0.000000000 0.988905609 -0.022162689 0.146882832 -0.300700042 0.020235905 0.999688625 0.014599301 -0.075660098 -0.147160649 -0.011465022 0.989046156 0.836405930
110610500 0.753741910 1.344121218 0.500000000 0.500000000 0.000000000 0.000000000 0.987725079 -0.023115043 0.154482678 -0.310528014 0.021067388 0.999667346 0.014879134 -0.063972808 -0.154775217 -0.011441950 0.987883449 0.742965951
110643867 0.753741910 1.344121218 0.500000000 0.500000000 0.000000000 0.000000000 0.986470222 -0.024047190 0.162167206 -0.319048992 0.021851314 0.999643981 0.015311096 -0.054937503 -0.162477657 -0.011560373 0.986644506 0.646923020
110677233 0.753741910 1.344121218 0.500000000 0.500000000 0.000000000 0.000000000 0.985152900 -0.025683176 0.169747248 -0.324450990 0.023343876 0.999603212 0.015762851 -0.046186307 -0.170084730 -0.011566262 0.985361576 0.551436056
110710600 0.753741910 1.344121218 0.500000000 0.500000000 0.000000000 0.000000000 0.983797133 -0.026439371 0.177324906 -0.329932988 0.023965979 0.999583483 0.016076118 -0.036392697 -0.177676097 -0.011565876 0.984021068 0.457337008
110743967 0.753741910 1.344121218 0.500000000 0.500000000 0.000000000 0.000000000 0.982363403 -0.028161991 0.184848651 -0.333881976 0.025529537 0.999536157 0.016606268 -0.028587704 -0.185230568 -0.011594290 0.982626677 0.370602997
110777333 0.753741910 1.344121218 0.500000000 0.500000000 0.000000000 0.000000000 0.980907381 -0.028997408 0.192301646 -0.335561056 0.026240813 0.999513328 0.016866682 -0.020500302 -0.192697152 -0.011498502 0.981190920 0.285856013
110810700 0.753741910 1.344121218 0.500000000 0.500000000 0.000000000 0.000000000 0.979410470 -0.030536238 0.199556142 -0.334596020 0.027619734 0.999467373 0.017383164 -0.014603202 -0.199980676 -0.011513568 0.979732215 0.206362001
110844067 0.753741910 1.344121218 0.500000000 0.500000000 0.000000000 0.000000000 0.977896690 -0.031474132 0.206706151 -0.333759976 0.028445961 0.999440253 0.017606167 -0.003511028 -0.207144603 -0.011337053 0.978244662 0.126931000
110877433 0.753741910 1.344121218 0.500000000 0.500000000 0.000000000 0.000000000 0.976305723 -0.032960709 0.213870853 -0.335576997 0.029744755 0.999391139 0.018238418 0.000284304 -0.214341789 -0.011444739 0.976691663 0.050611002
110910800 0.753741910 1.344121218 0.500000000 0.500000000 0.000000000 0.000000000 0.974740982 -0.033654872 0.220788032 -0.335431000 0.030330984 0.999370039 0.018428603 0.008035352 -0.221269161 -0.011266396 0.975147724 -0.030289701
110944167 0.753741910 1.344121218 0.500000000 0.500000000 0.000000000 0.000000000 0.973159313 -0.034980766 0.227458313 -0.333879015 0.031480357 0.999323785 0.018999998 0.013529500 -0.227969125 -0.011329558 0.973602474 -0.113942014
110977533 0.753741910 1.344121218 0.500000000 0.500000000 0.000000000 0.000000000 0.971587420 -0.036009196 0.233925521 -0.334624963 0.032367367 0.999287963 0.019390050 0.021862800 -0.234457165 -0.011267569 0.972061098 -0.198443970
111010900 0.753741910 1.344121218 0.500000000 0.500000000 0.000000000 0.000000000 0.970078886 -0.036469493 0.240035281 -0.331182007 0.032699484 0.999271631 0.019671489 0.026819001 -0.240577862 -0.011233867 0.970564842 -0.285575994
111044267 0.753741910 1.344121218 0.500000000 0.500000000 0.000000000 0.000000000 0.968551993 -0.037664793 0.245943755 -0.329090000 0.033728898 0.999226928 0.020197621 0.030588402 -0.246514350 -0.011267031 0.969073653 -0.372696997
111077633 0.753741910 1.344121218 0.500000000 0.500000000 0.000000000 0.000000000 0.967083454 -0.038195360 0.251576573 -0.326588023 0.034147140 0.999207795 0.020438980 0.037730602 -0.252157956 -0.011175584 0.967621565 -0.459808999
111111000 0.753741910 1.344121218 0.500000000 0.500000000 0.000000000 0.000000000 0.965667248 -0.039089810 0.256824315 -0.321824021 0.034929711 0.999174476 0.020742059 0.046203289 -0.257423103 -0.011059124 0.966235518 -0.549075019
111144367 0.753741910 1.344121218 0.500000000 0.500000000 0.000000000 0.000000000 0.964286685 -0.039534558 0.261893541 -0.317102003 0.035232279 0.999156296 0.021104695 0.055204802 -0.262506932 -0.011123868 0.964865983 -0.635478025
111177733 0.753741910 1.344121218 0.500000000 0.500000000 0.000000000 0.000000000 0.962933660 -0.040357433 0.266702205 -0.309270993 0.035944477 0.999124408 0.021409459 0.065017195 -0.267332703 -0.011029414 0.963541150 -0.723476940
111211100 0.753741910 1.344121218 0.500000000 0.500000000 0.000000000 0.000000000 0.961642742 -0.041077137 0.271211982 -0.300185009 0.036533833 0.999095023 0.021781735 0.076351910 -0.271861255 -0.011037841 0.962273180 -0.811625009
111244467 0.753741910 1.344121218 0.500000000 0.500000000 0.000000000 0.000000000 0.960339963 -0.041887827 0.275667489 -0.296459998 0.037217930 0.999061584 0.022152239 0.088873796 -0.276336730 -0.011013908 0.960997760 -0.898998998
111277833 0.753741910 1.344121218 0.500000000 0.500000000 0.000000000 0.000000000 0.959123850 -0.042348959 0.279799819 -0.291330946 0.037576586 0.999042630 0.022401065 0.100062992 -0.280480623 -0.010971467 0.959796965 -0.987220976
111311200 0.753741910 1.344121218 0.500000000 0.500000000 0.000000000 0.000000000 0.957957566 -0.042832587 0.283694565 -0.288280947 0.037975024 0.999023020 0.022602750 0.112632986 -0.284385562 -0.010879157 0.958648264 -1.078670003
111344567 0.753741910 1.344121218 0.500000000 0.500000000 0.000000000 0.000000000 0.956777930 -0.043688077 0.287519306 -0.290007989 0.038688753 0.998985410 0.023049608 0.120648996 -0.288234621 -0.010929588 0.957497418 -1.163289960
111377933 0.753741910 1.344121218 0.500000000 0.500000000 0.000000000 0.000000000 0.955706239 -0.044211861 0.290982604 -0.289442992 0.039130431 0.998963296 0.023261962 0.127237015 -0.291709423 -0.010845328 0.956445515 -1.249200057
111411300 0.753741910 1.344121218 0.500000000 0.500000000 0.000000000 0.000000000 0.954632342 -0.045144413 0.294345200 -0.289730040 0.039899703 0.998920143 0.023802396 0.133429012 -0.295101881 -0.010978255 0.955402732 -1.330680067
111444667 0.753741910 1.344121218 0.500000000 0.500000000 0.000000000 0.000000000 0.953615308 -0.045616701 0.297551483 -0.289432964 0.040287569 0.998899341 0.024021555 0.143929993 -0.298319787 -0.010919687 0.954403460 -1.409979924
111478033 0.753741910 1.344121218 0.500000000 0.500000000 0.000000000 0.000000000 0.952640355 -0.046511907 0.300521255 -0.285248019 0.041055318 0.998857677 0.024450270 0.151148016 -0.301315188 -0.010954330 0.953461707 -1.490140016
111511400 0.753741910 1.344121218 0.500000000 0.500000000 0.000000000 0.000000000 0.951699734 -0.047369894 0.303354293 -0.283864016 0.041794579 0.998817205 0.024848767 0.160535008 -0.304172546 -0.010970014 0.952553809 -1.571509933
111544767 0.753741910 1.344121218 0.500000000 0.500000000 0.000000000 0.000000000 0.950835764 -0.048016556 0.305950552 -0.282456991 0.042324625 0.998785675 0.025214793 0.170608011 -0.306789786 -0.011025889 0.951713443 -1.657300111
111578133 0.753741910 1.344121218 0.500000000 0.500000000 0.000000000 0.000000000 0.949932098 -0.049238157 0.308552653 -0.287309028 0.043398324 0.998725533 0.025765304 0.182365013 -0.309428066 -0.011084631 0.950858295 -1.741480263
111611500 0.753741910 1.344121218 0.500000000 0.500000000 0.000000000 0.000000000 0.949135900 -0.049431555 0.310962290 -0.291448974 0.043474920 0.998714507 0.026062340 0.190472995 -0.311850876 -0.011217643 0.950064838 -1.827100085
111644867 0.753741910 1.344121218 0.500000000 0.500000000 0.000000000 0.000000000 0.948321283 -0.050608873 0.313250035 -0.298950033 0.044543765 0.998656094 0.026493408 0.201790034 -0.314169854 -0.011170935 0.949301124 -1.907610292
111678233 0.753741910 1.344121218 0.500000000 0.500000000 0.000000000 0.000000000 0.947592437 -0.050905783 0.315400064 -0.304789016 0.044736121 0.998639941 0.026775314 0.209742972 -0.316334128 -0.011262307 0.948580980 -1.989570033
111711600 0.753741910 1.344121218 0.500000000 0.500000000 0.000000000 0.000000000 0.946849763 -0.051618330 0.317507565 -0.315548063 0.045356467 0.998603582 0.027087506 0.219025000 -0.318462372 -0.011246774 0.947868764 -2.063859939
111744967 0.753741910 1.344121218 0.500000000 0.500000000 0.000000000 0.000000000 0.946185291 -0.052072208 0.319408536 -0.324559884 0.045676980 0.998578072 0.027486041 0.225472021 -0.320385635 -0.011417262 0.947218359 -2.142129784
111778333 0.753741910 1.344121218 0.500000000 0.500000000 0.000000000 0.000000000 0.945487022 -0.052753773 0.321358562 -0.338404003 0.046244081 0.998541534 0.027861878 0.231941999 -0.322359681 -0.011482107 0.946547627 -2.216069845
111811700 0.753741910 1.344121218 0.500000000 0.500000000 0.000000000 0.000000000 0.944889724 -0.052903131 0.323085994 -0.351563935 0.046273038 0.998531461 0.028173666 0.239140953 -0.324102014 -0.011670821 0.945950091 -2.296199763
111845067 0.753741910 1.344121218 0.500000000 0.500000000 0.000000000 0.000000000 0.944228768 -0.053713780 0.324879736 -0.369855999 0.046986263 0.998488188 0.028523762 0.247073999 -0.325920731 -0.011668074 0.945325136 -2.375040324
111878433 0.753741910 1.344121218 0.500000000 0.500000000 0.000000000 0.000000000 0.943652153 -0.053852901 0.326527894 -0.388868024 0.046992116 0.998477995 0.028869586 0.252560998 -0.327585638 -0.011898605 0.944746554 -2.458679963
111911800 0.753741910 1.344121218 0.500000000 0.500000000 0.000000000 0.000000000 0.942995548 -0.054634951 0.328290105 -0.414154961 0.047686741 0.998435915 0.029184898 0.260920026 -0.329371154 -0.011866150 0.944126010 -2.538550058
111945167 0.753741910 1.344121218 0.500000000 0.500000000 0.000000000 0.000000000 0.942434788 -0.054685522 0.329888195 -0.441078070 0.047654834 0.998432040 0.029368153 0.268923021 -0.330976933 -0.011956809 0.943563104 -2.621900064
111978533 0.753741910 1.344121218 0.500000000 0.500000000 0.000000000 0.000000000 0.941830635 -0.055352800 0.331498474 -0.472400106 0.048230365 0.998395145 0.029680798 0.277964048 -0.332609385 -0.011966003 0.942988813 -2.704030275
112011900 0.753741910 1.344121218 0.500000000 0.500000000 0.000000000 0.000000000 0.941236854 -0.055820812 0.333102375 -0.505997961 0.048546601 0.998366416 0.030128188 0.285983979 -0.334239990 -0.012186768 0.942409158 -2.788109604
112045267 0.753741910 1.344121218 0.500000000 0.500000000 0.000000000 0.000000000 0.940654814 -0.056413557 0.334643215 -0.539198030 0.049072888 0.998333752 0.030357445 0.297068005 -0.335798174 -0.012133969 0.941855788 -2.870510168
112078633 0.753741910 1.344121218 0.500000000 0.500000000 0.000000000 0.000000000 0.940064669 -0.056828380 0.336227626 -0.575672984 0.049315028 0.998306692 0.030850636 0.302872986 -0.337411493 -0.012420518 0.941275299 -2.952199931
112112000 0.753741910 1.344121218 0.500000000 0.500000000 0.000000000 0.000000000 0.939409375 -0.057395581 0.337958246 -0.614055132 0.049786966 0.998274088 0.031146392 0.312909028 -0.339162618 -0.012433306 0.940645635 -3.031210276
112145367 0.753741910 1.344121218 0.500000000 0.500000000 0.000000000 0.000000000 0.938840389 -0.057618026 0.339497834 -0.648762127 0.049859639 0.998258114 0.031538986 0.320918950 -0.340723664 -0.012682820 0.940077901 -3.113259924
112178733 0.753741910 1.344121218 0.500000000 0.500000000 0.000000000 0.000000000 0.938177049 -0.058126431 0.341240734 -0.687958991 0.050241936 0.998227298 0.031905830 0.330487080 -0.342490405 -0.012788745 0.939434350 -3.191070337
112212100 0.753741910 1.344121218 0.500000000 0.500000000 0.000000000 0.000000000 0.937513351 -0.058787450 0.342947155 -0.726156154 0.050752170 0.998186648 0.032366537 0.338248946 -0.344227999 -0.012938743 0.938796937 -3.270629920
112245467 0.753741910 1.344121218 0.500000000 0.500000000 0.000000000 0.000000000 0.936846733 -0.059064355 0.344716579 -0.761446984 0.050906125 0.998168647 0.032678850 0.345398942 -0.346015424 -0.013066873 0.938137770 -3.346919627
112278833 0.753741910 1.344121218 0.500000000 0.500000000 0.000000000 0.000000000 0.936105788 -0.059706971 0.346613526 -0.798537949 0.051389024 0.998128414 0.033148333 0.353623950 -0.347944021 -0.013218206 0.937422097 -3.424890017
112312200 0.753741910 1.344121218 0.500000000 0.500000000 0.000000000 0.000000000 0.935314059 -0.060081631 0.348679960 -0.834883975 0.051606402 0.998103678 0.033553697 0.362435962 -0.350034714 -0.013389121 0.936641037 -3.499410032
112345567 0.753741910 1.344121218 0.500000000 0.500000000 0.000000000 0.000000000 0.934490561 -0.060604606 0.350791246 -0.870347037 0.051961455 0.998069823 0.034009233 0.368072990 -0.352175266 -0.013553686 0.935835958 -3.572480128
112378933 0.753741910 1.344121218 0.500000000 0.500000000 0.000000000 0.000000000 0.933520854 -0.060725085 0.353343099 -0.907266950 0.051923089 0.998060286 0.034346264 0.374349027 -0.354743391 -0.013716298 0.934863091 -3.643649997
112412300 0.753741910 1.344121218 0.500000000 0.500000000 0.000000000 0.000000000 0.932428718 -0.061363235 0.356105596 -0.945136062 0.052369021 0.998019397 0.034852929 0.380683969 -0.357538968 -0.013848973 0.933795512 -3.713540145
112445667 0.753741910 1.344121218 0.500000000 0.500000000 0.000000000 0.000000000 0.931236088 -0.061707914 0.359153628 -0.982493846 0.052565627 0.997997761 0.035175323 0.387713945 -0.360605121 -0.013877378 0.932615280 -3.778849499
112479033 0.753741910 1.344121218 0.500000000 0.500000000 0.000000000 0.000000000 0.929908574 -0.061775725 0.362565368 -1.016959948 0.052417424 0.997990429 0.035602305 0.390885996 -0.364036113 -0.014102131 0.931277990 -3.847149675
112512400 0.753741910 1.344121218 0.500000000 0.500000000 0.000000000 0.000000000 0.928349257 -0.062284376 0.366453797 -1.055070328 0.052720230 0.997958064 0.036060251 0.395841066 -0.367951483 -0.014156992 0.929737270 -3.912450596
112545767 0.753741910 1.344121218 0.500000000 0.500000000 0.000000000 0.000000000 0.926590383 -0.062267352 0.370881438 -1.091589970 0.052478064 0.997957051 0.036438789 0.399527970 -0.372392714 -0.014300696 0.927965105 -3.976840218
112579133 0.753741910 1.344121218 0.500000000 0.500000000 0.000000000 0.000000000 0.924431562 -0.062936231 0.376118839 -1.133419970 0.052881230 0.997914791 0.037009381 0.404087080 -0.377663791 -0.014323025 0.925832033 -4.038370230
112612500 0.753741910 1.344121218 0.500000000 0.500000000 0.000000000 0.000000000 0.922121763 -0.063118510 0.381716669 -1.172770049 0.052848473 0.997904181 0.037340533 0.409399018 -0.383273542 -0.014259383 0.923524857 -4.098570182
112645867 0.753741910 1.344121218 0.500000000 0.500000000 0.000000000 0.000000000 0.919626355 -0.063788049 0.387580335 -1.214360271 0.053324569 0.997865200 0.037703663 0.416607042 -0.389157951 -0.014005746 0.921064615 -4.150940284
112679233 0.753741910 1.344121218 0.500000000 0.500000000 0.000000000 0.000000000 0.916957855 -0.064199120 0.393785328 -1.254800091 0.053448174 0.997838914 0.038220491 0.421290147 -0.395388037 -0.013999496 0.918407559 -4.199240779
112712600 0.753741910 1.344121218 0.500000000 0.500000000 0.000000000 0.000000000 0.914261341 -0.064842060 0.399902284 -1.294070211 0.053853162 0.997799873 0.038668305 0.428117125 -0.401529789 -0.013816955 0.915741801 -4.242290638
112745967 0.753741910 1.344121218 0.500000000 0.500000000 0.000000000 0.000000000 0.911666334 -0.065327480 0.405705094 -1.327219584 0.054124627 0.997770786 0.039038807 0.435826911 -0.407351017 -0.013631707 0.913169861 -4.280109269
112779333 0.753741910 1.344121218 0.500000000 0.500000000 0.000000000 0.000000000 0.909011960 -0.065940969 0.411520243 -1.361829862 0.054513577 0.997733057 0.039458528 0.442743907 -0.413189292 -0.013434811 0.910545945 -4.311489258
112812700 0.753741910 1.344121218 0.500000000 0.500000000 0.000000000 0.000000000 0.906429768 -0.066459797 0.417094737 -1.390429606 0.054692298 0.997697115 0.040115613 0.445313956 -0.418800265 -0.013550092 0.907977164 -4.341039109
112846067 0.753741910 1.344121218 0.500000000 0.500000000 0.000000000 0.000000000 0.903839350 -0.067070171 0.422582537 -1.418560035 0.055092938 0.997659206 0.040508069 0.453257006 -0.424310237 -0.013331467 0.905418694 -4.366919810
112879433 0.753741910 1.344121218 0.500000000 0.500000000 0.000000000 0.000000000 0.901412606 -0.067772098 0.427624136 -1.438080013 0.055557419 0.997613549 0.040994443 0.456784079 -0.429381937 -0.013195229 0.903026640 -4.391390287
112912800 0.753741910 1.344121218 0.500000000 0.500000000 0.000000000 0.000000000 0.898977041 -0.067722246 0.432728738 -1.453770280 0.055265788 0.997616529 0.041314963 0.459118080 -0.434495300 -0.013226137 0.900577068 -4.410660430
112946167 0.753741910 1.344121218 0.500000000 0.500000000 0.000000000 0.000000000 0.896616280 -0.068453856 0.437485456 -1.463150066 0.055720530 0.997567177 0.041892584 0.459373149 -0.439288855 -0.013184681 0.898249209 -4.426470315
112979533 0.753741910 1.344121218 0.500000000 0.500000000 0.000000000 0.000000000 0.894292414 -0.068723269 0.442174405 -1.470949801 0.055739444 0.997548580 0.042307831 0.459204021 -0.443998009 -0.013189021 0.895930707 -4.437599942
113012900 0.753741910 1.344121218 0.500000000 0.500000000 0.000000000 0.000000000 0.892045438 -0.069328211 0.446596503 -1.475649713 0.056069814 0.997506738 0.042854179 0.457751910 -0.448454022 -0.013187277 0.893708527 -4.440179317
113046267 0.753741910 1.344121218 0.500000000 0.500000000 0.000000000 0.000000000 0.889812946 -0.069858097 0.450946748 -1.478070142 0.056363098 0.997470677 0.043306224 0.458859112 -0.452831447 -0.013117706 0.891499698 -4.438690525
113079633 0.753741910 1.344121218 0.500000000 0.500000000 0.000000000 0.000000000 0.887776852 -0.070453748 0.454849988 -1.471369935 0.056663055 0.997427702 0.043900996 0.456688950 -0.456772953 -0.013201095 0.889485359 -4.434909832
113113000 0.753741910 1.344121218 0.500000000 0.500000000 0.000000000 0.000000000 0.885688722 -0.070739895 0.458858579 -1.466709774 0.056745201 0.997408211 0.044235755 0.457072889 -0.460798532 -0.013141065 0.887407362 -4.425108980
113146367 0.753741910 1.344121218 0.500000000 0.500000000 0.000000000 0.000000000 0.883735478 -0.071566507 0.462482184 -1.455790024 0.057261154 0.997348309 0.044916362 0.457935937 -0.464470357 -0.013211910 0.885490060 -4.413569652
113179733 0.753741910 1.344121218 0.500000000 0.500000000 0.000000000 0.000000000 0.881819606 -0.071915761 0.466071010 -1.447939566 0.057416081 0.997324049 0.045256365 0.461686990 -0.468078494 -0.013147961 0.883589029 -4.398229750
113213100 0.753741910 1.344121218 0.500000000 0.500000000 0.000000000 0.000000000 0.880044699 -0.072576083 0.469312161 -1.434459978 0.057756018 0.997274101 0.045919038 0.461294940 -0.471365482 -0.013305195 0.881837547 -4.383009388
113246467 0.753741910 1.344121218 0.500000000 0.500000000 0.000000000 0.000000000 0.878268957 -0.072820678 0.472589344 -1.422590136 0.057763517 0.997255266 0.046316963 0.463388917 -0.474665076 -0.013380323 0.880064785 -4.363930413
113279833 0.753741910 1.344121218 0.500000000 0.500000000 0.000000000 0.000000000 0.876639366 -0.073267333 0.475536942 -1.406349876 0.057947125 0.997221112 0.046820760 0.466867998 -0.477645934 -0.013488926 0.878448904 -4.343560238
113313200 0.753741910 1.344121218 0.500000000 0.500000000 0.000000000 0.000000000 0.875156105 -0.073677585 0.478198081 -1.388350116 0.058150440 0.997190535 0.047218669 0.470625988 -0.480333537 -0.013516270 0.876981735 -4.321169698
