https://www.youtube.com/watch?v=mkR18ImKpdQ
21133333 0.783122138 1.392693191 0.500000000 0.500000000 0.000000000 0.000000000 0.370913148 -0.337369591 0.865219355 -3.938037526 0.401771218 0.898269713 0.178020433 -1.558819108 -0.837259054 0.281590343 0.468725562 4.871537178
21200000 0.783122138 1.392693191 0.500000000 0.500000000 0.000000000 0.000000000 0.379890203 -0.337712079 0.861181915 -3.837741115 0.419723362 0.892553866 0.164863423 -1.528800903 -0.824327648 0.298828006 0.480818093 4.392201891
21266667 0.783122138 1.392693191 0.500000000 0.500000000 0.000000000 0.000000000 0.397695363 -0.335779548 0.853868127 -3.745520892 0.425741613 0.891910315 0.152447134 -1.551210349 -0.812762380 0.302899569 0.497663915 3.984550882
21333333 0.783122138 1.392693191 0.500000000 0.500000000 0.000000000 0.000000000 0.414828956 -0.332834363 0.846840620 -3.611952881 0.438235939 0.888721645 0.134622812 -1.433921310 -0.797412753 0.315270215 0.514527321 3.530493522
21400000 0.783122138 1.392693191 0.500000000 0.500000000 0.000000000 0.000000000 0.434150636 -0.333101302 0.836992264 -3.503247232 0.441345900 0.888626933 0.124723062 -1.412859011 -0.785319209 0.315254748 0.532810986 3.172977226
21466667 0.783122138 1.392693191 0.500000000 0.500000000 0.000000000 0.000000000 0.445984662 -0.331680357 0.831316233 -3.339812858 0.443167567 0.888789237 0.116860360 -1.333490701 -0.777625203 0.316294163 0.543376207 2.816872262
21533333 0.783122138 1.392693191 0.500000000 0.500000000 0.000000000 0.000000000 0.453139007 -0.328689575 0.828630805 -3.135352393 0.439038694 0.891276836 0.113449529 -1.283710619 -0.775829077 0.312392294 0.548179567 2.575671866
21600000 0.783122138 1.392693191 0.500000000 0.500000000 0.000000000 0.000000000 0.454149067 -0.322280318 0.830592334 -2.962578810 0.441428155 0.891198516 0.104433417 -1.254509591 -0.773879468 0.319218665 0.547000647 2.372388923
21666667 0.783122138 1.392693191 0.500000000 0.500000000 0.000000000 0.000000000 0.455771267 -0.317528009 0.831533790 -2.822689688 0.449627995 0.888383031 0.092791215 -1.241219923 -0.768184304 0.331589341 0.547668934 2.148719736
21733333 0.783122138 1.392693191 0.500000000 0.500000000 0.000000000 0.000000000 0.461869359 -0.308779150 0.831463337 -2.628928073 0.449480385 0.889637291 0.080701500 -1.164949635 -0.764619708 0.336453259 0.549686491 1.949198536
21800000 0.783122138 1.392693191 0.500000000 0.500000000 0.000000000 0.000000000 0.462680101 -0.302303910 0.833389997 -2.514918638 0.454927146 0.887813985 0.069480062 -1.130249700 -0.760899425 0.346984923 0.548300266 1.731789168
21866667 0.783122138 1.392693191 0.500000000 0.500000000 0.000000000 0.000000000 0.477891922 -0.299925983 0.825628579 -2.400867365 0.451375902 0.890169859 0.062105820 -1.028779511 -0.753576815 0.342989445 0.560784578 1.447468095
21933333 0.783122138 1.392693191 0.500000000 0.500000000 0.000000000 0.000000000 0.499338508 -0.301107347 0.812401593 -2.223931780 0.447972357 0.892330170 0.055387825 -0.967475207 -0.741608202 0.336275846 0.580462456 1.225941430
22000000 0.783122138 1.392693191 0.500000000 0.500000000 0.000000000 0.000000000 0.511085033 -0.302782416 0.804434299 -2.009339252 0.447176695 0.892933607 0.051986009 -0.902072930 -0.734046817 0.333155155 0.591762304 0.977772553
22066667 0.783122138 1.392693191 0.500000000 0.500000000 0.000000000 0.000000000 0.527118266 -0.306208134 0.792706192 -1.824480439 0.449616611 0.892056525 0.045608073 -0.874943953 -0.721104324 0.332372963 0.607895494 0.701674242
22133333 0.783122138 1.392693191 0.500000000 0.500000000 0.000000000 0.000000000 0.558255672 -0.313138962 0.768306494 -1.523840363 0.447048843 0.893641710 0.039393693 -0.761404982 -0.698926449 0.321478665 0.638868928 0.416329215
22200000 0.783122138 1.392693191 0.500000000 0.500000000 0.000000000 0.000000000 0.585764468 -0.309693694 0.748978972 -1.241699653 0.438632369 0.898219109 0.028355330 -0.661794990 -0.681528687 0.311916977 0.661986589 0.148662840
22266667 0.783122138 1.392693191 0.500000000 0.500000000 0.000000000 0.000000000 0.619193554 -0.299443364 0.725900948 -0.868042355 0.430238664 0.902698994 0.005381420 -0.559682997 -0.656881392 0.308978856 0.687777758 0.022998972
22333333 0.783122138 1.392693191 0.500000000 0.500000000 0.000000000 0.000000000 0.651055038 -0.278762877 0.705987334 -0.527031837 0.410750329 0.911552727 -0.018858597 -0.493408004 -0.638287544 0.302262723 0.707973063 -0.178670078
22400000 0.783122138 1.392693191 0.500000000 0.500000000 0.000000000 0.000000000 0.689542711 -0.266732961 0.673338175 -0.168250986 0.394705325 0.917910814 -0.040587470 -0.476408932 -0.607238412 0.293757021 0.738219678 -0.340642006
22466667 0.783122138 1.392693191 0.500000000 0.500000000 0.000000000 0.000000000 0.723327816 -0.246514171 0.645001650 0.189095850 0.377159983 0.923498333 -0.070007205 -0.446271007 -0.578400135 0.293907195 0.760967433 -0.390809940
22533333 0.783122138 1.392693191 0.500000000 0.500000000 0.000000000 0.000000000 0.742054284 -0.227581531 0.630524993 0.458625798 0.352686197 0.932441831 -0.078515008 -0.430147970 -0.570059299 0.280639946 0.772187352 -0.484809871
22600000 0.783122138 1.392693191 0.500000000 0.500000000 0.000000000 0.000000000 0.763036251 -0.219393045 0.607982159 0.735139919 0.331028551 0.940551221 -0.076048873 -0.429559986 -0.555153728 0.259287536 0.790300071 -0.512927944
22666667 0.783122138 1.392693191 0.500000000 0.500000000 0.000000000 0.000000000 0.783927321 -0.217422605 0.581537068 1.026179969 0.315146089 0.946383953 -0.070995204 -0.393516921 -0.534921348 0.238924205 0.810416102 -0.493998927
22733333 0.783122138 1.392693191 0.500000000 0.500000000 0.000000000 0.000000000 0.795043349 -0.213974729 0.567556620 1.290209532 0.300595522 0.951716542 -0.062272362 -0.326053887 -0.526828289 0.220114350 0.820975840 -0.494940866
22800000 0.783122138 1.392693191 0.500000000 0.500000000 0.000000000 0.000000000 0.803492725 -0.215903699 0.554783762 1.549919914 0.284368277 0.957919121 -0.039059453 -0.219546004 -0.523004830 0.189146906 0.831077218 -0.482076871
22866667 0.783122138 1.392693191 0.500000000 0.500000000 0.000000000 0.000000000 0.807853162 -0.219060972 0.547161698 1.850930672 0.264812469 0.964287400 -0.004919745 -0.122754034 -0.526543379 0.148869574 0.837012649 -0.410441046
22933333 0.783122138 1.392693191 0.500000000 0.500000000 0.000000000 0.000000000 0.807742059 -0.224886701 0.544957340 2.148529473 0.253657252 0.967018664 0.023084421 -0.048902112 -0.532175243 0.119586214 0.838145852 -0.375703771
23000000 0.783122138 1.392693191 0.500000000 0.500000000 0.000000000 0.000000000 0.815041304 -0.230147660 0.531732619 2.461179528 0.245950669 0.968365848 0.042139936 0.058585841 -0.524610102 0.096434265 0.845863163 -0.362603895
23066667 0.783122138 1.392693191 0.500000000 0.500000000 0.000000000 0.000000000 0.819142878 -0.230281353 0.525333464 2.806099342 0.234909236 0.970224380 0.059010834 0.191668977 -0.523280442 0.075067446 0.848847628 -0.378345064
23133333 0.783122138 1.392693191 0.500000000 0.500000000 0.000000000 0.000000000 0.822125554 -0.226040795 0.522508562 3.150960098 0.221464708 0.972488344 0.072248094 0.255265963 -0.524464548 0.056320183 0.849567592 -0.395111134
23200000 0.783122138 1.392693191 0.500000000 0.500000000 0.000000000 0.000000000 0.822453678 -0.217657641 0.525542498 3.503229436 0.209608361 0.974849701 0.075712830 0.431889938 -0.528804421 0.047887851 0.847391605 -0.483288967
23266667 0.783122138 1.392693191 0.500000000 0.500000000 0.000000000 0.000000000 0.828511000 -0.208273098 0.519799590 3.767549141 0.196984127 0.977329075 0.077621885 0.477649956 -0.524181843 0.038081728 0.850754380 -0.449980131
23333333 0.783122138 1.392693191 0.500000000 0.500000000 0.000000000 0.000000000 0.835418642 -0.205815852 0.509622991 4.059140502 0.194311261 0.977958262 0.076425269 0.681447131 -0.514119565 0.035178382 0.856996894 -0.454193193
