https://www.youtube.com/watch?v=vaT0byPxja8
898564333 0.963355404 1.713217625 0.500000000 0.500000000 0.000000000 0.000000000 0.998307765 0.009783333 -0.057322666 -2.412529753 -0.009485276 0.999940038 0.005469410 -1.628029851 0.057372741 -0.004916433 0.998340726 6.145050261
898631067 0.963355404 1.713217625 0.500000000 0.500000000 0.000000000 0.000000000 0.997631788 0.010145843 -0.068028241 -2.396179954 -0.009782793 0.999936104 0.005667767 -1.522940170 0.068081394 -0.004988838 0.997667313 5.758410027
898697800 0.963355404 1.713217625 0.500000000 0.500000000 0.000000000 0.000000000 0.996731699 0.011646605 -0.079939194 -2.341939942 -0.011225601 0.999920666 0.005713962 -1.428410037 0.079999395 -0.004797921 0.996783376 5.380930286
898764533 0.963355404 1.713217625 0.500000000 0.500000000 0.000000000 0.000000000 0.995487034 0.014256348 -0.093820669 -2.276240215 -0.013782755 0.999888778 0.005693936 -1.337739908 0.093891405 -0.004375132 0.995572805 5.025499519
898831267 0.963355404 1.713217625 0.500000000 0.500000000 0.000000000 0.000000000 0.993636191 0.018887559 -0.111041948 -2.196409918 -0.018227195 0.999809623 0.006959198 -1.249669921 0.111152247 -0.004890927 0.993791342 4.619959942
898898000 0.963355404 1.713217625 0.500000000 0.500000000 0.000000000 0.000000000 0.990909696 0.024979064 -0.132189244 -2.084250070 -0.023942193 0.999668896 0.009427708 -1.148190099 0.132380962 -0.006177105 0.991179645 4.246450160
898964733 0.963355404 1.713217625 0.500000000 0.500000000 0.000000000 0.000000000 0.987033784 0.031646118 -0.157361969 -1.962569812 -0.030006636 0.999467969 0.012784012 -1.009000031 0.157682821 -0.007896351 0.987458229 3.908530083
899031467 0.963355404 1.713217625 0.500000000 0.500000000 0.000000000 0.000000000 0.981982231 0.040098589 -0.184669942 -1.847030008 -0.037651528 0.999150693 0.016740149 -0.872756012 0.185184360 -0.009485430 0.982658029 3.506949936
899098200 0.963355404 1.713217625 0.500000000 0.500000000 0.000000000 0.000000000 0.975732207 0.047925979 -0.213658035 -1.738139997 -0.044713035 0.998802662 0.019847840 -0.712243943 0.214353442 -0.009812889 0.976706862 3.126659906
899164933 0.963355404 1.713217625 0.500000000 0.500000000 0.000000000 0.000000000 0.969301283 0.055987433 -0.239416912 -1.575540023 -0.051861994 0.998377681 0.023501698 -0.588166967 0.240344301 -0.010363590 0.970632374 2.772409825
899231667 0.963355404 1.713217625 0.500000000 0.500000000 0.000000000 0.000000000 0.963076830 0.061823554 -0.262032062 -1.424289895 -0.056866884 0.998030961 0.026464852 -0.458698979 0.263152272 -0.010586737 0.964696229 2.469070111
899298400 0.963355404 1.713217625 0.500000000 0.500000000 0.000000000 0.000000000 0.957489312 0.066166356 -0.280777931 -1.267750045 -0.060229409 0.997741699 0.029731374 -0.355985000 0.282111049 -0.011556379 0.959312141 2.159080046
899365133 0.963355404 1.713217625 0.500000000 0.500000000 0.000000000 0.000000000 0.953239739 0.068598591 -0.294326514 -1.105739774 -0.061967801 0.997571170 0.031807523 -0.281004983 0.295793623 -0.012081414 0.955175400 1.890879654
899431867 0.963355404 1.713217625 0.500000000 0.500000000 0.000000000 0.000000000 0.950357616 0.070377722 -0.303096473 -0.959061114 -0.063053071 0.997434318 0.033897430 -0.227552989 0.304704428 -0.013103529 0.952356815 1.597500012
899498600 0.963355404 1.713217625 0.500000000 0.500000000 0.000000000 0.000000000 0.948469937 0.072120175 -0.308550507 -0.799917972 -0.063798591 0.997277081 0.036988258 -0.197781981 0.310377926 -0.015397155 0.950488508 1.334289920
899565333 0.963355404 1.713217625 0.500000000 0.500000000 0.000000000 0.000000000 0.947172463 0.074106686 -0.312045664 -0.665449941 -0.064938672 0.997099817 0.039685369 -0.163696008 0.314081639 -0.017325060 0.949237883 1.026449996
899632067 0.963355404 1.713217625 0.500000000 0.500000000 0.000000000 0.000000000 0.946723878 0.076281726 -0.312881798 -0.543347004 -0.066272482 0.996895254 0.042518165 -0.119980992 0.315153748 -0.019517522 0.948839962 0.722042071
899698800 0.963355404 1.713217625 0.500000000 0.500000000 0.000000000 0.000000000 0.946774364 0.078616381 -0.312150180 -0.399773985 -0.067649350 0.996656120 0.045826763 -0.076376494 0.314709127 -0.022270851 0.948926866 0.518744040
899765533 0.963355404 1.713217625 0.500000000 0.500000000 0.000000000 0.000000000 0.947396755 0.080688030 -0.309723854 -0.285438017 -0.069208354 0.996451855 0.047894180 -0.010323304 0.312489390 -0.023939332 0.949619591 0.221214023
899832267 0.963355404 1.713217625 0.500000000 0.500000000 0.000000000 0.000000000 0.947925985 0.081926309 -0.307773352 -0.153583009 -0.069923632 0.996306241 0.049845986 0.052418605 0.310720205 -0.025729686 0.950153112 0.031832196
899899000 0.963355404 1.713217625 0.500000000 0.500000000 0.000000000 0.000000000 0.948664010 0.082494535 -0.305337936 -0.017629308 -0.070020117 0.996209979 0.051602893 0.105038000 0.308437675 -0.027574020 0.950844824 -0.135369993
899965733 0.963355404 1.713217625 0.500000000 0.500000000 0.000000000 0.000000000 0.949350715 0.082358651 -0.303232908 0.108078994 -0.069865234 0.996208489 0.051840585 0.155058973 0.306352735 -0.028029446 0.951505303 -0.381605005
900032467 0.963355404 1.713217625 0.500000000 0.500000000 0.000000000 0.000000000 0.949786365 0.081646279 -0.302059054 0.227244980 -0.069010243 0.996244609 0.052290041 0.183468983 0.305194020 -0.028819192 0.951853991 -0.550724984
900099200 0.963355404 1.713217625 0.500000000 0.500000000 0.000000000 0.000000000 0.949943364 0.080643445 -0.301834852 0.367296034 -0.068044558 0.996323943 0.052043460 0.212978009 0.304922253 -0.028900133 0.951938689 -0.741746013
900165933 0.963355404 1.713217625 0.500000000 0.500000000 0.000000000 0.000000000 0.949370444 0.080144331 -0.303764135 0.516001043 -0.067469627 0.996364713 0.052011777 0.228350012 0.306828290 -0.028883595 0.951326549 -0.921626114
900232667 0.963355404 1.713217625 0.500000000 0.500000000 0.000000000 0.000000000 0.948050320 0.080323227 -0.307812959 0.702054981 -0.067398213 0.996348560 0.052411806 0.248119001 0.310898870 -0.028942991 0.950002193 -1.121809859
900299400 0.963355404 1.713217625 0.500000000 0.500000000 0.000000000 0.000000000 0.945623875 0.081765592 -0.314817190 0.929358052 -0.068479002 0.996240795 0.053055659 0.265716009 0.317971826 -0.028612338 0.947668314 -1.357710053
900366133 0.963355404 1.713217625 0.500000000 0.500000000 0.000000000 0.000000000 0.942302108 0.084797204 -0.323845983 1.180480097 -0.070537940 0.995961666 0.055540990 0.273662019 0.327247918 -0.029492978 0.944478154 -1.521260081
900432867 0.963355404 1.713217625 0.500000000 0.500000000 0.000000000 0.000000000 0.938080370 0.089010119 -0.334787369 1.449380249 -0.073805749 0.995590806 0.057893332 0.295165008 0.338464320 -0.029599395 0.940513611 -1.730590052
900499600 0.963355404 1.713217625 0.500000000 0.500000000 0.000000000 0.000000000 0.932834864 0.094655797 -0.347648293 1.843109862 -0.078408986 0.995081186 0.060542710 0.303023932 0.351668984 -0.029217595 0.935668349 -1.970460104
900566333 0.963355404 1.713217625 0.500000000 0.500000000 0.000000000 0.000000000 0.928780198 0.099264920 -0.357090712 2.009479962 -0.082366556 0.994655192 0.062264107 0.341651010 0.361362755 -0.028417328 0.931992173 -2.202519918
900633067 0.963355404 1.713217625 0.500000000 0.500000000 0.000000000 0.000000000 0.923920155 0.105660781 -0.367705524 2.224390042 -0.088111937 0.994036794 0.064242482 0.364307984 0.372300744 -0.026955683 0.927720606 -2.402069757
900699800 0.963355404 1.713217625 0.500000000 0.500000000 0.000000000 0.000000000 0.919068396 0.110900417 -0.378172696 2.445230387 -0.092937171 0.993515968 0.065487906 0.399658026 0.382983267 -0.025041603 0.923415899 -2.590900476
900766533 0.963355404 1.713217625 0.500000000 0.500000000 0.000000000 0.000000000 0.914504111 0.115589820 -0.387713015 2.652430421 -0.097391076 0.993032873 0.066337638 0.429289110 0.392679751 -0.022906281 0.919390023 -2.791640310
900833267 0.963355404 1.713217625 0.500000000 0.500000000 0.000000000 0.000000000 0.910664916 0.120074727 -0.395311832 2.821219838 -0.101828344 0.992549539 0.066905677 0.452266929 0.400400281 -0.020674681 0.916107059 -3.072609996
900900000 0.963355404 1.713217625 0.500000000 0.500000000 0.000000000 0.000000000 0.907229066 0.123899549 -0.401975542 2.965739872 -0.105775490 0.992125452 0.067071974 0.479234031 0.407120377 -0.018330486 0.913190603 -3.298590267
900966733 0.963355404 1.713217625 0.500000000 0.500000000 0.000000000 0.000000000 0.904467344 0.128335014 -0.406778932 3.087790499 -0.110026367 0.991586447 0.068194330 0.481244013 0.412108183 -0.016923159 0.910977781 -3.582980386
901033467 0.963355404 1.713217625 0.500000000 0.500000000 0.000000000 0.000000000 0.901893914 0.131939188 -0.411314458 3.193030750 -0.113280378 0.991126716 0.069537036 0.480353109 0.416839391 -0.016121207 0.908837259 -3.890380665
901100200 0.963355404 1.713217625 0.500000000 0.500000000 0.000000000 0.000000000 0.899563789 0.135159686 -0.415351331 3.281929443 -0.116552755 0.990717351 0.069960989 0.501898844 0.420951664 -0.014523989 0.906966686 -4.188438887
901166933 0.963355404 1.713217625 0.500000000 0.500000000 0.000000000 0.000000000 0.897499561 0.138407603 -0.418733418 3.351039369 -0.119435117 0.990276277 0.071331270 0.529476869 0.424534559 -0.014008263 0.905303299 -4.517919534
901233667 0.963355404 1.713217625 0.500000000 0.500000000 0.000000000 0.000000000 0.895396411 0.141509295 -0.422185004 3.413609319 -0.122103959 0.989842832 0.072812863 0.565209581 0.428200543 -0.013645848 0.903580606 -4.827659456
