https://www.youtube.com/watch?v=juxUdE8s5GU
25892533 0.808989126 1.438694851 0.500000000 0.500000000 0.000000000 0.000000000 0.990454733 0.130713060 0.043743521 -3.811709838 -0.131613329 0.991131008 0.018363554 -2.461299741 -0.040955201 -0.023945503 0.998874009 4.453179483
25959267 0.808989126 1.438694851 0.500000000 0.500000000 0.000000000 0.000000000 0.986089647 0.157416672 0.053358912 -3.660639919 -0.158445030 0.987244606 0.015597228 -2.251440069 -0.050223030 -0.023834724 0.998453557 4.299369839
26026000 0.808989126 1.438694851 0.500000000 0.500000000 0.000000000 0.000000000 0.981281459 0.182324693 0.062003046 -3.506869878 -0.182939753 0.983114541 0.004343956 -2.086260064 -0.060164087 -0.015605459 0.998066485 4.105829746
26092733 0.808989126 1.438694851 0.500000000 0.500000000 0.000000000 0.000000000 0.975509822 0.208544761 0.069926657 -3.358060089 -0.208358794 0.978001118 -0.010024170 -1.933480167 -0.070478834 -0.004791150 0.997501791 3.906369964
26159467 0.808989126 1.438694851 0.500000000 0.500000000 0.000000000 0.000000000 0.969686985 0.231832609 0.077206396 -3.204820094 -0.230442062 0.972722948 -0.026580967 -1.805210039 -0.081262760 0.007983630 0.996660769 3.702650131
26226200 0.808989126 1.438694851 0.500000000 0.500000000 0.000000000 0.000000000 0.962481022 0.257228225 0.086394086 -3.048490102 -0.254314393 0.966148257 -0.043380242 -1.678180221 -0.094628111 0.019781422 0.995316148 3.506939900
26292933 0.808989126 1.438694851 0.500000000 0.500000000 0.000000000 0.000000000 0.954334021 0.282403469 0.097441934 -2.882570201 -0.277550280 0.958804965 -0.060489208 -1.561229923 -0.110510163 0.030681903 0.993401289 3.313180015
26359667 0.808989126 1.438694851 0.500000000 0.500000000 0.000000000 0.000000000 0.945232749 0.307243079 0.110166773 -2.709809920 -0.300416261 0.950902998 -0.074387737 -1.435330038 -0.127613038 0.037217841 0.991125524 3.123230075
26426400 0.808989126 1.438694851 0.500000000 0.500000000 0.000000000 0.000000000 0.936082244 0.329054326 0.124391623 -2.525510126 -0.320798129 0.943591714 -0.081995159 -1.299359894 -0.144355774 0.036849633 0.988839507 2.936980010
26493133 0.808989126 1.438694851 0.500000000 0.500000000 0.000000000 0.000000000 0.925982118 0.351049244 0.139001980 -2.343019914 -0.342385352 0.935905993 -0.082778633 -1.140930008 -0.159152165 0.029059287 0.986826301 2.748589995
26559867 0.808989126 1.438694851 0.500000000 0.500000000 0.000000000 0.000000000 0.915648997 0.372514278 0.151062340 -2.165149571 -0.363872260 0.927801311 -0.082349837 -0.984226931 -0.170832336 0.020436075 0.985088110 2.545069837
26626600 0.808989126 1.438694851 0.500000000 0.500000000 0.000000000 0.000000000 0.904273808 0.394927412 0.162237704 -1.994809863 -0.385483295 0.918563783 -0.087424688 -0.841196006 -0.183552116 0.016515888 0.982871234 2.323060280
26693333 0.808989126 1.438694851 0.500000000 0.500000000 0.000000000 0.000000000 0.890797198 0.420404583 0.172454417 -1.825090460 -0.410482973 0.907274365 -0.091416791 -0.695005887 -0.194895506 0.010644268 0.980766296 2.112760123
26760067 0.808989126 1.438694851 0.500000000 0.500000000 0.000000000 0.000000000 0.877538443 0.443941653 0.181224048 -1.655840129 -0.432812214 0.896014690 -0.099153019 -0.576007956 -0.206397563 0.008574620 0.978430629 1.890879953
26826800 0.808989126 1.438694851 0.500000000 0.500000000 0.000000000 0.000000000 0.863928139 0.467096955 0.188277364 -1.490959634 -0.454952329 0.884186268 -0.105984956 -0.466282168 -0.215977520 0.005906053 0.976380467 1.674749997
26893533 0.808989126 1.438694851 0.500000000 0.500000000 0.000000000 0.000000000 0.848151445 0.493552715 0.192470998 -1.330690349 -0.479165822 0.869675815 -0.118592799 -0.378504014 -0.225919157 0.008359179 0.974110186 1.439980058
26960267 0.808989126 1.438694851 0.500000000 0.500000000 0.000000000 0.000000000 0.828453422 0.525136173 0.194670826 -1.167099836 -0.508833110 0.850973129 -0.130128533 -0.292011038 -0.233994871 0.008750401 0.972198427 1.205249987
27027000 0.808989126 1.438694851 0.500000000 0.500000000 0.000000000 0.000000000 0.806294322 0.558486104 0.194890976 -0.990907795 -0.539612889 0.829437256 -0.144400507 -0.213730098 -0.242295533 0.011263564 0.970137119 0.959109049
27093733 0.808989126 1.438694851 0.500000000 0.500000000 0.000000000 0.000000000 0.781768560 0.592729807 0.193674639 -0.800545373 -0.571633339 0.805309534 -0.157201976 -0.133560880 -0.249146268 0.012184881 0.968389273 0.714180964
27160467 0.808989126 1.438694851 0.500000000 0.500000000 0.000000000 0.000000000 0.754281640 0.628302217 0.190513894 -0.600153969 -0.605306745 0.777876139 -0.168856531 -0.057895237 -0.254289150 0.012046076 0.967053235 0.475209007
27227200 0.808989126 1.438694851 0.500000000 0.500000000 0.000000000 0.000000000 0.726904392 0.661640167 0.183961287 -0.393371795 -0.635879636 0.749640584 -0.183563769 0.003237242 -0.259358078 0.016455926 0.965641022 0.235314033
27293933 0.808989126 1.438694851 0.500000000 0.500000000 0.000000000 0.000000000 0.700458288 0.691544831 0.176418066 -0.192336889 -0.663034499 0.722013056 -0.197691321 0.050415268 -0.264088631 0.021503106 0.964258671 0.003440227
27360667 0.808989126 1.438694851 0.500000000 0.500000000 0.000000000 0.000000000 0.682004511 0.712013423 0.167053103 0.005520756 -0.679923952 0.701426268 -0.213786513 0.079750207 -0.269394308 0.032219954 0.962490797 -0.235032993
27427400 0.808989126 1.438694851 0.500000000 0.500000000 0.000000000 0.000000000 0.674046934 0.721852779 0.156809196 0.199470983 -0.686321616 0.690492272 -0.228435814 0.099350608 -0.273172587 0.046354868 0.960847497 -0.477220003
27494133 0.808989126 1.438694851 0.500000000 0.500000000 0.000000000 0.000000000 0.672056317 0.725903511 0.146300554 0.391697872 -0.687985778 0.685163975 -0.239218175 0.118033058 -0.273889273 0.060115226 0.959880590 -0.716134990
27560867 0.808989126 1.438694851 0.500000000 0.500000000 0.000000000 0.000000000 0.671424806 0.728616714 0.135303006 0.582807191 -0.689259052 0.681053758 -0.247160316 0.135882948 -0.272233665 0.072690874 0.959481597 -0.953509988
27627600 0.808989126 1.438694851 0.500000000 0.500000000 0.000000000 0.000000000 0.669329286 0.732491791 0.124316409 0.777881293 -0.691800296 0.675467968 -0.255256385 0.154410926 -0.270944834 0.084848553 0.958848119 -1.194429942
27694333 0.808989126 1.438694851 0.500000000 0.500000000 0.000000000 0.000000000 0.664353609 0.738613188 0.114389583 0.976211065 -0.697085083 0.667528033 -0.261684805 0.171076957 -0.269642055 0.094112031 0.958350718 -1.418809967
27761067 0.808989126 1.438694851 0.500000000 0.500000000 0.000000000 0.000000000 0.660027385 0.743664443 0.106427372 1.174289717 -0.700294435 0.660343170 -0.271172255 0.196717115 -0.271939814 0.104450576 0.956628859 -1.647179949
27827800 0.808989126 1.438694851 0.500000000 0.500000000 0.000000000 0.000000000 0.656947136 0.747260928 0.100105532 1.374089587 -0.701461792 0.654480457 -0.282145917 0.236495936 -0.276353866 0.115134671 0.954134405 -1.862319846
27894533 0.808989126 1.438694851 0.500000000 0.500000000 0.000000000 0.000000000 0.651392937 0.752406478 0.097835012 1.567579915 -0.705011845 0.647871971 -0.288478971 0.265878981 -0.280438036 0.118938297 0.952474773 -2.076800253
27961267 0.808989126 1.438694851 0.500000000 0.500000000 0.000000000 0.000000000 0.642665029 0.760119140 0.095918454 1.750269724 -0.711021125 0.638361812 -0.294860929 0.286405021 -0.285360187 0.121296726 0.950713754 -2.280459858
28028000 0.808989126 1.438694851 0.500000000 0.500000000 0.000000000 0.000000000 0.631084323 0.770208776 0.092257380 1.934120565 -0.719968498 0.625846207 -0.299937248 0.288237838 -0.288753122 0.122863404 0.949487388 -2.472470077
28094733 0.808989126 1.438694851 0.500000000 0.500000000 0.000000000 0.000000000 0.615094066 0.783324301 0.089793436 2.113450737 -0.732011855 0.609660387 -0.304094523 0.267791709 -0.292947978 0.121317007 0.948400617 -2.665349704
28161467 0.808989126 1.438694851 0.500000000 0.500000000 0.000000000 0.000000000 0.598162055 0.796842158 0.085120030 2.299071127 -0.744455516 0.591848612 -0.309033811 0.241239398 -0.296629190 0.121484384 0.947234273 -2.854059857
28228200 0.808989126 1.438694851 0.500000000 0.500000000 0.000000000 0.000000000 0.579710841 0.811043859 0.078379788 2.501380316 -0.759008050 0.572486162 -0.310107499 0.188746102 -0.296382070 0.120281845 0.947465003 -3.040579815
