https://www.youtube.com/watch?v=oLf6UKSOSjI
33867167 0.997114776 1.774975961 0.500000000 0.500000000 0.000000000 0.000000000 0.929813325 0.011615181 -0.367848217 3.189030040 -0.052628458 0.993426025 -0.101661041 -0.323713963 0.364249170 0.113885075 0.924312055 4.315230148
35335300 0.997114776 1.774975961 0.500000000 0.500000000 0.000000000 0.000000000 0.775750816 0.038683616 -0.629852176 0.825579604 -0.148910850 0.981152833 -0.123144858 -0.173051044 0.613217592 0.189321607 0.766890526 0.947440563
35402033 0.997114776 1.774975961 0.500000000 0.500000000 0.000000000 0.000000000 0.773067534 0.038769603 -0.633137643 0.787492819 -0.157429114 0.978628397 -0.132297024 -0.152495018 0.614477336 0.201948866 0.762649298 0.792055730
35468767 0.997114776 1.774975961 0.500000000 0.500000000 0.000000000 0.000000000 0.772797942 0.039628975 -0.633413792 0.739238128 -0.165513068 0.976095378 -0.140866101 -0.130048980 0.612689853 0.213699281 0.760883570 0.660038995
35535500 0.997114776 1.774975961 0.500000000 0.500000000 0.000000000 0.000000000 0.776050329 0.041223936 -0.629322469 0.683821206 -0.172623307 0.973638892 -0.149092466 -0.098576068 0.606586635 0.224338919 0.762708962 0.522222133
35602233 0.997114776 1.774975961 0.500000000 0.500000000 0.000000000 0.000000000 0.783250451 0.043805242 -0.620160937 0.619855786 -0.178749233 0.971263230 -0.157151043 -0.059932317 0.595455408 0.233941942 0.768572569 0.386488846
35668967 0.997114776 1.774975961 0.500000000 0.500000000 0.000000000 0.000000000 0.792711914 0.044774614 -0.607949615 0.547839828 -0.182181239 0.969121397 -0.166173473 -0.025337048 0.581736565 0.242484763 0.776391208 0.248094907
35735700 0.997114776 1.774975961 0.500000000 0.500000000 0.000000000 0.000000000 0.804501355 0.043906093 -0.592325807 0.459270029 -0.182627946 0.967237115 -0.176350325 0.001144257 0.565176606 0.250049323 0.786162019 0.102683999
35802433 0.997114776 1.774975961 0.500000000 0.500000000 0.000000000 0.000000000 0.820422649 0.042398043 -0.570183635 0.355484118 -0.180490375 0.965459466 -0.187913001 0.030550747 0.542522073 0.257080674 0.799737215 -0.046265507
35869167 0.997114776 1.774975961 0.500000000 0.500000000 0.000000000 0.000000000 0.840228319 0.038695253 -0.540850401 0.245688050 -0.173006862 0.964448333 -0.199770093 0.050522513 0.513892055 0.261423290 0.817051291 -0.190447014
35935900 0.997114776 1.774975961 0.500000000 0.500000000 0.000000000 0.000000000 0.865045130 0.032481857 -0.500641406 0.110621996 -0.159634382 0.963858485 -0.213292390 0.074730494 0.475619316 0.264427125 0.838966310 -0.331023962
36002633 0.997114776 1.774975961 0.500000000 0.500000000 0.000000000 0.000000000 0.890556991 0.025949117 -0.454131126 -0.040521105 -0.144457936 0.962821662 -0.228268325 0.112168021 0.431323946 0.268888772 0.861196101 -0.460199120
36069367 0.997114776 1.774975961 0.500000000 0.500000000 0.000000000 0.000000000 0.914553225 0.018633347 -0.404036194 -0.203349014 -0.126789838 0.961795747 -0.242638141 0.136260984 0.384079129 0.273133188 0.881975889 -0.577048993
36136100 0.997114776 1.774975961 0.500000000 0.500000000 0.000000000 0.000000000 0.934414506 0.011043526 -0.356016308 -0.390861977 -0.109400176 0.960104465 -0.257354051 0.169866967 0.338970751 0.279423624 0.898343682 -0.667313031
36202833 0.997114776 1.774975961 0.500000000 0.500000000 0.000000000 0.000000000 0.951200247 0.003014777 -0.308559477 -0.582181991 -0.091157302 0.958068967 -0.271651000 0.194507018 0.294802308 0.286521941 0.911590219 -0.740501991
36269567 0.997114776 1.774975961 0.500000000 0.500000000 0.000000000 0.000000000 0.963785946 -0.003809009 -0.266649783 -0.767063030 -0.075471222 0.955124438 -0.286428511 0.224980014 0.255774736 0.296180189 0.920248032 -0.796453932
36336300 0.997114776 1.774975961 0.500000000 0.500000000 0.000000000 0.000000000 0.973233819 -0.008832296 -0.229647398 -0.937627058 -0.061854169 0.952321291 -0.298761129 0.250284015 0.221336842 0.304969072 0.926284909 -0.848206864
36403033 0.997114776 1.774975961 0.500000000 0.500000000 0.000000000 0.000000000 0.980779350 -0.011280298 -0.194793746 -1.088930091 -0.050526608 0.949592173 -0.309389234 0.266406015 0.188464627 0.313284814 0.930770397 -0.880131870
36469767 0.997114776 1.774975961 0.500000000 0.500000000 0.000000000 0.000000000 0.987146854 -0.009628519 -0.159525558 -1.225750033 -0.042230122 0.946989000 -0.318478286 0.286110976 0.154135421 0.321121633 0.934410572 -0.912202970
36536500 0.997114776 1.774975961 0.500000000 0.500000000 0.000000000 0.000000000 0.992436826 -0.005628284 -0.122627549 -1.346240062 -0.034599047 0.945624411 -0.323415190 0.297010985 0.117779873 0.325211912 0.938277721 -0.924533986
36603233 0.997114776 1.774975961 0.500000000 0.500000000 0.000000000 0.000000000 0.996335268 -0.001225933 -0.085525215 -1.458430075 -0.026599646 0.945876896 -0.323433697 0.286110005 0.081292823 0.324523330 0.942377865 -0.934831913
36669967 0.997114776 1.774975961 0.500000000 0.500000000 0.000000000 0.000000000 0.998830855 0.001464044 -0.048318975 -1.562629992 -0.016857276 0.947347641 -0.319762945 0.247916039 0.045306720 0.320203602 0.946264744 -0.942518059
36736700 0.997114776 1.774975961 0.500000000 0.500000000 0.000000000 0.000000000 0.999951482 0.004092647 -0.008959390 -1.681429967 -0.006701992 0.949274778 -0.314376473 0.197859964 0.007218292 0.314421296 0.949256122 -0.954271975
36803433 0.997114776 1.774975961 0.500000000 0.500000000 0.000000000 0.000000000 0.999544024 0.005399327 0.029708380 -1.803509965 0.004053171 0.950986445 -0.309205860 0.146102982 -0.029921772 0.309185296 0.950530946 -0.972701997
36870167 0.997114776 1.774975961 0.500000000 0.500000000 0.000000000 0.000000000 0.997585714 0.005657967 0.069215521 -1.945619965 0.015631713 0.952804387 -0.303182185 0.104248019 -0.067664251 0.303532183 0.950415611 -0.993409045
36936900 0.997114776 1.774975961 0.500000000 0.500000000 0.000000000 0.000000000 0.993984699 0.003534312 0.109462216 -2.110540007 0.028974570 0.955380201 -0.293954283 0.079797466 -0.105616957 0.295357674 0.949530900 -1.001960002
37003633 0.997114776 1.774975961 0.500000000 0.500000000 0.000000000 0.000000000 0.988387108 -0.003281238 0.151921585 -2.285280159 0.046429850 0.958476424 -0.281366795 0.065506130 -0.144690022 0.285153002 0.947498083 -0.986868052
37070367 0.997114776 1.774975961 0.500000000 0.500000000 0.000000000 0.000000000 0.980836749 -0.014410522 0.194297731 -2.464250118 0.067337975 0.960877299 -0.268664062 0.039716594 -0.182824701 0.276599228 0.943434179 -0.971393124
37137100 0.997114776 1.774975961 0.500000000 0.500000000 0.000000000 0.000000000 0.971502006 -0.023727152 0.235840946 -2.656360053 0.087031677 0.961187601 -0.261808932 0.026123714 -0.220475435 0.274873495 0.935860693 -0.939940024
37203833 0.997114776 1.774975961 0.500000000 0.500000000 0.000000000 0.000000000 0.960549057 -0.028461166 0.276650548 -2.833200211 0.102783881 0.960650444 -0.258043051 0.012191949 -0.258420289 0.276298225 0.925677180 -0.892252866
37270567 0.997114776 1.774975961 0.500000000 0.500000000 0.000000000 0.000000000 0.949507713 -0.026909426 0.312587619 -3.002150316 0.111010462 0.960679829 -0.254501402 0.008489933 -0.293448150 0.276351511 0.915160179 -0.821172112
37337300 0.997114776 1.774975961 0.500000000 0.500000000 0.000000000 0.000000000 0.939238608 -0.019434582 0.342714429 -3.165819909 0.111920431 0.961175382 -0.252221584 0.013784376 -0.324506879 0.275252998 0.904948115 -0.750292894
37404033 0.997114776 1.774975961 0.500000000 0.500000000 0.000000000 0.000000000 0.929391325 -0.008550223 0.368996918 -3.312740364 0.109026492 0.961480618 -0.252325863 0.033690919 -0.352625966 0.274739891 0.894523919 -0.643971989
37470767 0.997114776 1.774975961 0.500000000 0.500000000 0.000000000 0.000000000 0.918807566 0.004159845 0.394683868 -3.450229836 0.104692139 0.961560190 -0.253853500 0.053798735 -0.380568296 0.274562836 0.883053243 -0.534893975
37537500 0.997114776 1.774975961 0.500000000 0.500000000 0.000000000 0.000000000 0.906666815 0.015181921 0.421574026 -3.579489350 0.101959281 0.961836517 -0.253918707 0.058415185 -0.409340292 0.273203075 0.870517313 -0.381881931
37604233 0.997114776 1.774975961 0.500000000 0.500000000 0.000000000 0.000000000 0.893814564 0.023580793 0.447816491 -3.706170481 0.101409480 0.962118387 -0.253069818 0.052996515 -0.436820090 0.271610320 0.857564092 -0.219661990
37670967 0.997114776 1.774975961 0.500000000 0.500000000 0.000000000 0.000000000 0.878670275 0.029392533 0.476523489 -3.837959967 0.103340887 0.962732255 -0.249934569 0.022477059 -0.466110736 0.268854439 0.842886746 -0.031662910
37737700 0.997114776 1.774975961 0.500000000 0.500000000 0.000000000 0.000000000 0.861813843 0.032035243 0.506212294 -3.967990909 0.108603835 0.963204265 -0.245851234 -0.026626136 -0.495461762 0.266854584 0.826623619 0.172062171
37804433 0.997114776 1.774975961 0.500000000 0.500000000 0.000000000 0.000000000 0.842121243 0.031626150 0.538360119 -4.108489940 0.117502674 0.963534415 -0.240404859 -0.092627486 -0.526331544 0.265708804 0.807696700 0.400736746
37871167 0.997114776 1.774975961 0.500000000 0.500000000 0.000000000 0.000000000 0.821644545 0.029824894 0.569219351 -4.240079799 0.128087968 0.963428557 -0.235369593 -0.172145014 -0.555422068 0.266300291 0.787775636 0.659716971
37937900 0.997114776 1.774975961 0.500000000 0.500000000 0.000000000 0.000000000 0.801784575 0.025632191 0.597063005 -4.369448660 0.142178476 0.962211668 -0.232236803 -0.273896368 -0.580453694 0.271093428 0.767842174 0.912014412
38004633 0.997114776 1.774975961 0.500000000 0.500000000 0.000000000 0.000000000 0.783447444 0.020730034 0.621112227 -4.491920186 0.156732768 0.960545242 -0.229755655 -0.376914921 -0.601369262 0.277350128 0.749287665 1.157020187
38071367 0.997114776 1.774975961 0.500000000 0.500000000 0.000000000 0.000000000 0.765628994 0.016640060 0.643066943 -4.612339013 0.168167651 0.959724426 -0.225052491 -0.471482342 -0.620911896 0.280449808 0.731994510 1.410649488
38138100 0.997114776 1.774975961 0.500000000 0.500000000 0.000000000 0.000000000 0.750392377 0.013354935 0.660857737 -4.708780022 0.175523341 0.959875643 -0.218701333 -0.540455955 -0.637262046 0.280107766 0.717939258 1.660300266
38204833 0.997114776 1.774975961 0.500000000 0.500000000 0.000000000 0.000000000 0.736174345 0.010288171 0.676713347 -4.787597387 0.179744720 0.961004376 -0.210148454 -0.602756632 -0.652486563 0.276341617 0.705617547 1.912508875
38271567 0.997114776 1.774975961 0.500000000 0.500000000 0.000000000 0.000000000 0.725103855 0.006420620 0.688609421 -4.857888895 0.182306260 0.962489843 -0.200942189 -0.665031271 -0.664069712 0.271241784 0.696734548 2.127789385
38338300 0.997114776 1.774975961 0.500000000 0.500000000 0.000000000 0.000000000 0.717266917 0.003244475 0.696790874 -4.918609260 0.181762725 0.964496613 -0.191595003 -0.706566126 -0.672674000 0.264075369 0.691211820 2.308759400
38405033 0.997114776 1.774975961 0.500000000 0.500000000 0.000000000 0.000000000 0.710872829 0.001359701 0.703319490 -4.982391286 0.178413868 0.966939449 -0.182199433 -0.735318633 -0.680315077 0.255002528 0.687128365 2.465050576
38471767 0.997114776 1.774975961 0.500000000 0.500000000 0.000000000 0.000000000 0.705328226 0.000982225 0.708880305 -5.039530512 0.172754720 0.969611406 -0.173232600 -0.750511929 -0.687508583 0.244648233 0.683724582 2.615500238
38538500 0.997114776 1.774975961 0.500000000 0.500000000 0.000000000 0.000000000 0.700464010 0.002355166 0.713683963 -5.087380693 0.165541679 0.972185612 -0.165683597 -0.756537679 -0.694223523 0.234199822 0.680591226 2.751930812
