https://www.youtube.com/watch?v=LxVY_34EqO8
264700000 1.046790170 1.861596699 0.500000000 0.500000000 0.000000000 0.000000000 0.999036551 -0.043302361 -0.007135842 -1.530980133 0.040878911 0.977345765 -0.207663476 5.110429797 0.015966509 0.207171679 0.978174269 1.857989847
264766667 1.046790170 1.861596699 0.500000000 0.500000000 0.000000000 0.000000000 0.998990834 -0.044487063 -0.006180500 -1.512039985 0.042100620 0.975438893 -0.216209501 4.975639878 0.015647218 0.215731114 0.976327479 1.859600137
264833333 1.046790170 1.861596699 0.500000000 0.500000000 0.000000000 0.000000000 0.998948157 -0.045539621 -0.005363009 -1.494510074 0.043167379 0.973406315 -0.224981532 4.842179735 0.015465971 0.224513367 0.974348247 1.842919901
264900000 1.046790170 1.861596699 0.500000000 0.500000000 0.000000000 0.000000000 0.998903513 -0.046609905 -0.004385167 -1.484709947 0.044295352 0.971290529 -0.233736008 4.708629592 0.015153695 0.233285487 0.972290158 1.807979676
264966667 1.046790170 1.861596699 0.500000000 0.500000000 0.000000000 0.000000000 0.998858452 -0.047633719 -0.003577965 -1.468880072 0.045342360 0.969040155 -0.242704064 4.565800382 0.015028085 0.242264777 0.970093787 1.769970184
265033333 1.046790170 1.861596699 0.500000000 0.500000000 0.000000000 0.000000000 0.998804510 -0.048808984 -0.002698170 -1.460620067 0.046562500 0.966736495 -0.251500398 4.429150291 0.014883908 0.251074106 0.967853427 1.771810224
265100000 1.046790170 1.861596699 0.500000000 0.500000000 0.000000000 0.000000000 0.998741329 -0.050129253 -0.001674782 -1.456719995 0.047964972 0.964320123 -0.260357589 4.281469840 0.014666565 0.259949535 0.965510786 1.703489788
265166667 1.046790170 1.861596699 0.500000000 0.500000000 0.000000000 0.000000000 0.998664677 -0.051655624 -0.000776692 -1.446330013 0.049537364 0.961762309 -0.269368470 4.139460244 0.014661383 0.268970311 0.963036895 1.695980037
265233333 1.046790170 1.861596699 0.500000000 0.500000000 0.000000000 0.000000000 0.998583734 -0.053201810 0.000184598 -1.436889939 0.051153980 0.959181547 -0.278125912 3.988229700 0.014619740 0.277741462 0.960544586 1.612159816
265300000 1.046790170 1.861596699 0.500000000 0.500000000 0.000000000 0.000000000 0.998479307 -0.055120908 0.000899675 -1.427660010 0.053059466 0.956452787 -0.287023932 3.845829787 0.014960521 0.286635190 0.957922995 1.567729921
265366667 1.046790170 1.861596699 0.500000000 0.500000000 0.000000000 0.000000000 0.998367727 -0.057087295 0.001698680 -1.420359944 0.055032253 0.953622639 -0.295931399 3.707100037 0.015274012 0.295541823 0.955207705 1.514320040
265433333 1.046790170 1.861596699 0.500000000 0.500000000 0.000000000 0.000000000 0.998236716 -0.059314970 0.002283892 -1.407089936 0.057182264 0.950596035 -0.305118650 3.577040120 0.015927037 0.304711252 0.952311635 1.497470246
265500000 1.046790170 1.861596699 0.500000000 0.500000000 0.000000000 0.000000000 0.998094499 -0.061608627 0.003434094 -1.395560144 0.059574820 0.947661638 -0.313668787 3.446849404 0.016070362 0.313275695 0.949526191 1.420499905
265566667 1.046790170 1.861596699 0.500000000 0.500000000 0.000000000 0.000000000 0.997934222 -0.064110912 0.004131383 -1.377900008 0.062013399 0.944494843 -0.322620213 3.321219777 0.016781401 0.322209954 0.946519494 1.380059981
265633333 1.046790170 1.861596699 0.500000000 0.500000000 0.000000000 0.000000000 0.997763216 -0.066658258 0.005029378 -1.360400051 0.064553425 0.941246033 -0.331494719 3.196989909 0.017362980 0.331077904 0.943443656 1.315790098
265700000 1.046790170 1.861596699 0.500000000 0.500000000 0.000000000 0.000000000 0.997584760 -0.069223709 0.005717119 -1.332979984 0.067031942 0.937885225 -0.340408772 3.059760339 0.018202342 0.339969844 0.940260231 1.256510127
265766667 1.046790170 1.861596699 0.500000000 0.500000000 0.000000000 0.000000000 0.997406423 -0.071674481 0.006567843 -1.305559939 0.069450885 0.934462547 -0.349222362 2.917109608 0.018892936 0.348772764 0.937016845 1.155649882
265833333 1.046790170 1.861596699 0.500000000 0.500000000 0.000000000 0.000000000 0.997228801 -0.074032187 0.007345790 -1.272530033 0.071747750 0.930925488 -0.358092338 2.771860190 0.019671956 0.357627064 0.933657348 1.072750265
265900000 1.046790170 1.861596699 0.500000000 0.500000000 0.000000000 0.000000000 0.997058451 -0.076199532 0.008249240 -1.233399969 0.073905110 0.927314997 -0.366912782 2.625610514 0.020308923 0.366443157 0.930218816 0.975514214
265966667 1.046790170 1.861596699 0.500000000 0.500000000 0.000000000 0.000000000 0.996866882 -0.078585736 0.008986035 -1.194260099 0.076193281 0.923540354 -0.375856191 2.475690258 0.021237962 0.375363261 0.926634431 0.889632138
266033333 1.046790170 1.861596699 0.500000000 0.500000000 0.000000000 0.000000000 0.996665001 -0.081010833 0.009805818 -1.159109995 0.078536451 0.919642568 -0.384824187 2.329670164 0.022157054 0.384310931 0.922937870 0.788066213
266100000 1.046790170 1.861596699 0.500000000 0.500000000 0.000000000 0.000000000 0.996452749 -0.083483890 0.010602128 -1.132890032 0.080903262 0.915643990 -0.393765032 2.182250404 0.023165233 0.393225968 0.919150054 0.680640086
266166667 1.046790170 1.861596699 0.500000000 0.500000000 0.000000000 0.000000000 0.996224523 -0.086065643 0.011373499 -1.112679887 0.083341710 0.911455989 -0.402867496 2.039720236 0.024306590 0.402294397 0.915187716 0.581574097
266233333 1.046790170 1.861596699 0.500000000 0.500000000 0.000000000 0.000000000 0.995979369 -0.088777445 0.011984603 -1.094930057 0.085820951 0.907217562 -0.411814541 1.907320354 0.025687175 0.411187321 0.911188960 0.493190100
266300000 1.046790170 1.861596699 0.500000000 0.500000000 0.000000000 0.000000000 0.995738745 -0.091309473 0.012919106 -1.080800063 0.088260993 0.903003931 -0.420468539 1.783619823 0.026726775 0.419817060 0.907215118 0.402758929
266366667 1.046790170 1.861596699 0.500000000 0.500000000 0.000000000 0.000000000 0.995488167 -0.093902797 0.013622433 -1.050559953 0.090639070 0.898613572 -0.429276586 1.654520424 0.028068945 0.428574502 0.903070390 0.322240174
266433333 1.046790170 1.861596699 0.500000000 0.500000000 0.000000000 0.000000000 0.995246887 -0.096267484 0.014703915 -1.007139998 0.092968725 0.894282877 -0.437738448 1.517089944 0.028990526 0.437024862 0.898982108 0.192017012
266500000 1.046790170 1.861596699 0.500000000 0.500000000 0.000000000 0.000000000 0.994944811 -0.099212535 0.015544711 -0.951619943 0.095688902 0.889649391 -0.446505755 1.374009680 0.030469658 0.445736080 0.894645631 0.090096672
266566667 1.046790170 1.861596699 0.500000000 0.500000000 0.000000000 0.000000000 0.994650662 -0.101892605 0.016968271 -0.893410947 0.098429337 0.885089278 -0.454893917 1.232629848 0.031331927 0.454130739 0.890383899 -0.047899183
266633333 1.046790170 1.861596699 0.500000000 0.500000000 0.000000000 0.000000000 0.994313300 -0.104931787 0.018177083 -0.838322983 0.101368099 0.880240560 -0.463574320 1.090710166 0.032643460 0.462780684 0.885871649 -0.162391069
266700000 1.046790170 1.861596699 0.500000000 0.500000000 0.000000000 0.000000000 0.994000852 -0.107557729 0.019841025 -0.795423982 0.104146853 0.875401914 -0.472043276 0.953931960 0.033403058 0.471277773 0.881352007 -0.359270959
266766667 1.046790170 1.861596699 0.500000000 0.500000000 0.000000000 0.000000000 0.993702233 -0.110013552 0.021282695 -0.754920032 0.106653027 0.870342851 -0.480758429 0.824344134 0.034366667 0.480000556 0.876594841 -0.460640046
266833333 1.046790170 1.861596699 0.500000000 0.500000000 0.000000000 0.000000000 0.993396759 -0.112387970 0.023061438 -0.722385040 0.109226793 0.864942372 -0.489840746 0.708781842 0.035105441 0.489125133 0.871506751 -0.586054972
266900000 1.046790170 1.861596699 0.500000000 0.500000000 0.000000000 0.000000000 0.993185461 -0.113948308 0.024462730 -0.691002950 0.110992260 0.860782027 -0.496724635 0.617392216 0.035543796 0.496054858 0.867563546 -0.650576112
266966667 1.046790170 1.861596699 0.500000000 0.500000000 0.000000000 0.000000000 0.992891490 -0.116023831 0.026550086 -0.646554990 0.113436945 0.854915738 -0.506212533 0.482642026 0.036034636 0.505625904 0.861999989 -0.793655011
267033333 1.046790170 1.861596699 0.500000000 0.500000000 0.000000000 0.000000000 0.992549717 -0.118317485 0.029085690 -0.603469034 0.116275385 0.848512053 -0.516243219 0.325866887 0.036401100 0.515779018 0.855947852 -0.954117794
267100000 1.046790170 1.861596699 0.500000000 0.500000000 0.000000000 0.000000000 0.992180824 -0.120737448 0.031618275 -0.567301955 0.119202420 0.841624737 -0.526743591 0.175905029 0.036986910 0.526393831 0.849436045 -1.114640018
267166667 1.046790170 1.861596699 0.500000000 0.500000000 0.000000000 0.000000000 0.991770029 -0.123341173 0.034338910 -0.532080925 0.122380659 0.834454775 -0.537316084 0.028593655 0.037618857 0.537096381 0.842681766 -1.248380275
267233333 1.046790170 1.861596699 0.500000000 0.500000000 0.000000000 0.000000000 0.991306841 -0.126189008 0.037243053 -0.479572050 0.125857040 0.826970577 -0.547977626 -0.122196958 0.038349874 0.547901332 0.835663378 -1.389819867
267300000 1.046790170 1.861596699 0.500000000 0.500000000 0.000000000 0.000000000 0.990829706 -0.128909886 0.040480584 -0.424253068 0.129390419 0.818963289 -0.559067965 -0.281045950 0.038917340 0.559178948 0.828132868 -1.514649622
267366667 1.046790170 1.861596699 0.500000000 0.500000000 0.000000000 0.000000000 0.990219831 -0.132200390 0.044584647 -0.374849085 0.133891881 0.810651898 -0.570014298 -0.444814904 0.039213516 0.570409000 0.820424139 -1.657579959
267433333 1.046790170 1.861596699 0.500000000 0.500000000 0.000000000 0.000000000 0.989520729 -0.135671005 0.049418055 -0.334752929 0.138951376 0.801678717 -0.581381023 -0.606996156 0.039259106 0.582155287 0.812129378 -1.771560179
267500000 1.046790170 1.861596699 0.500000000 0.500000000 0.000000000 0.000000000 0.988655388 -0.139764860 0.055011276 -0.283979131 0.144973323 0.792150497 -0.592857480 -0.759122754 0.039283503 0.594106913 0.803426087 -1.905619367
267566667 1.046790170 1.861596699 0.500000000 0.500000000 0.000000000 0.000000000 0.987593174 -0.144246578 0.062070198 -0.228567803 0.152220607 0.782245398 -0.604087234 -0.897013309 0.038583286 0.606040835 0.794497490 -2.046620726
267633333 1.046790170 1.861596699 0.500000000 0.500000000 0.000000000 0.000000000 0.986347198 -0.148767889 0.070621230 -0.168691015 0.160467654 0.771893263 -0.615167439 -1.004039989 0.037005112 0.618101060 0.785227180 -2.173830146
267700000 1.046790170 1.861596699 0.500000000 0.500000000 0.000000000 0.000000000 0.984768033 -0.154127583 0.080477044 -0.082308643 0.170278326 0.761256218 -0.625694931 -1.097480045 0.035173241 0.629867852 0.775905371 -2.289339655
267766667 1.046790170 1.861596699 0.500000000 0.500000000 0.000000000 0.000000000 0.982760370 -0.160145581 0.092387557 0.013187090 0.182022512 0.750511885 -0.635295212 -1.179530349 0.032401696 0.641159594 0.766723394 -2.411340686
267833333 1.046790170 1.861596699 0.500000000 0.500000000 0.000000000 0.000000000 0.980345607 -0.166609541 0.105658680 0.157410167 0.195109889 0.739403248 -0.644371986 -1.268090341 0.029234082 0.652322292 0.757377863 -2.477350524
267900000 1.046790170 1.861596699 0.500000000 0.500000000 0.000000000 0.000000000 0.977424681 -0.173107371 0.121139377 0.336750725 0.209873870 0.729341209 -0.651163578 -1.414549544 0.024369370 0.661887407 0.749206901 -2.554869345
267966667 1.046790170 1.861596699 0.500000000 0.500000000 0.000000000 0.000000000 0.973912597 -0.179386944 0.138977155 0.550529344 0.226189047 0.718163550 -0.658088088 -1.524140663 0.018243998 0.672355413 0.740003824 -2.639121055
268033333 1.046790170 1.861596699 0.500000000 0.500000000 0.000000000 0.000000000 0.969676793 -0.185805351 0.158755511 0.813822762 0.244150937 0.707718015 -0.662967026 -1.649629224 0.010828741 0.681623995 0.731622338 -2.684749263
268100000 1.046790170 1.861596699 0.500000000 0.500000000 0.000000000 0.000000000 0.964527845 -0.191936076 0.181236297 1.085210315 0.263977557 0.697701335 -0.665979683 -1.754010332 0.001376636 0.690198243 0.723619223 -2.731280941
268166667 1.046790170 1.861596699 0.500000000 0.500000000 0.000000000 0.000000000 0.958422542 -0.197740331 0.205730647 1.370810691 0.285182267 0.688693762 -0.666612625 -1.856220630 -0.009869367 0.697567225 0.716451645 -2.736761097
268233333 1.046790170 1.861596699 0.500000000 0.500000000 0.000000000 0.000000000 0.951097071 -0.202810764 0.232985213 1.654869334 0.307969391 0.680857062 -0.664520919 -1.945978899 -0.023857459 0.703776181 0.710020721 -2.753828469
268300000 1.046790170 1.861596699 0.500000000 0.500000000 0.000000000 0.000000000 0.942627192 -0.208253890 0.260929525 1.970349844 0.331606835 0.674459040 -0.659652770 -2.024980060 -0.038610965 0.708332717 0.704821885 -2.737479915
268366667 1.046790170 1.861596699 0.500000000 0.500000000 0.000000000 0.000000000 0.933012307 -0.212688684 0.290261149 2.283209671 0.355573773 0.668823421 -0.652872384 -2.061689506 -0.055274822 0.712347209 0.699647009 -2.725669216
268433333 1.046790170 1.861596699 0.500000000 0.500000000 0.000000000 0.000000000 0.922326863 -0.216219202 0.320253611 2.589779854 0.379270673 0.665145993 -0.643222034 -2.108679974 -0.073938429 0.714723766 0.695487618 -2.685319741
268500000 1.046790170 1.861596699 0.500000000 0.500000000 0.000000000 0.000000000 0.910426140 -0.219833821 0.350424409 2.937869214 0.403026015 0.662309527 -0.631597817 -2.103869125 -0.093242750 0.716253340 0.691582680 -2.583528948
268566667 1.046790170 1.861596699 0.500000000 0.500000000 0.000000000 0.000000000 0.897248328 -0.222544670 0.381338656 3.266148894 0.426271915 0.661682248 -0.616821170 -2.078718741 -0.115054563 0.715995789 0.688557923 -2.570008399
268633333 1.046790170 1.861596699 0.500000000 0.500000000 0.000000000 0.000000000 0.883295476 -0.224599957 0.411514521 3.597881776 0.447939157 0.663351059 -0.599430144 -2.005701720 -0.138346896 0.713807285 0.686541975 -2.474982290
268700000 1.046790170 1.861596699 0.500000000 0.500000000 0.000000000 0.000000000 0.868666232 -0.226469442 0.440602601 3.894880697 0.468066335 0.666531086 -0.580215752 -1.892150213 -0.162274256 0.710245073 0.684995770 -2.393340767
268766667 1.046790170 1.861596699 0.500000000 0.500000000 0.000000000 0.000000000 0.853662133 -0.227596581 0.468466103 4.162837778 0.486071646 0.671217680 -0.559643269 -1.755708313 -0.187069595 0.705454469 0.683621526 -2.281847722
268833333 1.046790170 1.861596699 0.500000000 0.500000000 0.000000000 0.000000000 0.838073015 -0.229108825 0.495118827 4.415119144 0.502826810 0.676480174 -0.538088858 -1.579189540 -0.211657077 0.699916780 0.682141900 -2.181988797
268900000 1.046790170 1.861596699 0.500000000 0.500000000 0.000000000 0.000000000 0.823865116 -0.229592204 0.518202543 4.646861646 0.515279830 0.684219956 -0.516071677 -1.405150654 -0.236078635 0.692192674 0.682009101 -2.071900890
268966667 1.046790170 1.861596699 0.500000000 0.500000000 0.000000000 0.000000000 0.810439050 -0.230237737 0.538682938 4.877621416 0.525109828 0.693153739 -0.493758887 -1.275740598 -0.259708285 0.683029115 0.682658911 -1.965220917
269033333 1.046790170 1.861596699 0.500000000 0.500000000 0.000000000 0.000000000 0.797882318 -0.230887175 0.556843877 5.074781148 0.532699347 0.702437282 -0.472031236 -1.139290687 -0.282162011 0.673255682 0.683455646 -1.893550798
269100000 1.046790170 1.861596699 0.500000000 0.500000000 0.000000000 0.000000000 0.786352277 -0.230895013 0.573007882 5.243532782 0.538031936 0.711782098 -0.451540053 -0.955548684 -0.303598702 0.663365901 0.683940172 -1.837422636
269166667 1.046790170 1.861596699 0.500000000 0.500000000 0.000000000 0.000000000 0.775895834 -0.229925677 0.587469459 5.398543480 0.540535510 0.722444832 -0.431155980 -0.793314822 -0.325280756 0.652079999 0.684824705 -1.722412681
269233333 1.046790170 1.861596699 0.500000000 0.500000000 0.000000000 0.000000000 0.766340971 -0.228727996 0.600337386 5.528509857 0.541375279 0.733036876 -0.411788344 -0.587407856 -0.345881939 0.640578151 0.685583889 -1.643159903
269300000 1.046790170 1.861596699 0.500000000 0.500000000 0.000000000 0.000000000 0.757121384 -0.227483943 0.612387359 5.623240327 0.540922463 0.743912578 -0.392424494 -0.380232920 -0.366292417 0.628367066 0.686283290 -1.531500446
269366667 1.046790170 1.861596699 0.500000000 0.500000000 0.000000000 0.000000000 0.749164939 -0.225782022 0.622714996 5.679517584 0.538701475 0.754709840 -0.374450803 -0.147651939 -0.385424733 0.615983069 0.687031388 -1.452068413
269433333 1.046790170 1.861596699 0.500000000 0.500000000 0.000000000 0.000000000 0.742495060 -0.223685741 0.631399810 5.741380007 0.534240067 0.766371727 -0.356737614 0.037689081 -0.404089779 0.602195024 0.688529134 -1.297899572
