https://www.youtube.com/watch?v=WiXhzx2tNIw
76509767 0.910493509 1.619208615 0.500000000 0.500000000 0.000000000 0.000000000 0.999527991 0.007356457 -0.029827693 0.325034993 -0.008216790 0.999550700 -0.028824205 -1.461659970 0.029602250 0.029055687 0.999139369 5.841010485
76576500 0.910493509 1.619208615 0.500000000 0.500000000 0.000000000 0.000000000 0.999265254 0.010497828 -0.036860641 0.312406024 -0.011602567 0.999485970 -0.029885801 -1.433409991 0.036527958 0.030291522 0.998873413 5.566509623
76643233 0.910493509 1.619208615 0.500000000 0.500000000 0.000000000 0.000000000 0.999025524 0.012359982 -0.042369779 0.308615991 -0.013680125 0.999425411 -0.031010643 -1.400029977 0.041962143 0.031560048 0.998620629 5.288460329
76709967 0.910493509 1.619208615 0.500000000 0.500000000 0.000000000 0.000000000 0.998770177 0.015684193 -0.047032937 0.306060965 -0.017206809 0.999335110 -0.032145202 -1.347780029 0.046497494 0.032914959 0.998375952 5.015230056
76776700 0.910493509 1.619208615 0.500000000 0.500000000 0.000000000 0.000000000 0.998508632 0.017922375 -0.051568389 0.307375005 -0.019721296 0.999207020 -0.034589402 -1.271669985 0.050907575 0.035554811 0.998070300 4.740439939
76843433 0.910493509 1.619208615 0.500000000 0.500000000 0.000000000 0.000000000 0.998434126 0.019539407 -0.052416280 0.320499975 -0.021440914 0.999123096 -0.035963453 -1.181489949 0.051667608 0.037030995 0.997977555 4.476570191
76910167 0.910493509 1.619208615 0.500000000 0.500000000 0.000000000 0.000000000 0.998392999 0.018803900 -0.053458732 0.328899949 -0.020849688 0.999061286 -0.037971999 -1.109350003 0.052694526 0.039025579 0.997847855 4.220220702
76976900 0.910493509 1.619208615 0.500000000 0.500000000 0.000000000 0.000000000 0.998357058 0.020466805 -0.053518921 0.342692974 -0.022637255 0.998932421 -0.040268183 -1.048609890 0.052637622 0.041413546 0.997754574 3.960340056
77043633 0.910493509 1.619208615 0.500000000 0.500000000 0.000000000 0.000000000 0.998332739 0.021984462 -0.053370390 0.352773947 -0.024217151 0.998842716 -0.041554000 -0.994265019 0.052395079 0.042777199 0.997709811 3.698850079
77110367 0.910493509 1.619208615 0.500000000 0.500000000 0.000000000 0.000000000 0.998261750 0.022551754 -0.054450385 0.355357991 -0.024862742 0.998802125 -0.042144507 -0.948228939 0.053434730 0.043425038 0.997626662 3.433989717
77177100 0.910493509 1.619208615 0.500000000 0.500000000 0.000000000 0.000000000 0.998160481 0.022093261 -0.056458458 0.354221006 -0.024503672 0.998801708 -0.042364057 -0.901389974 0.055454843 0.043669570 0.997505724 3.166619914
77243833 0.910493509 1.619208615 0.500000000 0.500000000 0.000000000 0.000000000 0.997996926 0.022177871 -0.059247546 0.348229022 -0.024687938 0.998813570 -0.041975167 -0.847826002 0.058246337 0.043353785 0.997360408 2.902879588
77310567 0.910493509 1.619208615 0.500000000 0.500000000 0.000000000 0.000000000 0.997857273 0.022617534 -0.061395023 0.342353036 -0.025264274 0.998769224 -0.042681638 -0.781400965 0.060354110 0.044141281 0.997200549 2.641720149
77377300 0.910493509 1.619208615 0.500000000 0.500000000 0.000000000 0.000000000 0.997760832 0.024632204 -0.062182024 0.339876990 -0.027399909 0.998653233 -0.044056579 -0.707551991 0.061013065 0.045661710 0.997092009 2.389470387
77444033 0.910493509 1.619208615 0.500000000 0.500000000 0.000000000 0.000000000 0.997546613 0.027943004 -0.064186387 0.328297970 -0.030879524 0.998499572 -0.045222748 -0.642204046 0.062826417 0.047093850 0.996912718 2.139230014
77510767 0.910493509 1.619208615 0.500000000 0.500000000 0.000000000 0.000000000 0.997427106 0.031580862 -0.064356774 0.320592991 -0.034713101 0.998236895 -0.048147291 -0.578117038 0.062722772 0.050257437 0.996764779 1.884479901
77577500 0.910493509 1.619208615 0.500000000 0.500000000 0.000000000 0.000000000 0.997807801 0.033822171 -0.056883302 0.317528015 -0.036699057 0.998058915 -0.050315086 -0.523729990 0.055071119 0.052292351 0.997112155 1.629959957
77644233 0.910493509 1.619208615 0.500000000 0.500000000 0.000000000 0.000000000 0.998049617 0.036216047 -0.050846476 0.290347026 -0.038845625 0.997905970 -0.051717453 -0.477731021 0.048866998 0.053591743 0.997366488 1.370699994
77710967 0.910493509 1.619208615 0.500000000 0.500000000 0.000000000 0.000000000 0.998225331 0.040177457 -0.043953840 0.264349023 -0.042495608 0.997682273 -0.053143490 -0.427752026 0.041716795 0.054917019 0.997619092 1.100749932
77777700 0.910493509 1.619208615 0.500000000 0.500000000 0.000000000 0.000000000 0.998883009 0.034192771 -0.032613486 0.225118024 -0.035944767 0.997853458 -0.054739397 -0.366087976 0.030671790 0.055850539 0.997967899 0.832831961
77844433 0.910493509 1.619208615 0.500000000 0.500000000 0.000000000 0.000000000 0.999347627 0.027594429 -0.023298282 0.175148977 -0.028876223 0.997979164 -0.056601673 -0.287495016 0.021689307 0.057237513 0.998124957 0.564032073
77911167 0.910493509 1.619208615 0.500000000 0.500000000 0.000000000 0.000000000 0.999566615 0.026649043 -0.012505515 0.120344992 -0.027354136 0.997818470 -0.060083244 -0.188716992 0.010877072 0.060399283 0.998115003 0.297015000
77977900 0.910493509 1.619208615 0.500000000 0.500000000 0.000000000 0.000000000 0.999784291 0.020703467 -0.001663263 0.055337702 -0.020767035 0.997814596 -0.062727362 -0.081263799 0.000360953 0.062748373 0.998029292 0.037139500
78044633 0.910493509 1.619208615 0.500000000 0.500000000 0.000000000 0.000000000 0.999697268 0.024346402 0.003551970 -0.005733730 -0.024059666 0.997536659 -0.065891996 0.009557881 -0.005147452 0.065786585 0.997820437 -0.223796996
78111367 0.910493509 1.619208615 0.500000000 0.500000000 0.000000000 0.000000000 0.999761999 0.020052521 0.008594831 -0.062805699 -0.019411093 0.997417927 -0.069142856 0.090617800 -0.009959130 0.068959557 0.997569740 -0.480695010
78178100 0.910493509 1.619208615 0.500000000 0.500000000 0.000000000 0.000000000 0.999804258 0.015229804 0.012629344 -0.121881002 -0.014288873 0.997337222 -0.071513861 0.160588984 -0.013684859 0.071319401 0.997359633 -0.738642993
78244833 0.910493509 1.619208615 0.500000000 0.500000000 0.000000000 0.000000000 0.999846637 0.009604305 0.014644085 -0.182719991 -0.008511750 0.997301042 -0.072926261 0.218659997 -0.015304967 0.072790436 0.997229815 -0.999715942
78311567 0.910493509 1.619208615 0.500000000 0.500000000 0.000000000 0.000000000 0.999824226 0.013359730 0.013152051 -0.236964986 -0.012347492 0.997163355 -0.074247718 0.279131009 -0.014106673 0.074072272 0.997153103 -1.270530104
78378300 0.910493509 1.619208615 0.500000000 0.500000000 0.000000000 0.000000000 0.999733448 0.021050578 0.009482051 -0.281888016 -0.020283775 0.996994674 -0.074767172 0.350914000 -0.011027447 0.074554905 0.997155964 -1.540720121
78445033 0.910493509 1.619208615 0.500000000 0.500000000 0.000000000 0.000000000 0.999744177 0.021913139 0.005605242 -0.320230991 -0.021418968 0.996822715 -0.076718271 0.452636007 -0.007268571 0.076578587 0.997037053 -1.812189985
78511767 0.910493509 1.619208615 0.500000000 0.500000000 0.000000000 0.000000000 0.999801397 0.019928103 0.000229600 -0.361057027 -0.019849053 0.996736765 -0.078242160 0.571421054 -0.001788068 0.078222059 0.996934354 -2.074400036
78578500 0.910493509 1.619208615 0.500000000 0.500000000 0.000000000 0.000000000 0.999801695 0.018623868 -0.007053698 -0.400222006 -0.019126443 0.996645927 -0.079567969 0.680051940 0.005548176 0.079687104 0.996804476 -2.335549977
78645233 0.910493509 1.619208615 0.500000000 0.500000000 0.000000000 0.000000000 0.999697864 0.019115979 -0.015450823 -0.422371986 -0.020310471 0.996486008 -0.081259549 0.778658975 0.013843172 0.081548810 0.996573210 -2.601039793
78711967 0.910493509 1.619208615 0.500000000 0.500000000 0.000000000 0.000000000 0.999590635 0.018270813 -0.022016469 -0.447412023 -0.020005167 0.996487379 -0.081318326 0.851678987 0.020453382 0.081725486 0.996445000 -2.874330080
78778700 0.910493509 1.619208615 0.500000000 0.500000000 0.000000000 0.000000000 0.999495149 0.019357510 -0.025195066 -0.477492015 -0.021345858 0.996468961 -0.081203289 0.915246001 0.023534205 0.081700109 0.996379077 -3.153040154
78845433 0.910493509 1.619208615 0.500000000 0.500000000 0.000000000 0.000000000 0.999446511 0.020114176 -0.026496200 -0.518543993 -0.022169638 0.996571064 -0.079715692 0.980500996 0.024801930 0.080258988 0.996465445 -3.442339919
78912167 0.910493509 1.619208615 0.500000000 0.500000000 0.000000000 0.000000000 0.999482095 0.017216241 -0.027187373 -0.564637019 -0.019222623 0.996971905 -0.075349674 1.038330025 0.025807809 0.075833261 0.996786475 -3.731369937
78978900 0.910493509 1.619208615 0.500000000 0.500000000 0.000000000 0.000000000 0.999570251 0.014582179 -0.025430053 -0.624502005 -0.016371256 0.997297168 -0.071626112 1.126009940 0.024316859 0.072011650 0.997107327 -4.018529992
79045633 0.910493509 1.619208615 0.500000000 0.500000000 0.000000000 0.000000000 0.999762177 0.010422908 -0.019157369 -0.700279043 -0.011749795 0.997442007 -0.070508309 1.241540059 0.018373463 0.070716627 0.997327209 -4.289430247
79112367 0.910493509 1.619208615 0.500000000 0.500000000 0.000000000 0.000000000 0.999805093 0.011723044 -0.015883822 -0.769936940 -0.012750127 0.997725964 -0.066184066 1.330989960 0.015071823 0.066373684 0.997681022 -4.557580243
79179100 0.910493509 1.619208615 0.500000000 0.500000000 0.000000000 0.000000000 0.999878585 0.010946133 -0.011089166 -0.829526999 -0.011648190 0.997793734 -0.065360531 1.413390071 0.010349254 0.065481767 0.997800112 -4.823100638
79245833 0.910493509 1.619208615 0.500000000 0.500000000 0.000000000 0.000000000 0.999952853 0.009529280 -0.001865463 -0.921830037 -0.009630146 0.997851789 -0.064800128 1.484719996 0.001243958 0.064815044 0.997896492 -5.081500085
79312567 0.910493509 1.619208615 0.500000000 0.500000000 0.000000000 0.000000000 0.999954164 0.008124895 0.005065635 -1.004670060 -0.007794460 0.998036265 -0.062151596 1.527019863 -0.005560663 0.062109262 0.998053849 -5.345860120
79379300 0.910493509 1.619208615 0.500000000 0.500000000 0.000000000 0.000000000 0.999909699 0.007308311 0.011279768 -1.091099946 -0.006639665 0.998281777 -0.058218315 1.559649802 -0.011685864 0.058138162 0.998240173 -5.612229838
79446033 0.910493509 1.619208615 0.500000000 0.500000000 0.000000000 0.000000000 0.999881446 0.005212734 0.014490621 -1.171860053 -0.004423149 0.998531282 -0.053997181 1.602039949 -0.014750812 0.053926684 0.998435915 -5.878099485
79512767 0.910493509 1.619208615 0.500000000 0.500000000 0.000000000 0.000000000 0.999862671 0.007261071 0.014897375 -1.225409978 -0.006489804 0.998668194 -0.051182792 1.672639855 -0.015249177 0.051079080 0.998578191 -6.137579725
