https://www.youtube.com/watch?v=WiXhzx2tNIw
432698933 0.879374246 1.563866592 0.500000000 0.500000000 0.000000000 0.000000000 0.999580860 0.023119939 0.017422289 5.715199621 -0.023100806 0.999732316 -0.001298763 -0.680185950 -0.017447650 0.000895750 0.999847353 0.521866953
432765667 0.879374246 1.563866592 0.500000000 0.500000000 0.000000000 0.000000000 0.999534369 0.028992340 0.009514187 5.009130307 -0.029002074 0.999578953 0.000886851 -0.497922995 -0.009484469 -0.001162369 0.999954343 0.352556011
432832400 0.879374246 1.563866592 0.500000000 0.500000000 0.000000000 0.000000000 0.999193728 0.040128883 -0.001270375 4.300479711 -0.040121865 0.999181569 0.005138529 -0.400602014 0.001475538 -0.005083416 0.999985993 0.216537983
432899133 0.879374246 1.563866592 0.500000000 0.500000000 0.000000000 0.000000000 0.998298764 0.056920312 -0.012635089 3.624550155 -0.056821607 0.998351991 0.008038387 -0.327156012 0.013071815 -0.007306765 0.999887884 0.078911110
432965867 0.879374246 1.563866592 0.500000000 0.500000000 0.000000000 0.000000000 0.997375786 0.069647111 -0.019769596 2.944280062 -0.069455110 0.997532547 0.010238969 -0.245030032 0.020433931 -0.008838999 0.999752104 -0.067726894
433032600 0.879374246 1.563866592 0.500000000 0.500000000 0.000000000 0.000000000 0.996883869 0.074777924 -0.025116418 2.289250081 -0.074519329 0.997157991 0.011079885 -0.162506992 0.025873568 -0.009173701 0.999623120 -0.198897978
433099333 0.879374246 1.563866592 0.500000000 0.500000000 0.000000000 0.000000000 0.997208893 0.070790812 -0.023728747 1.623570005 -0.070642889 0.997476995 0.007016246 -0.079700601 0.024165563 -0.005320395 0.999693811 -0.305406011
433166067 0.879374246 1.563866592 0.500000000 0.500000000 0.000000000 0.000000000 0.997695625 0.065833665 -0.016410917 0.905558971 -0.065840043 0.997830153 0.000151828 0.046468396 0.016385302 0.000929016 0.999865294 -0.385568966
433232800 0.879374246 1.563866592 0.500000000 0.500000000 0.000000000 0.000000000 0.998143673 0.060423441 -0.007632812 0.121469007 -0.060483068 0.998138428 -0.007838581 0.199260996 0.007144969 0.008285685 0.999940157 -0.380428991
433299533 0.879374246 1.563866592 0.500000000 0.500000000 0.000000000 0.000000000 0.998989940 0.044910684 -0.001454784 -0.713595927 -0.044928722 0.998851061 -0.016673464 0.345687026 0.000704296 0.016721986 0.999859929 -0.302794989
433366267 0.879374246 1.563866592 0.500000000 0.500000000 0.000000000 0.000000000 0.999762297 0.021800928 0.000186434 -1.519669944 -0.021788839 0.999428868 -0.025829406 0.398009965 -0.000749432 0.025819207 0.999666333 -0.211582985
433433000 0.879374246 1.563866592 0.500000000 0.500000000 0.000000000 0.000000000 0.999983191 0.004191086 0.004000764 -2.348749896 -0.004035751 0.999266744 -0.038075149 0.347984984 -0.004157407 0.038058363 0.999266863 -0.122056001
433499733 0.879374246 1.563866592 0.500000000 0.500000000 0.000000000 0.000000000 0.999982715 -0.005716776 0.001352883 -3.111569562 0.005777259 0.998733222 -0.049985874 0.229854008 -0.001065411 0.049992826 0.998749018 -0.046123100
433566467 0.879374246 1.563866592 0.500000000 0.500000000 0.000000000 0.000000000 0.999994397 -0.003241054 0.000840061 -3.801860202 0.003286463 0.998113215 -0.061312240 0.109388988 -0.000639760 0.061314654 0.998118281 0.025276400
433633200 0.879374246 1.563866592 0.500000000 0.500000000 0.000000000 0.000000000 0.999975026 0.006959938 -0.001229719 -4.382069715 -0.007029455 0.997473955 -0.070684657 -0.019247105 0.000734651 0.070691541 0.997497976 0.077870310
433699933 0.879374246 1.563866592 0.500000000 0.500000000 0.000000000 0.000000000 0.999847710 0.017380020 0.001592984 -4.931479936 -0.017193938 0.996566296 -0.080994047 -0.130700031 -0.002995191 0.080954321 0.996713340 0.165453998
433766667 0.879374246 1.563866592 0.500000000 0.500000000 0.000000000 0.000000000 0.999683082 0.025174037 -0.000230950 -5.478270429 -0.025090452 0.995528340 -0.091070518 -0.261610017 -0.002062698 0.091047451 0.995844424 0.221996006
433833400 0.879374246 1.563866592 0.500000000 0.500000000 0.000000000 0.000000000 0.999312520 0.036672890 -0.005435935 -6.030700037 -0.037035361 0.994149208 -0.101467654 -0.346549966 0.001683020 0.101599216 0.994823992 0.247408002
