https://www.youtube.com/watch?v=O1cZPrUr8dw
32232200 1.083589002 1.927604199 0.500000000 0.500000000 0.000000000 0.000000000 0.997487307 0.035287935 -0.061431598 5.834990176 -0.034599829 0.999326408 0.012229520 -0.288480038 0.061821770 -0.010073268 0.998036385 2.124740069
32298933 1.083589002 1.927604199 0.500000000 0.500000000 0.000000000 0.000000000 0.997655094 0.028669098 -0.062148079 5.011620284 -0.027876956 0.999519169 0.013576037 -0.229528994 0.062507406 -0.011811703 0.997974575 1.780869856
32365667 1.083589002 1.927604199 0.500000000 0.500000000 0.000000000 0.000000000 0.997824788 0.021613140 -0.062278517 4.140420103 -0.020712320 0.999671817 0.015073901 -0.175292982 0.062583871 -0.013751179 0.997944951 1.530359847
32432400 1.083589002 1.927604199 0.500000000 0.500000000 0.000000000 0.000000000 0.998018920 0.015944814 -0.060860600 3.265650045 -0.015057793 0.999774039 0.015005567 -0.090015297 0.061086107 -0.014059412 0.998033464 1.135099966
32499133 1.083589002 1.927604199 0.500000000 0.500000000 0.000000000 0.000000000 0.998218894 0.012544236 -0.058324121 2.400729827 -0.011600177 0.999796629 0.016496936 -0.038721700 0.058519199 -0.015790982 0.998161376 1.044179918
32565867 1.083589002 1.927604199 0.500000000 0.500000000 0.000000000 0.000000000 0.998463213 0.010382026 -0.054436900 1.559120078 -0.009500680 0.999819994 0.016424095 -0.031690898 0.054597616 -0.015881667 0.998382151 0.900829087
32632600 1.083589002 1.927604199 0.500000000 0.500000000 0.000000000 0.000000000 0.998654366 0.009687874 -0.050946824 0.766188988 -0.008883530 0.999832690 0.015990714 -0.066783600 0.051093213 -0.015516608 0.998573363 0.623366012
32699333 1.083589002 1.927604199 0.500000000 0.500000000 0.000000000 0.000000000 0.998777628 0.011614594 -0.048045889 0.027832301 -0.010902585 0.999827206 0.015054989 -0.087342901 0.048212446 -0.014512761 0.998731673 0.358529021
32766067 1.083589002 1.927604199 0.500000000 0.500000000 0.000000000 0.000000000 0.998861074 0.015813058 -0.045016039 -0.679905924 -0.015207374 0.999789596 0.013765707 -0.081440007 0.045224246 -0.013065453 0.998891413 0.087999092
32832800 1.083589002 1.927604199 0.500000000 0.500000000 0.000000000 0.000000000 0.998853505 0.021669146 -0.042685971 -1.328619927 -0.021171026 0.999702811 0.012087185 -0.019581297 0.042935200 -0.011169622 0.999015391 -0.241805985
32899533 1.083589002 1.927604199 0.500000000 0.500000000 0.000000000 0.000000000 0.998780310 0.027466109 -0.041029848 -1.938969820 -0.027063003 0.999580145 0.010348143 0.044104498 0.041296847 -0.009225130 0.999104321 -0.579558022
32966267 1.083589002 1.927604199 0.500000000 0.500000000 0.000000000 0.000000000 0.998708427 0.031484991 -0.039877612 -2.518520407 -0.031136617 0.999471605 0.009327420 0.095845917 0.040150214 -0.008073720 0.999161065 -1.030970132
33033000 1.083589002 1.927604199 0.500000000 0.500000000 0.000000000 0.000000000 0.998679459 0.033115935 -0.039276950 -3.072050292 -0.032781724 0.999420881 0.009122933 0.141097992 0.039556317 -0.007823321 0.999186695 -1.344339866
