https://www.youtube.com/watch?v=O8-Gxzh9K40
74441033 0.871494635 1.567002702 0.500000000 0.500000000 0.000000000 0.000000000 0.969568312 -0.042532869 0.241098061 -1.805540015 0.048385903 0.998659134 -0.018405836 -0.218346015 -0.239991918 0.029511452 0.970326245 2.856750109
74507767 0.871494635 1.567002702 0.500000000 0.500000000 0.000000000 0.000000000 0.969063580 -0.043388650 0.242967337 -1.759229986 0.050934106 0.998392642 -0.024857152 -0.258041990 -0.241498291 0.036463495 0.969715893 2.547589833
74574500 0.871494635 1.567002702 0.500000000 0.500000000 0.000000000 0.000000000 0.970227182 -0.042348713 0.238465622 -1.715120142 0.050779931 0.998279333 -0.029321730 -0.278068983 -0.236813560 0.040558003 0.970708191 2.249429961
74641233 0.871494635 1.567002702 0.500000000 0.500000000 0.000000000 0.000000000 0.971595168 -0.038468461 0.233501509 -1.662109857 0.047879141 0.998247921 -0.034766685 -0.265100022 -0.231754974 0.044959005 0.971734703 1.938820044
74707967 0.871494635 1.567002702 0.500000000 0.500000000 0.000000000 0.000000000 0.972220302 -0.033409473 0.231671080 -1.592399919 0.043904189 0.998222947 -0.040291771 -0.223523997 -0.229913250 0.049343809 0.971959412 1.625789901
76042633 0.871494635 1.567002702 0.500000000 0.500000000 0.000000000 0.000000000 0.922408581 0.037431188 0.384397238 0.325914807 -0.016958442 0.998257816 -0.056512784 -0.172688011 -0.385842890 0.045609098 0.921436429 -4.073080037
76109367 0.871494635 1.567002702 0.500000000 0.500000000 0.000000000 0.000000000 0.920659542 0.035756245 0.388725430 0.397766842 -0.014347244 0.998222768 -0.057839707 -0.125681992 -0.390102714 0.047673538 0.919536352 -4.251890265
76176100 0.871494635 1.567002702 0.500000000 0.500000000 0.000000000 0.000000000 0.919041753 0.033530075 0.392731279 0.460307805 -0.011462213 0.998227298 -0.058402207 -0.076220340 -0.393993348 0.049172495 0.917796969 -4.420430159
76242833 0.871494635 1.567002702 0.500000000 0.500000000 0.000000000 0.000000000 0.918031454 0.030939955 0.395298779 0.502949971 -0.008972446 0.998316646 -0.057300705 -0.034869225 -0.396406233 0.049057055 0.916763663 -4.568810473
76309567 0.871494635 1.567002702 0.500000000 0.500000000 0.000000000 0.000000000 0.918747008 0.030231427 0.393687516 0.576855036 -0.008531067 0.998351693 -0.056754880 -0.008755355 -0.394754380 0.048784800 0.917490542 -4.668969175
76509767 0.871494635 1.567002702 0.500000000 0.500000000 0.000000000 0.000000000 0.916760087 0.027329732 0.398502052 0.727208903 -0.007099942 0.998613894 -0.052152533 0.028572832 -0.399375021 0.044982012 0.915683389 -4.794719351
