https://www.youtube.com/watch?v=Pm2kG_pTL4c
113466667 0.991818098 1.763835106 0.500000000 0.500000000 0.000000000 0.000000000 0.988416374 -0.032417811 -0.148263991 -3.370210192 0.031097218 0.999453425 -0.011217106 -0.108897005 0.148546576 0.006476574 0.988884211 5.119760635
113533333 0.991818098 1.763835106 0.500000000 0.500000000 0.000000000 0.000000000 0.986802638 -0.028781107 -0.159349263 -3.162640043 0.028237367 0.999585152 -0.005675954 -0.095467092 0.159446508 0.001101446 0.987205982 4.822150465
113600000 0.991818098 1.763835106 0.500000000 0.500000000 0.000000000 0.000000000 0.984798670 -0.026608206 -0.171649739 -2.942690298 0.027052671 0.999633968 0.000250328 -0.052069484 0.171580240 -0.004890102 0.985158026 4.524930699
113666667 0.991818098 1.763835106 0.500000000 0.500000000 0.000000000 0.000000000 0.982350886 -0.021498151 -0.185807914 -2.720479895 0.023468688 0.999689162 0.008412013 0.006550377 0.185569316 -0.012624215 0.982550085 4.236159768
113733333 0.991818098 1.763835106 0.500000000 0.500000000 0.000000000 0.000000000 0.978967428 -0.014145082 -0.203525648 -2.517500029 0.018211158 0.999669969 0.018119166 0.092918289 0.203202173 -0.021444513 0.978901923 3.932470117
113800000 0.991818098 1.763835106 0.500000000 0.500000000 0.000000000 0.000000000 0.975158513 -0.005894463 -0.221429646 -2.332119748 0.012138640 0.999565780 0.026849112 0.131997994 0.221175253 -0.028869996 0.974806666 3.673880117
113866667 0.991818098 1.763835106 0.500000000 0.500000000 0.000000000 0.000000000 0.971763968 -0.004205207 -0.235917643 -2.134950123 0.011427065 0.999506712 0.029252941 0.156907032 0.235678241 -0.031122798 0.971332669 3.443390125
113933333 0.991818098 1.763835106 0.500000000 0.500000000 0.000000000 0.000000000 0.968677044 -0.005070071 -0.248272181 -1.882609848 0.011513636 0.999633312 0.024508530 0.126081009 0.248056889 -0.026599364 0.968380213 3.249169939
114000000 0.991818098 1.763835106 0.500000000 0.500000000 0.000000000 0.000000000 0.966778219 -0.014908118 -0.255181491 -1.633329957 0.020197550 0.999631763 0.018120114 0.017777680 0.254817367 -0.022672176 0.966723323 3.101479698
114066667 0.991818098 1.763835106 0.500000000 0.500000000 0.000000000 0.000000000 0.963323772 -0.032506127 -0.266365737 -1.375160141 0.036107589 0.999310613 0.008633160 -0.063832495 0.265901476 -0.017934348 0.963833392 2.934110235
114133333 0.991818098 1.763835106 0.500000000 0.500000000 0.000000000 0.000000000 0.958907723 -0.045501117 -0.280045748 -1.108459830 0.047234830 0.998883665 -0.000558764 -0.136257984 0.279758573 -0.012692107 0.959986508 2.746870077
114200000 0.991818098 1.763835106 0.500000000 0.500000000 0.000000000 0.000000000 0.954784095 -0.048656683 -0.293291330 -0.860854928 0.048752736 0.998786449 -0.006987239 -0.173222042 0.293275356 -0.007627461 0.955997527 2.597839752
114266667 0.991818098 1.763835106 0.500000000 0.500000000 0.000000000 0.000000000 0.951658368 -0.041913964 -0.304285228 -0.614132033 0.040272102 0.999120593 -0.011672674 -0.165824001 0.304506898 -0.001145809 0.952509463 2.449640263
114333333 0.991818098 1.763835106 0.500000000 0.500000000 0.000000000 0.000000000 0.948457360 -0.029949740 -0.315486223 -0.357678962 0.027136341 0.999543130 -0.013307689 -0.171921008 0.315740675 0.004060626 0.948836803 2.328759732
114400000 0.991818098 1.763835106 0.500000000 0.500000000 0.000000000 0.000000000 0.943618000 -0.018882036 -0.330497384 -0.099095706 0.014200117 0.999761760 -0.016575178 -0.196226001 0.330731630 0.010947535 0.943661332 2.192599855
114466667 0.991818098 1.763835106 0.500000000 0.500000000 0.000000000 0.000000000 0.937750280 -0.010364858 -0.347155452 0.107576086 0.003353972 0.999778211 -0.020790013 -0.209671991 0.347293973 0.018331489 0.937577069 2.099459739
114533333 0.991818098 1.763835106 0.500000000 0.500000000 0.000000000 0.000000000 0.930818677 -0.004014941 -0.365459174 0.325095068 -0.005990307 0.999637723 -0.026239235 -0.228631007 0.365432113 0.026613183 0.930457413 1.982009806
114600000 0.991818098 1.763835106 0.500000000 0.500000000 0.000000000 0.000000000 0.923071325 -0.000854543 -0.384627879 0.528234132 -0.012438750 0.999408126 -0.032072287 -0.242576987 0.384427667 0.034389298 0.922514379 1.882570091
114666667 0.991818098 1.763835106 0.500000000 0.500000000 0.000000000 0.000000000 0.914622724 0.000438691 -0.404308110 0.685990945 -0.017219953 0.999134243 -0.037870735 -0.245632988 0.403941482 0.041599602 0.913838446 1.783019884
114733333 0.991818098 1.763835106 0.500000000 0.500000000 0.000000000 0.000000000 0.907994390 0.002963548 -0.418972015 0.820089102 -0.021656297 0.998970270 -0.039867382 -0.285113002 0.418422461 0.045272734 0.907123566 1.717340339
114800000 0.991818098 1.763835106 0.500000000 0.500000000 0.000000000 0.000000000 0.903810203 0.000619113 -0.427933186 0.965635082 -0.020762872 0.998884678 -0.042406809 -0.290212013 0.427429646 0.047212828 0.902814984 1.658750174
114866667 0.991818098 1.763835106 0.500000000 0.500000000 0.000000000 0.000000000 0.899148405 -0.003195103 -0.437632114 1.091639952 -0.018400595 0.998813093 -0.045097623 -0.267272008 0.437256783 0.048602145 0.898022413 1.570459897
114933333 0.991818098 1.763835106 0.500000000 0.500000000 0.000000000 0.000000000 0.893855989 -0.006366915 -0.448309004 1.195290025 -0.016125344 0.998795748 -0.046336301 -0.243254012 0.448064148 0.048647113 0.892676830 1.470430028
115000000 0.991818098 1.763835106 0.500000000 0.500000000 0.000000000 0.000000000 0.890307724 -0.008359990 -0.455282718 1.287410218 -0.014614317 0.998791814 -0.046918396 -0.218530000 0.455124885 0.048425455 0.889109910 1.381690210
115066667 0.991818098 1.763835106 0.500000000 0.500000000 0.000000000 0.000000000 0.888508499 -0.008415719 -0.458783031 1.377679973 -0.015154990 0.998748124 -0.047670737 -0.210564982 0.458609879 0.049308710 0.887268662 1.284840095
115133333 0.991818098 1.763835106 0.500000000 0.500000000 0.000000000 0.000000000 0.887450397 -0.008294709 -0.460828602 1.454979976 -0.015916213 0.998690188 -0.048626959 -0.187428993 0.460628331 0.050488658 0.886155963 1.157539871
115200000 0.991818098 1.763835106 0.500000000 0.500000000 0.000000000 0.000000000 0.887050867 -0.007330107 -0.461613595 1.535330137 -0.017616471 0.998608351 -0.049709592 -0.165315983 0.461335540 0.052226942 0.885687292 0.986684121
115266667 0.991818098 1.763835106 0.500000000 0.500000000 0.000000000 0.000000000 0.888555944 -0.006298899 -0.458725154 1.602170177 -0.018567000 0.998592794 -0.049676519 -0.149872996 0.458392501 0.052657519 0.887188613 0.821262041
115333333 0.991818098 1.763835106 0.500000000 0.500000000 0.000000000 0.000000000 0.892081499 -0.005121406 -0.451845437 1.656710013 -0.018456472 0.998688400 -0.047758281 -0.161993000 0.451497406 0.050943755 0.890816927 0.640057049
115400000 0.991818098 1.763835106 0.500000000 0.500000000 0.000000000 0.000000000 0.894894660 -0.008387426 -0.446198732 1.709240069 -0.015209682 0.998669326 -0.049277008 -0.122199976 0.446018308 0.050884269 0.893576264 0.409574041
115466667 0.991818098 1.763835106 0.500000000 0.500000000 0.000000000 0.000000000 0.895947695 -0.007574468 -0.444094807 1.718659789 -0.015656333 0.998694658 -0.048619829 -0.109492044 0.443883389 0.050513722 0.894659579 0.165577045
115533333 0.991818098 1.763835106 0.500000000 0.500000000 0.000000000 0.000000000 0.894394636 -0.009280381 -0.447182477 1.707640100 -0.013323761 0.998788238 -0.047376279 -0.080241985 0.447080255 0.048331242 0.893187225 -0.114216045
115600000 0.991818098 1.763835106 0.500000000 0.500000000 0.000000000 0.000000000 0.891362071 -0.010746301 -0.453164876 1.691800319 -0.012210595 0.998786926 -0.047703058 -0.041493553 0.453127801 0.048054107 0.890149534 -0.436512072
115666667 0.991818098 1.763835106 0.500000000 0.500000000 0.000000000 0.000000000 0.887874484 -0.008102850 -0.460014552 1.645880277 -0.015052116 0.998798132 -0.046645299 0.006401806 0.459839612 0.048339359 0.886685371 -0.755396068
115733333 0.991818098 1.763835106 0.500000000 0.500000000 0.000000000 0.000000000 0.884652376 -0.001167553 -0.466249943 1.598470276 -0.022134241 0.998764217 -0.044498097 0.039988528 0.465725720 0.049685430 0.883533299 -1.040490167
115800000 0.991818098 1.763835106 0.500000000 0.500000000 0.000000000 0.000000000 0.880979061 0.005546297 -0.473122925 1.561440227 -0.030650798 0.998499990 -0.045368247 0.087630247 0.472161621 0.054470062 0.879827619 -1.363970349
115866667 0.991818098 1.763835106 0.500000000 0.500000000 0.000000000 0.000000000 0.876104295 0.009595031 -0.482026070 1.522979839 -0.037021205 0.998188853 -0.047418121 0.149387983 0.480698079 0.059388410 0.874872744 -1.707759863
115933333 0.991818098 1.763835106 0.500000000 0.500000000 0.000000000 0.000000000 0.871901989 0.012660111 -0.489516705 1.486049956 -0.040758349 0.998073161 -0.046784025 0.198899995 0.487981170 0.060742978 0.870737970 -2.030589971
116000000 0.991818098 1.763835106 0.500000000 0.500000000 0.000000000 0.000000000 0.869762063 0.015851300 -0.493216455 1.420579744 -0.042919729 0.998126328 -0.043608297 0.255475933 0.491601110 0.059097569 0.868812799 -2.349709713
116066667 0.991818098 1.763835106 0.500000000 0.500000000 0.000000000 0.000000000 0.867581606 0.018766854 -0.496940404 1.355719710 -0.043586645 0.998311579 -0.038394518 0.301168950 0.495380849 0.054970354 0.866934776 -2.701709414
116133333 0.991818098 1.763835106 0.500000000 0.500000000 0.000000000 0.000000000 0.864745975 0.022462688 -0.501706779 1.287239722 -0.043869704 0.998559117 -0.030906126 0.325167977 0.500289619 0.048735686 0.864485383 -3.051579457
116200000 0.991818098 1.763835106 0.500000000 0.500000000 0.000000000 0.000000000 0.861217618 0.025534730 -0.507594645 1.216730224 -0.043763686 0.998753369 -0.024009643 0.373467026 0.506348789 0.042891733 0.861261487 -3.442580590
116266667 0.991818098 1.763835106 0.500000000 0.500000000 0.000000000 0.000000000 0.858265936 0.030703051 -0.512286127 1.129169911 -0.045644820 0.998819649 -0.016609062 0.408166037 0.511171520 0.037638187 0.858654320 -3.819030668
116333333 0.991818098 1.763835106 0.500000000 0.500000000 0.000000000 0.000000000 0.855392516 0.031123973 -0.517044485 1.042690016 -0.044764116 0.998900473 -0.013927503 0.453806998 0.516042531 0.035058521 0.855845213 -4.209829936
116433333 0.991818098 1.763835106 0.500000000 0.500000000 0.000000000 0.000000000 0.845857799 0.021441270 -0.532977641 0.942856392 -0.032554001 0.999404311 -0.011459330 0.514490056 0.532414377 0.027043505 0.846051872 -4.863600476
116500000 0.991818098 1.763835106 0.500000000 0.500000000 0.000000000 0.000000000 0.835820794 0.013143225 -0.548844934 0.912615680 -0.022948900 0.999676049 -0.011008937 0.530849009 0.548522472 0.021796890 0.835851610 -5.238799529
116666667 0.991818098 1.763835106 0.500000000 0.500000000 0.000000000 0.000000000 0.804639459 0.029479120 -0.593031645 0.868394826 -0.036679816 0.999327064 -0.000092326 0.704557136 0.592629910 0.021826567 0.805179298 -6.284681504
116833333 0.991818098 1.763835106 0.500000000 0.500000000 0.000000000 0.000000000 0.772815466 0.056813214 -0.632082522 0.814120144 -0.057201471 0.998166680 0.019780446 0.888080829 0.632047474 0.020869434 0.774648428 -7.311157899
116900000 0.991818098 1.763835106 0.500000000 0.500000000 0.000000000 0.000000000 0.765639126 0.066623561 -0.639810681 0.741180907 -0.061218165 0.997654378 0.030628219 0.905210711 0.640350461 0.015717901 0.767921805 -7.720566938
116966667 0.991818098 1.763835106 0.500000000 0.500000000 0.000000000 0.000000000 0.761867523 0.069881901 -0.643951714 0.625710692 -0.060447719 0.997495294 0.036732107 0.935417620 0.644905746 0.010940465 0.764183462 -8.142495746
117033333 0.991818098 1.763835106 0.500000000 0.500000000 0.000000000 0.000000000 0.757323742 0.064770378 -0.649819493 0.526060334 -0.050489500 0.997898102 0.040622570 0.925025889 0.651084781 0.002044639 0.759002209 -8.621759575
