https://www.youtube.com/watch?v=vaT0byPxja8
39973267 0.945552284 1.681556651 0.500000000 0.500000000 0.000000000 0.000000000 0.998656452 0.036473412 -0.036809430 -1.317499913 -0.036620673 0.999323666 -0.003334052 -0.588056012 0.036662929 0.004677559 0.999316752 6.000999873
40040000 0.945552284 1.681556651 0.500000000 0.500000000 0.000000000 0.000000000 0.998045623 0.039909191 -0.048085198 -1.294850062 -0.040158994 0.999184310 -0.004239797 -0.568131933 0.047876768 0.006162563 0.998834252 5.592010307
40106733 0.945552284 1.681556651 0.500000000 0.500000000 0.000000000 0.000000000 0.997162104 0.043664094 -0.061328914 -1.294150000 -0.044121716 0.999007404 -0.006126844 -0.553825036 0.061000515 0.008815395 0.998098791 5.138649745
40173467 0.945552284 1.681556651 0.500000000 0.500000000 0.000000000 0.000000000 0.995687544 0.047947176 -0.079419054 -1.293169962 -0.048714146 0.998782694 -0.007747004 -0.543977965 0.078950934 0.011582423 0.996811211 4.623509812
40240200 0.945552284 1.681556651 0.500000000 0.500000000 0.000000000 0.000000000 0.993153453 0.055793945 -0.102631688 -1.298830050 -0.056979019 0.998337924 -0.008649336 -0.522564988 0.101978526 0.014437972 0.994681835 4.089439993
40306933 0.945552284 1.681556651 0.500000000 0.500000000 0.000000000 0.000000000 0.989277959 0.069375701 -0.128515109 -1.278740011 -0.071058460 0.997435510 -0.008549787 -0.459630992 0.127592400 0.017590208 0.991670668 3.520270058
40373667 0.945552284 1.681556651 0.500000000 0.500000000 0.000000000 0.000000000 0.986014366 0.084421843 -0.143696323 -1.233059981 -0.086569041 0.996207476 -0.008745111 -0.380000971 0.142413065 0.021062467 0.989583194 2.950649898
40440400 0.945552284 1.681556651 0.500000000 0.500000000 0.000000000 0.000000000 0.983093143 0.095243789 -0.156385839 -1.128390045 -0.097909920 0.995150745 -0.009416780 -0.302477053 0.154730588 0.024569288 0.987651169 2.479740018
40507133 0.945552284 1.681556651 0.500000000 0.500000000 0.000000000 0.000000000 0.981115580 0.099346817 -0.165959254 -0.988255062 -0.102963448 0.994596064 -0.013310994 -0.235952029 0.163740024 0.030147351 0.986042798 2.123090127
40573867 0.945552284 1.681556651 0.500000000 0.500000000 0.000000000 0.000000000 0.979597986 0.097733304 -0.175601810 -0.837665986 -0.102633312 0.994537413 -0.019020077 -0.186118007 0.172783673 0.036654625 0.984277546 1.684430001
40640600 0.945552284 1.681556651 0.500000000 0.500000000 0.000000000 0.000000000 0.977797270 0.091652885 -0.188447163 -0.674288077 -0.098105803 0.994857252 -0.025185067 -0.152124031 0.185169742 0.043113630 0.981760383 1.332600184
40707333 0.945552284 1.681556651 0.500000000 0.500000000 0.000000000 0.000000000 0.974989533 0.086417302 -0.204761967 -0.480052023 -0.094889715 0.994976342 -0.031906858 -0.114596993 0.200975999 0.050538659 0.978291631 0.959453986
40774067 0.945552284 1.681556651 0.500000000 0.500000000 0.000000000 0.000000000 0.971538484 0.083172798 -0.221800074 -0.295071977 -0.093487665 0.994954824 -0.036400773 -0.089567615 0.217653498 0.056100309 0.974412501 0.559973965
40840800 0.945552284 1.681556651 0.500000000 0.500000000 0.000000000 0.000000000 0.966248930 0.083347626 -0.243754327 -0.087880296 -0.095900156 0.994584143 -0.040069774 -0.064886700 0.239094466 0.062093474 0.969008863 0.121325990
40907533 0.945552284 1.681556651 0.500000000 0.500000000 0.000000000 0.000000000 0.959878802 0.086635977 -0.266696274 0.168970992 -0.101638407 0.993893981 -0.042946182 -0.035218794 0.261347175 0.068329699 0.962823331 -0.285100999
40974267 0.945552284 1.681556651 0.500000000 0.500000000 0.000000000 0.000000000 0.952224195 0.091733947 -0.291296929 0.407378978 -0.109058991 0.993071139 -0.043770704 0.012927890 0.285263330 0.073448084 0.955630779 -0.704258029
41041000 0.945552284 1.681556651 0.500000000 0.500000000 0.000000000 0.000000000 0.942206621 0.097307637 -0.320589960 0.681614004 -0.116706192 0.992285967 -0.041811541 0.057941928 0.314048350 0.076809928 0.946294844 -1.070600119
41107733 0.945552284 1.681556651 0.500000000 0.500000000 0.000000000 0.000000000 0.930927992 0.102474555 -0.350531101 0.957056041 -0.124577314 0.991361082 -0.041032650 0.135028987 0.343298078 0.081866667 0.935651779 -1.420460012
41174467 0.945552284 1.681556651 0.500000000 0.500000000 0.000000000 0.000000000 0.919340670 0.106173031 -0.378866941 1.219220232 -0.131034628 0.990555465 -0.040370885 0.204832074 0.371002406 0.086759254 0.924570262 -1.760590159
41241200 0.945552284 1.681556651 0.500000000 0.500000000 0.000000000 0.000000000 0.907781541 0.107893579 -0.405328929 1.480699796 -0.135623306 0.989943206 -0.040233500 0.275669878 0.396911681 0.091495313 0.913285077 -2.013259670
41307933 0.945552284 1.681556651 0.500000000 0.500000000 0.000000000 0.000000000 0.897074699 0.107493475 -0.428604931 1.737960034 -0.138822764 0.989408493 -0.042415366 0.336417018 0.419505984 0.097549871 0.902495861 -2.281600214
41374667 0.945552284 1.681556651 0.500000000 0.500000000 0.000000000 0.000000000 0.886765003 0.105816007 -0.449945211 1.986319677 -0.141042098 0.988962531 -0.045390267 0.388994959 0.440175951 0.103711739 0.891901851 -2.556999568
41441400 0.945552284 1.681556651 0.500000000 0.500000000 0.000000000 0.000000000 0.876897633 0.103893422 -0.469315410 2.229990449 -0.143171266 0.988499820 -0.048683591 0.445664269 0.458860338 0.109882943 0.881687701 -2.780280841
41508133 0.945552284 1.681556651 0.500000000 0.500000000 0.000000000 0.000000000 0.867497087 0.103357837 -0.486586124 2.466960279 -0.146180764 0.987954795 -0.050758805 0.485733091 0.475478798 0.115162626 0.872156858 -3.035470464
41574867 0.945552284 1.681556651 0.500000000 0.500000000 0.000000000 0.000000000 0.857971787 0.105305880 -0.502787173 2.706499510 -0.151367515 0.987132490 -0.051548984 0.525549787 0.490889132 0.120333254 0.862871706 -3.305139179
41641600 0.945552284 1.681556651 0.500000000 0.500000000 0.000000000 0.000000000 0.848915100 0.110186376 -0.516915917 2.944210099 -0.158934176 0.985979319 -0.050840236 0.567210940 0.504066467 0.125314653 0.854525089 -3.593329720
41708333 0.945552284 1.681556651 0.500000000 0.500000000 0.000000000 0.000000000 0.840357184 0.118046634 -0.529022336 3.190089561 -0.168395326 0.984559774 -0.047801804 0.595932725 0.515211225 0.129255518 0.847260416 -3.883309511
41775067 0.945552284 1.681556651 0.500000000 0.500000000 0.000000000 0.000000000 0.832266331 0.126778007 -0.539684951 3.434949162 -0.178214878 0.983011305 -0.043910827 0.619273725 0.524949491 0.132725447 0.840721011 -4.168769195
41841800 0.945552284 1.681556651 0.500000000 0.500000000 0.000000000 0.000000000 0.824283957 0.135306165 -0.549771130 3.694560548 -0.188218638 0.981283784 -0.040693030 0.659853017 0.533975422 0.137019768 0.834323585 -4.428810306
