https://www.youtube.com/watch?v=Pm2kG_pTL4c
129433333 0.980081613 1.742963303 0.500000000 0.500000000 0.000000000 0.000000000 0.998438835 0.008006182 -0.055279005 3.505539903 -0.011395420 0.998056114 -0.061271187 -0.252759997 0.054680999 0.061805461 0.996589243 2.823220212
129500000 0.980081613 1.742963303 0.500000000 0.500000000 0.000000000 0.000000000 0.998198032 0.010014890 -0.059164140 3.476409919 -0.013754325 0.997909963 -0.063139260 -0.271177026 0.058408152 0.063839242 0.996249497 2.838310224
129566667 0.980081613 1.742963303 0.500000000 0.500000000 0.000000000 0.000000000 0.997981250 0.012676671 -0.062231686 3.448140278 -0.016742924 0.997727811 -0.065260291 -0.290291018 0.061262999 0.066170484 0.995925844 2.857449856
129633333 0.980081613 1.742963303 0.500000000 0.500000000 0.000000000 0.000000000 0.997902930 0.015700080 -0.062795296 3.425800238 -0.020004857 0.997448981 -0.068522274 -0.314711954 0.061559297 0.069634795 0.995671332 2.865309728
129700000 0.980081613 1.742963303 0.500000000 0.500000000 0.000000000 0.000000000 0.997957468 0.018775413 -0.061060738 3.408750215 -0.023243075 0.997039020 -0.073300503 -0.346198014 0.059503693 0.074570023 0.995438933 2.866440321
129766667 0.980081613 1.742963303 0.500000000 0.500000000 0.000000000 0.000000000 0.998193324 0.021287819 -0.056186546 3.395970189 -0.025695568 0.996548951 -0.078929752 -0.380261994 0.054312404 0.080230892 0.995295525 2.837630180
129833333 0.980081613 1.742963303 0.500000000 0.500000000 0.000000000 0.000000000 0.998528838 0.023942553 -0.048650961 3.391789884 -0.028077457 0.995884955 -0.086167291 -0.420147984 0.046387691 0.087406516 0.995092094 2.814369707
129900000 0.980081613 1.742963303 0.500000000 0.500000000 0.000000000 0.000000000 0.998970985 0.026168369 -0.037042756 3.397169944 -0.029519331 0.995227158 -0.093013734 -0.454463038 0.034431938 0.094011500 0.994975507 2.765160137
129966667 0.980081613 1.742963303 0.500000000 0.500000000 0.000000000 0.000000000 0.999351978 0.027438363 -0.023296619 3.412019879 -0.029616905 0.994647205 -0.098993964 -0.482619029 0.020455686 0.099619783 0.994815290 2.712890060
130033333 0.980081613 1.742963303 0.500000000 0.500000000 0.000000000 0.000000000 0.999590337 0.027711505 -0.007160300 3.429200153 -0.028304985 0.994207561 -0.103682712 -0.505829998 0.004245622 0.103842914 0.994584680 2.647990331
130100000 0.980081613 1.742963303 0.500000000 0.500000000 0.000000000 0.000000000 0.999603212 0.026075486 0.010652947 3.455329684 -0.024792124 0.993985236 -0.106670938 -0.515504957 -0.013370370 0.106364511 0.994237304 2.579249951
130166667 0.980081613 1.742963303 0.500000000 0.500000000 0.000000000 0.000000000 0.999256134 0.024174705 0.030046167 3.480339852 -0.020740904 0.993741453 -0.109762110 -0.518934992 -0.032511588 0.109057270 0.993503630 2.495679886
130233333 0.980081613 1.742963303 0.500000000 0.500000000 0.000000000 0.000000000 0.998477399 0.020591853 0.051174589 3.507019943 -0.014715577 0.993524611 -0.112660334 -0.518012053 -0.053163096 0.111735731 0.992314875 2.401550022
130300000 0.980081613 1.742963303 0.500000000 0.500000000 0.000000000 0.000000000 0.997211277 0.017812157 0.072473064 3.533920031 -0.009305632 0.993198454 -0.116061486 -0.523299007 -0.074047431 0.115063421 0.990594447 2.306319723
130366667 0.980081613 1.742963303 0.500000000 0.500000000 0.000000000 0.000000000 0.995427370 0.014530595 0.094409548 3.557029840 -0.002914011 0.992521584 -0.122034632 -0.530180975 -0.095476754 0.121201508 0.988025486 2.202879759
130433333 0.980081613 1.742963303 0.500000000 0.500000000 0.000000000 0.000000000 0.993359149 0.011735125 0.114454791 3.569669947 0.003193114 0.991589725 -0.129381433 -0.547191909 -0.115010500 0.128887698 0.984967291 2.099620044
130500000 0.980081613 1.742963303 0.500000000 0.500000000 0.000000000 0.000000000 0.991246104 0.009200265 0.131705955 3.571599694 0.009254753 0.990273237 -0.138828278 -0.575407972 -0.131702140 0.138831913 0.981519341 2.006959995
130566667 0.980081613 1.742963303 0.500000000 0.500000000 0.000000000 0.000000000 0.989469886 0.007402229 0.144549400 3.564650057 0.014477564 0.988621235 -0.149728060 -0.615390991 -0.144012928 0.150244117 0.978103757 1.913179840
130633333 0.980081613 1.742963303 0.500000000 0.500000000 0.000000000 0.000000000 0.988452911 0.008417947 0.151294544 3.542770170 0.016411155 0.986635387 -0.162115023 -0.668317082 -0.150637224 0.162725970 0.975104451 1.828859982
130700000 0.980081613 1.742963303 0.500000000 0.500000000 0.000000000 0.000000000 0.988521397 0.013202865 0.150502846 3.509530074 0.013721438 0.984211445 -0.176464170 -0.736444104 -0.150456443 0.176503718 0.972732902 1.758049955
130766667 0.980081613 1.742963303 0.500000000 0.500000000 0.000000000 0.000000000 0.988962471 0.022165844 0.146498978 3.473260022 0.006424781 0.981401086 -0.191861019 -0.825189010 -0.148027003 0.190684572 0.970426381 1.696490081
130833333 0.980081613 1.742963303 0.500000000 0.500000000 0.000000000 0.000000000 0.989136040 0.028917097 0.144130573 3.448219902 0.001411178 0.978548467 -0.206011832 -0.893919897 -0.146996006 0.203977138 0.967876792 1.629420145
130900000 0.980081613 1.742963303 0.500000000 0.500000000 0.000000000 0.000000000 0.989568710 0.032942511 0.140244693 3.423840115 -0.001544598 0.975874364 -0.218327343 -0.952540913 -0.144053459 0.215833277 0.965745628 1.565279914
130966667 0.980081613 1.742963303 0.500000000 0.500000000 0.000000000 0.000000000 0.990333259 0.034452833 0.134361565 3.407090097 -0.002513619 0.972960413 -0.230958402 -1.006990020 -0.138685644 0.228388071 0.963641644 1.500750059
131033333 0.980081613 1.742963303 0.500000000 0.500000000 0.000000000 0.000000000 0.991159201 0.034802280 0.128032163 3.388379794 -0.002855973 0.970357418 -0.241657406 -1.045879917 -0.132647201 0.239155293 0.961878061 1.434990095
131100000 0.980081613 1.742963303 0.500000000 0.500000000 0.000000000 0.000000000 0.991391599 0.038819872 0.125042677 3.378279799 -0.005924769 0.967357874 -0.253344953 -1.081930051 -0.130795836 0.250423193 0.959260464 1.365059765
131166667 0.980081613 1.742963303 0.500000000 0.500000000 0.000000000 0.000000000 0.990463972 0.046626907 0.129641995 3.378440076 -0.010942135 0.964640081 -0.263343364 -1.123639707 -0.137336746 0.259413570 0.955951452 1.278729986
131233333 0.980081613 1.742963303 0.500000000 0.500000000 0.000000000 0.000000000 0.989270985 0.055180073 0.135270491 3.372780107 -0.016136318 0.961530983 -0.274222225 -1.156560064 -0.145198360 0.269097298 0.952105105 1.177720148
131300000 0.980081613 1.742963303 0.500000000 0.500000000 0.000000000 0.000000000 0.988223016 0.062702887 0.139583483 3.366019686 -0.020894343 0.958939135 -0.282841146 -1.182309798 -0.151587024 0.276593626 0.948955894 1.087969925
131366667 0.980081613 1.742963303 0.500000000 0.500000000 0.000000000 0.000000000 0.987037718 0.067720771 0.145500809 3.357600115 -0.022949366 0.956852078 -0.289667875 -1.190060250 -0.158839285 0.282573968 0.946003258 1.002470044
131433333 0.980081613 1.742963303 0.500000000 0.500000000 0.000000000 0.000000000 0.985623837 0.070430756 0.153574705 3.352809830 -0.022029545 0.954782188 -0.296488762 -1.188469835 -0.167512327 0.288843215 0.942607641 0.905141918
131500000 0.980081613 1.742963303 0.500000000 0.500000000 0.000000000 0.000000000 0.984203279 0.071309827 0.162045658 3.345369944 -0.019268952 0.953003347 -0.302346349 -1.174399911 -0.175990313 0.294447839 0.939323068 0.818229896
131566667 0.980081613 1.742963303 0.500000000 0.500000000 0.000000000 0.000000000 0.982299209 0.072247863 0.172825053 3.337869789 -0.015353283 0.950575292 -0.310114503 -1.153370373 -0.186688319 0.301971793 0.934858620 0.723380247
131633333 0.980081613 1.742963303 0.500000000 0.500000000 0.000000000 0.000000000 0.979712725 0.073635444 0.186388895 3.325990105 -0.010838281 0.948158205 -0.317613900 -1.128880205 -0.200113788 0.309150279 0.929720759 0.617296051
131700000 0.980081613 1.742963303 0.500000000 0.500000000 0.000000000 0.000000000 0.977059841 0.072653607 0.200188726 3.315539864 -0.004891850 0.947416425 -0.319965780 -1.088759741 -0.212908775 0.311646402 0.926037967 0.529181979
131766667 0.980081613 1.742963303 0.500000000 0.500000000 0.000000000 0.000000000 0.975522637 0.067487732 0.209287018 3.293030177 0.001716342 0.949374974 -0.314140409 -1.025130083 -0.219892472 0.306810290 0.926020920 0.449342063
131833333 0.980081613 1.742963303 0.500000000 0.500000000 0.000000000 0.000000000 0.975010693 0.061833937 0.213379428 3.261020280 0.005785730 0.953091264 -0.302627951 -0.956871208 -0.222082749 0.296300024 0.928916395 0.399207011
131900000 0.980081613 1.742963303 0.500000000 0.500000000 0.000000000 0.000000000 0.974141359 0.056752570 0.218695715 3.226890374 0.009540504 0.956743598 -0.290776134 -0.882903183 -0.225738004 0.285343528 0.931462049 0.355978134
131966667 0.980081613 1.742963303 0.500000000 0.500000000 0.000000000 0.000000000 0.973676324 0.049081236 0.222587973 3.188559995 0.015345151 0.960210919 -0.278853834 -0.809235878 -0.227417886 0.274929047 0.934181511 0.310335024
132033333 0.980081613 1.742963303 0.500000000 0.500000000 0.000000000 0.000000000 0.973748267 0.040098947 0.224067822 3.143620116 0.022115182 0.963039100 -0.268452287 -0.732445117 -0.226550743 0.266360283 0.936870873 0.268124869
132100000 0.980081613 1.742963303 0.500000000 0.500000000 0.000000000 0.000000000 0.974403858 0.033186711 0.222341612 3.092449930 0.026534919 0.965150535 -0.260346621 -0.674556932 -0.223233178 0.259582549 0.939565778 0.241985983
132166667 0.980081613 1.742963303 0.500000000 0.500000000 0.000000000 0.000000000 0.975627959 0.028195933 0.217612013 3.032889976 0.029127389 0.966293395 -0.255790085 -0.617955748 -0.217489287 0.255894452 0.941921651 0.219581997
132233333 0.980081613 1.742963303 0.500000000 0.500000000 0.000000000 0.000000000 0.977832019 0.025881613 0.207785070 2.963769772 0.028093243 0.967143774 -0.252673090 -0.575413927 -0.207497627 0.252909184 0.944977045 0.197467981
132300000 0.980081613 1.742963303 0.500000000 0.500000000 0.000000000 0.000000000 0.980233252 0.025912590 0.196140945 2.895030048 0.024749931 0.967537284 -0.251513392 -0.540785953 -0.196291029 0.251396269 0.947770894 0.189189962
132366667 0.980081613 1.742963303 0.500000000 0.500000000 0.000000000 0.000000000 0.982366323 0.029171230 0.184676677 2.819040117 0.018276742 0.968039453 -0.250131249 -0.512014143 -0.186070949 0.249095798 0.950436234 0.186672999
132433333 0.980081613 1.742963303 0.500000000 0.500000000 0.000000000 0.000000000 0.984521627 0.034739114 0.171785638 2.732889713 0.009377458 0.968314171 -0.249559000 -0.485147902 -0.175011918 0.247307137 0.953000486 0.184946003
132500000 0.980081613 1.742963303 0.500000000 0.500000000 0.000000000 0.000000000 0.986913741 0.040913746 0.155972108 2.639100095 -0.000942562 0.968722284 -0.248145610 -0.467412893 -0.161246225 0.244751304 0.956083894 0.171672984
132566667 0.980081613 1.742963303 0.500000000 0.500000000 0.000000000 0.000000000 0.988874197 0.049124848 0.140408397 2.544019606 -0.012819778 0.968528450 -0.248572424 -0.445352955 -0.148200601 0.244006857 0.958382607 0.175789043
132633333 0.980081613 1.742963303 0.500000000 0.500000000 0.000000000 0.000000000 0.990336120 0.057216577 0.126335651 2.441180085 -0.024258949 0.968354464 -0.248397306 -0.421867088 -0.136550128 0.242932037 0.960384369 0.168389998
132700000 0.980081613 1.742963303 0.500000000 0.500000000 0.000000000 0.000000000 0.991831481 0.063763112 0.110474214 2.328030130 -0.035082333 0.969052970 -0.244347215 -0.398049008 -0.122635707 0.238475561 0.963374197 0.162852019
132766667 0.980081613 1.742963303 0.500000000 0.500000000 0.000000000 0.000000000 0.992662847 0.069954947 0.098624147 2.214609843 -0.044694558 0.970164955 -0.238290370 -0.366773899 -0.112351291 0.232134044 0.966173351 0.163537989
132833333 0.980081613 1.742963303 0.500000000 0.500000000 0.000000000 0.000000000 0.993201196 0.074754164 0.089236714 2.091890140 -0.052493509 0.971811295 -0.229841605 -0.330906958 -0.103902884 0.223594591 0.969128251 0.154977944
132900000 0.980081613 1.742963303 0.500000000 0.500000000 0.000000000 0.000000000 0.993718743 0.076093167 0.082053803 1.970109970 -0.056196552 0.973399401 -0.222115993 -0.294489997 -0.096772648 0.216109693 0.971561432 0.148379960
132966667 0.980081613 1.742963303 0.500000000 0.500000000 0.000000000 0.000000000 0.994337082 0.074051559 0.076223947 1.849789928 -0.056062814 0.974843562 -0.215724230 -0.261657995 -0.090281136 0.210229278 0.973474681 0.152423974
133033333 0.980081613 1.742963303 0.500000000 0.500000000 0.000000000 0.000000000 0.994894981 0.069368035 0.073294319 1.726590107 -0.052502394 0.976053178 -0.211101070 -0.229255990 -0.086182825 0.206175253 0.974712372 0.137729973
133100000 0.980081613 1.742963303 0.500000000 0.500000000 0.000000000 0.000000000 0.995346308 0.065248728 0.070911087 1.601600169 -0.049300466 0.977086067 -0.207056105 -0.198900967 -0.082796387 0.202596575 0.975755811 0.130680982
133166667 0.980081613 1.742963303 0.500000000 0.500000000 0.000000000 0.000000000 0.995648444 0.062138028 0.069447801 1.474619920 -0.046881162 0.978057325 -0.202992603 -0.174490988 -0.080537498 0.198853478 0.976714373 0.116888988
133233333 0.980081613 1.742963303 0.500000000 0.500000000 0.000000000 0.000000000 0.995830297 0.061287306 0.067571700 1.342090067 -0.046841383 0.979132593 -0.197750464 -0.151148007 -0.078281239 0.193760738 0.977920651 0.102527001
133300000 0.980081613 1.742963303 0.500000000 0.500000000 0.000000000 0.000000000 0.995982826 0.062471274 0.064152241 1.212079975 -0.049047764 0.980002999 -0.192843020 -0.128115997 -0.074916527 0.188921809 0.979130268 0.083337813
133366667 0.980081613 1.742963303 0.500000000 0.500000000 0.000000000 0.000000000 0.996033370 0.065515548 0.060210209 1.086610039 -0.053090021 0.980589747 -0.188746318 -0.109858014 -0.071407326 0.184801057 0.980178356 0.078041309
133433333 0.980081613 1.742963303 0.500000000 0.500000000 0.000000000 0.000000000 0.996199548 0.067243785 0.055360559 0.966751033 -0.055919506 0.981070518 -0.185401231 -0.095040911 -0.066779695 0.181600869 0.981102228 0.059550296
133500000 0.980081613 1.742963303 0.500000000 0.500000000 0.000000000 0.000000000 0.996761978 0.065955780 0.045993507 0.855058032 -0.056743484 0.982243001 -0.178826496 -0.085457305 -0.056971438 0.175637618 0.982805014 0.036219406
133566667 0.980081613 1.742963303 0.500000000 0.500000000 0.000000000 0.000000000 0.997508466 0.062055804 0.033555519 0.757386969 -0.055462256 0.983776271 -0.170611262 -0.082357392 -0.043598551 0.168325096 0.984766901 0.022570597
133633333 0.980081613 1.742963303 0.500000000 0.500000000 0.000000000 0.000000000 0.997958958 0.060090359 0.021611959 0.664026051 -0.055888589 0.985592365 -0.159637466 -0.074274102 -0.030893262 0.158103779 0.986939073 -0.006244196
133700000 0.980081613 1.742963303 0.500000000 0.500000000 0.000000000 0.000000000 0.997651219 0.066174254 0.017692544 0.577581018 -0.062806278 0.986794293 -0.149306402 -0.062311295 -0.027339142 0.147844508 0.988632679 -0.011992102
133766667 0.980081613 1.742963303 0.500000000 0.500000000 0.000000000 0.000000000 0.996714294 0.078165293 0.021232950 0.492401013 -0.074436069 0.987295330 -0.140382484 -0.046910802 -0.031936217 0.138340726 0.989869654 -0.008636834
133833333 0.980081613 1.742963303 0.500000000 0.500000000 0.000000000 0.000000000 0.995719314 0.089874364 0.021577884 0.404865000 -0.086168252 0.987084270 -0.135054171 -0.030498803 -0.033437103 0.132616729 0.990603209 -0.022891601
133900000 0.980081613 1.742963303 0.500000000 0.500000000 0.000000000 0.000000000 0.994967163 0.099565826 0.011266068 0.314799952 -0.097233795 0.986539543 -0.131473362 -0.011921296 -0.024204690 0.129716247 0.991255701 -0.051308602
133966667 0.980081613 1.742963303 0.500000000 0.500000000 0.000000000 0.000000000 0.994209349 0.107347980 -0.004915921 0.222824994 -0.107096925 0.986048698 -0.127429277 0.013748102 -0.008831928 0.127217859 0.991835475 -0.100682998
134033333 0.980081613 1.742963303 0.500000000 0.500000000 0.000000000 0.000000000 0.993257403 0.114234529 -0.019753553 0.134767989 -0.115805320 0.985576510 -0.123402163 0.040837501 0.005371860 0.124857679 0.992160141 -0.133780014
134100000 0.980081613 1.742963303 0.500000000 0.500000000 0.000000000 0.000000000 0.992475927 0.118157648 -0.032097820 0.048591902 -0.121176951 0.985441446 -0.119253330 0.070433404 0.017539836 0.122245573 0.992344916 -0.177888012
134166667 0.980081613 1.742963303 0.500000000 0.500000000 0.000000000 0.000000000 0.991946638 0.119622692 -0.041620597 -0.040717399 -0.123674780 0.985687494 -0.114563182 0.110053998 0.027320540 0.118787989 0.992543697 -0.235541004
134233333 0.980081613 1.742963303 0.500000000 0.500000000 0.000000000 0.000000000 0.991769493 0.118451603 -0.048605468 -0.125964009 -0.123202734 0.986211598 -0.110489041 0.147090013 0.034847673 0.115567982 0.992688119 -0.288244010
134300000 0.980081613 1.742963303 0.500000000 0.500000000 0.000000000 0.000000000 0.992133379 0.114290945 -0.051078111 -0.214501010 -0.119201876 0.987133324 -0.106577009 0.175978999 0.038240112 0.111827210 0.992991626 -0.329034989
134366667 0.980081613 1.742963303 0.500000000 0.500000000 0.000000000 0.000000000 0.992930293 0.106851287 -0.051693290 -0.306092997 -0.111725546 0.988384545 -0.103021368 0.208422990 0.040084876 0.108068496 0.993335009 -0.396936029
134433333 0.980081613 1.742963303 0.500000000 0.500000000 0.000000000 0.000000000 0.993585765 0.099332221 -0.054041591 -0.394218013 -0.104349874 0.989529967 -0.099707142 0.230500997 0.043571647 0.104706824 0.993548214 -0.453881032
134500000 0.980081613 1.742963303 0.500000000 0.500000000 0.000000000 0.000000000 0.994028926 0.093063168 -0.056971237 -0.487388979 -0.098282702 0.990423918 -0.096958734 0.252676992 0.047402389 0.101979069 0.993656516 -0.518968952
134566667 0.980081613 1.742963303 0.500000000 0.500000000 0.000000000 0.000000000 0.994026303 0.089746788 -0.062106080 -0.576139960 -0.095410153 0.990875602 -0.095196888 0.274979999 0.052995786 0.100553766 0.993519187 -0.572603990
134633333 0.980081613 1.742963303 0.500000000 0.500000000 0.000000000 0.000000000 0.993960083 0.087520160 -0.066208899 -0.661779014 -0.093534909 0.991170108 -0.093984224 0.297203988 0.057398774 0.099609412 0.993369699 -0.630984968
134700000 0.980081613 1.742963303 0.500000000 0.500000000 0.000000000 0.000000000 0.993923068 0.086098857 -0.068584852 -0.747057037 -0.092357062 0.991277754 -0.094013892 0.319026021 0.059892144 0.099776872 0.993205667 -0.665635974
134766667 0.980081613 1.742963303 0.500000000 0.500000000 0.000000000 0.000000000 0.993809879 0.088178538 -0.067575566 -0.835229988 -0.094428487 0.990922809 -0.095683098 0.348117996 0.058524974 0.101471871 0.993115425 -0.709115923
134833333 0.980081613 1.742963303 0.500000000 0.500000000 0.000000000 0.000000000 0.993625581 0.092258431 -0.064780630 -0.926100951 -0.098168485 0.990633488 -0.094911419 0.375443960 0.055417474 0.100665830 0.993375719 -0.749231028
134900000 0.980081613 1.742963303 0.500000000 0.500000000 0.000000000 0.000000000 0.993450761 0.097762838 -0.059143942 -1.021430103 -0.103007227 0.990294456 -0.093308240 0.395498016 0.049447838 0.098789394 0.993879020 -0.771303925
134966667 0.980081613 1.742963303 0.500000000 0.500000000 0.000000000 0.000000000 0.993207872 0.103523880 -0.053112660 -1.129080093 -0.107951373 0.990194142 -0.088668332 0.425728017 0.043412555 0.093799666 0.994644165 -0.827183022
135033333 0.980081613 1.742963303 0.500000000 0.500000000 0.000000000 0.000000000 0.992928743 0.109818578 -0.045082148 -1.244139982 -0.113256291 0.990132451 -0.082526855 0.451387979 0.035574313 0.087049119 0.995568633 -0.828822950
135100000 0.980081613 1.742963303 0.500000000 0.500000000 0.000000000 0.000000000 0.992856801 0.115013048 -0.031739339 -1.380410053 -0.117140248 0.990186214 -0.076219738 0.478365010 0.022661585 0.079393238 0.996585727 -0.855180987
135166667 0.980081613 1.742963303 0.500000000 0.500000000 0.000000000 0.000000000 0.992677152 0.119298130 -0.018973783 -1.523479988 -0.120375648 0.990047574 -0.072907500 0.509940943 0.010087216 0.074657597 0.997158229 -0.848476020
135233333 0.980081613 1.742963303 0.500000000 0.500000000 0.000000000 0.000000000 0.992976069 0.118028305 -0.008235211 -1.673570090 -0.118314750 0.990361333 -0.072014436 0.528451022 -0.000343915 0.072482958 0.997369587 -0.858596918
135300000 0.980081613 1.742963303 0.500000000 0.500000000 0.000000000 0.000000000 0.993820190 0.110807292 -0.006568839 -1.829159893 -0.110992871 0.991247118 -0.071482651 0.536010008 -0.001409448 0.071769990 0.997420192 -0.921052965
135366667 0.980081613 1.742963303 0.500000000 0.500000000 0.000000000 0.000000000 0.994604409 0.103389107 -0.008528133 -1.979689954 -0.103735350 0.991989195 -0.072086200 0.537206003 0.001006882 0.072581917 0.997361958 -0.963738981
135433333 0.980081613 1.742963303 0.500000000 0.500000000 0.000000000 0.000000000 0.995185614 0.097715162 -0.007569367 -2.134979796 -0.098007433 0.992445052 -0.073806271 0.548440978 0.000300196 0.074192792 0.997243881 -1.004420023
135500000 0.980081613 1.742963303 0.500000000 0.500000000 0.000000000 0.000000000 0.995665073 0.092937402 -0.003696225 -2.288199874 -0.092942618 0.992626131 -0.077813849 0.549812977 -0.003562845 0.077820063 0.996961057 -1.010700035
135566667 0.980081613 1.742963303 0.500000000 0.500000000 0.000000000 0.000000000 0.996286035 0.086098067 0.001147109 -2.436270096 -0.085714079 0.992935896 -0.082045391 0.546234024 -0.008202951 0.081642359 0.996627927 -1.023550034
135633333 0.980081613 1.742963303 0.500000000 0.500000000 0.000000000 0.000000000 0.996976256 0.077617414 0.003718800 -2.576989750 -0.077036403 0.993518293 -0.083587356 0.531742006 -0.010182532 0.083048128 0.996493518 -1.054580052
135700000 0.980081613 1.742963303 0.500000000 0.500000000 0.000000000 0.000000000 0.997489274 0.070248269 0.008965066 -2.705360282 -0.069267459 0.994145393 -0.082927331 0.511210053 -0.014738075 0.082098141 0.996515274 -1.056130081
135766667 0.980081613 1.742963303 0.500000000 0.500000000 0.000000000 0.000000000 0.997552514 0.066947550 0.020173242 -2.831589635 -0.065084323 0.994503558 -0.082016580 0.500279979 -0.025553172 0.080502890 0.996426761 -1.043329941
135833333 0.980081613 1.742963303 0.500000000 0.500000000 0.000000000 0.000000000 0.996932328 0.070619069 0.033746939 -2.944190113 -0.067606963 0.994226873 -0.083320282 0.514893000 -0.039436106 0.080783166 0.995951235 -1.004489996
135900000 0.980081613 1.742963303 0.500000000 0.500000000 0.000000000 0.000000000 0.996088445 0.078364797 0.040825602 -3.044299923 -0.074644841 0.993510962 -0.085814103 0.541055898 -0.047285493 0.082431018 0.995474339 -0.995749920
135966667 0.980081613 1.742963303 0.500000000 0.500000000 0.000000000 0.000000000 0.995498240 0.087222092 0.037087809 -3.142679762 -0.083678313 0.992577255 -0.088251196 0.582073952 -0.044509973 0.084750466 0.995407581 -1.065940057
136033333 0.980081613 1.742963303 0.500000000 0.500000000 0.000000000 0.000000000 0.994785547 0.097688079 0.029304994 -3.230820158 -0.094615087 0.991215229 -0.092414059 0.626788034 -0.038075298 0.089159481 0.995289326 -1.108479910
136100000 0.980081613 1.742963303 0.500000000 0.500000000 0.000000000 0.000000000 0.993989408 0.107807592 0.019040460 -3.312149954 -0.105484009 0.989685535 -0.096931450 0.682461947 -0.029294023 0.094340377 0.995108902 -1.177989837
136166667 0.980081613 1.742963303 0.500000000 0.500000000 0.000000000 0.000000000 0.993337154 0.115221225 0.002322522 -3.384550092 -0.114425682 0.988476276 -0.099103242 0.733793041 -0.013714550 0.098177180 0.995074451 -1.310009886
136233333 0.980081613 1.742963303 0.500000000 0.500000000 0.000000000 0.000000000 0.992844701 0.118681528 -0.013195968 -3.445270061 -0.119405754 0.987912893 -0.098844960 0.755045934 0.001305396 0.099713370 0.995015323 -1.436309962
136300000 0.980081613 1.742963303 0.500000000 0.500000000 0.000000000 0.000000000 0.992532790 0.120611265 -0.018210139 -3.521850350 -0.121818766 0.987758100 -0.097438090 0.777259111 0.006235080 0.098928832 0.995074987 -1.504799983
136366667 0.980081613 1.742963303 0.500000000 0.500000000 0.000000000 0.000000000 0.992706954 0.119731322 -0.014047334 -3.609980056 -0.120524690 0.988221407 -0.094298884 0.785598942 0.002591341 0.095304206 0.995444834 -1.539000111
136433333 0.980081613 1.742963303 0.500000000 0.500000000 0.000000000 0.000000000 0.993442655 0.114297673 -0.002784660 -3.715540202 -0.114079773 0.989344835 -0.090457924 0.773250042 -0.007584141 0.090182431 0.995896399 -1.539479973
136500000 0.980081613 1.742963303 0.500000000 0.500000000 0.000000000 0.000000000 0.994659483 0.102570519 0.011480269 -3.823879882 -0.101214543 0.991138458 -0.086024217 0.735371985 -0.020202078 0.084402837 0.996226907 -1.537420115
136566667 0.980081613 1.742963303 0.500000000 0.500000000 0.000000000 0.000000000 0.995681345 0.089772090 0.023655988 -3.934429951 -0.087593436 0.992858648 -0.080988072 0.689400091 -0.030757520 0.078566201 0.996434331 -1.563120132
136633333 0.980081613 1.742963303 0.500000000 0.500000000 0.000000000 0.000000000 0.996160924 0.080175683 0.035147168 -4.046020388 -0.077317327 0.994084477 -0.076276481 0.655583045 -0.041054770 0.073266163 0.996467054 -1.585280018
136700000 0.980081613 1.742963303 0.500000000 0.500000000 0.000000000 0.000000000 0.995943367 0.076082267 0.048044715 -4.164490310 -0.072458334 0.994686604 -0.073132262 0.647375987 -0.053353500 0.069354355 0.996164322 -1.577749882
136766667 0.980081613 1.742963303 0.500000000 0.500000000 0.000000000 0.000000000 0.995293319 0.075275540 0.061031412 -4.279539969 -0.070781887 0.994837523 -0.072719768 0.651829929 -0.066190362 0.068057582 0.995483279 -1.576699867
136833333 0.980081613 1.742963303 0.500000000 0.500000000 0.000000000 0.000000000 0.994383097 0.076729335 0.072903328 -4.390970793 -0.071243308 0.994628787 -0.075086668 0.669667083 -0.078273095 0.069471031 0.994508445 -1.587469908
136900000 0.980081613 1.742963303 0.500000000 0.500000000 0.000000000 0.000000000 0.992984593 0.081992321 0.085198805 -4.497660209 -0.075200267 0.993947148 -0.080087081 0.714800966 -0.091249630 0.073118269 0.993140101 -1.568300090
136966667 0.980081613 1.742963303 0.500000000 0.500000000 0.000000000 0.000000000 0.991269290 0.087618589 0.098530337 -4.607349936 -0.079334110 0.993211269 -0.085073426 0.763108075 -0.105315447 0.076513857 0.991490960 -1.557070131
137033333 0.980081613 1.742963303 0.500000000 0.500000000 0.000000000 0.000000000 0.989309847 0.093666047 0.111770764 -4.720920237 -0.083903462 0.992484987 -0.089071870 0.811505128 -0.119273812 0.078741729 0.989734054 -1.533740204
137100000 0.980081613 1.742963303 0.500000000 0.500000000 0.000000000 0.000000000 0.987038612 0.098181590 0.126945302 -4.847639766 -0.086927012 0.992016852 -0.091358006 0.854041979 -0.134901538 0.079138905 0.987693608 -1.499540160
137166667 0.980081613 1.742963303 0.500000000 0.500000000 0.000000000 0.000000000 0.984496534 0.100996673 0.143409371 -4.982839949 -0.088152468 0.991730809 -0.093269408 0.886779054 -0.151643395 0.079181507 0.985258639 -1.449790069
137233333 0.980081613 1.742963303 0.500000000 0.500000000 0.000000000 0.000000000 0.981709242 0.100080341 0.161959574 -5.129710201 -0.085472226 0.991820812 -0.094794519 0.897396994 -0.170121953 0.079217605 0.982233703 -1.395429860
137300000 0.980081613 1.742963303 0.500000000 0.500000000 0.000000000 0.000000000 0.978488803 0.094402209 0.183433548 -5.288379994 -0.077705666 0.992325664 -0.096185327 0.884082023 -0.191105917 0.079862446 0.978315175 -1.332210098
137366667 0.980081613 1.742963303 0.500000000 0.500000000 0.000000000 0.000000000 0.974179387 0.085245267 0.209063947 -5.452409831 -0.065629721 0.992916524 -0.099042989 0.837779979 -0.216025978 0.082764842 0.972873449 -1.216570266
137433333 0.980081613 1.742963303 0.500000000 0.500000000 0.000000000 0.000000000 0.969651282 0.069718570 0.234341025 -5.624729882 -0.046987560 0.993753195 -0.101226427 0.750513028 -0.239934504 0.087143220 0.966869950 -1.120519894
137500000 0.980081613 1.742963303 0.500000000 0.500000000 0.000000000 0.000000000 0.964801252 0.052921992 0.257600218 -5.785590276 -0.026720371 0.994200110 -0.104173914 0.643633165 -0.261619240 0.093623951 0.960619569 -1.027570230
137566667 0.980081613 1.742963303 0.500000000 0.500000000 0.000000000 0.000000000 0.958910704 0.040212702 0.280843794 -5.948710135 -0.009781125 0.994001329 -0.108929820 0.566544025 -0.283539474 0.101707004 0.953551829 -0.948428802
137633333 0.980081613 1.742963303 0.500000000 0.500000000 0.000000000 0.000000000 0.951352417 0.034250729 0.306195319 -6.093920751 0.001970496 0.993105173 -0.117210291 0.528292174 -0.308098674 0.112111650 0.944725513 -0.810423204
137700000 0.980081613 1.742963303 0.500000000 0.500000000 0.000000000 0.000000000 0.943167150 0.028708400 0.331076145 -6.237928984 0.013098674 0.992275774 -0.123357899 0.484392760 -0.332060277 0.120683782 0.935505927 -0.686754788
137766667 0.980081613 1.742963303 0.500000000 0.500000000 0.000000000 0.000000000 0.936838329 0.024311423 0.348916709 -6.370839755 0.021034755 0.991859496 -0.125587776 0.443018955 -0.349129558 0.124994822 0.928700626 -0.629157063
137833333 0.980081613 1.742963303 0.500000000 0.500000000 0.000000000 0.000000000 0.930558383 0.025623711 0.365245670 -6.490369131 0.022982107 0.991493523 -0.128110737 0.443508723 -0.365421385 0.127608627 0.922053754 -0.552020065
137900000 0.980081613 1.742963303 0.500000000 0.500000000 0.000000000 0.000000000 0.924073935 0.030467350 0.380997330 -6.604848837 0.020680677 0.991372049 -0.129436389 0.466889796 -0.381653696 0.127488062 0.915470958 -0.474182782
137966667 0.980081613 1.742963303 0.500000000 0.500000000 0.000000000 0.000000000 0.917918682 0.036403608 0.395095080 -6.715560610 0.016509864 0.991415143 -0.129705027 0.501478092 -0.396424979 0.125581637 0.909437478 -0.414000919
138033333 0.980081613 1.742963303 0.500000000 0.500000000 0.000000000 0.000000000 0.912848413 0.042579241 0.406072140 -6.824168852 0.011171004 0.991570652 -0.129084721 0.546279683 -0.408145547 0.122371010 0.904678047 -0.368797719
138100000 0.980081613 1.742963303 0.500000000 0.500000000 0.000000000 0.000000000 0.908929110 0.047311518 0.414257705 -6.931919698 0.006773017 0.991734922 -0.128124744 0.584737869 -0.416895628 0.119262084 0.901096284 -0.359842816
138166667 0.980081613 1.742963303 0.500000000 0.500000000 0.000000000 0.000000000 0.905907273 0.046648219 0.420899212 -7.041301288 0.007085411 0.992105603 -0.125205114 0.585360358 -0.423417032 0.116406478 0.898425162 -0.367773316
138233333 0.980081613 1.742963303 0.500000000 0.500000000 0.000000000 0.000000000 0.901472211 0.041756622 0.430817962 -7.154909100 0.012334670 0.992453158 -0.122002371 0.553669683 -0.432661057 0.115295731 0.894153833 -0.349534761
138300000 0.980081613 1.742963303 0.500000000 0.500000000 0.000000000 0.000000000 0.895616889 0.034416139 0.443492651 -7.270658766 0.020591544 0.992725968 -0.118621804 0.508061739 -0.444349170 0.115371890 0.888393521 -0.310258034
138366667 0.980081613 1.742963303 0.500000000 0.500000000 0.000000000 0.000000000 0.891069293 0.025795512 0.453133702 -7.385530184 0.029686831 0.992933095 -0.114902608 0.458900045 -0.452895403 0.115838282 0.884006381 -0.314726044
