https://www.youtube.com/watch?v=BjGoST6Pukg
140106633 0.888274399 1.579694674 0.500000000 0.500000000 0.000000000 0.000000000 0.999975681 -0.006719147 -0.001879471 -3.101860349 0.006748421 0.999848783 0.016028805 3.095800033 0.001771487 -0.016041098 0.999869764 -4.562500021
140173367 0.888274399 1.579694674 0.500000000 0.500000000 0.000000000 0.000000000 0.999992907 -0.002225735 -0.003034253 -3.105600225 0.002285199 0.999802589 0.019736836 3.026279725 0.002989725 -0.019743631 0.999800622 -4.334270286
140240100 0.888274399 1.579694674 0.500000000 0.500000000 0.000000000 0.000000000 0.999985039 -0.001465129 -0.005270596 -3.116759879 0.001594982 0.999693215 0.024718003 2.923430031 0.005232764 -0.024726039 0.999680579 -4.093780425
140306833 0.888274399 1.579694674 0.500000000 0.500000000 0.000000000 0.000000000 0.999966621 0.001358593 -0.008056666 -3.117959783 -0.001113747 0.999539673 0.030317463 2.813259986 0.008094146 -0.030307479 0.999507844 -3.838030080
140773967 0.888274399 1.579694674 0.500000000 0.500000000 0.000000000 0.000000000 0.999669492 -0.005184711 -0.025180573 -3.306250327 0.006439951 0.998727083 0.050027084 2.244309947 0.024889143 -0.050172713 0.998430371 -2.258359699
140840700 0.888274399 1.579694674 0.500000000 0.500000000 0.000000000 0.000000000 0.999570429 -0.014888622 -0.025244106 -3.388410094 0.016238324 0.998401701 0.054132339 2.078049625 0.024397802 -0.054519009 0.998214602 -2.046719869
140907433 0.888274399 1.579694674 0.500000000 0.500000000 0.000000000 0.000000000 0.999315739 -0.028216243 -0.023914108 -3.479710084 0.029550172 0.997914076 0.057395741 1.891359891 0.022244735 -0.058063135 0.998065054 -1.902219990
141241100 0.888274399 1.579694674 0.500000000 0.500000000 0.000000000 0.000000000 0.993078709 -0.088605456 0.077095717 -3.955459983 0.091170244 0.995371103 -0.030402640 0.968445934 -0.074045002 0.037221055 0.996560037 -0.832831067
141307833 0.888274399 1.579694674 0.500000000 0.500000000 0.000000000 0.000000000 0.989520848 -0.094082884 0.109530352 -3.947129920 0.099449240 0.994042754 -0.044596642 0.876473078 -0.104682066 0.055022016 0.992982507 -0.624620035
141374567 0.888274399 1.579694674 0.500000000 0.500000000 0.000000000 0.000000000 0.985353351 -0.100201204 0.137980103 -3.900490177 0.107954249 0.992903590 -0.049883630 0.789564020 -0.132002532 0.064048544 0.989178002 -0.450596015
141441300 0.888274399 1.579694674 0.500000000 0.500000000 0.000000000 0.000000000 0.981069148 -0.104654782 0.162943691 -3.814659887 0.114123411 0.992215037 -0.049851023 0.716265023 -0.156458050 0.067502998 0.985375166 -0.300318934
141508033 0.888274399 1.579694674 0.500000000 0.500000000 0.000000000 0.000000000 0.976643562 -0.110417545 0.184323892 -3.715470140 0.120854273 0.991587698 -0.046347059 0.633382884 -0.177655771 0.067540877 0.981772184 -0.170555027
141574767 0.888274399 1.579694674 0.500000000 0.500000000 0.000000000 0.000000000 0.972967267 -0.115739487 0.199847564 -3.578479774 0.127034247 0.990894854 -0.044606447 0.565936944 -0.192865178 0.068788111 0.978811085 -0.067370181
141641500 0.888274399 1.579694674 0.500000000 0.500000000 0.000000000 0.000000000 0.969696820 -0.121602178 0.211898580 -3.425290226 0.133208156 0.990225911 -0.041330662 0.506800060 -0.204801574 0.068304807 0.976417303 0.012913632
141708233 0.888274399 1.579694674 0.500000000 0.500000000 0.000000000 0.000000000 0.967639148 -0.125790149 0.218749464 -3.246120043 0.136879623 0.989924550 -0.036239263 0.458338930 -0.211986929 0.065008886 0.975107849 0.087070861
141774967 0.888274399 1.579694674 0.500000000 0.500000000 0.000000000 0.000000000 0.966147840 -0.129556537 0.223099798 -3.056920058 0.140161663 0.989601433 -0.032306470 0.407487056 -0.216594368 0.062482841 0.974260151 0.143392946
141841700 0.888274399 1.579694674 0.500000000 0.500000000 0.000000000 0.000000000 0.965716004 -0.132141322 0.223453060 -2.844310057 0.142346650 0.989358366 -0.030124005 0.381311915 -0.217094526 0.060899030 0.974249065 0.187309970
141908433 0.888274399 1.579694674 0.500000000 0.500000000 0.000000000 0.000000000 0.966831744 -0.129694134 0.220036089 -2.597580171 0.139319271 0.989830494 -0.028736575 0.347577981 -0.214071453 0.058438674 0.975068390 0.230116965
141975167 0.888274399 1.579694674 0.500000000 0.500000000 0.000000000 0.000000000 0.967956722 -0.125223398 0.217666924 -2.342670113 0.134675473 0.990462780 -0.029085346 0.314226954 -0.211948842 0.057467744 0.975589633 0.264660041
142041900 0.888274399 1.579694674 0.500000000 0.500000000 0.000000000 0.000000000 0.970037997 -0.118715398 0.211973980 -2.086180031 0.128212348 0.991243720 -0.031583913 0.301900019 -0.206368372 0.057815254 0.976764798 0.300085989
142108633 0.888274399 1.579694674 0.500000000 0.500000000 0.000000000 0.000000000 0.972478390 -0.107525378 0.206698105 -1.842249997 0.117108941 0.992513835 -0.034666449 0.291959996 -0.201423213 0.057918571 0.977790415 0.319900978
142175367 0.888274399 1.579694674 0.500000000 0.500000000 0.000000000 0.000000000 0.974668503 -0.097675651 0.201198280 -1.604060056 0.107184023 0.993554473 -0.036893047 0.254528977 -0.196297914 0.057523727 0.978855550 0.328380033
142242100 0.888274399 1.579694674 0.500000000 0.500000000 0.000000000 0.000000000 0.976572812 -0.086439125 0.197062805 -1.392869849 0.096069537 0.994577527 -0.039827317 0.214201007 -0.192551598 0.057826027 0.979581535 0.291424982
142308833 0.888274399 1.579694674 0.500000000 0.500000000 0.000000000 0.000000000 0.978402793 -0.073901027 0.193045586 -1.192280070 0.083595470 0.995590746 -0.042553961 0.166481986 -0.189049631 0.057772651 0.980266571 0.256398009
142375567 0.888274399 1.579694674 0.500000000 0.500000000 0.000000000 0.000000000 0.979798198 -0.058362003 0.191283479 -0.957134039 0.069803387 0.996118307 -0.053626023 0.076354594 -0.187411264 0.065894917 0.980068803 0.233447996
142442300 0.888274399 1.579694674 0.500000000 0.500000000 0.000000000 0.000000000 0.980627835 -0.050867576 0.189160064 -0.726180927 0.064426668 0.995722055 -0.066232830 -0.008602806 -0.184981748 0.077136710 0.979709983 0.216901006
142509033 0.888274399 1.579694674 0.500000000 0.500000000 0.000000000 0.000000000 0.981028557 -0.048821114 0.187615171 -0.525115998 0.063690506 0.995217979 -0.074058779 -0.091869903 -0.183102354 0.084603094 0.979446709 0.181227986
142575767 0.888274399 1.579694674 0.500000000 0.500000000 0.000000000 0.000000000 0.981378913 -0.048885655 0.185756728 -0.334310981 0.064816251 0.994630694 -0.080676071 -0.168721004 -0.180815443 0.091213860 0.979278207 0.134184011
142642500 0.888274399 1.579694674 0.500000000 0.500000000 0.000000000 0.000000000 0.982393384 -0.046886817 0.180844784 -0.123477000 0.063164450 0.994349003 -0.085324377 -0.234035987 -0.175822228 0.095245078 0.979803503 0.097167196
142709233 0.888274399 1.579694674 0.500000000 0.500000000 0.000000000 0.000000000 0.983367920 -0.039696593 0.177233577 0.036596903 0.055909272 0.994599700 -0.087439239 -0.285515995 -0.172805429 0.095893934 0.980276823 0.047293603
142775967 0.888274399 1.579694674 0.500000000 0.500000000 0.000000000 0.000000000 0.984678209 -0.028410286 0.172051460 0.198286000 0.044388890 0.994974852 -0.089747809 -0.331810006 -0.168637127 0.096009888 0.980991125 -0.033416407
142842700 0.888274399 1.579694674 0.500000000 0.500000000 0.000000000 0.000000000 0.986329615 0.000102587 0.164784223 0.357333956 0.015934948 0.995253801 -0.095999509 -0.391400984 -0.164011985 0.097312987 0.981646717 -0.139175002
142909433 0.888274399 1.579694674 0.500000000 0.500000000 0.000000000 0.000000000 0.987066269 0.020979494 0.158934280 0.558138106 -0.003200227 0.993781149 -0.111305088 -0.458932053 -0.160281017 0.109356865 0.980994940 -0.230215022
142976167 0.888274399 1.579694674 0.500000000 0.500000000 0.000000000 0.000000000 0.987886190 0.027449807 0.152732909 0.728375978 -0.010024955 0.993463695 -0.113707446 -0.526410993 -0.154855847 0.110798873 0.981704295 -0.346344011
143042900 0.888274399 1.579694674 0.500000000 0.500000000 0.000000000 0.000000000 0.989008009 0.029219706 0.144945920 0.897373978 -0.012710765 0.993452013 -0.113541141 -0.598225079 -0.147314459 0.110450730 0.982903421 -0.433798012
143109633 0.888274399 1.579694674 0.500000000 0.500000000 0.000000000 0.000000000 0.989971936 0.033824485 0.137154803 1.065179802 -0.018286793 0.993426502 -0.113001756 -0.675255055 -0.140075430 0.109360449 0.984082937 -0.522320014
143176367 0.888274399 1.579694674 0.500000000 0.500000000 0.000000000 0.000000000 0.990809679 0.043647479 0.128027692 1.230400027 -0.029123921 0.993145883 -0.113194592 -0.762909983 -0.132090852 0.108425625 0.985289752 -0.593477047
143243100 0.888274399 1.579694674 0.500000000 0.500000000 0.000000000 0.000000000 0.991661489 0.050323550 0.118638307 1.381860047 -0.036881533 0.992922485 -0.112892643 -0.840945068 -0.123479798 0.107575729 0.986498952 -0.655195027
143309833 0.888274399 1.579694674 0.500000000 0.500000000 0.000000000 0.000000000 0.992187202 0.058521029 0.110181093 1.517039995 -0.045988385 0.992525935 -0.113037094 -0.920428064 -0.115972638 0.107086912 0.987462759 -0.690040980
143376567 0.888274399 1.579694674 0.500000000 0.500000000 0.000000000 0.000000000 0.993010283 0.056484707 0.103634290 1.656569983 -0.044639394 0.992562532 -0.113256089 -0.987349916 -0.109260760 0.107838280 0.988146245 -0.710559023
143443300 0.888274399 1.579694674 0.500000000 0.500000000 0.000000000 0.000000000 0.994205713 0.047918115 0.096222937 1.855020022 -0.036236715 0.992151856 -0.119673066 -1.067620078 -0.101202264 0.115492843 0.988139391 -0.679620020
143510033 0.888274399 1.579694674 0.500000000 0.500000000 0.000000000 0.000000000 0.995448053 0.029491941 0.090627953 2.077650163 -0.017217690 0.990920007 -0.133345574 -1.162379865 -0.093737677 0.131178200 0.986917198 -0.654747059
143576767 0.888274399 1.579694674 0.500000000 0.500000000 0.000000000 0.000000000 0.996423483 0.006495381 0.084250301 2.296760049 0.006204369 0.988726258 -0.149605930 -1.238360151 -0.084272236 0.149593592 0.985149741 -0.642540042
143643500 0.888274399 1.579694674 0.500000000 0.500000000 0.000000000 0.000000000 0.996444166 -0.024248857 0.080691196 2.495840181 0.037057023 0.986219466 -0.161238715 -1.263839950 -0.075669371 0.163655564 0.983611166 -0.593748949
143710233 0.888274399 1.579694674 0.500000000 0.500000000 0.000000000 0.000000000 0.996182859 -0.040794291 0.077172473 2.645780063 0.052913003 0.985344112 -0.162164152 -1.303050085 -0.069426075 0.165628582 0.983741403 -0.500925013
143776967 0.888274399 1.579694674 0.500000000 0.500000000 0.000000000 0.000000000 0.995732963 -0.054166302 0.074711867 2.772809915 0.065605886 0.984880686 -0.160330549 -1.326449882 -0.064897768 0.164547965 0.984231830 -0.382770005
143843700 0.888274399 1.579694674 0.500000000 0.500000000 0.000000000 0.000000000 0.995913625 -0.057807907 0.069385096 2.894119898 0.068085045 0.985359371 -0.156305298 -1.374930166 -0.059333578 0.160390660 0.985268652 -0.198370022
143910433 0.888274399 1.579694674 0.500000000 0.500000000 0.000000000 0.000000000 0.996198893 -0.058391664 0.064638861 2.997469789 0.067692831 0.985968709 -0.152588814 -1.422399864 -0.054821987 0.156384408 0.986173630 0.019809158
143977167 0.888274399 1.579694674 0.500000000 0.500000000 0.000000000 0.000000000 0.996778250 -0.053842995 0.059447795 3.082350017 0.062230799 0.986770391 -0.149704874 -1.471500027 -0.050600752 0.152922064 0.986941934 0.253143980
144043900 0.888274399 1.579694674 0.500000000 0.500000000 0.000000000 0.000000000 0.996848464 -0.055857137 0.056330446 3.168840089 0.063596845 0.987152338 -0.146579951 -1.499199900 -0.047419194 0.149700433 0.987593651 0.493356973
144110633 0.888274399 1.579694674 0.500000000 0.500000000 0.000000000 0.000000000 0.997051537 -0.054401014 0.054118428 3.234190258 0.061640356 0.987856686 -0.142616913 -1.544490008 -0.045702744 0.145532295 0.988297343 0.728218982
144177367 0.888274399 1.579694674 0.500000000 0.500000000 0.000000000 0.000000000 0.997428894 -0.050071575 0.051268362 3.295119950 0.056796707 0.988597035 -0.139463589 -1.595140104 -0.043700591 0.142016873 0.988899112 0.969481024
144244100 0.888274399 1.579694674 0.500000000 0.500000000 0.000000000 0.000000000 0.997622609 -0.046940900 0.050454393 3.335419725 0.053507417 0.989006102 -0.137854666 -1.626070028 -0.043428682 0.140226603 0.989166558 1.162070134
144310833 0.888274399 1.579694674 0.500000000 0.500000000 0.000000000 0.000000000 0.997341871 -0.053152546 0.049839616 3.399729758 0.059468187 0.989024937 -0.135252193 -1.627499944 -0.042103626 0.137856558 0.989556909 1.374079885
144377567 0.888274399 1.579694674 0.500000000 0.500000000 0.000000000 0.000000000 0.996603429 -0.064638488 0.051024426 3.462500157 0.070960857 0.988464832 -0.133797705 -1.589550016 -0.041787360 0.136963993 0.989694238 1.553660182
144444300 0.888274399 1.579694674 0.500000000 0.500000000 0.000000000 0.000000000 0.995289683 -0.080601521 0.053868171 3.539239745 0.087116711 0.987387180 -0.132201359 -1.530429781 -0.042533103 0.136271462 0.989758074 1.729439981
144511033 0.888274399 1.579694674 0.500000000 0.500000000 0.000000000 0.000000000 0.993729770 -0.093226492 0.061725106 3.652590256 0.100635663 0.986333907 -0.130452737 -1.468739977 -0.048719909 0.135846511 0.989531219 1.880769996
144577767 0.888274399 1.579694674 0.500000000 0.500000000 0.000000000 0.000000000 0.991634011 -0.095667183 0.086658940 3.838399762 0.106009528 0.986617744 -0.123884618 -1.415940166 -0.073647559 0.132034868 0.988505363 1.994309971
144644500 0.888274399 1.579694674 0.500000000 0.500000000 0.000000000 0.000000000 0.988630414 -0.096215859 0.115552805 3.998550012 0.108512923 0.988500416 -0.105317645 -1.332479868 -0.104090758 0.116659202 0.987702250 2.094220034
144711233 0.888274399 1.579694674 0.500000000 0.500000000 0.000000000 0.000000000 0.984112144 -0.099507950 0.147042498 4.148870138 0.113409080 0.989520192 -0.089376315 -1.225009950 -0.136607870 0.104632273 0.985083938 2.123500116
