https://www.youtube.com/watch?v=2rKPIYgxTio
211760000 0.919863643 1.647138904 0.500000000 0.500000000 0.000000000 0.000000000 0.995765209 0.057068504 -0.072074898 3.552389782 -0.057770371 0.998300314 -0.007689508 -0.294818033 0.071513556 0.011820735 0.997369587 0.493865942
211840000 0.919863643 1.647138904 0.500000000 0.500000000 0.000000000 0.000000000 0.994108319 0.062850013 -0.088309355 3.417600047 -0.063580200 0.997961700 -0.005477369 -0.288284966 0.087785102 0.011059830 0.996078014 0.631263029
211920000 0.919863643 1.647138904 0.500000000 0.500000000 0.000000000 0.000000000 0.992212594 0.068457969 -0.104055986 3.287709777 -0.069032185 0.997612596 -0.001922682 -0.267917048 0.103675932 0.009090926 0.994569600 0.746707970
212000000 0.919863643 1.647138904 0.500000000 0.500000000 0.000000000 0.000000000 0.990155816 0.073816285 -0.118922807 3.184970003 -0.074042335 0.997251928 0.002522536 -0.248544028 0.118782200 0.006307627 0.992900312 0.764901991
212080000 0.919863643 1.647138904 0.500000000 0.500000000 0.000000000 0.000000000 0.988198876 0.079067685 -0.131191880 3.109350112 -0.078809999 0.996863902 0.007163275 -0.192610979 0.131346822 0.003260490 0.991331100 0.805446951
212160000 0.919863643 1.647138904 0.500000000 0.500000000 0.000000000 0.000000000 0.986189425 0.083942890 -0.142772630 3.052609863 -0.083057180 0.996470571 0.012162698 -0.159082981 0.143289700 -0.000136442 0.989680767 0.827454959
212240000 0.919863643 1.647138904 0.500000000 0.500000000 0.000000000 0.000000000 0.984135866 0.088849090 -0.153565630 2.941760023 -0.087313123 0.996040404 0.016730998 -0.180407990 0.154444113 -0.003057289 0.987996817 0.859542069
212320000 0.919863643 1.647138904 0.500000000 0.500000000 0.000000000 0.000000000 0.981968462 0.093670614 -0.164206326 2.803530060 -0.091535695 0.995589972 0.020537319 -0.240936989 0.165405929 -0.005136257 0.986212194 0.883224065
212400000 0.919863643 1.647138904 0.500000000 0.500000000 0.000000000 0.000000000 0.979607105 0.098784715 -0.174961478 2.608829982 -0.096186757 0.995090842 0.023288168 -0.301160029 0.176403075 -0.005984294 0.984299839 0.929839075
212480000 0.919863643 1.647138904 0.500000000 0.500000000 0.000000000 0.000000000 0.976946533 0.103991508 -0.186443657 2.330910066 -0.101032138 0.994560599 0.025331303 -0.326012979 0.188063771 -0.005910532 0.982139051 0.993115071
212560000 0.919863643 1.647138904 0.500000000 0.500000000 0.000000000 0.000000000 0.973744333 0.109625295 -0.199509978 2.027099923 -0.106245100 0.993956745 0.027603790 -0.323407983 0.201330364 -0.005682073 0.979506910 1.069129794
212640000 0.919863643 1.647138904 0.500000000 0.500000000 0.000000000 0.000000000 0.970089257 0.115560129 -0.213477582 1.672499975 -0.111650869 0.993284822 0.030320838 -0.298217032 0.215547919 -0.005578965 0.976477325 1.087440115
212720000 0.919863643 1.647138904 0.500000000 0.500000000 0.000000000 0.000000000 0.965965569 0.121442981 -0.228390068 1.260029955 -0.117050759 0.992586374 0.032731894 -0.283250936 0.230671942 -0.004884623 0.973019302 1.017830032
212800000 0.919863643 1.647138904 0.500000000 0.500000000 0.000000000 0.000000000 0.961274803 0.127449289 -0.244351029 0.779655982 -0.122663483 0.991839111 0.034769110 -0.296822976 0.246788204 -0.003449695 0.969063282 0.863024000
212880000 0.919863643 1.647138904 0.500000000 0.500000000 0.000000000 0.000000000 0.955807090 0.134084895 -0.261637062 0.325082953 -0.129037395 0.990969241 0.036459446 -0.275232967 0.264162928 -0.001087198 0.964477420 0.637080979
212960000 0.919863643 1.647138904 0.500000000 0.500000000 0.000000000 0.000000000 0.949840188 0.142079294 -0.278598398 -0.178817989 -0.136734635 0.989854276 0.038628146 -0.183393986 0.281260103 0.001403520 0.959630489 0.331134936
213360000 0.919863643 1.647138904 0.500000000 0.500000000 0.000000000 0.000000000 0.916911662 0.179335505 -0.356527120 -2.820909310 -0.170631409 0.983742237 0.056001261 0.575052816 0.360773772 0.009486577 0.932605028 -1.998509583
213440000 0.919863643 1.647138904 0.500000000 0.500000000 0.000000000 0.000000000 0.910956144 0.184066504 -0.369158924 -3.388209631 -0.174488276 0.982860625 0.059488036 0.788418781 0.373781502 0.010222964 0.927460372 -2.495879392
213520000 0.919863643 1.647138904 0.500000000 0.500000000 0.000000000 0.000000000 0.905391037 0.185986921 -0.381675094 -3.972069518 -0.175910428 0.982485056 0.061470188 0.982203763 0.386422724 0.011486107 0.922250211 -2.978289745
213600000 0.919863643 1.647138904 0.500000000 0.500000000 0.000000000 0.000000000 0.900162339 0.188681602 -0.392564386 -4.507089036 -0.178082526 0.981956899 0.063617609 1.173499540 0.397484809 0.012642743 0.917521596 -3.402739500
213680000 0.919863643 1.647138904 0.500000000 0.500000000 0.000000000 0.000000000 0.893467963 0.197091565 -0.403571427 -5.235889813 -0.185525522 0.980283499 0.068004057 1.363759994 0.409017444 0.014113350 0.912417412 -3.757930118
213760000 0.919863643 1.647138904 0.500000000 0.500000000 0.000000000 0.000000000 0.883897841 0.209261626 -0.418251306 -5.835969579 -0.196200937 0.977725983 0.074545950 1.563259852 0.424534768 0.016170291 0.905267239 -4.133469937
213840000 0.919863643 1.647138904 0.500000000 0.500000000 0.000000000 0.000000000 0.873981357 0.223870441 -0.431322068 -6.427340651 -0.209014311 0.974447668 0.082248114 1.761090349 0.438713700 0.018269114 0.898441195 -4.470670629
213920000 0.919863643 1.647138904 0.500000000 0.500000000 0.000000000 0.000000000 0.864714265 0.233898103 -0.444478333 -6.871820323 -0.217581898 0.972046614 0.088224091 1.891180245 0.452689111 0.020421766 0.891434550 -4.811669613
