https://www.youtube.com/watch?v=PuYNWRR_oaU
77377300 0.882705655 1.593773976 0.500000000 0.500000000 0.000000000 0.000000000 0.992841244 0.018802291 -0.117952086 -3.794849961 -0.019748034 0.999781489 -0.006854326 0.353626971 0.117797442 0.009134579 0.992995620 2.071110212
77410667 0.882705655 1.593773976 0.500000000 0.500000000 0.000000000 0.000000000 0.992194355 0.020538427 -0.122997992 -3.688739908 -0.021575183 0.999741971 -0.007102953 0.383545940 0.122820370 0.009701213 0.992381513 2.039060089
77444033 0.882705655 1.593773976 0.500000000 0.500000000 0.000000000 0.000000000 0.991548479 0.021733791 -0.127903268 -3.580279876 -0.022899959 0.999708474 -0.007653966 0.421808002 0.127699628 0.010518256 0.991757095 2.013899932
77477400 0.882705655 1.593773976 0.500000000 0.500000000 0.000000000 0.000000000 0.990933299 0.022894429 -0.132389516 -3.458199751 -0.024161989 0.999676228 -0.007975730 0.450983007 0.132164061 0.011102214 0.991165698 1.972010012
77510767 0.882705655 1.593773976 0.500000000 0.500000000 0.000000000 0.000000000 0.990380168 0.023937346 -0.136286750 -3.330779833 -0.025298813 0.999645770 -0.008266235 0.477890982 0.136040613 0.011634607 0.990634978 1.927290121
77544133 0.882705655 1.593773976 0.500000000 0.500000000 0.000000000 0.000000000 0.989889085 0.024283152 -0.139749646 -3.196120053 -0.025725301 0.999632716 -0.008522104 0.496991965 0.139491379 0.012031036 0.990150213 1.875590185
77577500 0.882705655 1.593773976 0.500000000 0.500000000 0.000000000 0.000000000 0.989451349 0.024618011 -0.142758653 -3.054370140 -0.026150040 0.999618709 -0.008865081 0.510093985 0.142485991 0.012504710 0.989717841 1.807800066
77610867 0.882705655 1.593773976 0.500000000 0.500000000 0.000000000 0.000000000 0.989108443 0.024880337 -0.145070538 -2.909620104 -0.026492016 0.999606788 -0.009188103 0.524494997 0.144784883 0.012931241 0.989378631 1.735599974
77644233 0.882705655 1.593773976 0.500000000 0.500000000 0.000000000 0.000000000 0.988851845 0.025076050 -0.146776229 -2.763819898 -0.026739694 0.999598503 -0.009372187 0.534851009 0.146482289 0.013192455 0.989125311 1.656469813
77677600 0.882705655 1.593773976 0.500000000 0.500000000 0.000000000 0.000000000 0.988660216 0.025347959 -0.148014888 -2.628669835 -0.027015712 0.999592066 -0.009267593 0.537110960 0.147719577 0.013161229 0.988941729 1.581900108
77710967 0.882705655 1.593773976 0.500000000 0.500000000 0.000000000 0.000000000 0.988508105 0.025584476 -0.148987234 -2.498380012 -0.027287723 0.999583423 -0.009398915 0.537466994 0.148684710 0.013356423 0.988794446 1.492220027
77744333 0.882705655 1.593773976 0.500000000 0.500000000 0.000000000 0.000000000 0.988391817 0.025562989 -0.149760559 -2.370780260 -0.027368186 0.999575377 -0.010005034 0.543988038 0.149441198 0.013987564 0.988671660 1.404490012
77777700 0.882705655 1.593773976 0.500000000 0.500000000 0.000000000 0.000000000 0.988309741 0.025693227 -0.150278762 -2.252549839 -0.027525183 0.999569833 -0.010122752 0.535270956 0.149954036 0.014140861 0.988591850 1.308550047
77811067 0.882705655 1.593773976 0.500000000 0.500000000 0.000000000 0.000000000 0.988239348 0.025616312 -0.150754124 -2.133709909 -0.027500981 0.999567389 -0.010429702 0.522840040 0.150421739 0.014452928 0.988516271 1.211039866
77844433 0.882705655 1.593773976 0.500000000 0.500000000 0.000000000 0.000000000 0.988157749 0.025497898 -0.151308134 -2.007060097 -0.027430836 0.999566436 -0.010701029 0.510484997 0.150969669 0.014724810 0.988428712 1.107099891
77877800 0.882705655 1.593773976 0.500000000 0.500000000 0.000000000 0.000000000 0.988075376 0.025553804 -0.151835442 -1.886339988 -0.027492657 0.999564886 -0.010683486 0.495226963 0.151496381 0.014730450 0.988348067 0.994691046
77911167 0.882705655 1.593773976 0.500000000 0.500000000 0.000000000 0.000000000 0.987998843 0.025375787 -0.152362689 -1.766239995 -0.027361345 0.999565661 -0.010948936 0.486099024 0.152018681 0.014986384 0.988264024 0.885573095
77944533 0.882705655 1.593773976 0.500000000 0.500000000 0.000000000 0.000000000 0.987918854 0.025445754 -0.152868778 -1.652539998 -0.027459750 0.999561548 -0.011077518 0.468508010 0.152519882 0.015141429 0.988184392 0.784764995
77977900 0.882705655 1.593773976 0.500000000 0.500000000 0.000000000 0.000000000 0.987859964 0.025443003 -0.153249130 -1.538480001 -0.027521867 0.999555528 -0.011458831 0.454919011 0.152889475 0.015537426 0.988121152 0.685923032
78011267 0.882705655 1.593773976 0.500000000 0.500000000 0.000000000 0.000000000 0.987783730 0.025524108 -0.153726682 -1.427410186 -0.027631162 0.999551058 -0.011585260 0.423285031 0.153361961 0.015691375 0.988045514 0.568966975
78044633 0.882705655 1.593773976 0.500000000 0.500000000 0.000000000 0.000000000 0.987715662 0.025606772 -0.154149264 -1.320129912 -0.027742928 0.999546349 -0.011722205 0.392275987 0.153779179 0.015854761 0.987978041 0.465790012
78078000 0.882705655 1.593773976 0.500000000 0.500000000 0.000000000 0.000000000 0.987659693 0.025584811 -0.154511288 -1.218219988 -0.027748590 0.999544561 -0.011863259 0.364549045 0.154137388 0.016004330 0.987919807 0.379415996
78111367 0.882705655 1.593773976 0.500000000 0.500000000 0.000000000 0.000000000 0.987611115 0.025772186 -0.154790312 -1.120299942 -0.027931409 0.999540329 -0.011790358 0.329624003 0.154415280 0.015967797 0.987877011 0.291889070
78144733 0.882705655 1.593773976 0.500000000 0.500000000 0.000000000 0.000000000 0.987538695 0.025861185 -0.155236959 -1.011489969 -0.028026856 0.999537766 -0.011777967 0.287697983 0.154860616 0.015981998 0.987807035 0.190430016
78178100 0.882705655 1.593773976 0.500000000 0.500000000 0.000000000 0.000000000 0.987461686 0.025835063 -0.155730337 -0.908310991 -0.028053839 0.999533594 -0.012066222 0.242054015 0.155345976 0.016283767 0.987725914 0.086647902
78211467 0.882705655 1.593773976 0.500000000 0.500000000 0.000000000 0.000000000 0.987411141 0.026000584 -0.156023264 -0.810990000 -0.028264014 0.999524772 -0.012305703 0.199804002 0.155629158 0.016560627 0.987676740 -0.013935105
78244833 0.882705655 1.593773976 0.500000000 0.500000000 0.000000000 0.000000000 0.987340868 0.025895672 -0.156484634 -0.707719984 -0.028168188 0.999527276 -0.012321806 0.157507012 0.156091571 0.016573709 0.987603545 -0.106590005
78278200 0.882705655 1.593773976 0.500000000 0.500000000 0.000000000 0.000000000 0.987276793 0.026005328 -0.156870410 -0.612155995 -0.028241128 0.999528646 -0.012040142 0.113068011 0.156483367 0.016317148 0.987545788 -0.200081017
78311567 0.882705655 1.593773976 0.500000000 0.500000000 0.000000000 0.000000000 0.987233639 0.026365796 -0.157081351 -0.530355930 -0.028515315 0.999527812 -0.011445875 0.068096098 0.156705394 0.015778977 0.987519324 -0.284669013
78344933 0.882705655 1.593773976 0.500000000 0.500000000 0.000000000 0.000000000 0.987196267 0.026570886 -0.157281443 -0.450118953 -0.028692093 0.999525189 -0.011231173 0.035330800 0.156908348 0.015600108 0.987489939 -0.359313989
78378300 0.882705655 1.593773976 0.500000000 0.500000000 0.000000000 0.000000000 0.987136960 0.026730826 -0.157626197 -0.365438973 -0.028817641 0.999524534 -0.010967987 0.000986040 0.157258078 0.015369322 0.987437904 -0.440701968
78411667 0.882705655 1.593773976 0.500000000 0.500000000 0.000000000 0.000000000 0.987071931 0.026667319 -0.158043727 -0.282097014 -0.028746698 0.999527454 -0.010885216 -0.020898702 0.157678768 0.015287727 0.987372100 -0.522991940
78445033 0.882705655 1.593773976 0.500000000 0.500000000 0.000000000 0.000000000 0.986997902 0.026990110 -0.158450842 -0.205051011 -0.029054826 0.999520242 -0.010728193 -0.040343400 0.158085257 0.015192466 0.987308562 -0.603976008
78478400 0.882705655 1.593773976 0.500000000 0.500000000 0.000000000 0.000000000 0.986942053 0.027225621 -0.158758134 -0.128335018 -0.029255942 0.999517143 -0.010465255 -0.059467801 0.158396572 0.014973218 0.987262070 -0.678764011
78511767 0.882705655 1.593773976 0.500000000 0.500000000 0.000000000 0.000000000 0.986936569 0.027063927 -0.158819839 -0.051798508 -0.029059162 0.999525130 -0.010253593 -0.082010005 0.158466920 0.014734818 0.987254322 -0.751215954
78545133 0.882705655 1.593773976 0.500000000 0.500000000 0.000000000 0.000000000 0.986954749 0.026961481 -0.158724323 0.019890213 -0.028938225 0.999529600 -0.010155467 -0.099534494 0.158375844 0.014616186 0.987270713 -0.821047040
78578500 0.882705655 1.593773976 0.500000000 0.500000000 0.000000000 0.000000000 0.986958444 0.027094962 -0.158678561 0.086570510 -0.029041620 0.999528587 -0.009961522 -0.119099007 0.158333838 0.014439895 0.987280011 -0.889690960
78611867 0.882705655 1.593773976 0.500000000 0.500000000 0.000000000 0.000000000 0.986987531 0.026979193 -0.158517316 0.154932999 -0.028913841 0.999532759 -0.009910663 -0.136020990 0.158175871 0.014365044 0.987306476 -0.950284038
78645233 0.882705655 1.593773976 0.500000000 0.500000000 0.000000000 0.000000000 0.987056136 0.026805634 -0.158119187 0.221090016 -0.028717624 0.999539316 -0.009819327 -0.154168985 0.157783136 0.014233030 0.987371206 -1.008839922
78678600 0.882705655 1.593773976 0.500000000 0.500000000 0.000000000 0.000000000 0.987153590 0.026526967 -0.157556862 0.285981991 -0.028396828 0.999550343 -0.009628211 -0.174583991 0.157230616 0.013978635 0.987462997 -1.064549940
78711967 0.882705655 1.593773976 0.500000000 0.500000000 0.000000000 0.000000000 0.987284303 0.026338764 -0.156767219 0.345829991 -0.028165407 0.999558687 -0.009441545 -0.196918988 0.156449348 0.013736902 0.987590432 -1.122159948
78745333 0.882705655 1.593773976 0.500000000 0.500000000 0.000000000 0.000000000 0.987390459 0.026205204 -0.156119689 0.404627002 -0.027990628 0.999565423 -0.009248425 -0.219962001 0.155809477 0.013501697 0.987694860 -1.178349931
78778700 0.882705655 1.593773976 0.500000000 0.500000000 0.000000000 0.000000000 0.987527966 0.025855988 -0.155306056 0.464119974 -0.027611248 0.999576807 -0.009155033 -0.240400006 0.155003622 0.013329046 0.987823963 -1.231340015
78812067 0.882705655 1.593773976 0.500000000 0.500000000 0.000000000 0.000000000 0.987695277 0.025342425 -0.154323682 0.526030016 -0.027048072 0.999593973 -0.008962458 -0.269668990 0.154033884 0.013026334 0.987979710 -1.287969996
78845433 0.882705655 1.593773976 0.500000000 0.500000000 0.000000000 0.000000000 0.987895429 0.024820816 -0.153122649 0.588687003 -0.026464142 0.999611855 -0.008702974 -0.303254969 0.152847216 0.012649887 0.988168895 -1.352090124
78878800 0.882705655 1.593773976 0.500000000 0.500000000 0.000000000 0.000000000 0.988129258 0.024092294 -0.151723832 0.646395003 -0.025686219 0.999633431 -0.008553962 -0.334230970 0.151462138 0.012349633 0.988385916 -1.415649995
78912167 0.882705655 1.593773976 0.500000000 0.500000000 0.000000000 0.000000000 0.988339245 0.023538781 -0.150437489 0.702306974 -0.025087377 0.999649942 -0.008404128 -0.365325030 0.150187001 0.012080213 0.988583803 -1.474720003
78945533 0.882705655 1.593773976 0.500000000 0.500000000 0.000000000 0.000000000 0.988584697 0.022998730 -0.148900449 0.752833982 -0.024490980 0.999666452 -0.008195758 -0.394716996 0.148662299 0.011748916 0.988818228 -1.526950106
78978900 0.882705655 1.593773976 0.500000000 0.500000000 0.000000000 0.000000000 0.988830626 0.022252314 -0.147373304 0.806181060 -0.023687925 0.999687433 -0.007993219 -0.423209961 0.147149369 0.011394907 0.989048660 -1.593820020
79012267 0.882705655 1.593773976 0.500000000 0.500000000 0.000000000 0.000000000 0.989043891 0.021709630 -0.146016732 0.863663994 -0.023106603 0.999701977 -0.007877765 -0.445309022 0.145802185 0.011165405 0.989250779 -1.649600044
79045633 0.882705655 1.593773976 0.500000000 0.500000000 0.000000000 0.000000000 0.989296973 0.020497683 -0.144469216 0.924710977 -0.021863218 0.999729991 -0.007870653 -0.462666012 0.144268885 0.010944978 0.989477992 -1.704530011
79079000 0.882705655 1.593773976 0.500000000 0.500000000 0.000000000 0.000000000 0.989559889 0.019621184 -0.142780557 0.982148024 -0.020945689 0.999750376 -0.007779257 -0.481177037 0.142592266 0.010688676 0.989723802 -1.754850088
79112367 0.882705655 1.593773976 0.500000000 0.500000000 0.000000000 0.000000000 0.989816546 0.018829204 -0.141097993 1.043970002 -0.020122346 0.999767542 -0.007743579 -0.497483995 0.140919387 0.010503948 0.989965320 -1.806639879
79145733 0.882705655 1.593773976 0.500000000 0.500000000 0.000000000 0.000000000 0.990086734 0.018073967 -0.139289469 1.104920041 -0.019333901 0.999783456 -0.007697529 -0.511467014 0.139120191 0.010314233 0.990221798 -1.860350079
79179100 0.882705655 1.593773976 0.500000000 0.500000000 0.000000000 0.000000000 0.990380108 0.017021492 -0.137322724 1.161870000 -0.018259712 0.999803126 -0.007762116 -0.519436960 0.137163579 0.010194919 0.990495920 -1.910989863
79212467 0.882705655 1.593773976 0.500000000 0.500000000 0.000000000 0.000000000 0.990699232 0.016103182 -0.135113627 1.210249953 -0.017298061 0.999820948 -0.007674106 -0.532855004 0.134965867 0.009939936 0.990800381 -1.964229809
79245833 0.882705655 1.593773976 0.500000000 0.500000000 0.000000000 0.000000000 0.991007805 0.015209020 -0.132936791 1.257040011 -0.016359912 0.999837518 -0.007569403 -0.544166959 0.132800058 0.009676172 0.991095603 -2.008630060
79279200 0.882705655 1.593773976 0.500000000 0.500000000 0.000000000 0.000000000 0.991307259 0.014386948 -0.130778238 1.300660101 -0.015507510 0.999851227 -0.007554000 -0.548466051 0.130650088 0.009516381 0.991382837 -2.046350089
79312567 0.882705655 1.593773976 0.500000000 0.500000000 0.000000000 0.000000000 0.991594195 0.013357611 -0.128695562 1.348560031 -0.014444837 0.999867380 -0.007518324 -0.552119051 0.128578082 0.009314114 0.991655648 -2.084329970
79345933 0.882705655 1.593773976 0.500000000 0.500000000 0.000000000 0.000000000 0.991900384 0.012294173 -0.126421899 1.391470036 -0.013335045 0.999883771 -0.007390282 -0.559160029 0.126316339 0.009016263 0.991949022 -2.121000293
79379300 0.882705655 1.593773976 0.500000000 0.500000000 0.000000000 0.000000000 0.992183447 0.011403000 -0.124265596 1.431419923 -0.012389461 0.999897540 -0.007168398 -0.565700988 0.124171123 0.008651950 0.992223084 -2.157789873
79412667 0.882705655 1.593773976 0.500000000 0.500000000 0.000000000 0.000000000 0.992427349 0.010499239 -0.122383647 1.478040076 -0.011459695 0.999908805 -0.007146648 -0.563220983 0.122297443 0.008495010 0.992457151 -2.188710029
79446033 0.882705655 1.593773976 0.500000000 0.500000000 0.000000000 0.000000000 0.992694616 0.009479368 -0.120280981 1.522619988 -0.010385673 0.999922216 -0.006910256 -0.565948989 0.120206118 0.008108973 0.992715836 -2.210429940
79479400 0.882705655 1.593773976 0.500000000 0.500000000 0.000000000 0.000000000 0.992969215 0.008676239 -0.118054539 1.563860004 -0.009525239 0.999932647 -0.006629253 -0.570530005 0.117989078 0.007707143 0.992984951 -2.235969739
79512767 0.882705655 1.593773976 0.500000000 0.500000000 0.000000000 0.000000000 0.993212223 0.007735284 -0.116058834 1.610340048 -0.008547204 0.999942362 -0.006499727 -0.568548977 0.116001867 0.007447586 0.993221104 -2.257390034
79546133 0.882705655 1.593773976 0.500000000 0.500000000 0.000000000 0.000000000 0.993451118 0.006708040 -0.114061050 1.660380034 -0.007496634 0.999950886 -0.006486244 -0.567285078 0.114011936 0.007298841 0.993452549 -2.273269737
79579500 0.882705655 1.593773976 0.500000000 0.500000000 0.000000000 0.000000000 0.993687510 0.005794856 -0.112033755 1.711840007 -0.006562527 0.999957442 -0.006484589 -0.564817014 0.111991405 0.007178880 0.993683219 -2.287489820
79612867 0.882705655 1.593773976 0.500000000 0.500000000 0.000000000 0.000000000 0.993944407 0.005040843 -0.109768331 1.758879975 -0.005783588 0.999962449 -0.006449142 -0.561734918 0.109731704 0.007044943 0.993936300 -2.301189886
79646233 0.882705655 1.593773976 0.500000000 0.500000000 0.000000000 0.000000000 0.994188309 0.004054996 -0.107578836 1.807160050 -0.004780845 0.999967515 -0.006490082 -0.551633982 0.107549019 0.006966682 0.994175375 -2.305370167
79679600 0.882705655 1.593773976 0.500000000 0.500000000 0.000000000 0.000000000 0.994425297 0.003160273 -0.105396368 1.855830094 -0.003813557 0.999974728 -0.005997409 -0.549055983 0.105374746 0.006365910 0.994412184 -2.301569830
79712967 0.882705655 1.593773976 0.500000000 0.500000000 0.000000000 0.000000000 0.994657993 0.002203440 -0.103201710 1.904529958 -0.002817698 0.999979198 -0.005806602 -0.545763078 0.103186764 0.006066375 0.994643509 -2.296600255
79746333 0.882705655 1.593773976 0.500000000 0.500000000 0.000000000 0.000000000 0.994865656 0.001103765 -0.101198420 1.959910153 -0.001712089 0.999980986 -0.005924541 -0.539624997 0.101189956 0.006067382 0.994848609 -2.290049928
79779700 0.882705655 1.593773976 0.500000000 0.500000000 0.000000000 0.000000000 0.995096266 0.000251238 -0.098910987 2.012569940 -0.000855982 0.999981225 -0.006071637 -0.530165978 0.098907605 0.006126529 0.995077789 -2.274280232
79813067 0.882705655 1.593773976 0.500000000 0.500000000 0.000000000 0.000000000 0.995320618 -0.000609879 -0.096625574 2.064519889 0.000033093 0.999982178 -0.005970783 -0.519724042 0.096627496 0.005939646 0.995302916 -2.259959937
79846433 0.882705655 1.593773976 0.500000000 0.500000000 0.000000000 0.000000000 0.995541275 -0.001625809 -0.094312891 2.113529886 0.001090719 0.999983013 -0.005724836 -0.502556062 0.094320595 0.005596442 0.995526135 -2.229680243
79879800 0.882705655 1.593773976 0.500000000 0.500000000 0.000000000 0.000000000 0.995745718 -0.002412891 -0.092112117 2.166739870 0.001949290 0.999984980 -0.005122649 -0.485982009 0.092123099 0.004921303 0.995735466 -2.197269923
79913167 0.882705655 1.593773976 0.500000000 0.500000000 0.000000000 0.000000000 0.995960355 -0.003471021 -0.089726694 2.221539907 0.003046131 0.999983490 -0.004871888 -0.467898032 0.089742117 0.004578888 0.995954514 -2.164960062
79946533 0.882705655 1.593773976 0.500000000 0.500000000 0.000000000 0.000000000 0.996156275 -0.004578841 -0.087473825 2.276989988 0.004189219 0.999980450 -0.004637206 -0.447457975 0.087493345 0.004252935 0.996156037 -2.121000196
79979900 0.882705655 1.593773976 0.500000000 0.500000000 0.000000000 0.000000000 0.996348381 -0.005491603 -0.085204482 2.333309971 0.005136584 0.999977171 -0.004385348 -0.425505963 0.085226625 0.003931675 0.996353865 -2.080149803
80013267 0.882705655 1.593773976 0.500000000 0.500000000 0.000000000 0.000000000 0.996544540 -0.006314464 -0.082819894 2.390559856 0.005993668 0.999973536 -0.004121467 -0.402615993 0.082843721 0.003610831 0.996555984 -2.028259788
80046633 0.882705655 1.593773976 0.500000000 0.500000000 0.000000000 0.000000000 0.996721745 -0.007506846 -0.080556966 2.447710199 0.007221493 0.999966562 -0.003833008 -0.381541029 0.080583043 0.003238701 0.996742666 -1.975319985
80680600 0.882705655 1.593773976 0.500000000 0.500000000 0.000000000 0.000000000 0.999161184 -0.021344164 -0.034947217 3.705459748 0.021189617 0.999764025 -0.004786730 0.574392983 0.035041139 0.004042197 0.999377668 0.023431296
80713967 0.882705655 1.593773976 0.500000000 0.500000000 0.000000000 0.000000000 0.999294043 -0.021707745 -0.030663120 3.773700008 0.021555664 0.999753714 -0.005281676 0.686801007 0.030770222 0.004616982 0.999515831 0.170913997
80747333 0.882705655 1.593773976 0.500000000 0.500000000 0.000000000 0.000000000 0.999412239 -0.022236491 -0.026090091 3.842220046 0.022091215 0.999738872 -0.005843260 0.806182949 0.026213212 0.005263463 0.999642491 0.325313992
81081000 0.882705655 1.593773976 0.500000000 0.500000000 0.000000000 0.000000000 0.999443769 -0.026317971 0.020481497 4.459440058 0.026553383 0.999583423 -0.011307993 2.081140119 -0.020175360 0.011845556 0.999726295 1.652540108
81114367 0.882705655 1.593773976 0.500000000 0.500000000 0.000000000 0.000000000 0.999344647 -0.026482478 0.024677526 4.517800252 0.026786573 0.999568224 -0.012074795 2.196569971 -0.024347100 0.012727907 0.999622524 1.785539913
81147733 0.882705655 1.593773976 0.500000000 0.500000000 0.000000000 0.000000000 0.999225557 -0.026819227 0.028792294 4.582159969 0.027193157 0.999549806 -0.012675082 2.310739820 -0.028439397 0.013448220 0.999505043 1.913600068
