https://www.youtube.com/watch?v=dZ7rE8yHs7I
52118733 1.009773994 1.795767653 0.500000000 0.500000000 0.000000000 0.000000000 0.989732742 -0.030620491 0.139612168 -4.151140740 0.027047826 0.999258101 0.027416367 -2.258429940 -0.140348107 -0.023358673 0.989826679 4.530300594
52185467 1.009773994 1.795767653 0.500000000 0.500000000 0.000000000 0.000000000 0.988116920 -0.036508262 0.149305657 -4.059400296 0.032977976 0.999116421 0.026053336 -2.268169944 -0.150124893 -0.020819947 0.988447785 4.499090065
52252200 1.009773994 1.795767653 0.500000000 0.500000000 0.000000000 0.000000000 0.987155914 -0.042430200 0.154022515 -3.987800079 0.039301910 0.998955667 0.023300365 -2.278040157 -0.154850304 -0.016947716 0.987792552 4.442789976
52318933 1.009773994 1.795767653 0.500000000 0.500000000 0.000000000 0.000000000 0.986440122 -0.048634615 0.156749934 -3.920329762 0.045432020 0.998680234 0.023951951 -2.279409634 -0.157707959 -0.016505707 0.987347841 4.388120111
52385667 1.009773994 1.795767653 0.500000000 0.500000000 0.000000000 0.000000000 0.985914111 -0.052099109 0.158930972 -3.863349728 0.048700720 0.998495340 0.025205845 -2.264309963 -0.160005048 -0.017110748 0.986967921 4.340260210
52452400 1.009773994 1.795767653 0.500000000 0.500000000 0.000000000 0.000000000 0.986719608 -0.051898386 0.153918713 -3.840059905 0.048698548 0.998513222 0.024489651 -2.248359799 -0.154960841 -0.016668802 0.987779975 4.252449964
52519133 1.009773994 1.795767653 0.500000000 0.500000000 0.000000000 0.000000000 0.988577008 -0.048690140 0.142634988 -3.848529887 0.046240933 0.998721242 0.020437872 -2.227799929 -0.143447697 -0.013608841 0.989564359 4.127530375
52585867 1.009773994 1.795767653 0.500000000 0.500000000 0.000000000 0.000000000 0.990962923 -0.045217302 0.126284868 -3.868819610 0.043459121 0.998916566 0.016644366 -2.206949945 -0.126900643 -0.011005720 0.991854370 3.981419959
52652600 1.009773994 1.795767653 0.500000000 0.500000000 0.000000000 0.000000000 0.993403792 -0.040565990 0.107253276 -3.899229631 0.039447442 0.999143064 0.012530992 -2.173739709 -0.107669704 -0.008217467 0.994152784 3.819570180
52719333 1.009773994 1.795767653 0.500000000 0.500000000 0.000000000 0.000000000 0.995262206 -0.035755739 0.090413854 -3.910960124 0.035175346 0.999349117 0.008005131 -2.139620317 -0.090641230 -0.004786868 0.995872080 3.665679558
52786067 1.009773994 1.795767653 0.500000000 0.500000000 0.000000000 0.000000000 0.996708095 -0.031577431 0.074671701 -3.898020082 0.031413823 0.999500811 0.003364797 -2.108459925 -0.074740678 -0.001007996 0.997202516 3.518569939
52852800 1.009773994 1.795767653 0.500000000 0.500000000 0.000000000 0.000000000 0.997688472 -0.027475739 0.062151860 -3.867099913 0.027646327 0.999615967 -0.001886235 -2.074460108 -0.062076170 0.003600146 0.998064935 3.383450177
52919533 1.009773994 1.795767653 0.500000000 0.500000000 0.000000000 0.000000000 0.998437703 -0.022638602 0.051084671 -3.822389879 0.022892253 0.999728322 -0.004385626 -2.027849839 -0.050971504 0.005548219 0.998684704 3.268580077
52986267 1.009773994 1.795767653 0.500000000 0.500000000 0.000000000 0.000000000 0.999031305 -0.015920011 0.041025087 -3.776540280 0.016181456 0.999850750 -0.006048591 -1.964319869 -0.040922672 0.006706577 0.999139786 3.165479668
53053000 1.009773994 1.795767653 0.500000000 0.500000000 0.000000000 0.000000000 0.999485016 -0.008914761 0.030826749 -3.731630426 0.009116143 0.999937952 -0.006398361 -1.900279923 -0.030767797 0.006676087 0.999504268 3.067039909
53119733 1.009773994 1.795767653 0.500000000 0.500000000 0.000000000 0.000000000 0.999769032 -0.001936521 0.021403218 -3.688600047 0.002076546 0.999976575 -0.006521958 -1.839809966 -0.021390086 0.006564897 0.999749660 2.980729907
53186467 1.009773994 1.795767653 0.500000000 0.500000000 0.000000000 0.000000000 0.999862134 0.004050414 0.016102308 -3.640189785 -0.003928131 0.999963284 -0.007618492 -1.781420024 -0.016132576 0.007554190 0.999841332 2.912710118
53253200 1.009773994 1.795767653 0.500000000 0.500000000 0.000000000 0.000000000 0.999927580 0.007962066 0.009025139 -3.592580086 -0.007897713 0.999943316 -0.007143667 -1.734840103 -0.009081506 0.007071871 0.999933779 2.841770299
53319933 1.009773994 1.795767653 0.500000000 0.500000000 0.000000000 0.000000000 0.999941111 0.009837088 0.004579291 -3.540149785 -0.009805060 0.999927700 -0.006965009 -1.693950147 -0.004647475 0.006919699 0.999965250 2.780590185
53386667 1.009773994 1.795767653 0.500000000 0.500000000 0.000000000 0.000000000 0.999956369 0.009224486 -0.001468850 -3.484859925 -0.009236164 0.999924123 -0.008153939 -1.675970031 0.001393523 0.008167150 0.999965668 2.714260041
53453400 1.009773994 1.795767653 0.500000000 0.500000000 0.000000000 0.000000000 0.999953449 0.007827803 -0.005639590 -3.425439864 -0.007894102 0.999898851 -0.011831392 -1.665600002 0.005546405 0.011875361 0.999914110 2.643739982
53520133 1.009773994 1.795767653 0.500000000 0.500000000 0.000000000 0.000000000 0.999938786 0.004872990 -0.009933093 -3.358700112 -0.005020464 0.999876738 -0.014876280 -1.668830072 0.009859377 0.014925238 0.999840021 2.568820197
53586867 1.009773994 1.795767653 0.500000000 0.500000000 0.000000000 0.000000000 0.999929965 0.003139479 -0.011408804 -3.288399844 -0.003354958 0.999815404 -0.018917371 -1.658889929 0.011347307 0.018954322 0.999755979 2.494489943
53653600 1.009773994 1.795767653 0.500000000 0.500000000 0.000000000 0.000000000 0.999898911 0.003750770 -0.013715367 -3.221670020 -0.004055984 0.999743223 -0.022293748 -1.636399913 0.013628227 0.022347124 0.999657393 2.410629925
53720333 1.009773994 1.795767653 0.500000000 0.500000000 0.000000000 0.000000000 0.999888957 0.006526669 -0.013395989 -3.151240002 -0.006845206 0.999691606 -0.023872107 -1.600840012 0.013236053 0.023961157 0.999625266 2.339030029
53787067 1.009773994 1.795767653 0.500000000 0.500000000 0.000000000 0.000000000 0.999841690 0.012183607 -0.012967011 -3.082409981 -0.012564359 0.999479949 -0.029698422 -1.556129980 0.012598434 0.029856643 0.999474764 2.262530054
53853800 1.009773994 1.795767653 0.500000000 0.500000000 0.000000000 0.000000000 0.999716401 0.016611928 -0.017063390 -3.020050217 -0.017221445 0.999195516 -0.036217626 -1.522419985 0.016448021 0.036501210 0.999198258 2.152069970
53920533 1.009773994 1.795767653 0.500000000 0.500000000 0.000000000 0.000000000 0.999549210 0.020339968 -0.022082385 -2.960059731 -0.021241145 0.998917937 -0.041372910 -1.470289831 0.021216966 0.041823313 0.998899698 2.062909916
53987267 1.009773994 1.795767653 0.500000000 0.500000000 0.000000000 0.000000000 0.999374270 0.022791645 -0.027048573 -2.902650179 -0.023858050 0.998923540 -0.039780628 -1.409629841 0.026112791 0.040401060 0.998842239 1.992899877
54054000 1.009773994 1.795767653 0.500000000 0.500000000 0.000000000 0.000000000 0.999149024 0.023365807 -0.033988900 -2.850280029 -0.024595514 0.999041021 -0.036223069 -1.353730024 0.033109926 0.037028216 0.998765588 1.912160255
54120733 1.009773994 1.795767653 0.500000000 0.500000000 0.000000000 0.000000000 0.998940170 0.023033028 -0.039850082 -2.794009925 -0.024321718 0.999186695 -0.032161642 -1.303129914 0.039076891 0.033096779 0.998687923 1.847219857
54187467 1.009773994 1.795767653 0.500000000 0.500000000 0.000000000 0.000000000 0.998795927 0.021576740 -0.044057705 -2.733989851 -0.022870988 0.999315202 -0.029086530 -1.259320011 0.043399937 0.030059151 0.998605490 1.791350091
54254200 1.009773994 1.795767653 0.500000000 0.500000000 0.000000000 0.000000000 0.998757422 0.017622760 -0.046615966 -2.674910054 -0.018920487 0.999441504 -0.027545471 -1.231730010 0.046104498 0.028393243 0.998533010 1.738749997
54320933 1.009773994 1.795767653 0.500000000 0.500000000 0.000000000 0.000000000 0.998580575 0.013106914 -0.051624205 -2.613250135 -0.014530296 0.999521852 -0.027293837 -1.209650128 0.051241782 0.028005211 0.998293519 1.679479764
54387667 1.009773994 1.795767653 0.500000000 0.500000000 0.000000000 0.000000000 0.998489618 0.009323413 -0.054143544 -2.554389810 -0.010811497 0.999570012 -0.027256470 -1.187929990 0.053866137 0.027800675 0.998161077 1.623810056
54454400 1.009773994 1.795767653 0.500000000 0.500000000 0.000000000 0.000000000 0.998352647 0.007066000 -0.056939013 -2.498709807 -0.008613437 0.999598920 -0.026977658 -1.161469955 0.056725554 0.027423657 0.998013079 1.568839794
54521133 1.009773994 1.795767653 0.500000000 0.500000000 0.000000000 0.000000000 0.998054504 0.006700951 -0.061986096 -2.445079903 -0.008298494 0.999639094 -0.025551153 -1.136580056 0.061792508 0.026015835 0.997749925 1.511469982
54587867 1.009773994 1.795767653 0.500000000 0.500000000 0.000000000 0.000000000 0.997623742 0.007275136 -0.068512201 -2.386470227 -0.009002326 0.999648511 -0.024935037 -1.109099948 0.068306714 0.025492553 0.997338593 1.452309874
54654600 1.009773994 1.795767653 0.500000000 0.500000000 0.000000000 0.000000000 0.997298419 0.009147049 -0.072884783 -2.322069930 -0.010907759 0.999657333 -0.023796128 -1.074610077 0.072642148 0.024526851 0.997056425 1.402739988
54721333 1.009773994 1.795767653 0.500000000 0.500000000 0.000000000 0.000000000 0.996952891 0.011599761 -0.077138692 -2.257709828 -0.013524196 0.999609053 -0.024472285 -1.033059964 0.076824665 0.025440954 0.996719956 1.348279824
54788067 1.009773994 1.795767653 0.500000000 0.500000000 0.000000000 0.000000000 0.996290445 0.014884310 -0.084757142 -2.178640032 -0.016801065 0.999617994 -0.021946441 -0.999213017 0.084398098 0.023289040 0.996159911 1.285449981
54854800 1.009773994 1.795767653 0.500000000 0.500000000 0.000000000 0.000000000 0.995661438 0.017519791 -0.091385566 -2.096859839 -0.019586246 0.999571264 -0.021764852 -0.960130028 0.090965070 0.023460325 0.995577693 1.230739834
54921533 1.009773994 1.795767653 0.500000000 0.500000000 0.000000000 0.000000000 0.994962394 0.020650050 -0.098099120 -2.006769930 -0.022884591 0.999502420 -0.021707982 -0.921456014 0.097602032 0.023843583 0.994939864 1.170590002
54988267 1.009773994 1.795767653 0.500000000 0.500000000 0.000000000 0.000000000 0.994301915 0.023857705 -0.103896834 -1.913149978 -0.026231900 0.999423683 -0.021545164 -0.882588051 0.103322946 0.024147809 0.994354665 1.119839902
55055000 1.009773994 1.795767653 0.500000000 0.500000000 0.000000000 0.000000000 0.993574381 0.028180504 -0.109616533 -1.822279967 -0.030854436 0.999264419 -0.022773996 -0.840906012 0.108894125 0.026009813 0.993713021 1.067629923
55121733 1.009773994 1.795767653 0.500000000 0.500000000 0.000000000 0.000000000 0.992833912 0.033297721 -0.114769593 -1.731879887 -0.036359269 0.999033868 -0.024685640 -0.797591008 0.113836735 0.028681681 0.993085384 1.021600084
55188467 1.009773994 1.795767653 0.500000000 0.500000000 0.000000000 0.000000000 0.992098808 0.038540155 -0.119392715 -1.649620026 -0.041875035 0.998796105 -0.025549438 -0.755353959 0.118264310 0.030347135 0.992518306 0.982928927
55255200 1.009773994 1.795767653 0.500000000 0.500000000 0.000000000 0.000000000 0.991186559 0.042754762 -0.125384182 -1.571760055 -0.046366893 0.998585224 -0.026031744 -0.715824039 0.124093808 0.031615984 0.991766691 0.951008041
55321933 1.009773994 1.795767653 0.500000000 0.500000000 0.000000000 0.000000000 0.990315795 0.046626661 -0.130769074 -1.506529976 -0.050311241 0.998420298 -0.025013629 -0.680794030 0.129396200 0.031350549 0.991097271 0.910883993
55388667 1.009773994 1.795767653 0.500000000 0.500000000 0.000000000 0.000000000 0.989398599 0.048644241 -0.136836320 -1.435469986 -0.052434225 0.998330414 -0.024228429 -0.651398030 0.135429293 0.031146472 0.990297318 0.875036990
55455400 1.009773994 1.795767653 0.500000000 0.500000000 0.000000000 0.000000000 0.988982320 0.050222468 -0.139253959 -1.375200007 -0.054107513 0.998240530 -0.024252590 -0.622040968 0.137790933 0.031520065 0.989959657 0.837301976
55522133 1.009773994 1.795767653 0.500000000 0.500000000 0.000000000 0.000000000 0.988501906 0.051468723 -0.142179206 -1.307899866 -0.055566639 0.998141944 -0.025001135 -0.590966060 0.140628263 0.032614086 0.989525139 0.805322948
55588867 1.009773994 1.795767653 0.500000000 0.500000000 0.000000000 0.000000000 0.987894833 0.053305767 -0.145678788 -1.242450103 -0.057538621 0.998030305 -0.024995642 -0.563888033 0.144059449 0.033075217 0.989016116 0.762988962
55655600 1.009773994 1.795767653 0.500000000 0.500000000 0.000000000 0.000000000 0.987848282 0.055473961 -0.145184025 -1.173230099 -0.059643142 0.997918546 -0.024519790 -0.535379995 0.143521622 0.032881055 0.989100814 0.721925040
55722333 1.009773994 1.795767653 0.500000000 0.500000000 0.000000000 0.000000000 0.988494694 0.057255212 -0.140000105 -1.101239933 -0.061099913 0.997859299 -0.023316368 -0.507391994 0.138365418 0.031602107 0.989876926 0.687236018
55789067 1.009773994 1.795767653 0.500000000 0.500000000 0.000000000 0.000000000 0.988661587 0.059760820 -0.137756780 -1.029710143 -0.063381009 0.997745991 -0.022040645 -0.473562004 0.136129096 0.030521905 0.990220845 0.635941085
55855800 1.009773994 1.795767653 0.500000000 0.500000000 0.000000000 0.000000000 0.988289714 0.062739372 -0.139094085 -0.955834943 -0.066152945 0.997608006 -0.020051036 -0.443367974 0.137503386 0.029017720 0.990076125 0.572244914
55922533 1.009773994 1.795767653 0.500000000 0.500000000 0.000000000 0.000000000 0.987909198 0.065457627 -0.140537232 -0.880425970 -0.069091544 0.997386515 -0.021130448 -0.406225994 0.138786793 0.030584907 0.989849865 0.509309961
55989267 1.009773994 1.795767653 0.500000000 0.500000000 0.000000000 0.000000000 0.987754881 0.068509735 -0.140166849 -0.801508020 -0.072608136 0.997063696 -0.024331542 -0.365904989 0.138088346 0.034210850 0.989828885 0.440354962
56056000 1.009773994 1.795767653 0.500000000 0.500000000 0.000000000 0.000000000 0.987332225 0.071778901 -0.141502097 -0.715942991 -0.076364256 0.996707857 -0.027238410 -0.323701001 0.139081106 0.037699062 0.989563167 0.380361007
56122733 1.009773994 1.795767653 0.500000000 0.500000000 0.000000000 0.000000000 0.986852288 0.074527368 -0.143416375 -0.631424003 -0.079803377 0.996316373 -0.031386305 -0.273241035 0.140548944 0.042418752 0.989164650 0.312905043
56189467 1.009773994 1.795767653 0.500000000 0.500000000 0.000000000 0.000000000 0.986022592 0.076408125 -0.148058236 -0.551253028 -0.082429834 0.995983422 -0.034962285 -0.229289995 0.144792140 0.046678018 0.988360465 0.237173994
56256200 1.009773994 1.795767653 0.500000000 0.500000000 0.000000000 0.000000000 0.984908104 0.076546937 -0.155230597 -0.461270940 -0.083461925 0.995766222 -0.038519911 -0.184787029 0.151624814 0.050894417 0.987127006 0.172429015
56322933 1.009773994 1.795767653 0.500000000 0.500000000 0.000000000 0.000000000 0.985081017 0.075075634 -0.154851809 -0.378392043 -0.081929646 0.995899737 -0.038356304 -0.144280990 0.151337251 0.050471015 0.987192869 0.124416015
56389667 1.009773994 1.795767653 0.500000000 0.500000000 0.000000000 0.000000000 0.986418068 0.071575917 -0.147838667 -0.298714015 -0.077813722 0.996286929 -0.036842272 -0.101584005 0.144652709 0.047845766 0.988325059 0.093239596
56456400 1.009773994 1.795767653 0.500000000 0.500000000 0.000000000 0.000000000 0.987426817 0.067513965 -0.142934024 -0.220713002 -0.073361762 0.996653974 -0.036039766 -0.065610799 0.140022576 0.046072524 0.989075840 0.052340701
56523133 1.009773994 1.795767653 0.500000000 0.500000000 0.000000000 0.000000000 0.988165557 0.063397728 -0.139676869 -0.138881010 -0.068635844 0.997095704 -0.033004597 -0.040533900 0.137178779 0.042200841 0.989646971 0.018949704
56589867 1.009773994 1.795767653 0.500000000 0.500000000 0.000000000 0.000000000 0.989058077 0.060463883 -0.134566858 -0.066226607 -0.065397985 0.997328222 -0.032549351 -0.006960668 0.132239267 0.040993609 0.990369797 -0.017508702
56656600 1.009773994 1.795767653 0.500000000 0.500000000 0.000000000 0.000000000 0.989482582 0.057703588 -0.132644311 0.007925799 -0.062510192 0.997519612 -0.032359373 0.020241600 0.130448058 0.040310655 0.990635335 -0.058879900
56723333 1.009773994 1.795767653 0.500000000 0.500000000 0.000000000 0.000000000 0.989116013 0.056605965 -0.135813221 0.079508104 -0.061896950 0.997466803 -0.035053261 0.051098001 0.133484945 0.043078162 0.990114152 -0.107477999
56790067 1.009773994 1.795767653 0.500000000 0.500000000 0.000000000 0.000000000 0.987785518 0.057115234 -0.144974545 0.160867001 -0.062844492 0.997400701 -0.035248321 0.073598407 0.142584488 0.043928634 0.988807321 -0.155196000
56856800 1.009773994 1.795767653 0.500000000 0.500000000 0.000000000 0.000000000 0.986041963 0.059543412 -0.155485630 0.237366984 -0.065653585 0.997247338 -0.034457713 0.097518693 0.153005898 0.044184938 0.987236977 -0.197422006
56923533 1.009773994 1.795767653 0.500000000 0.500000000 0.000000000 0.000000000 0.983329296 0.065017730 -0.169812113 0.319319964 -0.071729496 0.996855080 -0.033687007 0.125883996 0.167087823 0.045305964 0.984900534 -0.240949014
56990267 1.009773994 1.795767653 0.500000000 0.500000000 0.000000000 0.000000000 0.980528653 0.071633913 -0.182844728 0.409422034 -0.078699522 0.996395051 -0.031674258 0.153649996 0.179916650 0.045447297 0.982631445 -0.270996987
57057000 1.009773994 1.795767653 0.500000000 0.500000000 0.000000000 0.000000000 0.977932572 0.077949785 -0.193834126 0.500738969 -0.085193880 0.995933235 -0.029309005 0.174756986 0.190761209 0.045175724 0.980596364 -0.301042971
57123733 1.009773994 1.795767653 0.500000000 0.500000000 0.000000000 0.000000000 0.974891603 0.085165791 -0.205750167 0.587778978 -0.093301497 0.995181262 -0.030150324 0.197683975 0.202190936 0.048590116 0.978139937 -0.325082934
57190467 1.009773994 1.795767653 0.500000000 0.500000000 0.000000000 0.000000000 0.971277356 0.092779711 -0.219116867 0.673923016 -0.101979196 0.994302511 -0.031028956 0.220243983 0.214989573 0.052483104 0.975205064 -0.344388964
57257200 1.009773994 1.795767653 0.500000000 0.500000000 0.000000000 0.000000000 0.967412889 0.100106321 -0.232574672 0.755377988 -0.110290460 0.993410468 -0.031171687 0.243859008 0.227921635 0.055806674 0.972078860 -0.357392971
57323933 1.009773994 1.795767653 0.500000000 0.500000000 0.000000000 0.000000000 0.964005888 0.105112612 -0.244221061 0.828673991 -0.115477264 0.992901862 -0.028475225 0.260141989 0.239494443 0.055652276 0.969301403 -0.370090983
57390667 1.009773994 1.795767653 0.500000000 0.500000000 0.000000000 0.000000000 0.961030066 0.107767314 -0.254573166 0.897897081 -0.118396699 0.992605746 -0.026759826 0.278777029 0.249806941 0.055857606 0.966683209 -0.374402994
57457400 1.009773994 1.795767653 0.500000000 0.500000000 0.000000000 0.000000000 0.959315836 0.107580088 -0.261035740 0.956529961 -0.118729703 0.992551863 -0.027277768 0.294848001 0.256156981 0.057160676 0.964943647 -0.391679988
57524133 1.009773994 1.795767653 0.500000000 0.500000000 0.000000000 0.000000000 0.958823025 0.105792575 -0.263564676 1.011389929 -0.117697917 0.992603660 -0.029751249 0.313508961 0.258467823 0.059547193 0.964182854 -0.408497021
57590867 1.009773994 1.795767653 0.500000000 0.500000000 0.000000000 0.000000000 0.959421694 0.104928829 -0.261724859 1.070049977 -0.117370345 0.992562115 -0.032321256 0.341401998 0.256386727 0.061728466 0.964601159 -0.426759961
57657600 1.009773994 1.795767653 0.500000000 0.500000000 0.000000000 0.000000000 0.961438000 0.103724845 -0.254711866 1.127809987 -0.114624672 0.993006051 -0.028287351 0.351817028 0.249996319 0.056392781 0.966603220 -0.447899059
57724333 1.009773994 1.795767653 0.500000000 0.500000000 0.000000000 0.000000000 0.963022053 0.100613073 -0.249931023 1.190359913 -0.111128524 0.993403375 -0.028287213 0.375685006 0.245436266 0.055015687 0.967850327 -0.473908927
57791067 1.009773994 1.795767653 0.500000000 0.500000000 0.000000000 0.000000000 0.964737296 0.096899897 -0.244729251 1.250990092 -0.106735513 0.993914783 -0.027219873 0.394737998 0.240602434 0.052381311 0.969209313 -0.502981017
57857800 1.009773994 1.795767653 0.500000000 0.500000000 0.000000000 0.000000000 0.965762436 0.094636798 -0.241550744 1.314789972 -0.103914469 0.994248092 -0.025933415 0.417988013 0.237707108 0.050146133 0.970041573 -0.531660970
57924533 1.009773994 1.795767653 0.500000000 0.500000000 0.000000000 0.000000000 0.966859102 0.094383277 -0.237224206 1.376970127 -0.102956973 0.994396508 -0.023987807 0.441486047 0.233630881 0.047616705 0.971158743 -0.567233042
57991267 1.009773994 1.795767653 0.500000000 0.500000000 0.000000000 0.000000000 0.967697382 0.094127662 -0.233884007 1.445849952 -0.102260463 0.994494855 -0.022864748 0.466907995 0.230444223 0.046043258 0.971995592 -0.605606982
58058000 1.009773994 1.795767653 0.500000000 0.500000000 0.000000000 0.000000000 0.968106508 0.094807588 -0.231907994 1.523210017 -0.102549545 0.994494855 -0.021531042 0.492010021 0.228589982 0.044626419 0.972499371 -0.648064001
58124733 1.009773994 1.795767653 0.500000000 0.500000000 0.000000000 0.000000000 0.968868136 0.095544539 -0.228398353 1.594180046 -0.103148989 0.994432151 -0.021564122 0.522052080 0.225066334 0.044451851 0.973328888 -0.697832883
58191467 1.009773994 1.795767653 0.500000000 0.500000000 0.000000000 0.000000000 0.969172776 0.096606322 -0.226652607 1.668050058 -0.104307093 0.994296908 -0.022220034 0.554579102 0.223213390 0.045176525 0.973722160 -0.734478970
58258200 1.009773994 1.795767653 0.500000000 0.500000000 0.000000000 0.000000000 0.969100714 0.098270848 -0.226244673 1.742970081 -0.106321082 0.994050682 -0.023645381 0.588796985 0.222575024 0.046969317 0.973783493 -0.782477077
58324933 1.009773994 1.795767653 0.500000000 0.500000000 0.000000000 0.000000000 0.968592942 0.099955879 -0.227676257 1.820339825 -0.108438425 0.993788123 -0.025025580 0.622787975 0.223760501 0.048928458 0.973415256 -0.823979140
58391667 1.009773994 1.795767653 0.500000000 0.500000000 0.000000000 0.000000000 0.968939304 0.101589911 -0.225468770 1.890270199 -0.110372312 0.993532658 -0.026660800 0.651011006 0.221302107 0.050718196 0.973885536 -0.871424032
58458400 1.009773994 1.795767653 0.500000000 0.500000000 0.000000000 0.000000000 0.969625354 0.102494046 -0.222084984 1.961110176 -0.111747384 0.993299425 -0.029474434 0.680890974 0.217575952 0.053396557 0.974581718 -0.925186950
58525133 1.009773994 1.795767653 0.500000000 0.500000000 0.000000000 0.000000000 0.971167266 0.102041982 -0.215456605 2.030569904 -0.111408673 0.993267238 -0.031753458 0.714234984 0.210765809 0.054841653 0.975997031 -0.977227098
58591867 1.009773994 1.795767653 0.500000000 0.500000000 0.000000000 0.000000000 0.973446190 0.100665361 -0.205594018 2.090039696 -0.109729916 0.993408680 -0.033144582 0.749869961 0.200902358 0.054824304 0.978075922 -1.033059913
58658600 1.009773994 1.795767653 0.500000000 0.500000000 0.000000000 0.000000000 0.974357843 0.097568199 -0.202749193 2.155869964 -0.106669277 0.993698239 -0.034430273 0.788387033 0.198112220 0.055174507 0.978625238 -1.075610109
58725333 1.009773994 1.795767653 0.500000000 0.500000000 0.000000000 0.000000000 0.974445522 0.094812594 -0.203633174 2.222579952 -0.103940435 0.993982077 -0.034583185 0.821527033 0.199128821 0.054865140 0.978436291 -1.114180123
58792067 1.009773994 1.795767653 0.500000000 0.500000000 0.000000000 0.000000000 0.974115610 0.091694407 -0.206617653 2.293559850 -0.100949787 0.994286776 -0.034683477 0.860372018 0.202256918 0.054643739 0.977806807 -1.140869857
58858800 1.009773994 1.795767653 0.500000000 0.500000000 0.000000000 0.000000000 0.973635495 0.090705663 -0.209299773 2.365309805 -0.099804372 0.994449496 -0.033305719 0.889161036 0.205117047 0.053316653 0.977284193 -1.172039964
58925533 1.009773994 1.795767653 0.500000000 0.500000000 0.000000000 0.000000000 0.972573698 0.091940612 -0.213652343 2.441450174 -0.101085156 0.994354784 -0.032254152 0.911079986 0.209480762 0.052966617 0.976377130 -1.199990013
58992267 1.009773994 1.795767653 0.500000000 0.500000000 0.000000000 0.000000000 0.970997155 0.094872922 -0.219462365 2.527880288 -0.104113594 0.994085193 -0.030903932 0.927399111 0.215232342 0.052856628 0.975131392 -1.226189992
59059000 1.009773994 1.795767653 0.500000000 0.500000000 0.000000000 0.000000000 0.968666017 0.099429868 -0.227595806 2.623530110 -0.108612768 0.993685424 -0.028152958 0.931617023 0.223359376 0.051990621 0.973348618 -1.241289957
59125733 1.009773994 1.795767653 0.500000000 0.500000000 0.000000000 0.000000000 0.965367734 0.104413144 -0.239087909 2.731359937 -0.114241742 0.993069887 -0.027587146 0.944509019 0.234550536 0.053945549 0.970605969 -1.246559995
59192467 1.009773994 1.795767653 0.500000000 0.500000000 0.000000000 0.000000000 0.961704075 0.110419087 -0.250864416 2.842270035 -0.120746262 0.992340088 -0.026105270 0.946025980 0.246060312 0.055396482 0.967670202 -1.243569947
59259200 1.009773994 1.795767653 0.500000000 0.500000000 0.000000000 0.000000000 0.957957089 0.116970986 -0.261984736 2.958379910 -0.128256977 0.991391122 -0.026340004 0.951690987 0.256648332 0.058833983 0.964712501 -1.233500023
59325933 1.009773994 1.795767653 0.500000000 0.500000000 0.000000000 0.000000000 0.954329431 0.125617445 -0.271063685 3.073639878 -0.137963742 0.990071833 -0.026903549 0.948625090 0.264992952 0.063071840 0.962185323 -1.227960005
59392667 1.009773994 1.795767653 0.500000000 0.500000000 0.000000000 0.000000000 0.950385094 0.134980023 -0.280265272 3.184130121 -0.149077535 0.988385260 -0.029503461 0.945999068 0.273027658 0.069820896 0.959469080 -1.222370033
59459400 1.009773994 1.795767653 0.500000000 0.500000000 0.000000000 0.000000000 0.945183277 0.145824000 -0.292170972 3.302169840 -0.161204085 0.986490846 -0.029138215 0.926419828 0.283974916 0.074640140 0.955922067 -1.199149813
59526133 1.009773994 1.795767653 0.500000000 0.500000000 0.000000000 0.000000000 0.939338446 0.155806154 -0.305561244 3.414199784 -0.172636211 0.984568179 -0.028675297 0.914560948 0.296378076 0.079686768 0.951740503 -1.166179937
59592867 1.009773994 1.795767653 0.500000000 0.500000000 0.000000000 0.000000000 0.933012784 0.164390296 -0.320098370 3.522109884 -0.182669610 0.982783496 -0.027719589 0.897913950 0.310030550 0.084334992 0.946978688 -1.128119752
59659600 1.009773994 1.795767653 0.500000000 0.500000000 0.000000000 0.000000000 0.927631676 0.169539168 -0.332800359 3.618600327 -0.189272091 0.981538415 -0.027540794 0.892741214 0.321987063 0.088537492 0.942595065 -1.094800197
59726333 1.009773994 1.795767653 0.500000000 0.500000000 0.000000000 0.000000000 0.924678028 0.171791151 -0.339791387 3.700039457 -0.191920832 0.981058598 -0.026274271 0.896898740 0.328841597 0.089508362 0.940133691 -1.076949618
59793067 1.009773994 1.795767653 0.500000000 0.500000000 0.000000000 0.000000000 0.923228264 0.172565565 -0.343323141 3.774080331 -0.193071589 0.980835140 -0.026187558 0.913239057 0.332224339 0.090463012 0.938852191 -1.079050134
59859800 1.009773994 1.795767653 0.500000000 0.500000000 0.000000000 0.000000000 0.922344446 0.173622161 -0.345161080 3.844060184 -0.193939716 0.980696380 -0.024940860 0.921642164 0.334167957 0.089944467 0.938212037 -1.090239872
59926533 1.009773994 1.795767653 0.500000000 0.500000000 0.000000000 0.000000000 0.921476603 0.174418002 -0.347072184 3.912329231 -0.194802552 0.980537891 -0.024440203 0.936682830 0.336054623 0.090131685 0.937519848 -1.103409910
59993267 1.009773994 1.795767653 0.500000000 0.500000000 0.000000000 0.000000000 0.920485914 0.175317749 -0.349241287 3.978910519 -0.195103481 0.980535805 -0.022003956 0.938007064 0.338585883 0.088392481 0.936774492 -1.121390258
60060000 1.009773994 1.795767653 0.500000000 0.500000000 0.000000000 0.000000000 0.919216156 0.176025614 -0.352216572 4.043519352 -0.195871845 0.980399907 -0.021217220 0.947866850 0.341578335 0.088492572 0.935677946 -1.136309728
60126733 1.009773994 1.795767653 0.500000000 0.500000000 0.000000000 0.000000000 0.917220175 0.178226233 -0.356290132 4.113000443 -0.198361576 0.979915082 -0.020473987 0.949741186 0.345485061 0.089453369 0.934151113 -1.155870075
60193467 1.009773994 1.795767653 0.500000000 0.500000000 0.000000000 0.000000000 0.915554941 0.183187395 -0.358052343 4.178359802 -0.203424484 0.978899658 -0.019338548 0.948075922 0.346954733 0.090542130 0.933501244 -1.188910054
60260200 1.009773994 1.795767653 0.500000000 0.500000000 0.000000000 0.000000000 0.913351238 0.191477999 -0.359340429 4.246869334 -0.210777417 0.977420270 -0.014914341 0.924201780 0.348370850 0.089362949 0.933087289 -1.233549775
60326933 1.009773994 1.795767653 0.500000000 0.500000000 0.000000000 0.000000000 0.910859287 0.201234967 -0.360332668 4.317229321 -0.220097005 0.975408614 -0.011631079 0.902614781 0.349130988 0.089902505 0.932751298 -1.278879830
60393667 1.009773994 1.795767653 0.500000000 0.500000000 0.000000000 0.000000000 0.907435894 0.210946307 -0.363403052 4.392739885 -0.230281428 0.973070800 -0.010181390 0.880066104 0.351469189 0.092923909 0.931576431 -1.313689920
60460400 1.009773994 1.795767653 0.500000000 0.500000000 0.000000000 0.000000000 0.903414011 0.219621673 -0.368251830 4.464519950 -0.241322979 0.970353484 -0.013316691 0.877262990 0.354409784 0.100898139 0.929630697 -1.341180128
60527133 1.009773994 1.795767653 0.500000000 0.500000000 0.000000000 0.000000000 0.897704899 0.229236901 -0.376266241 4.545799852 -0.253307730 0.967268705 -0.015047584 0.871626806 0.360501111 0.108819470 0.926389337 -1.345869580
60593867 1.009773994 1.795767653 0.500000000 0.500000000 0.000000000 0.000000000 0.892412066 0.237008974 -0.383962870 4.622180419 -0.261949211 0.964991868 -0.013165146 0.857387031 0.367400765 0.112327471 0.923254728 -1.355010368
60660600 1.009773994 1.795767653 0.500000000 0.500000000 0.000000000 0.000000000 0.886407018 0.240998983 -0.395223975 4.700169393 -0.267184019 0.963574827 -0.011672400 0.852859778 0.378014803 0.115944080 0.918510556 -1.345989961
60727333 1.009773994 1.795767653 0.500000000 0.500000000 0.000000000 0.000000000 0.880319715 0.243357152 -0.407203287 4.776040088 -0.271665663 0.962314427 -0.012196753 0.866717157 0.388889402 0.121360183 0.913256109 -1.327339936
60794067 1.009773994 1.795767653 0.500000000 0.500000000 0.000000000 0.000000000 0.875580907 0.244827241 -0.416434467 4.844100066 -0.273035616 0.961966157 -0.008522943 0.874566839 0.398509204 0.121164009 0.909125745 -1.322209943
60860800 1.009773994 1.795767653 0.500000000 0.500000000 0.000000000 0.000000000 0.871253014 0.246651277 -0.424359709 4.905828837 -0.274553120 0.961559951 -0.004795980 0.886163833 0.406864375 0.120687887 0.905480921 -1.315399719
60927533 1.009773994 1.795767653 0.500000000 0.500000000 0.000000000 0.000000000 0.867616713 0.248620898 -0.430614471 4.951009821 -0.275320679 0.961352348 0.000323925 0.889011686 0.414052784 0.118276060 0.902535856 -1.322209475
60994267 1.009773994 1.795767653 0.500000000 0.500000000 0.000000000 0.000000000 0.863808632 0.250839204 -0.436937332 4.999359688 -0.277622253 0.960686564 0.002667107 0.895770756 0.420428872 0.118999720 0.899487913 -1.316309728
61061000 1.009773994 1.795767653 0.500000000 0.500000000 0.000000000 0.000000000 0.859979212 0.253653258 -0.442827225 5.040860892 -0.280762643 0.959766626 0.004511714 0.893674081 0.426155210 0.120449297 0.896595657 -1.319400148
61127733 1.009773994 1.795767653 0.500000000 0.500000000 0.000000000 0.000000000 0.855621755 0.256581843 -0.449530154 5.081081045 -0.284255981 0.958728552 0.006176982 0.888147143 0.432562321 0.122496396 0.893243849 -1.316450048
61194467 1.009773994 1.795767653 0.500000000 0.500000000 0.000000000 0.000000000 0.851241052 0.260212988 -0.455716968 5.119460268 -0.288233489 0.957523823 0.008347172 0.876954402 0.438531876 0.124247387 0.890085638 -1.312510075
61261200 1.009773994 1.795767653 0.500000000 0.500000000 0.000000000 0.000000000 0.845951676 0.263449132 -0.463638276 5.159690586 -0.291907787 0.956385255 0.010825194 0.866593265 0.446268708 0.126181960 0.885958493 -1.300900290
61327933 1.009773994 1.795767653 0.500000000 0.500000000 0.000000000 0.000000000 0.840623140 0.265754610 -0.471939892 5.203060286 -0.294477433 0.955562174 0.013562147 0.859668129 0.454572111 0.127575010 0.881526411 -1.279489927
61394667 1.009773994 1.795767653 0.500000000 0.500000000 0.000000000 0.000000000 0.835498571 0.268166542 -0.479613185 5.243500062 -0.296513617 0.954870760 0.017363366 0.848650685 0.462624907 0.127704799 0.877308190 -1.264209687
