https://www.youtube.com/watch?v=1pOwbZmQq0E
92525767 0.839648764 1.493219398 0.500000000 0.500000000 0.000000000 0.000000000 0.971715748 0.100588948 -0.213659301 -5.509329437 -0.102957845 0.994685709 0.000040392 -0.991028921 0.212527916 0.021958672 0.976908207 2.555269740
92592500 0.839648764 1.493219398 0.500000000 0.500000000 0.000000000 0.000000000 0.966958225 0.111427203 -0.229293942 -5.090159360 -0.114168897 0.993460476 0.001316949 -0.855510036 0.227941215 0.024904821 0.973356307 2.372519869
92659233 0.839648764 1.493219398 0.500000000 0.500000000 0.000000000 0.000000000 0.961825192 0.121257804 -0.245334372 -4.660730615 -0.124101214 0.992261946 0.003896005 -0.736884108 0.243908390 0.026698995 0.969430745 2.208150008
92725967 0.839648764 1.493219398 0.500000000 0.500000000 0.000000000 0.000000000 0.956621230 0.129972547 -0.260735571 -4.244430322 -0.131968677 0.991204321 0.009915490 -0.672201113 0.259730935 0.024923529 0.965359390 2.076110234
92792700 0.839648764 1.493219398 0.500000000 0.500000000 0.000000000 0.000000000 0.951594651 0.140042529 -0.273597777 -3.788300199 -0.141878262 0.989796519 0.013168966 -0.629835070 0.272650361 0.026286056 0.961754024 1.928119810
92859433 0.839648764 1.493219398 0.500000000 0.500000000 0.000000000 0.000000000 0.947087288 0.150355235 -0.283582211 -3.348899833 -0.151726291 0.988271892 0.017257076 -0.606400088 0.282851040 0.026682947 0.958792627 1.820459819
92926167 0.839648764 1.493219398 0.500000000 0.500000000 0.000000000 0.000000000 0.942934513 0.157684997 -0.293274611 -2.934030211 -0.159960821 0.986987650 0.016368883 -0.607128947 0.292039543 0.031477656 0.955888093 1.680480009
92992900 0.839648764 1.493219398 0.500000000 0.500000000 0.000000000 0.000000000 0.939218998 0.159556150 -0.303989500 -2.516900386 -0.162863612 0.986540318 0.014618802 -0.547164102 0.302230388 0.035778556 0.952563226 1.521200031
93059633 0.839648764 1.493219398 0.500000000 0.500000000 0.000000000 0.000000000 0.934826672 0.161514431 -0.316247016 -2.135889967 -0.164987534 0.986166596 0.015953906 -0.535575022 0.314449042 0.037262667 0.948542714 1.375999972
93126367 0.839648764 1.493219398 0.500000000 0.500000000 0.000000000 0.000000000 0.930458307 0.156218067 -0.331426084 -1.730190067 -0.162101582 0.986723363 0.010003006 -0.471333042 0.328588545 0.044417292 0.943428159 1.141399997
93193100 0.839648764 1.493219398 0.500000000 0.500000000 0.000000000 0.000000000 0.926511288 0.150598615 -0.344814271 -1.300699930 -0.156929821 0.987562597 0.009652462 -0.369049965 0.341979295 0.045168541 0.938621283 0.876928936
93259833 0.839648764 1.493219398 0.500000000 0.500000000 0.000000000 0.000000000 0.922567844 0.152294219 -0.354506791 -0.952896992 -0.156182319 0.987567723 0.017805196 -0.320315009 0.352811098 0.038941201 0.934883893 0.712334981
93326567 0.839648764 1.493219398 0.500000000 0.500000000 0.000000000 0.000000000 0.917723298 0.154030114 -0.366140246 -0.604597996 -0.158565670 0.987186968 0.017854121 -0.272202987 0.364198983 0.041672125 0.930388391 0.456840985
93393300 0.839648764 1.493219398 0.500000000 0.500000000 0.000000000 0.000000000 0.911965013 0.155031145 -0.379849017 -0.211861018 -0.159197658 0.987031102 0.020634141 -0.213821020 0.378121734 0.041653436 0.924818397 0.172371038
93460033 0.839648764 1.493219398 0.500000000 0.500000000 0.000000000 0.000000000 0.907077849 0.159933493 -0.389398247 0.168791989 -0.163614824 0.986233890 0.023935484 -0.157838002 0.387865812 0.042000011 0.920758367 -0.110494999
93526767 0.839648764 1.493219398 0.500000000 0.500000000 0.000000000 0.000000000 0.901397347 0.168221697 -0.398979247 0.559005104 -0.170227751 0.984926820 0.030686349 -0.072661288 0.398127496 0.040256709 0.916446388 -0.382107037
93593500 0.839648764 1.493219398 0.500000000 0.500000000 0.000000000 0.000000000 0.894209921 0.180519402 -0.409635842 0.948935122 -0.181371361 0.982713044 0.037142053 -0.034062482 0.409259319 0.041083366 0.911492765 -0.624665129
93660233 0.839648764 1.493219398 0.500000000 0.500000000 0.000000000 0.000000000 0.884903371 0.196268365 -0.422403276 1.379899704 -0.195895597 0.979601681 0.044782203 0.067901927 0.422576308 0.043119092 0.905300975 -0.873291962
93726967 0.839648764 1.493219398 0.500000000 0.500000000 0.000000000 0.000000000 0.874809504 0.213594735 -0.434839547 1.805499738 -0.212232918 0.975815654 0.052354280 0.095140593 0.435505807 0.046487328 0.898984671 -1.041269758
93793700 0.839648764 1.493219398 0.500000000 0.500000000 0.000000000 0.000000000 0.865446746 0.229621142 -0.445281953 2.284219888 -0.229423791 0.971759737 0.055206623 0.145312988 0.445383698 0.054379884 0.893686831 -1.232629852
93860433 0.839648764 1.493219398 0.500000000 0.500000000 0.000000000 0.000000000 0.858515263 0.243554533 -0.451256931 2.712730045 -0.247911572 0.967464864 0.050513558 0.232100104 0.448878050 0.068505116 0.890963316 -1.493469895
93927167 0.839648764 1.493219398 0.500000000 0.500000000 0.000000000 0.000000000 0.853703618 0.248310313 -0.457746714 3.090899533 -0.253096342 0.966041863 0.052013226 0.288378974 0.455117911 0.071450196 0.887559831 -1.658369679
93993900 0.839648764 1.493219398 0.500000000 0.500000000 0.000000000 0.000000000 0.846883476 0.246285751 -0.471308559 3.457770365 -0.254492968 0.965909839 0.047450714 0.317289113 0.466927975 0.079759486 0.880691051 -1.786480376
94060633 0.839648764 1.493219398 0.500000000 0.500000000 0.000000000 0.000000000 0.830951214 0.239394218 -0.502205670 4.135230133 -0.259629339 0.965225756 0.030525632 0.486839202 0.492049515 0.105021976 0.864209294 -1.978380255
94127367 0.839648764 1.493219398 0.500000000 0.500000000 0.000000000 0.000000000 0.819519639 0.240946203 -0.519934833 4.550038845 -0.264861315 0.963844657 0.029187661 0.570721611 0.508168995 0.113790870 0.853707016 -2.049489614
94194100 0.839648764 1.493219398 0.500000000 0.500000000 0.000000000 0.000000000 0.805405021 0.246038184 -0.539247513 4.960279714 -0.272075057 0.961729169 0.032436840 0.606090755 0.526590705 0.120591052 0.841522336 -2.064529640
94260833 0.839648764 1.493219398 0.500000000 0.500000000 0.000000000 0.000000000 0.788910449 0.250112683 -0.561305344 5.428139051 -0.276984304 0.960102260 0.038513742 0.597756513 0.548543274 0.125088990 0.826712012 -2.040099595
94327567 0.839648764 1.493219398 0.500000000 0.500000000 0.000000000 0.000000000 0.772221327 0.257467777 -0.580847979 5.901969081 -0.284749836 0.957504332 0.045858189 0.504894590 0.567971468 0.129983738 0.812719226 -1.915499982
