https://www.youtube.com/watch?v=UGGY1quKq1M
104200000 0.703728448 1.267101052 0.500000000 0.500000000 0.000000000 0.000000000 0.999990940 -0.000193832 -0.004248546 -4.684219499 0.000182926 0.999996662 -0.002567253 -0.885497898 0.004249029 0.002566452 0.999987662 4.097729969
104280000 0.703728448 1.267101052 0.500000000 0.500000000 0.000000000 0.000000000 0.999909818 0.000375539 -0.013422831 -3.878709917 -0.000418350 0.999994814 -0.003186739 -0.483500990 0.013421564 0.003192067 0.999904811 3.630160094
104360000 0.703728448 1.267101052 0.500000000 0.500000000 0.000000000 0.000000000 0.999638736 0.000855315 -0.026864270 -3.244310092 -0.000958450 0.999992192 -0.003826444 -0.072335592 0.026860787 0.003850810 0.999631763 3.150510093
104440000 0.703728448 1.267101052 0.500000000 0.500000000 0.000000000 0.000000000 0.999057591 0.001238050 -0.043386772 -2.733429768 -0.001465356 0.999985337 -0.005207633 0.225092998 0.043379687 0.005266303 0.999044776 2.642299827
104520000 0.703728448 1.267101052 0.500000000 0.500000000 0.000000000 0.000000000 0.997592330 0.001465873 -0.069335520 -2.295620065 -0.001911704 0.999977946 -0.006364146 0.421375006 0.069324657 0.006481372 0.997573078 2.064969859
104600000 0.703728448 1.267101052 0.500000000 0.500000000 0.000000000 0.000000000 0.994453847 0.000749688 -0.105171256 -1.821120019 -0.001575903 0.999968529 -0.007773021 0.565319043 0.105162121 0.007895650 0.994423747 1.459200004
104680000 0.703728448 1.267101052 0.500000000 0.500000000 0.000000000 0.000000000 0.989583135 -0.000398232 -0.143961772 -1.264949970 -0.000823608 0.999964178 -0.008427557 0.637726065 0.143959954 0.008458337 0.989547372 0.884383945
104760000 0.703728448 1.267101052 0.500000000 0.500000000 0.000000000 0.000000000 0.982396662 -0.002110373 -0.186794907 -0.625231999 0.000363848 0.999955893 -0.009383762 0.586059956 0.186806470 0.009150613 0.982354105 0.320338007
104840000 0.703728448 1.267101052 0.500000000 0.500000000 0.000000000 0.000000000 0.973793149 -0.003878871 -0.227402493 0.179851997 0.001576005 0.999945641 -0.010307525 0.421791008 0.227430120 0.009679009 0.973746300 -0.336362981
104920000 0.703728448 1.267101052 0.500000000 0.500000000 0.000000000 0.000000000 0.962623954 -0.005243835 -0.270790696 1.155490035 0.002803340 0.999951899 -0.009398481 0.246089006 0.270826936 0.008288085 0.962592363 -0.996707024
105000000 0.703728448 1.267101052 0.500000000 0.500000000 0.000000000 0.000000000 0.949971735 -0.006980395 -0.312257886 2.089809926 0.004459770 0.999951482 -0.008785690 0.104962992 0.312304080 0.006953560 0.949956775 -1.546980054
105080000 0.703728448 1.267101052 0.500000000 0.500000000 0.000000000 0.000000000 0.935043991 -0.008489124 -0.354430139 2.904680150 0.005795635 0.999945700 -0.008660354 -0.062804692 0.354484439 0.006043664 0.935042381 -2.035609725
105160000 0.703728448 1.267101052 0.500000000 0.500000000 0.000000000 0.000000000 0.918058336 -0.009772308 -0.396324664 3.548509389 0.007048124 0.999940455 -0.008329368 -0.309842974 0.396382481 0.004853496 0.918072581 -2.552459619
105240000 0.703728448 1.267101052 0.500000000 0.500000000 0.000000000 0.000000000 0.901349902 -0.011317320 -0.432943612 4.069099667 0.008721311 0.999930143 -0.007981583 -0.638227051 0.433003694 0.003418362 0.901385605 -3.110059861
105320000 0.703728448 1.267101052 0.500000000 0.500000000 0.000000000 0.000000000 0.881049156 -0.012753391 -0.472852498 4.553769159 0.010834840 0.999918282 -0.006780803 -0.826422953 0.472900361 0.000850934 0.881115377 -3.580609284
105400000 0.703728448 1.267101052 0.500000000 0.500000000 0.000000000 0.000000000 0.860112607 -0.014104800 -0.509908974 4.949599014 0.012761723 0.999899745 -0.006132206 -0.897785961 0.509944379 -0.001232935 0.860206366 -3.878979026
